5.003365278244018555e-01 5.432237982749938965e-01 -3.213480114936828613e-02
5.096719861030578613e-01 4.821423590183258057e-01 -5.873220413923263550e-02
5.067985057830810547e-01 4.997845590114593506e-01 -3.103717230260372162e-02
5.036750435829162598e-01 4.273724555969238281e-01 -4.399332031607627869e-02
5.112227201461791992e-01 4.651540517807006836e-01 -6.239648908376693726e-02
5.125461220741271973e-01 4.435719549655914307e-01 -5.772282183170318604e-02
5.151581168174743652e-01 3.920995593070983887e-01 -2.713643759489059448e-02
4.282576143741607666e-01 3.838910162448883057e-01 1.205464918166399002e-02
5.177660584449768066e-01 3.502458930015563965e-01 -1.897386834025382996e-02
5.193773508071899414e-01 3.280040025711059570e-01 -2.063758112490177155e-02
5.244039297103881836e-01 2.540458440780639648e-01 -7.565742824226617813e-03
4.998756349086761475e-01 5.489678978919982910e-01 -3.076913021504878998e-02
4.993297755718231201e-01 5.543702244758605957e-01 -2.707258984446525574e-02
4.989757537841796875e-01 5.578792691230773926e-01 -2.186954952776432037e-02
4.986943602561950684e-01 5.583420395851135254e-01 -2.090600505471229553e-02
4.981254041194915771e-01 5.662930011749267578e-01 -2.244891040027141571e-02
4.973179399967193604e-01 5.759027004241943359e-01 -2.485263720154762268e-02
4.964465796947479248e-01 5.857877731323242188e-01 -2.345136553049087524e-02
4.956269860267639160e-01 6.051486730575561523e-01 -1.317531801760196686e-02
5.085252523422241211e-01 4.910089075565338135e-01 -5.311275646090507507e-02
4.980208575725555420e-01 4.898649454116821289e-01 -3.847613930702209473e-02
3.898683190345764160e-01 3.152834773063659668e-01 6.335676461458206177e-02
4.616574645042419434e-01 3.980328440666198730e-01 1.714271376840770245e-03
4.493026137351989746e-01 3.995631635189056396e-01 2.152350265532732010e-03
4.376536607742309570e-01 3.979343771934509277e-01 4.854465369135141373e-03
4.221410155296325684e-01 3.876803815364837646e-01 1.343299821019172668e-02
4.725876450538635254e-01 3.928499817848205566e-01 3.698093350976705551e-03
4.517967998981475830e-01 3.476767241954803467e-01 -2.409400884062051773e-03
4.645574986934661865e-01 3.512174487113952637e-01 -1.561875338666141033e-03
4.391268491744995117e-01 3.489323258399963379e-01 7.286165491677820683e-04
4.298916459083557129e-01 3.552271723747253418e-01 4.925538320094347000e-03
4.112976789474487305e-01 3.955579102039337158e-01 1.855962537229061127e-02
4.518719911575317383e-01 6.259078979492187500e-01 -2.017442369833588600e-03
4.242729544639587402e-01 3.805469274520874023e-01 1.552867796272039413e-02
3.796824812889099121e-01 3.851331472396850586e-01 6.705439835786819458e-02
4.002848267555236816e-01 3.816943168640136719e-01 2.950057759881019592e-02
4.522661864757537842e-01 4.646104574203491211e-01 -9.558995254337787628e-03
4.877942204475402832e-01 5.374149680137634277e-01 -3.138969838619232178e-02
4.881795644760131836e-01 5.515750646591186523e-01 -2.622334286570549011e-02
4.751271307468414307e-01 5.406114459037780762e-01 -2.575088292360305786e-02
4.664882421493530273e-01 5.450485348701477051e-01 -1.842032745480537415e-02
4.784799814224243164e-01 5.504667758941650391e-01 -2.260487526655197144e-02
4.706752896308898926e-01 5.507264137268066406e-01 -1.579060964286327362e-02
4.472215771675109863e-01 5.686100721359252930e-01 -2.532158279791474342e-03
5.005185604095458984e-01 4.805708825588226318e-01 -5.807730183005332947e-02
5.004073381423950195e-01 4.642008244991302490e-01 -6.145023927092552185e-02
4.161268472671508789e-01 3.330461382865905762e-01 8.114481344819068909e-03
4.781982898712158203e-01 4.260626435279846191e-01 -9.641139768064022064e-03
4.753854274749755859e-01 4.752214848995208740e-01 -3.197671845555305481e-02
4.747794568538665771e-01 4.667994976043701172e-01 -2.867834642529487610e-02
4.177632331848144531e-01 4.594913423061370850e-01 2.911888994276523590e-03
5.022323131561279297e-01 4.442315697669982910e-01 -5.482330918312072754e-02
4.472065269947052002e-01 3.146372437477111816e-01 -9.252714924514293671e-03
4.299136102199554443e-01 3.203758895397186279e-01 -1.393315382301807404e-03
4.059923887252807617e-01 2.872645854949951172e-01 4.257422685623168945e-02
4.960474967956542969e-01 3.351957798004150391e-01 -1.674345880746841431e-02
4.750832021236419678e-01 3.592866957187652588e-01 2.053252886980772018e-03
4.402883648872375488e-01 5.517969727516174316e-01 -1.328021317021921277e-04
3.822069764137268066e-01 5.429932475090026855e-01 9.395454078912734985e-02
4.828459620475769043e-01 4.853276014328002930e-01 -2.759669907391071320e-02
4.906381964683532715e-01 4.912011325359344482e-01 -2.809123136103153229e-02
4.557246267795562744e-01 5.529038906097412109e-01 -1.253598602488636971e-03
4.583397507667541504e-01 5.528842210769653320e-01 -4.226545337587594986e-03
4.251915812492370605e-01 3.083995580673217773e-01 3.865592181682586670e-03
4.741035401821136475e-01 4.830108582973480225e-01 -2.596868947148323059e-02
4.685976207256317139e-01 3.179714083671569824e-01 -1.446743682026863098e-02
4.689458012580871582e-01 3.036251068115234375e-01 -1.648329198360443115e-02
4.584086537361145020e-01 2.540633380413055420e-01 3.005014732480049133e-03
4.145830571651458740e-01 3.027585148811340332e-01 2.071868069469928741e-02
4.633665084838867188e-01 2.834045290946960449e-01 -6.989521905779838562e-03
4.100375473499298096e-01 3.255605101585388184e-01 1.753052324056625366e-02
3.992743194103240967e-01 3.254490196704864502e-01 3.944394364953041077e-02
4.877199530601501465e-01 5.454319119453430176e-01 -3.012848459184169769e-02
4.767818152904510498e-01 5.460547804832458496e-01 -2.474359050393104553e-02
4.685156047344207764e-01 5.480328798294067383e-01 -1.806708611547946930e-02
4.849739968776702881e-01 4.888571202754974365e-01 -2.492726780474185944e-02
4.570759236812591553e-01 5.529345273971557617e-01 -2.800979651510715485e-03
4.616293907165527344e-01 5.563305020332336426e-01 -9.283275343477725983e-03
4.597526192665100098e-01 5.528744459152221680e-01 -4.461128264665603638e-03
4.885841906070709229e-01 4.794229865074157715e-01 -4.263207316398620605e-02
4.722081124782562256e-01 5.525914430618286133e-01 -1.386851165443658829e-02
4.798262119293212891e-01 5.532406568527221680e-01 -1.811571419239044189e-02
4.887869060039520264e-01 5.552148222923278809e-01 -2.136841230094432831e-02
4.810788929462432861e-01 6.022313237190246582e-01 -1.345863286405801773e-02
4.832995533943176270e-01 5.821867585182189941e-01 -2.353386580944061279e-02
4.848394691944122314e-01 5.723526477813720703e-01 -2.471311390399932861e-02
4.866741597652435303e-01 5.629996657371520996e-01 -2.200446464121341705e-02
4.886207282543182373e-01 5.557786822319030762e-01 -2.042249962687492371e-02
4.721998572349548340e-01 5.528320074081420898e-01 -1.304091792553663254e-02
4.695885479450225830e-01 5.561763644218444824e-01 -1.482812967151403427e-02
4.667780697345733643e-01 5.605859756469726562e-01 -1.673387922346591949e-02
4.642327427864074707e-01 5.658119916915893555e-01 -1.498778443783521652e-02
4.563485085964202881e-01 5.249956846237182617e-01 -1.487391721457242966e-02
3.728719949722290039e-01 4.585517346858978271e-01 1.108032613992691040e-01
5.077150464057922363e-01 4.950505197048187256e-01 -3.866082429885864258e-02
4.664440453052520752e-01 5.527482032775878906e-01 -8.043844252824783325e-03
4.641349613666534424e-01 5.543819665908813477e-01 -9.237415157258510590e-03
4.931695461273193359e-01 4.980308711528778076e-01 -2.878747135400772095e-02
4.766980111598968506e-01 4.934813678264617920e-01 -1.785508356988430023e-02
4.920004010200500488e-01 4.946835041046142578e-01 -2.863225713372230530e-02
4.653623402118682861e-01 4.345473349094390869e-01 -6.537674460560083389e-03
4.457001984119415283e-01 4.432652294635772705e-01 -4.086137283593416214e-03
4.721173942089080811e-01 4.743247926235198975e-01 -2.253872342407703400e-02
4.280352592468261719e-01 2.660288214683532715e-01 2.094120904803276062e-02
4.350588321685791016e-01 2.878729701042175293e-01 5.684334784746170044e-03
4.452033638954162598e-01 3.010190129280090332e-01 -7.170130498707294464e-03
4.556164741516113281e-01 5.812768936157226562e-01 -7.609133608639240265e-03
4.961985051631927490e-01 3.117326200008392334e-01 -2.068989723920822144e-02
4.912317991256713867e-01 2.860579788684844971e-01 -1.372514571994543076e-02
4.893749058246612549e-01 2.508747279644012451e-01 -6.643824744969606400e-03
4.274419546127319336e-01 3.938543796539306641e-01 9.270258247852325439e-03
3.966948390007019043e-01 4.054335951805114746e-01 2.421977557241916656e-02
4.797555208206176758e-01 3.879595398902893066e-01 5.540329497307538986e-03
4.164778888225555420e-01 3.604654669761657715e-01 1.391683518886566162e-02
4.870604872703552246e-01 4.157707691192626953e-01 -1.318657863885164261e-02
4.824741482734680176e-01 4.688115715980529785e-01 -4.250868037343025208e-02
3.898276686668395996e-01 4.163726568222045898e-01 3.575180843472480774e-02
4.032528698444366455e-01 4.165730774402618408e-01 1.424076501280069351e-02
4.180497527122497559e-01 4.238315224647521973e-01 4.442111123353242874e-03
4.416121244430541992e-01 4.238490760326385498e-01 5.967342876829206944e-04
4.593839049339294434e-01 4.186562299728393555e-01 -1.140398089773952961e-03
4.733851552009582520e-01 4.118600785732269287e-01 -3.330655628815293312e-03
5.040239691734313965e-01 3.948306739330291748e-01 -2.345504611730575562e-02
3.903243541717529297e-01 4.513747692108154297e-01 3.229065984487533569e-02
4.077092409133911133e-01 3.560369312763214111e-01 1.897104643285274506e-02
5.030459761619567871e-01 4.897413849830627441e-01 -5.272991210222244263e-02
4.785068333148956299e-01 4.421279430389404297e-01 -1.450661476701498032e-02
3.737436532974243164e-01 3.840965330600738525e-01 1.030717343091964722e-01
4.844321608543395996e-01 4.036913812160491943e-01 -4.343631211668252945e-03
4.705021679401397705e-01 4.756617546081542969e-01 -1.156491972506046295e-02
4.194637537002563477e-01 3.769337236881256104e-01 1.735794730484485626e-02
4.824060499668121338e-01 4.587266445159912109e-01 -3.830110654234886169e-02
3.759338855743408203e-01 4.996425807476043701e-01 1.052967458963394165e-01
4.805610477924346924e-01 3.836415112018585205e-01 8.301926776766777039e-03
4.920948445796966553e-01 4.494246244430541992e-01 -4.865957051515579224e-02
4.053380191326141357e-01 5.844964385032653809e-01 3.649356216192245483e-02
4.033020734786987305e-01 6.043002605438232422e-01 5.582000687718391418e-02
3.770353198051452637e-01 4.554243385791778564e-01 7.171572744846343994e-02
3.931714892387390137e-01 5.605732798576354980e-01 4.985584318637847900e-02
3.888747096061706543e-01 3.529096543788909912e-01 5.644662678241729736e-02
4.476487636566162109e-01 6.432269811630249023e-01 4.192789085209369659e-03
5.035220980644226074e-01 4.938985705375671387e-01 -3.807407990097999573e-02
4.673279225826263428e-01 4.535329341888427734e-01 -1.093249954283237457e-02
3.894976973533630371e-01 3.848440051078796387e-01 4.028456658124923706e-02
4.406265020370483398e-01 3.890592753887176514e-01 5.866680294275283813e-03
4.512837827205657959e-01 3.905654549598693848e-01 3.533873008564114571e-03
4.592600166797637939e-01 5.588020086288452148e-01 -7.583721075206995010e-03
3.907177150249481201e-01 4.852841496467590332e-01 3.543431684374809265e-02
4.663501977920532227e-01 6.688247323036193848e-01 8.096883073449134827e-03
4.329651594161987305e-01 6.436409950256347656e-01 2.819706499576568604e-02
4.189407825469970703e-01 6.276234984397888184e-01 4.017803817987442017e-02
5.219618678092956543e-01 2.910455465316772461e-01 -1.485242228955030441e-02
4.904027581214904785e-01 6.745156049728393555e-01 6.116612814366817474e-03
4.614987075328826904e-01 3.892681002616882324e-01 3.500253194943070412e-03
4.713068008422851562e-01 3.859569430351257324e-01 5.438996944576501846e-03
4.774722456932067871e-01 3.842271268367767334e-01 8.003382012248039246e-03
3.994526267051696777e-01 3.524421453475952148e-01 3.003184497356414795e-02
4.713547229766845703e-01 3.836530447006225586e-01 3.749076742678880692e-03
4.612399041652679443e-01 3.860290944576263428e-01 1.502013532444834709e-03
4.513847827911376953e-01 3.866778016090393066e-01 1.583972363732755184e-03
4.410255551338195801e-01 3.852970004081726074e-01 3.852207213640213013e-03
4.333686828613281250e-01 3.835727274417877197e-01 7.118399720638990402e-03
3.796296417713165283e-01 3.458590209484100342e-01 8.569025993347167969e-02
4.333336651325225830e-01 3.864803016185760498e-01 9.120845235884189606e-03
5.050799846649169922e-01 5.142668485641479492e-01 -2.879138290882110596e-02
4.686922729015350342e-01 5.168702602386474609e-01 -1.986028999090194702e-02
4.832051396369934082e-01 4.821783900260925293e-01 -3.149269521236419678e-02
4.901552200317382812e-01 5.135048627853393555e-01 -2.863829024136066437e-02
5.162841081619262695e-01 3.718004226684570312e-01 -1.881834678351879120e-02
4.187236726284027100e-01 6.075464487075805664e-01 2.626150846481323242e-02
4.324658513069152832e-01 6.255584955215454102e-01 1.587078534066677094e-02
4.672132730484008789e-01 6.566493511199951172e-01 -5.698359571397304535e-03
3.917845487594604492e-01 5.781149268150329590e-01 7.568393647670745850e-02
4.778120815753936768e-01 3.828986585140228271e-01 6.458921823650598526e-03
4.950690865516662598e-01 4.200345575809478760e-01 -2.783455140888690948e-02
4.914583563804626465e-01 6.622459292411804199e-01 -7.427579723298549652e-03
4.482146203517913818e-01 6.579079627990722656e-01 1.589909009635448456e-02
3.790545463562011719e-01 4.929537177085876465e-01 6.951997429132461548e-02
4.797231256961822510e-01 5.536847710609436035e-01 -1.722770929336547852e-02
4.769912362098693848e-01 5.592106580734252930e-01 -1.911240443587303162e-02
4.745469093322753906e-01 5.662784576416015625e-01 -2.134979516267776489e-02
4.724163115024566650e-01 5.748850703239440918e-01 -2.009923942387104034e-02
4.666887521743774414e-01 5.929657816886901855e-01 -1.222205162048339844e-02
4.643290042877197266e-01 5.516442060470581055e-01 -9.668176062405109406e-03
4.621075093746185303e-01 5.504078865051269531e-01 -9.869483299553394318e-03
4.602220356464385986e-01 5.488982200622558594e-01 -9.913600049912929535e-03
4.464005529880523682e-01 5.369030237197875977e-01 -7.830386981368064880e-03
4.061386883258819580e-01 4.948878288269042969e-01 1.376939192414283752e-02
4.957354068756103516e-01 4.040345549583435059e-01 -1.752003468573093414e-02
4.911858141422271729e-01 3.698526322841644287e-01 1.297250506468117237e-03
4.837290346622467041e-01 3.724496364593505859e-01 4.952784627676010132e-03
4.664238095283508301e-01 5.526943802833557129e-01 -8.586077019572257996e-03
4.012826681137084961e-01 5.358484983444213867e-01 2.963136136531829834e-02
5.022211074829101562e-01 3.695540726184844971e-01 -1.227303221821784973e-02
4.589547812938690186e-01 6.090356111526489258e-01 -6.359929218888282776e-03
5.134146809577941895e-01 4.259663224220275879e-01 -4.722192510962486267e-02
5.036883950233459473e-01 4.119224846363067627e-01 -3.474843502044677734e-02
5.142220854759216309e-01 4.096324443817138672e-01 -3.681034594774246216e-02
4.857419133186340332e-01 4.453148543834686279e-01 -2.832723967730998993e-02
4.928524494171142578e-01 6.446134448051452637e-01 -1.323453243821859360e-02
4.943584501743316650e-01 6.236625313758850098e-01 -1.292996667325496674e-02
4.759914577007293701e-01 6.199312806129455566e-01 -1.156380027532577515e-02
4.355035126209259033e-01 5.753991603851318359e-01 3.737351391464471817e-03
4.591314196586608887e-01 4.877137243747711182e-01 -9.485764428973197937e-03
4.457048773765563965e-01 5.944699645042419434e-01 -1.058472204022109509e-03
4.324899911880493164e-01 4.820049107074737549e-01 -6.158678326755762100e-03
4.465058743953704834e-01 5.027332305908203125e-01 -8.539256639778614044e-03
4.206568002700805664e-01 5.082673430442810059e-01 1.712864381261169910e-03
4.705077111721038818e-01 6.396123766899108887e-01 -1.117194630205631256e-02
4.783325791358947754e-01 4.547139406204223633e-01 -2.086025290191173553e-02
4.245415925979614258e-01 5.881524682044982910e-01 1.387893781065940857e-02
4.377764463424682617e-01 6.081568002700805664e-01 7.290143985301256180e-03
4.286119639873504639e-01 5.532964468002319336e-01 4.745450336486101151e-03
3.918644189834594727e-01 5.144239068031311035e-01 3.906975686550140381e-02
4.140346050262451172e-01 5.553542971611022949e-01 1.528306957334280014e-02
3.833928108215332031e-01 5.279910564422607422e-01 6.432285904884338379e-02
4.355000853538513184e-01 5.233400464057922363e-01 -4.074995871633291245e-03
4.870239198207855225e-01 4.308683872222900391e-01 -2.065010741353034973e-02
4.855436086654663086e-01 4.762499928474426270e-01 -4.484542086720466614e-02
4.785711169242858887e-01 4.807023108005523682e-01 -3.306059911847114563e-02
4.908629357814788818e-01 4.654702842235565186e-01 -5.241619050502777100e-02
4.838332831859588623e-01 3.515522778034210205e-01 -2.488579135388135910e-03
4.662507772445678711e-01 3.379159271717071533e-01 -5.004239268600940704e-03
4.500111639499664307e-01 3.339729905128479004e-01 -4.990943241864442825e-03
4.355940222740173340e-01 3.369177579879760742e-01 -1.121363951824605465e-03
4.241650104522705078e-01 3.451322019100189209e-01 5.236816592514514923e-03
4.112343490123748779e-01 3.788470327854156494e-01 2.161996066570281982e-02
3.765569329261779785e-01 4.195968210697174072e-01 6.971065700054168701e-02
4.166725277900695801e-01 4.031389951705932617e-01 1.295740157365798950e-02
4.288595318794250488e-01 4.089020788669586182e-01 6.789556238800287247e-03
4.449726343154907227e-01 4.105579853057861328e-01 2.899999963119626045e-03
4.607935547828674316e-01 4.076866507530212402e-01 1.319226692430675030e-03
4.735296368598937988e-01 4.019430279731750488e-01 1.862394507043063641e-03
4.824568629264831543e-01 3.968042731285095215e-01 1.563117606565356255e-03
3.724952340126037598e-01 4.208266437053680420e-01 1.106075346469879150e-01
4.781684875488281250e-01 4.856314361095428467e-01 -2.761688083410263062e-02
4.944358170032501221e-01 4.344044327735900879e-01 -3.673717752099037170e-02
4.929313361644744873e-01 4.775497019290924072e-01 -5.309241265058517456e-02
4.976984858512878418e-01 4.867036342620849609e-01 -4.840930923819541931e-02
4.926340281963348389e-01 4.805331528186798096e-01 -4.775084927678108215e-02
4.805464446544647217e-01 4.911344945430755615e-01 -2.375949919223785400e-02
4.996755719184875488e-01 4.883288145065307617e-01 -5.126847326755523682e-02
5.001493096351623535e-01 4.925423264503479004e-01 -3.824484720826148987e-02
4.847835600376129150e-01 3.826740682125091553e-01 7.048542611300945282e-03
4.902213215827941895e-01 3.877552747726440430e-01 7.758790743537247181e-04
4.936957061290740967e-01 3.912069499492645264e-01 -6.762200500816106796e-03
4.282982945442199707e-01 3.820430338382720947e-01 1.071878708899021149e-02
4.225459694862365723e-01 3.637576103210449219e-01 1.099248416721820831e-02
5.223997235298156738e-01 4.297745227813720703e-01 -4.289301857352256775e-02
5.931706428527832031e-01 4.032962620258331299e-01 1.934138126671314240e-02
5.178828835487365723e-01 4.926222562789916992e-01 -3.763133287429809570e-02
6.320524215698242188e-01 3.452727198600769043e-01 7.472813129425048828e-02
5.588703751564025879e-01 4.077160954475402832e-01 6.563120055943727493e-03
5.700332522392272949e-01 4.118235707283020020e-01 7.937042042613029480e-03
5.810077190399169922e-01 4.136607646942138672e-01 1.152606867253780365e-02
5.969002246856689453e-01 4.085768759250640869e-01 2.118198387324810028e-02
5.500462055206298828e-01 4.011940062046051025e-01 7.457620929926633835e-03
5.798371434211730957e-01 3.627338111400604248e-01 3.658861387521028519e-03
5.670884251594543457e-01 3.634407222270965576e-01 3.205934306606650352e-03
5.913794636726379395e-01 3.666199445724487305e-01 7.701662834733724594e-03
5.983230471611022949e-01 3.749864399433135986e-01 1.236975658684968948e-02
6.039715409278869629e-01 4.187606573104858398e-01 2.687535807490348816e-02
5.354412794113159180e-01 6.352590918540954590e-01 1.524816965684294701e-03
5.972729325294494629e-01 4.013007879257202148e-01 2.310650795698165894e-02
6.339786052703857422e-01 4.161062240600585938e-01 7.763043791055679321e-02
6.152119636535644531e-01 4.061703383922576904e-01 3.864533081650733948e-02
5.619186162948608398e-01 4.792809784412384033e-01 -4.247625824064016342e-03
5.132662653923034668e-01 5.413646101951599121e-01 -2.984813414514064789e-02
5.103225708007812500e-01 5.551679730415344238e-01 -2.470134943723678589e-02
5.247451066970825195e-01 5.482075810432434082e-01 -2.267164923250675201e-02
5.318219065666198730e-01 5.551020503044128418e-01 -1.427204720675945282e-02
5.196159482002258301e-01 5.570006966590881348e-01 -1.981040462851524353e-02
5.267255306243896484e-01 5.595352649688720703e-01 -1.212127599865198135e-02
5.462881326675415039e-01 5.822561383247375488e-01 2.559754764661192894e-03
5.186396837234497070e-01 4.829650521278381348e-01 -5.739389359951019287e-02
5.215376615524291992e-01 4.669491648674011230e-01 -6.063613295555114746e-02
6.147209405899047852e-01 3.544588088989257812e-01 1.680880226194858551e-02
5.433617234230041504e-01 4.345785081386566162e-01 -6.146645639091730118e-03
5.415232777595520020e-01 4.842745959758758545e-01 -2.881111577153205872e-02
5.429409146308898926e-01 4.759758412837982178e-01 -2.541695721447467804e-02
5.942621827125549316e-01 4.825659394264221191e-01 1.120293699204921722e-02
5.222115516662597656e-01 4.467816650867462158e-01 -5.374785140156745911e-02
5.934075117111206055e-01 3.309308290481567383e-01 -3.040442941710352898e-03
6.069356203079223633e-01 3.390544652938842773e-01 6.304211448878049850e-03
6.232871413230895996e-01 3.148086071014404297e-01 5.273106694221496582e-02
5.437488555908203125e-01 3.432369828224182129e-01 -1.465676631778478622e-02
5.554703474044799805e-01 3.690880835056304932e-01 5.909568164497613907e-03
5.558687448501586914e-01 5.680349469184875488e-01 6.002902984619140625e-03
6.107906103134155273e-01 5.707969069480895996e-01 1.047276332974433899e-01
5.322562456130981445e-01 4.922866523265838623e-01 -2.518242225050926208e-02
5.238108634948730469e-01 4.958675801753997803e-01 -2.682836167514324188e-02
5.401971340179443359e-01 5.661271810531616211e-01 4.142750520259141922e-03
5.375648736953735352e-01 5.653016567230224609e-01 6.459378055296838284e-04
6.126655340194702148e-01 3.281847238540649414e-01 1.195754855871200562e-02
5.407525300979614258e-01 4.922147393226623535e-01 -2.283679693937301636e-02
5.735417008399963379e-01 3.311751484870910645e-01 -1.022825483232736588e-02
5.764952898025512695e-01 3.175179958343505859e-01 -1.220361515879631042e-02
5.845340490341186523e-01 2.709968686103820801e-01 8.777025155723094940e-03
6.159533262252807617e-01 3.280190825462341309e-01 2.938323281705379486e-02
5.769407153129577637e-01 2.986619472503662109e-01 -2.242495073005557060e-03
6.206523180007934570e-01 3.484221696853637695e-01 2.663212455809116364e-02
6.252093911170959473e-01 3.531572222709655762e-01 4.911057278513908386e-02
5.119558572769165039e-01 5.492860078811645508e-01 -2.855289913713932037e-02
5.221156477928161621e-01 5.531723499298095703e-01 -2.180708944797515869e-02
5.293673872947692871e-01 5.574814081192016602e-01 -1.418975088745355606e-02
5.293640494346618652e-01 4.951273202896118164e-01 -2.300061658024787903e-02
5.388610363006591797e-01 5.657581090927124023e-01 2.242978196591138840e-03
5.341074466705322266e-01 5.677409768104553223e-01 -4.941756837069988251e-03
5.361676216125488281e-01 5.648266673088073730e-01 2.625149791128933430e-04
5.288411974906921387e-01 4.850690066814422607e-01 -4.044844210147857666e-02
5.247637033462524414e-01 5.607605576515197754e-01 -1.036897487938404083e-02
5.177211761474609375e-01 5.592205524444580078e-01 -1.547392178326845169e-02
5.090554356575012207e-01 5.584952831268310547e-01 -1.982067152857780457e-02
5.100978612899780273e-01 6.060845851898193359e-01 -1.201787963509559631e-02
5.096430182456970215e-01 5.864737033843994141e-01 -2.194564789533615112e-02
5.097458362579345703e-01 5.763105154037475586e-01 -2.296367473900318146e-02
5.095061063766479492e-01 5.665925741195678711e-01 -2.033178135752677917e-02
5.087656378746032715e-01 5.589362978935241699e-01 -1.878405362367630005e-02
5.244867205619812012e-01 5.609427690505981445e-01 -9.506175294518470764e-03
5.266380310058593750e-01 5.651328563690185547e-01 -1.130549516528844833e-02
5.287097692489624023e-01 5.704159140586853027e-01 -1.310451980680227280e-02
5.303581357002258301e-01 5.763581991195678711e-01 -1.126214955002069473e-02
5.471128225326538086e-01 5.376312732696533203e-01 -1.032465603202581406e-02
6.280601024627685547e-01 4.900353252887725830e-01 1.225405856966972351e-01
5.297847986221313477e-01 5.625859498977661133e-01 -3.803684376180171967e-03
5.319198966026306152e-01 5.650318861007690430e-01 -5.047843791544437408e-03
5.202369093894958496e-01 5.018050670623779297e-01 -2.755026705563068390e-02
5.359025597572326660e-01 5.018144845962524414e-01 -1.535440795123577118e-02
5.219752192497253418e-01 4.989536702632904053e-01 -2.741535194218158722e-02
5.538244247436523438e-01 4.461334347724914551e-01 -1.941704540513455868e-03
5.708351135253906250e-01 4.597244560718536377e-01 1.979971770197153091e-03
5.437421202659606934e-01 4.840708374977111816e-01 -1.914006099104881287e-02
6.085705757141113281e-01 2.895868420600891113e-01 2.923818305134773254e-02
6.008444428443908691e-01 3.093786239624023438e-01 1.266516745090484619e-02
5.980646014213562012e-01 3.179989457130432129e-01 -7.662124698981642723e-04
5.369178056716918945e-01 5.920259952545166016e-01 -3.404097398743033409e-03
5.493301749229431152e-01 3.212657570838928223e-01 -1.857644319534301758e-02
5.514131784439086914e-01 2.942875921726226807e-01 -1.126875821501016617e-02
5.575795769691467285e-01 2.602425813674926758e-01 -3.654747735708951950e-03
5.908449888229370117e-01 4.129828810691833496e-01 1.666261814534664154e-02
6.138684749603271484e-01 4.308052361011505127e-01 3.330813348293304443e-02
5.445296764373779297e-01 3.955510556697845459e-01 8.875572122633457184e-03
6.078675389289855957e-01 3.825358450412750244e-01 2.221906930208206177e-02
5.369127392768859863e-01 4.222478568553924561e-01 -1.041225902736186981e-02
5.364469289779663086e-01 4.762635231018066406e-01 -3.992382809519767761e-02
6.240160465240478516e-01 4.456405043601989746e-01 4.583536833524703979e-02
6.068373918533325195e-01 4.415480196475982666e-01 2.297203987836837769e-02
5.932577848434448242e-01 4.455906152725219727e-01 1.212844904512166977e-02
5.721912384033203125e-01 4.395795464515686035e-01 6.579554639756679535e-03
5.569126605987548828e-01 4.298836290836334229e-01 3.487468697130680084e-03
5.458353757858276367e-01 4.202365875244140625e-01 2.064197906292974949e-04
5.250591039657592773e-01 3.975773155689239502e-01 -2.234670147299766541e-02
6.198185086250305176e-01 4.804190695285797119e-01 4.247635602951049805e-02
6.156179904937744141e-01 3.795896768569946289e-01 2.802855148911476135e-02
5.139551162719726562e-01 4.911823272705078125e-01 -5.217203870415687561e-02
5.413105487823486328e-01 4.505044221878051758e-01 -1.113327965140342712e-02
6.359304189682006836e-01 4.161690473556518555e-01 1.154597774147987366e-01
5.379649400711059570e-01 4.099709093570709229e-01 -1.666693948209285736e-03
5.443060994148254395e-01 4.857185781002044678e-01 -8.148566819727420807e-03
6.018649339675903320e-01 3.985325694084167480e-01 2.531596086919307709e-02
5.375911593437194824e-01 4.661653041839599609e-01 -3.563894331455230713e-02
6.211893558502197266e-01 5.296614766120910645e-01 1.166408285498619080e-01
5.448539853096008301e-01 3.909348845481872559e-01 1.171188987791538239e-02
5.304501056671142578e-01 4.544760584831237793e-01 -4.674805700778961182e-02
5.859030485153198242e-01 6.057170629501342773e-01 4.411989822983741760e-02
5.844544768333435059e-01 6.251245737075805664e-01 6.424294412136077881e-02
6.290851831436157227e-01 4.862898588180541992e-01 8.236092329025268555e-02
6.007151603698730469e-01 5.855931043624877930e-01 5.873376876115798950e-02
6.301124095916748047e-01 3.823767304420471191e-01 6.671326607465744019e-02
5.370827317237854004e-01 6.525692939758300781e-01 7.922713644802570343e-03
5.120220184326171875e-01 4.950603842735290527e-01 -3.771726042032241821e-02
5.497309565544128418e-01 4.645846784114837646e-01 -6.805091165006160736e-03
6.229835748672485352e-01 4.102881848812103271e-01 5.015863850712776184e-02
5.811582803726196289e-01 4.039862751960754395e-01 1.234005950391292572e-02
5.710519552230834961e-01 4.023987054824829102e-01 9.256802499294281006e-03
5.361068844795227051e-01 5.708849430084228516e-01 -3.020325209945440292e-03
6.147602796554565430e-01 5.136659741401672363e-01 4.549431428313255310e-02
5.147227048873901367e-01 6.736589074134826660e-01 1.042317785322666168e-02
5.507729053497314453e-01 6.557511091232299805e-01 3.376727923750877380e-02
5.666254162788391113e-01 6.435261368751525879e-01 4.714097455143928528e-02
5.615810155868530273e-01 3.991783261299133301e-01 8.403459563851356506e-03
5.530235767364501953e-01 3.946075439453125000e-01 9.581203572452068329e-03
5.476226806640625000e-01 3.920829296112060547e-01 1.167315244674682617e-02
6.223875284194946289e-01 3.770509362220764160e-01 3.966844454407691956e-02
5.540196895599365234e-01 3.937758207321166992e-01 8.074350655078887939e-03
5.634921789169311523e-01 3.984778523445129395e-01 6.615949328988790512e-03
5.728665590286254883e-01 4.013618230819702148e-01 7.546044886112213135e-03
5.826455950736999512e-01 4.024169743061065674e-01 1.055692881345748901e-02
5.893760919570922852e-01 4.024909436702728271e-01 1.425487175583839417e-02
6.361683011054992676e-01 3.772076964378356934e-01 9.778665006160736084e-02
5.881533026695251465e-01 4.040018916130065918e-01 1.609086990356445312e-02
5.382944941520690918e-01 5.265792012214660645e-01 -1.632646098732948303e-02
5.327575206756591797e-01 4.892370402812957764e-01 -2.921240963041782379e-02
5.195537805557250977e-01 5.176498293876647949e-01 -2.712153643369674683e-02
5.697243213653564453e-01 6.245260834693908691e-01 3.258423507213592529e-02
5.541346669197082520e-01 6.387215852737426758e-01 2.084755524992942810e-02
5.161940455436706543e-01 6.618038415908813477e-01 -3.653851104900240898e-03
5.982536077499389648e-01 6.027585268020629883e-01 8.560196310281753540e-02
5.478724241256713867e-01 3.912350535392761230e-01 1.026408094912767410e-02
5.301843881607055664e-01 4.246266484260559082e-01 -2.599325031042098999e-02
5.340707898139953613e-01 6.663110256195068359e-01 1.996857859194278717e-02
6.226078867912292480e-01 5.227739810943603516e-01 7.993748784065246582e-02
5.174271464347839355e-01 5.595551729202270508e-01 -1.445691660046577454e-02
5.192431807518005371e-01 5.658853054046630859e-01 -1.627848111093044281e-02
5.205326676368713379e-01 5.736446380615234375e-01 -1.841721870005130768e-02
5.213273763656616211e-01 5.828306674957275391e-01 -1.719912700355052948e-02
5.249364376068115234e-01 6.004796028137207031e-01 -9.019628167152404785e-03
5.322367548942565918e-01 5.621812343597412109e-01 -5.262807477265596390e-03
5.346614718437194824e-01 5.616595745086669922e-01 -5.095668602734804153e-03
5.368210077285766602e-01 5.607181787490844727e-01 -4.994128830730915070e-03
5.533168315887451172e-01 5.519222021102905273e-01 -2.154164481908082962e-03
5.994889736175537109e-01 5.198939442634582520e-01 2.271853387355804443e-02
5.309130549430847168e-01 4.086773991584777832e-01 -1.556665543466806412e-02
5.388144850730895996e-01 3.757838308811187744e-01 3.634382970631122589e-03
5.444307327270507812e-01 3.797346055507659912e-01 8.203268051147460938e-03
5.298983454704284668e-01 5.625386238098144531e-01 -4.294095560908317566e-03
5.973019003868103027e-01 5.605487823486328125e-01 3.839929774403572083e-02
5.297677516937255859e-01 3.733717203140258789e-01 -1.085755135864019394e-02
5.307173728942871094e-01 6.175340414047241211e-01 -3.076276974752545357e-03
5.238478183746337891e-01 4.144668281078338623e-01 -3.376767411828041077e-02
5.353072285652160645e-01 4.520413577556610107e-01 -2.587749250233173370e-02
5.128349661827087402e-01 6.242564916610717773e-01 -1.003728341311216354e-02
5.576557517051696777e-01 5.909476876258850098e-01 9.478669613599777222e-03
5.521438121795654297e-01 5.002273321151733398e-01 -5.103651899844408035e-03
5.452217459678649902e-01 6.066212654113769531e-01 3.439160296693444252e-03
5.772998929023742676e-01 5.011930465698242188e-01 6.246754201129078865e-04
5.606465935707092285e-01 5.180789232254028320e-01 -3.049966646358370781e-03
5.837371945381164551e-01 5.296120643615722656e-01 9.344640187919139862e-03
5.155166983604431152e-01 6.446580290794372559e-01 -9.273991920053958893e-03
5.403820276260375977e-01 4.630335569381713867e-01 -1.780695095658302307e-02
5.669211149215698242e-01 6.051095724105834961e-01 2.011003158986568451e-02
5.514685511589050293e-01 6.212510466575622559e-01 1.209104526787996292e-02
5.678831338882446289e-01 5.717238783836364746e-01 1.168997958302497864e-02
6.092227697372436523e-01 5.417621731758117676e-01 4.874262958765029907e-02
5.820968151092529297e-01 5.765042304992675781e-01 2.296605892479419708e-02
6.141126751899719238e-01 5.561054944992065430e-01 7.442131638526916504e-02
5.666627287864685059e-01 5.410897135734558105e-01 2.491612918674945831e-03
5.355193018913269043e-01 4.373450279235839844e-01 -1.800095662474632263e-02
5.324685573577880859e-01 4.827566742897033691e-01 -4.250986129045486450e-02
5.375684499740600586e-01 4.889186918735504150e-01 -3.037162311375141144e-02
5.297802686691284180e-01 4.707011580467224121e-01 -5.052839592099189758e-02
5.499761700630187988e-01 3.597768545150756836e-01 6.610907730646431446e-04
5.696380734443664551e-01 3.499006032943725586e-01 -4.921704530715942383e-04
5.857508182525634766e-01 3.493873476982116699e-01 8.695082506164908409e-04
5.980638265609741211e-01 3.550906479358673096e-01 5.951987579464912415e-03
6.057471036911010742e-01 3.657901287078857422e-01 1.310099195688962936e-02
6.074555516242980957e-01 4.016271233558654785e-01 3.007850795984268188e-02
6.331819891929626465e-01 4.509366452693939209e-01 8.065573126077651978e-02
5.982247591018676758e-01 4.252342879772186279e-01 2.091674506664276123e-02
5.865252017974853516e-01 4.277053475379943848e-01 1.384343672543764114e-02
5.716416239738464355e-01 4.247121214866638184e-01 8.769006468355655670e-03
5.577016472816467285e-01 4.180633723735809326e-01 5.982327274978160858e-03
5.473356246948242188e-01 4.100714325904846191e-01 5.358448717743158340e-03
5.404741764068603516e-01 4.033063054084777832e-01 4.377192351967096329e-03
6.322885751724243164e-01 4.527997970581054688e-01 1.229907944798469543e-01
5.365734100341796875e-01 4.937330484390258789e-01 -2.495183795690536499e-02
5.295676589012145996e-01 4.390237629413604736e-01 -3.483339771628379822e-02
5.258357524871826172e-01 4.819368422031402588e-01 -5.162955075502395630e-02
5.191610455513000488e-01 4.896217882633209229e-01 -4.754842817783355713e-02
5.250650644302368164e-01 4.850778579711914062e-01 -4.622660577297210693e-02
5.330436825752258301e-01 4.984648823738098145e-01 -2.146807312965393066e-02
5.172785520553588867e-01 4.906693696975708008e-01 -5.056799948215484619e-02
5.154067277908325195e-01 4.945956766605377197e-01 -3.765596076846122742e-02
5.410650372505187988e-01 3.894180357456207275e-01 9.894466027617454529e-03
5.354858636856079102e-01 3.930839300155639648e-01 2.983597340062260628e-03
5.323851704597473145e-01 3.959259986877441406e-01 -4.858155734837055206e-03
5.938000679016113281e-01 4.020451307296752930e-01 1.808170601725578308e-02
6.025560498237609863e-01 3.850265145301818848e-01 1.884143240749835968e-02
4.532718062400817871e-01 3.857649564743041992e-01 6.645791698247194290e-03
4.646756947040557861e-01 3.862940073013305664e-01 6.645791698247194290e-03
4.542041420936584473e-01 3.725321888923645020e-01 6.645791698247194290e-03
4.417909979820251465e-01 3.851349651813507080e-01 6.645791698247194290e-03
4.523445069789886475e-01 3.986157178878784180e-01 6.645791698247194290e-03
5.717196464538574219e-01 3.974709808826446533e-01 1.230620313435792923e-02
5.820284485816955566e-01 3.988211750984191895e-01 1.230620313435792923e-02
5.728902220726013184e-01 3.845311999320983887e-01 1.230620313435792923e-02
5.613191127777099609e-01 3.961105346679687500e-01 1.230620313435792923e-02
5.705754160881042480e-01 4.101293087005615234e-01 1.230620313435792923e-02
