4.992250800132751465e-01 5.219449400901794434e-01 -3.924310579895973206e-02
5.042423009872436523e-01 4.646826088428497314e-01 -6.266275793313980103e-02
5.023838281631469727e-01 4.843354225158691406e-01 -3.593959286808967590e-02
4.981128871440887451e-01 4.109677076339721680e-01 -4.352381825447082520e-02
5.055172443389892578e-01 4.473646283149719238e-01 -6.528840214014053345e-02
5.068210959434509277e-01 4.262787103652954102e-01 -5.906984210014343262e-02
5.098435282707214355e-01 3.763159513473510742e-01 -2.326004207134246826e-02
4.289777874946594238e-01 3.664430677890777588e-01 1.811280101537704468e-02
5.127702951431274414e-01 3.322074413299560547e-01 -1.173423510044813156e-02
5.143484473228454590e-01 3.097620308399200439e-01 -1.155954040586948395e-02
5.186759233474731445e-01 2.397733181715011597e-01 7.488479372113943100e-03
4.989421665668487549e-01 5.263952016830444336e-01 -3.854773938655853271e-02
4.986572265625000000e-01 5.304976701736450195e-01 -3.544690832495689392e-02
4.985738992691040039e-01 5.329551696777343750e-01 -3.100494109094142914e-02
4.957619309425354004e-01 5.787808299064636230e-01 -2.391383610665798187e-02
4.954607784748077393e-01 5.843896865844726562e-01 -2.618343383073806763e-02
4.949584305286407471e-01 5.913464426994323730e-01 -2.844145707786083221e-02
4.944972991943359375e-01 5.987818241119384766e-01 -2.598096057772636414e-02
4.930260777473449707e-01 6.123610734939575195e-01 -1.523026451468467712e-02
5.034227371215820312e-01 4.743540883064270020e-01 -5.751041322946548462e-02
4.933033287525177002e-01 4.742304682731628418e-01 -4.270133003592491150e-02
3.891236186027526855e-01 3.064230382442474365e-01 7.684532552957534790e-02
4.579479396343231201e-01 3.833014369010925293e-01 6.388022098690271378e-03
4.461939334869384766e-01 3.838665783405303955e-01 6.772433873265981674e-03
4.354781508445739746e-01 3.817970156669616699e-01 9.670643135905265808e-03
4.226742684841156006e-01 3.723903894424438477e-01 1.902847364544868469e-02
4.688706696033477783e-01 3.793392479419708252e-01 8.338017389178276062e-03
4.482437372207641602e-01 3.292804658412933350e-01 5.156436003744602203e-03
4.610819220542907715e-01 3.328452110290527344e-01 5.811435170471668243e-03
4.355830848217010498e-01 3.312554359436035156e-01 8.217424154281616211e-03
4.266565740108489990e-01 3.383288979530334473e-01 1.216955762356519699e-02
4.108802080154418945e-01 3.823408484458923340e-01 2.348130010068416595e-02
4.484219253063201904e-01 6.224973201751708984e-01 -5.761815235018730164e-03
4.255521297454833984e-01 3.621090054512023926e-01 2.203948050737380981e-02
3.778907060623168945e-01 3.761806190013885498e-01 7.365070283412933350e-02
3.992172777652740479e-01 3.697308301925659180e-01 3.574324771761894226e-02
4.470878243446350098e-01 4.512487649917602539e-01 -1.083568669855594635e-02
4.841380715370178223e-01 5.177752971649169922e-01 -3.773190081119537354e-02
4.851008355617523193e-01 5.287743210792541504e-01 -3.397907689213752747e-02
4.693589210510253906e-01 5.223085880279541016e-01 -3.153260052204132080e-02
4.596409201622009277e-01 5.289219617843627930e-01 -2.281488478183746338e-02
4.736188650131225586e-01 5.298944115638732910e-01 -2.934878692030906677e-02
4.648019671440124512e-01 5.333119630813598633e-01 -2.115447632968425751e-02
4.430985450744628906e-01 5.652976036071777344e-01 -4.789592698216438293e-03
4.950189590454101562e-01 4.634652733802795410e-01 -6.182055547833442688e-02
4.946170151233673096e-01 4.468191564083099365e-01 -6.415882706642150879e-02
4.120256304740905762e-01 3.192313313484191895e-01 1.755795814096927643e-02
4.729561805725097656e-01 4.117961823940277100e-01 -8.094055578112602234e-03
4.695448875427246094e-01 4.604622721672058105e-01 -3.488607332110404968e-02
4.687710106372833252e-01 4.521341323852539062e-01 -3.099679201841354370e-02
4.129749238491058350e-01 4.472825825214385986e-01 2.302288543432950974e-03
4.964437484741210938e-01 4.272823333740234375e-01 -5.595756322145462036e-02
4.412875175476074219e-01 2.980703115463256836e-01 5.062517593614757061e-04
4.246394038200378418e-01 3.047066926956176758e-01 8.462289348244667053e-03
4.039829671382904053e-01 2.771134376525878906e-01 5.793646723031997681e-02
4.902006983757019043e-01 3.187575340270996094e-01 -8.865775540471076965e-03
4.717711508274078369e-01 3.420248031616210938e-01 8.906372822821140289e-03
4.373287260532379150e-01 5.445907115936279297e-01 -2.885310212150216103e-03
3.808038532733917236e-01 5.373715162277221680e-01 8.896580338478088379e-02
4.774771630764007568e-01 4.708054661750793457e-01 -3.089651092886924744e-02
4.857736229896545410e-01 4.765264093875885010e-01 -3.229825943708419800e-02
4.489916265010833740e-01 5.462625026702880859e-01 -3.995027393102645874e-03
4.522356390953063965e-01 5.462869405746459961e-01 -6.887291558086872101e-03
4.196818470954895020e-01 2.946498095989227295e-01 1.486930530518293381e-02
4.684305191040039062e-01 4.690166413784027100e-01 -2.931044250726699829e-02
4.624542593955993652e-01 3.008747696876525879e-01 -5.386466626077890396e-03
4.620363712310791016e-01 2.876862585544586182e-01 -6.399393081665039062e-03
4.533069729804992676e-01 2.414283305406570435e-01 1.920225471258163452e-02
4.116388559341430664e-01 2.902518510818481445e-01 3.380070254206657410e-02
4.579885601997375488e-01 2.689659893512725830e-01 6.263652350753545761e-03
4.060367345809936523e-01 3.137275576591491699e-01 2.798219211399555206e-02
3.974752128124237061e-01 3.140701055526733398e-01 5.133642628788948059e-02
4.842500090599060059e-01 5.238381624221801758e-01 -3.712798655033111572e-02
4.713618457317352295e-01 5.265628695487976074e-01 -3.098246827721595764e-02
4.621033966541290283e-01 5.313687324523925781e-01 -2.295645885169506073e-02
4.798067808151245117e-01 4.745032191276550293e-01 -2.865743450820446014e-02
4.506084024906158447e-01 5.463246107101440430e-01 -5.506003275513648987e-03
4.542680680751800537e-01 5.578659176826477051e-01 -1.096260920166969299e-02
4.536825418472290039e-01 5.461876392364501953e-01 -7.052748929709196091e-03
4.831143021583557129e-01 4.638343751430511475e-01 -4.583445936441421509e-02
4.670014977455139160e-01 5.341088771820068359e-01 -1.976292580366134644e-02
4.756007790565490723e-01 5.315325260162353516e-01 -2.553601749241352081e-02
4.861882030963897705e-01 5.313226580619812012e-01 -2.982111088931560516e-02
4.763556420803070068e-01 6.087263226509094238e-01 -1.520291715860366821e-02
4.785554707050323486e-01 5.944322943687438965e-01 -2.552959509193897247e-02
4.798014163970947266e-01 5.872228741645812988e-01 -2.717504650354385376e-02
4.814431965351104736e-01 5.805562138557434082e-01 -2.475374750792980194e-02
4.832547605037689209e-01 5.755645632743835449e-01 -2.267574891448020935e-02
4.655231237411499023e-01 5.636763572692871094e-01 -1.441098097711801529e-02
4.628192782402038574e-01 5.653079152107238770e-01 -1.623943261802196503e-02
4.595225453376770020e-01 5.681762695312500000e-01 -1.801668293774127960e-02
4.569333195686340332e-01 5.717872977256774902e-01 -1.627113111317157745e-02
4.522703588008880615e-01 5.128431916236877441e-01 -1.838145963847637177e-02
3.709778785705566406e-01 4.515281319618225098e-01 1.118206232786178589e-01
5.029065012931823730e-01 4.790626168251037598e-01 -4.340809583663940430e-02
4.599571228027343750e-01 5.567590594291687012e-01 -9.508988820016384125e-03
4.570669233798980713e-01 5.570251941680908203e-01 -1.082917675375938416e-02
4.882145822048187256e-01 4.832381010055541992e-01 -3.333824872970581055e-02
4.712257087230682373e-01 4.798378348350524902e-01 -2.171004563570022583e-02
4.870887696743011475e-01 4.799555540084838867e-01 -3.303180262446403503e-02
4.599542021751403809e-01 4.204872846603393555e-01 -5.709783174097537994e-03
4.404683113098144531e-01 4.296191334724426270e-01 -3.803493687883019447e-03
4.662509560585021973e-01 4.603250622749328613e-01 -2.526168152689933777e-02
4.243651628494262695e-01 2.546147704124450684e-01 3.717786446213722229e-02
4.308200478553771973e-01 2.744035124778747559e-01 1.907713338732719421e-02
4.386817216873168945e-01 2.859783768653869629e-01 3.744761459529399872e-03
4.505962729454040527e-01 5.813764333724975586e-01 -9.339835494756698608e-03
4.891690015792846680e-01 2.957395017147064209e-01 -1.116767339408397675e-02
4.854954779148101807e-01 2.709567546844482422e-01 -8.211588137783110142e-04
4.835667908191680908e-01 2.374347895383834839e-01 9.006426669657230377e-03
4.269924163818359375e-01 3.781803250312805176e-01 1.442845631390810013e-02
3.965367674827575684e-01 3.934594392776489258e-01 2.846544608473777771e-02
4.764876663684844971e-01 3.747623562812805176e-01 1.044309232383966446e-02
4.140240550041198730e-01 3.460418581962585449e-01 2.155268937349319458e-02
4.819447994232177734e-01 4.012013375759124756e-01 -1.102521177381277084e-02
4.766078889369964600e-01 4.530240893363952637e-01 -4.516358301043510437e-02
3.859388530254364014e-01 4.058399796485900879e-01 3.919575735926628113e-02
4.030564129352569580e-01 4.042979478836059570e-01 1.721229031682014465e-02
4.173900187015533447e-01 4.106683731079101562e-01 6.763210985809564590e-03
4.401391446590423584e-01 4.098630845546722412e-01 2.625364577397704124e-03
4.574240446090698242e-01 4.044791758060455322e-01 1.164331915788352489e-03
4.712121188640594482e-01 3.972776532173156738e-01 -6.522662588395178318e-04
4.988115727901458740e-01 3.793932199478149414e-01 -1.960882544517517090e-02
3.858882784843444824e-01 4.407367706298828125e-01 3.280001878738403320e-02
4.049842655658721924e-01 3.433462381362915039e-01 2.730073966085910797e-02
4.979673624038696289e-01 4.732105731964111328e-01 -5.699714645743370056e-02
4.729830026626586914e-01 4.276061952114105225e-01 -1.469256542623043060e-02
3.728501796722412109e-01 3.771405518054962158e-01 1.106028407812118530e-01
4.818922579288482666e-01 3.882187008857727051e-01 -1.118319574743509293e-03
4.647126197814941406e-01 4.620935916900634766e-01 -1.415596436709165573e-02
4.195721745491027832e-01 3.616745769977569580e-01 2.388924919068813324e-02
4.764273762702941895e-01 4.430768489837646484e-01 -4.020728915929794312e-02
3.737613558769226074e-01 4.926667511463165283e-01 1.033424735069274902e-01
4.782083928585052490e-01 3.690446317195892334e-01 1.396351773291826248e-02
4.862905144691467285e-01 4.330181479454040527e-01 -5.008103698492050171e-02
4.044899642467498779e-01 5.782603025436401367e-01 3.138954192399978638e-02
4.021090269088745117e-01 5.994758605957031250e-01 4.892422258853912354e-02
3.735730350017547607e-01 4.463736414909362793e-01 7.225116342306137085e-02
3.923522830009460449e-01 5.542015433311462402e-01 4.451768472790718079e-02
3.871935307979583740e-01 3.429754972457885742e-01 6.603591889142990112e-02
4.447369873523712158e-01 6.391677260398864746e-01 -1.391685102134943008e-03
4.987239539623260498e-01 4.780691862106323242e-01 -4.271838441491127014e-02
4.617507457733154297e-01 4.394518435001373291e-01 -1.184920687228441238e-02
3.887929916381835938e-01 3.739575445652008057e-01 4.661944136023521423e-02
4.384961128234863281e-01 3.720968067646026611e-01 1.138551440089941025e-02
4.476870894432067871e-01 3.744361400604248047e-01 8.888999000191688538e-03
4.517596960067749023e-01 5.591862797737121582e-01 -9.527562186121940613e-03
3.868794739246368408e-01 4.752076864242553711e-01 3.338789194822311401e-02
4.637007415294647217e-01 6.665077805519104004e-01 1.685915980488061905e-03
4.301542639732360840e-01 6.390677690505981445e-01 2.240618132054805756e-02
4.169068634510040283e-01 6.226143836975097656e-01 3.399410471320152283e-02
5.164718031883239746e-01 2.751452028751373291e-01 -2.461999189108610153e-03
4.890798032283782959e-01 6.728449463844299316e-01 -7.701443391852080822e-04
4.575368165969848633e-01 3.742618262767791748e-01 8.908709511160850525e-03
4.674180746078491211e-01 3.722252249717712402e-01 1.092862244695425034e-02
4.743028283119201660e-01 3.707270920276641846e-01 1.364283449947834015e-02
3.970130980014801025e-01 3.417975902557373047e-01 3.890318423509597778e-02
4.686211347579956055e-01 3.588755130767822266e-01 1.027913391590118408e-02
4.587396681308746338e-01 3.546881675720214844e-01 8.357634767889976501e-03
4.490682482719421387e-01 3.532598316669464111e-01 8.573562838137149811e-03
4.392268359661102295e-01 3.546074032783508301e-01 1.084368582814931870e-02
4.326487183570861816e-01 3.574816882610321045e-01 1.397063862532377243e-02
3.790909051895141602e-01 3.381398916244506836e-01 9.653925895690917969e-02
4.327521026134490967e-01 3.692122697830200195e-01 1.491891127079725266e-02
5.012636184692382812e-01 4.979499876499176025e-01 -3.406767547130584717e-02
4.636746048927307129e-01 5.033295750617980957e-01 -2.399972081184387207e-02
4.776977300643920898e-01 4.673320949077606201e-01 -3.466235846281051636e-02
4.854663908481597900e-01 4.978605508804321289e-01 -3.329753503203392029e-02
5.111590027809143066e-01 3.554573059082031250e-01 -1.319117657840251923e-02
4.171028137207031250e-01 6.016525626182556152e-01 2.132856659591197968e-02
4.301559329032897949e-01 6.201242208480834961e-01 1.062634773552417755e-02
4.645278453826904297e-01 6.543965339660644531e-01 -1.156802754849195480e-02
3.909413814544677734e-01 5.736078023910522461e-01 6.892146915197372437e-02
4.754301011562347412e-01 3.647486567497253418e-01 1.254336163401603699e-02
4.897374212741851807e-01 4.045800566673278809e-01 -2.630713582038879395e-02
4.897521138191223145e-01 6.606824398040771484e-01 -1.367089524865150452e-02
4.451002478599548340e-01 6.543322801589965820e-01 9.976059198379516602e-03
3.757415413856506348e-01 4.845250844955444336e-01 6.733503192663192749e-02
4.732882082462310791e-01 5.702527761459350586e-01 -1.901719719171524048e-02
4.705260396003723145e-01 5.735424757003784180e-01 -2.096726559102535248e-02
4.679039120674133301e-01 5.787101984024047852e-01 -2.282280474901199341e-02
4.658877849578857422e-01 5.850292444229125977e-01 -2.134006470441818237e-02
4.611167311668395996e-01 5.968562364578247070e-01 -1.370155252516269684e-02
4.577131271362304688e-01 5.386731624603271484e-01 -1.349406316876411438e-02
4.550445377826690674e-01 5.377510786056518555e-01 -1.337807998061180115e-02
4.528376758098602295e-01 5.361806154251098633e-01 -1.327985711395740509e-02
4.433265328407287598e-01 5.268349051475524902e-01 -1.061512250453233719e-02
4.029296040534973145e-01 4.841537773609161377e-01 1.130586024373769760e-02
4.906106889247894287e-01 3.890340030193328857e-01 -1.442931964993476868e-02
4.874066114425659180e-01 3.547085523605346680e-01 7.275571115314960480e-03
4.804650843143463135e-01 3.572362363338470459e-01 1.115099247545003891e-02
4.598649442195892334e-01 5.386869907379150391e-01 -1.276423037052154541e-02
3.997002840042114258e-01 5.275050997734069824e-01 2.569251134991645813e-02
4.974063336849212646e-01 3.531375527381896973e-01 -6.533152423799037933e-03
4.546062648296356201e-01 6.081023812294006348e-01 -8.644564077258110046e-03
5.078505277633666992e-01 4.092843532562255859e-01 -4.679274559020996094e-02
4.982891082763671875e-01 3.960646986961364746e-01 -3.237482905387878418e-02
5.087757110595703125e-01 3.935046195983886719e-01 -3.446303308010101318e-02
4.800487160682678223e-01 4.299451112747192383e-01 -2.893161401152610779e-02
4.908887445926666260e-01 6.439704298973083496e-01 -1.740546897053718567e-02
4.920710325241088867e-01 6.262336373329162598e-01 -1.572356745600700378e-02
4.721481204032897949e-01 6.216771006584167480e-01 -1.397485099732875824e-02
4.326183497905731201e-01 5.693748593330383301e-01 1.175823970697820187e-03
4.541897475719451904e-01 4.749372005462646484e-01 -1.196688413619995117e-02
4.416687488555908203e-01 5.907024145126342773e-01 -3.369800047948956490e-03
4.287090897560119629e-01 4.700117409229278564e-01 -7.953447289764881134e-03
4.429942369461059570e-01 4.908964931964874268e-01 -1.101126894354820251e-02
4.186413586139678955e-01 4.974271655082702637e-01 -7.440630579367280006e-04
4.674368798732757568e-01 6.382591724395751953e-01 -1.502533722668886185e-02
4.724651575088500977e-01 4.399951100349426270e-01 -2.208553068339824677e-02
4.222808778285980225e-01 5.818073153495788574e-01 1.025091391056776047e-02
4.346732497215270996e-01 6.028345823287963867e-01 3.510003676638007164e-03
4.266337454319000244e-01 5.450414419174194336e-01 1.844453858211636543e-03
3.891770243644714355e-01 5.053867697715759277e-01 3.551456704735755920e-02
4.124116301536560059e-01 5.475896596908569336e-01 1.183658372610807419e-02
3.813170790672302246e-01 5.207140445709228516e-01 5.995716899633407593e-02
4.336833953857421875e-01 5.126030445098876953e-01 -6.600037217140197754e-03
4.816360175609588623e-01 4.158920049667358398e-01 -2.002629637718200684e-02
4.798805415630340576e-01 4.605361521244049072e-01 -4.782276228070259094e-02
4.729201197624206543e-01 4.658922851085662842e-01 -3.639978542923927307e-02
4.850633144378662109e-01 4.488209486007690430e-01 -5.495377257466316223e-02
4.796562492847442627e-01 3.350605070590972900e-01 4.801456350833177567e-03
4.617305397987365723e-01 3.205554187297821045e-01 3.166067879647016525e-03
4.453715085983276367e-01 3.168700933456420898e-01 3.501383354887366295e-03
4.310752749443054199e-01 3.204602003097534180e-01 7.291023619472980499e-03
4.204395413398742676e-01 3.295812904834747314e-01 1.347075682133436203e-02
4.105118811130523682e-01 3.655198812484741211e-01 2.810060605406761169e-02
3.739084005355834961e-01 4.105241596698760986e-01 7.327865809202194214e-02
4.161909520626068115e-01 3.892134428024291992e-01 1.722817681729793549e-02
4.272315204143524170e-01 3.943873047828674316e-01 1.059719454497098923e-02
4.426132738590240479e-01 3.957853019237518311e-01 6.308997515588998795e-03
4.579661488533020020e-01 3.933145999908447266e-01 4.763198550790548325e-03
4.706756472587585449e-01 3.882376551628112793e-01 5.445533897727727890e-03
4.796619713306427002e-01 3.828294873237609863e-01 5.377328023314476013e-03
3.710802495479583740e-01 4.140154123306274414e-01 1.151006668806076050e-01
4.726807177066802979e-01 4.713319838047027588e-01 -3.112406469881534576e-02
4.888451695442199707e-01 4.184616506099700928e-01 -3.672777488827705383e-02
4.874072372913360596e-01 4.610481560230255127e-01 -5.644144862890243530e-02
4.927673935890197754e-01 4.706238210201263428e-01 -5.244927480816841125e-02
4.873714745044708252e-01 4.645152688026428223e-01 -5.118907243013381958e-02
4.751613140106201172e-01 4.771581590175628662e-01 -2.755657210946083069e-02
4.946473538875579834e-01 4.720160663127899170e-01 -5.548027902841567993e-02
4.954162240028381348e-01 4.768493175506591797e-01 -4.267082363367080688e-02
4.818875789642333984e-01 3.690201044082641602e-01 1.226021908223628998e-02
4.872162938117980957e-01 3.732592463493347168e-01 5.305088590830564499e-03
4.904159009456634521e-01 3.750739395618438721e-01 -2.711763605475425720e-03
4.287362694740295410e-01 3.598603308200836182e-01 1.742454990744590759e-02
4.205632805824279785e-01 3.478635251522064209e-01 1.800383999943733215e-02
5.171264410018920898e-01 4.130370020866394043e-01 -4.287380352616310120e-02
5.917457938194274902e-01 3.840857744216918945e-01 2.250274270772933960e-02
5.129005908966064453e-01 4.764395356178283691e-01 -4.222841188311576843e-02
6.302634477615356445e-01 3.331211209297180176e-01 8.301212638616561890e-02
5.581064820289611816e-01 3.925917744636535645e-01 9.279987774789333344e-03
5.694001317024230957e-01 3.963875174522399902e-01 1.029161736369132996e-02
5.802637338638305664e-01 3.976875543594360352e-01 1.362583599984645844e-02
5.956463813781738281e-01 3.899393677711486816e-01 2.359303645789623260e-02
5.486127734184265137e-01 3.865485191345214844e-01 1.067435555160045624e-02
5.789612531661987305e-01 3.421862721443176270e-01 8.682643063366413116e-03
5.651840567588806152e-01 3.430974483489990234e-01 8.593658916652202606e-03
5.913566350936889648e-01 3.466662764549255371e-01 1.226115692406892776e-02
5.989815592765808105e-01 3.555227518081665039e-01 1.654762215912342072e-02
6.030318737030029297e-01 4.015434086322784424e-01 2.847463637590408325e-02
5.362108945846557617e-01 6.312605142593383789e-01 -3.898332128301262856e-03
5.963381528854370117e-01 3.793285191059112549e-01 2.658248320221900940e-02
6.341756582260131836e-01 4.041847884654998779e-01 8.000341802835464478e-02
6.152567267417907715e-01 3.885418474674224854e-01 4.123672470450401306e-02
5.604926347732543945e-01 4.639721214771270752e-01 -7.800887804478406906e-03
5.144547224044799805e-01 5.209437012672424316e-01 -3.706116974353790283e-02
5.119717121124267578e-01 5.318031311035156250e-01 -3.338565304875373840e-02
5.283588171005249023e-01 5.283758640289306641e-01 -3.013148531317710876e-02
5.368176102638244629e-01 5.372990369796752930e-01 -2.085203491151332855e-02
5.230002999305725098e-01 5.353690385818481445e-01 -2.818427979946136475e-02
5.309850573539733887e-01 5.409871935844421387e-01 -1.951009035110473633e-02
5.486494898796081543e-01 5.764701962471008301e-01 -2.288289600983262062e-03
5.133742094039916992e-01 4.655131697654724121e-01 -6.140312179923057556e-02
5.161671638488769531e-01 4.491666853427886963e-01 -6.368209421634674072e-02
6.138901710510253906e-01 3.371674120426177979e-01 2.270517125725746155e-02
5.403625965118408203e-01 4.192434251308441162e-01 -6.116250529885292053e-03
5.382570624351501465e-01 4.679388701915740967e-01 -3.311827778816223145e-02
5.399706363677978516e-01 4.598002135753631592e-01 -2.916700020432472229e-02
5.940441489219665527e-01 4.676336050033569336e-01 7.123307790607213974e-03
5.168213248252868652e-01 4.294564723968505859e-01 -5.532201752066612244e-02
5.905423760414123535e-01 3.133795857429504395e-01 4.491524770855903625e-03
6.050825119018554688e-01 3.217047452926635742e-01 1.317864004522562027e-02
6.215211153030395508e-01 3.011814355850219727e-01 6.336831301450729370e-02
5.390721559524536133e-01 3.254797160625457764e-01 -7.312917616218328476e-03
5.529154539108276367e-01 3.500576317310333252e-01 1.118984632194042206e-02
5.573713183403015137e-01 5.577124357223510742e-01 3.325060824863612652e-04
6.129987239837646484e-01 5.628349184989929199e-01 9.504656493663787842e-02
5.286595225334167480e-01 4.764262437820434570e-01 -2.982283942401409149e-02
5.196835398674011230e-01 4.802489280700683594e-01 -3.173755481839179993e-02
5.447746515274047852e-01 5.584952831268310547e-01 -1.271704444661736488e-03
5.416107773780822754e-01 5.576768517494201660e-01 -4.474369809031486511e-03
6.108703017234802246e-01 3.111217617988586426e-01 1.966259256005287170e-02
5.378946065902709961e-01 4.765281081199645996e-01 -2.758130244910717010e-02
5.696856379508972168e-01 3.132259845733642578e-01 -2.687899395823478699e-03
5.722072720527648926e-01 2.998490333557128906e-01 -3.704404458403587341e-03
5.812804102897644043e-01 2.558952569961547852e-01 2.252456918358802795e-02
6.143928170204162598e-01 3.116203546524047852e-01 3.883975744247436523e-02
5.738910436630249023e-01 2.814677357673645020e-01 9.221023879945278168e-03
6.199526190757751465e-01 3.309569954872131348e-01 3.329088911414146423e-02
6.237558722496032715e-01 3.381080031394958496e-01 5.695325136184692383e-02
5.134226083755493164e-01 5.270327329635620117e-01 -3.645592182874679565e-02
5.256299972534179688e-01 5.324379801750183105e-01 -2.970549836754798889e-02
5.340139865875244141e-01 5.394226908683776855e-01 -2.119154110550880432e-02
5.256963372230529785e-01 4.794982075691223145e-01 -2.759653143584728241e-02
5.431534051895141602e-01 5.581638216972351074e-01 -3.019324969500303268e-03
5.382540225982666016e-01 5.684754848480224609e-01 -8.886451832950115204e-03
5.401090979576110840e-01 5.571746826171875000e-01 -4.720618948340415955e-03
5.244698524475097656e-01 4.685203433036804199e-01 -4.461156949400901794e-02
5.286464095115661621e-01 5.412971377372741699e-01 -1.817813329398632050e-02
5.207737684249877930e-01 5.366340875625610352e-01 -2.440961450338363647e-02
5.107347369194030762e-01 5.340907573699951172e-01 -2.919260598719120026e-02
5.102297067642211914e-01 6.122996807098388672e-01 -1.461551245301961899e-02
5.104720592498779297e-01 5.981783866882324219e-01 -2.491162531077861786e-02
5.101432800292968750e-01 5.907110571861267090e-01 -2.656196802854537964e-02
5.093935728073120117e-01 5.837838053703308105e-01 -2.413128316402435303e-02
5.081970691680908203e-01 5.784731507301330566e-01 -2.207171730697154999e-02
5.266189575195312500e-01 5.711905956268310547e-01 -1.281215995550155640e-02
5.291332006454467773e-01 5.735000371932983398e-01 -1.465186756104230881e-02
5.319774150848388672e-01 5.771320462226867676e-01 -1.628334634006023407e-02
5.341594815254211426e-01 5.813596248626708984e-01 -1.440429966896772385e-02
5.471754074096679688e-01 5.233834385871887207e-01 -1.604411564767360687e-02
6.302516460418701172e-01 4.803046584129333496e-01 1.186657026410102844e-01
5.327453613281250000e-01 5.659657120704650879e-01 -7.483249995857477188e-03
5.355904698371887207e-01 5.669348835945129395e-01 -8.848206140100955963e-03
5.165167450904846191e-01 4.863177835941314697e-01 -3.271317481994628906e-02
5.334365367889404297e-01 4.865949451923370361e-01 -2.030017785727977753e-02
5.180044770240783691e-01 4.833983182907104492e-01 -3.247706964612007141e-02
5.516446232795715332e-01 4.306759238243103027e-01 -3.011787077412009239e-03
5.694916844367980957e-01 4.441230893135070801e-01 -2.630321541801095009e-04
5.412482023239135742e-01 4.684539437294006348e-01 -2.335935458540916443e-02
6.065502762794494629e-01 2.749381959438323975e-01 4.165063798427581787e-02
5.989996790885925293e-01 2.921679019927978516e-01 2.323680184781551361e-02
5.948793292045593262e-01 3.007531762123107910e-01 7.729509845376014709e-03
5.392683744430541992e-01 5.905907154083251953e-01 -7.219732273370027542e-03
5.440977215766906738e-01 3.032658398151397705e-01 -9.640458039939403534e-03
5.470862388610839844e-01 2.777724266052246094e-01 7.779138977639377117e-04
5.529325604438781738e-01 2.454137802124023438e-01 1.077915262430906296e-02
5.897905230522155762e-01 3.958840668201446533e-01 1.870159059762954712e-02
6.135390996932983398e-01 4.147317707538604736e-01 3.386509045958518982e-02
5.423070788383483887e-01 3.810972571372985840e-01 1.250215806066989899e-02
6.079638004302978516e-01 3.640864193439483643e-01 2.659463509917259216e-02
5.332420468330383301e-01 4.068504571914672852e-01 -9.459969587624073029e-03
5.324776172637939453e-01 4.592477679252624512e-01 -4.369501769542694092e-02
6.245486140251159668e-01 4.321974515914916992e-01 4.521682858467102051e-02
6.059247851371765137e-01 4.263266921043395996e-01 2.243275381624698639e-02
5.914836525917053223e-01 4.308670461177825928e-01 1.130678039044141769e-02
5.699558854103088379e-01 4.247978925704956055e-01 6.229696795344352722e-03
5.544390678405761719e-01 4.151656627655029297e-01 3.964756615459918976e-03
5.429603457450866699e-01 4.056149125099182129e-01 1.397096435539424419e-03
5.201382637023925781e-01 3.817829489707946777e-01 -1.894705742597579956e-02
6.208309531211853027e-01 4.668855369091033936e-01 3.882566839456558228e-02
6.155604720115661621e-01 3.617022037506103516e-01 3.257289528846740723e-02
5.088955163955688477e-01 4.744479358196258545e-01 -5.665871128439903259e-02
5.383698940277099609e-01 4.347926378250122070e-01 -1.273480150848627090e-02
6.361543536186218262e-01 4.062778651714324951e-01 1.177820786833763123e-01
5.345275402069091797e-01 3.953836560249328613e-01 5.143528687767684460e-04
5.421783924102783203e-01 4.704909920692443848e-01 -1.207613013684749603e-02
6.011714935302734375e-01 3.791457116603851318e-01 2.876089513301849365e-02
5.338180661201477051e-01 4.493511319160461426e-01 -3.868496790528297424e-02
6.239861845970153809e-01 5.202394127845764160e-01 1.097953543066978455e-01
5.425770282745361328e-01 3.751294612884521484e-01 1.610516011714935303e-02
5.257750749588012695e-01 4.373274445533752441e-01 -4.898309335112571716e-02
5.861905217170715332e-01 5.976196527481079102e-01 3.571367636322975159e-02
5.857265591621398926e-01 6.186408400535583496e-01 5.360818654298782349e-02
6.310826539993286133e-01 4.745741188526153564e-01 7.852593064308166504e-02
6.011507511138916016e-01 5.768487453460693359e-01 4.954035207629203796e-02
6.291877031326293945e-01 3.692148327827453613e-01 7.199835032224655151e-02
5.375848412513732910e-01 6.481257677078247070e-01 6.041191518306732178e-04
5.071231722831726074e-01 4.790147244930267334e-01 -4.252545163035392761e-02
5.476382970809936523e-01 4.489807486534118652e-01 -9.491769596934318542e-03
6.230855584144592285e-01 3.930256068706512451e-01 5.247468128800392151e-02
5.801220536231994629e-01 3.881460726261138916e-01 1.533894147723913193e-02
5.703686475753784180e-01 3.872579932212829590e-01 1.235552877187728882e-02
5.406256318092346191e-01 5.704514980316162109e-01 -7.341357413679361343e-03
6.160058975219726562e-01 5.007041692733764648e-01 3.923447802662849426e-02
5.150917768478393555e-01 6.712767481803894043e-01 2.780892420560121536e-03
5.525249838829040527e-01 6.507258415222167969e-01 2.522996999323368073e-02
5.682675242424011230e-01 6.376583576202392578e-01 3.772600740194320679e-02
5.607725381851196289e-01 3.840253353118896484e-01 1.183300092816352844e-02
5.516842603683471680e-01 3.796348273754119873e-01 1.342861354351043701e-02
5.455801486968994141e-01 3.771246969699859619e-01 1.588939316570758820e-02
6.223096251487731934e-01 3.592625260353088379e-01 4.452517628669738770e-02
5.541832447052001953e-01 3.671707510948181152e-01 1.277676131576299667e-02
5.647228360176086426e-01 3.647283017635345459e-01 1.131029892712831497e-02
5.748177170753479004e-01 3.653131723403930664e-01 1.200675219297409058e-02
5.845405459403991699e-01 3.686527013778686523e-01 1.471049245446920395e-02
5.904787182807922363e-01 3.729966580867767334e-01 1.819968037307262421e-02
6.349377036094665527e-01 3.663665354251861572e-01 1.033308655023574829e-01
5.868971347808837891e-01 3.866382837295532227e-01 1.909806579351425171e-02
5.376319885253906250e-01 5.114746093750000000e-01 -2.220741659402847290e-02
5.290244221687316895e-01 4.730695486068725586e-01 -3.340978920459747314e-02
5.170555114746093750e-01 5.014073848724365234e-01 -3.260420635342597961e-02
5.704573392868041992e-01 6.174707412719726562e-01 2.478812821209430695e-02
5.548725724220275879e-01 6.325497627258300781e-01 1.326223183423280716e-02
5.158962607383728027e-01 6.593983769416809082e-01 -1.055128965526819229e-02
5.995850563049316406e-01 5.959769487380981445e-01 7.424677908420562744e-02
5.463089346885681152e-01 3.717674911022186279e-01 1.481412816792726517e-02
5.257045626640319824e-01 4.085307717323303223e-01 -2.523066475987434387e-02
5.353722572326660156e-01 6.625527143478393555e-01 1.198637392371892929e-02
6.249537467956542969e-01 5.118820071220397949e-01 7.342493534088134766e-02
5.184025764465332031e-01 5.755743384361267090e-01 -1.783587597310543060e-02
5.207009911537170410e-01 5.794939398765563965e-01 -1.974208652973175049e-02
5.226647853851318359e-01 5.851998329162597656e-01 -2.153149433434009552e-02
5.239700675010681152e-01 5.920258760452270508e-01 -1.996058784425258636e-02
5.268155336380004883e-01 6.034840345382690430e-01 -1.218272559344768524e-02
5.371565818786621094e-01 5.483254194259643555e-01 -1.156406756490468979e-02
5.398280024528503418e-01 5.479360818862915039e-01 -1.119461841881275177e-02
5.423535704612731934e-01 5.468373894691467285e-01 -1.094350684434175491e-02
5.538745522499084473e-01 5.390661954879760742e-01 -7.639141753315925598e-03
5.993704199790954590e-01 5.062000751495361328e-01 1.626968383789062500e-02
5.265631675720214844e-01 3.930774331092834473e-01 -1.338480785489082336e-02
5.353593826293945312e-01 3.597229421138763428e-01 8.579771034419536591e-03
5.418202280998229980e-01 3.633147478103637695e-01 1.319623831659555435e-02
5.350076556205749512e-01 5.478561520576477051e-01 -1.071234419941902161e-02
5.973178148269653320e-01 5.493413805961608887e-01 3.061348199844360352e-02
5.252447724342346191e-01 3.572965264320373535e-01 -5.580298136919736862e-03
5.320022702217102051e-01 6.158891916275024414e-01 -6.999433506280183792e-03
5.187263488769531250e-01 3.982735276222229004e-01 -3.181633725762367249e-02
5.316342711448669434e-01 4.356718957424163818e-01 -2.752662822604179382e-02
5.127665400505065918e-01 6.257588863372802734e-01 -1.327818818390369415e-02
5.588867664337158203e-01 5.828580856323242188e-01 4.171872045844793320e-03
5.504926443099975586e-01 4.855351150035858154e-01 -9.580275043845176697e-03
5.470902919769287109e-01 6.015771627426147461e-01 -1.070550293661653996e-03
5.759801268577575684e-01 4.866444766521453857e-01 -4.113414324820041656e-03
5.593120455741882324e-01 5.039333701133728027e-01 -8.037694729864597321e-03
5.823016166687011719e-01 5.158381462097167969e-01 3.536053234711289406e-03
5.152513980865478516e-01 6.430894136428833008e-01 -1.412248797714710236e-02
5.374599695205688477e-01 4.470367133617401123e-01 -2.034195885062217712e-02
5.677664279937744141e-01 5.971118211746215820e-01 1.359476055949926376e-02
5.526020526885986328e-01 6.149142980575561523e-01 6.035724654793739319e-03
5.681740641593933105e-01 5.606260299682617188e-01 5.482718348503112793e-03
6.103096604347229004e-01 5.298985242843627930e-01 4.106351360678672791e-02
5.821226239204406738e-01 5.661476254463195801e-01 1.600383967161178589e-02
6.156994700431823730e-01 5.464204549789428711e-01 6.576181203126907349e-02
5.655366182327270508e-01 5.274024605751037598e-01 -3.240826539695262909e-03
5.317635536193847656e-01 4.214632213115692139e-01 -1.847402937710285187e-02
5.281960964202880859e-01 4.659722745418548584e-01 -4.649557173252105713e-02
5.340840816497802734e-01 4.726415872573852539e-01 -3.492252156138420105e-02
5.249384641647338867e-01 4.532912671566009521e-01 -5.410984531044960022e-02
5.465184450149536133e-01 3.424830436706542969e-01 6.624779198318719864e-03
5.667758584022521973e-01 3.320297002792358398e-01 5.915065761655569077e-03
5.837652087211608887e-01 3.315779566764831543e-01 7.198834326118230820e-03
5.969527959823608398e-01 3.373076617717742920e-01 1.170317828655242920e-02
6.053537726402282715e-01 3.476864099502563477e-01 1.835800148546695709e-02
6.071342229843139648e-01 3.834364712238311768e-01 3.321417793631553650e-02
6.343207359313964844e-01 4.390519261360168457e-01 7.978785037994384766e-02
5.970089435577392578e-01 4.084658920764923096e-01 2.197293192148208618e-02
5.850778222084045410e-01 4.119033813476562500e-01 1.480530295521020889e-02
5.700594782829284668e-01 4.092441201210021973e-01 9.851041249930858612e-03
5.560134649276733398e-01 4.027812182903289795e-01 7.630482316017150879e-03
5.451971888542175293e-01 3.953314423561096191e-01 7.629998028278350830e-03
5.377268195152282715e-01 3.886912167072296143e-01 7.153744343668222427e-03
6.337316036224365234e-01 4.431956410408020020e-01 1.222187578678131104e-01
5.333176851272583008e-01 4.778998196125030518e-01 -2.966145984828472137e-02
5.249454975128173828e-01 4.224278032779693604e-01 -3.562111407518386841e-02
5.208905339241027832e-01 4.648087918758392334e-01 -5.556971952319145203e-02
5.141201615333557129e-01 4.730973839759826660e-01 -5.193272978067398071e-02
5.202804803848266602e-01 4.683507382869720459e-01 -5.029810965061187744e-02
5.299782752990722656e-01 4.830160439014434814e-01 -2.631448768079280853e-02
5.122294425964355469e-01 4.740078449249267578e-01 -5.506553128361701965e-02
5.104455351829528809e-01 4.785090684890747070e-01 -4.235191643238067627e-02
5.384183526039123535e-01 3.748088479042053223e-01 1.407678239047527313e-02
5.322014093399047852e-01 3.782459497451782227e-01 6.742922589182853699e-03
5.284299254417419434e-01 3.809733092784881592e-01 -1.550044049508869648e-03
5.938596725463867188e-01 3.763575255870819092e-01 2.184999361634254456e-02
6.028163433074951172e-01 3.656233549118041992e-01 2.268724143505096436e-02
4.489824771881103516e-01 3.615348339080810547e-01 1.279887184500694275e-02
4.601823389530181885e-01 3.622345924377441406e-01 1.279887184500694275e-02
4.496947526931762695e-01 3.477839231491088867e-01 1.279887184500694275e-02
4.376171231269836426e-01 3.607462644577026367e-01 1.279887184500694275e-02
4.481481313705444336e-01 3.750745058059692383e-01 1.279887184500694275e-02
5.738750696182250977e-01 3.743039369583129883e-01 1.617512851953506470e-02
5.856810808181762695e-01 3.759153187274932861e-01 1.617512851953506470e-02
5.750555396080017090e-01 3.597904741764068604e-01 1.617512851953506470e-02
5.620289444923400879e-01 3.726398348808288574e-01 1.617512851953506470e-02
5.726969242095947266e-01 3.888136744499206543e-01 1.617512851953506470e-02
