5.094439983367919922e-01 5.260221958160400391e-01 -3.656677156686782837e-02
5.096956491470336914e-01 4.617183804512023926e-01 -6.062841415405273438e-02
5.070968270301818848e-01 4.813437759876251221e-01 -3.392625600099563599e-02
5.037740468978881836e-01 4.085157215595245361e-01 -4.278864711523056030e-02
5.111712813377380371e-01 4.446828961372375488e-01 -6.352173537015914917e-02
5.125374794006347656e-01 4.237743020057678223e-01 -5.771575495600700378e-02
5.154110789299011230e-01 3.746883869171142578e-01 -2.343628369271755219e-02
4.343497157096862793e-01 3.629842996597290039e-01 1.643299497663974762e-02
5.181803703308105469e-01 3.329687714576721191e-01 -1.273974962532520294e-02
5.198190212249755859e-01 3.110758066177368164e-01 -1.304205507040023804e-02
5.243872404098510742e-01 2.414635866880416870e-01 4.725288599729537964e-03
5.090627670288085938e-01 5.317506194114685059e-01 -3.556782752275466919e-02
5.081049203872680664e-01 5.374552607536315918e-01 -3.224955499172210693e-02
5.070947408676147461e-01 5.413852930068969727e-01 -2.748014777898788452e-02
5.067755579948425293e-01 5.462791323661804199e-01 -2.493270486593246460e-02
5.063928365707397461e-01 5.550239682197570801e-01 -2.705393917858600616e-02
5.054352283477783203e-01 5.657745599746704102e-01 -2.982696890830993652e-02
5.040695667266845703e-01 5.763505697250366211e-01 -2.861864119768142700e-02
4.964627325534820557e-01 5.950719118118286133e-01 -1.898819580674171448e-02
5.086174011230468750e-01 4.712267816066741943e-01 -5.537898838520050049e-02
4.982840120792388916e-01 4.708442091941833496e-01 -4.076243937015533447e-02
3.944260478019714355e-01 3.047207593917846680e-01 7.246211916208267212e-02
4.635931849479675293e-01 3.800747990608215332e-01 5.447240546345710754e-03
4.520522952079772949e-01 3.806268572807312012e-01 5.699528381228446960e-03
4.413015544414520264e-01 3.786587119102478027e-01 8.416740223765373230e-03
4.281076490879058838e-01 3.686366379261016846e-01 1.738414168357849121e-02
4.741442799568176270e-01 3.760576248168945312e-01 7.500886917114257812e-03
4.537793397903442383e-01 3.270325660705566406e-01 3.166288137435913086e-03
4.663779735565185547e-01 3.306987285614013672e-01 4.107436165213584900e-03
4.412474930286407471e-01 3.286971449851989746e-01 6.083655171096324921e-03
4.323548674583435059e-01 3.353804647922515869e-01 1.003227755427360535e-02
4.164324998855590820e-01 3.789350390434265137e-01 2.192703261971473694e-02
4.515489041805267334e-01 6.141077876091003418e-01 -8.955997414886951447e-03
4.306150674819946289e-01 3.585459589958190918e-01 2.012625709176063538e-02
3.827409148216247559e-01 3.736064434051513672e-01 7.121438533067703247e-02
4.045816361904144287e-01 3.662128448486328125e-01 3.367797285318374634e-02
4.526668488979339600e-01 4.478296935558319092e-01 -1.057088281959295273e-02
4.957806766033172607e-01 5.199012160301208496e-01 -3.556449338793754578e-02
4.959765970706939697e-01 5.349546074867248535e-01 -3.119743429124355316e-02
4.813686609268188477e-01 5.246555209159851074e-01 -2.986847236752510071e-02
4.716631174087524414e-01 5.308383703231811523e-01 -2.214942872524261475e-02
4.851311147212982178e-01 5.348365306854248047e-01 -2.721294388175010681e-02
4.764354825019836426e-01 5.365783572196960449e-01 -1.999514922499656677e-02
4.468922913074493408e-01 5.556882023811340332e-01 -6.785911507904529572e-03
5.004922747611999512e-01 4.603252410888671875e-01 -5.991208180785179138e-02
5.002903938293457031e-01 4.439222216606140137e-01 -6.251811236143112183e-02
4.176920950412750244e-01 3.151826262474060059e-01 1.471598073840141296e-02
4.784725904464721680e-01 4.093262553215026855e-01 -8.112431503832340240e-03
4.749770760536193848e-01 4.570300281047821045e-01 -3.346265479922294617e-02
4.743851125240325928e-01 4.488984346389770508e-01 -2.974699810147285461e-02
4.184621870517730713e-01 4.436677396297454834e-01 2.112225629389286041e-03
5.021532773971557617e-01 4.245948791503906250e-01 -5.476645007729530334e-02
4.473535120487213135e-01 2.936562001705169678e-01 -2.014852128922939301e-03
4.306408464908599854e-01 3.007572591304779053e-01 5.673657637089490891e-03
4.099380671977996826e-01 2.762573957443237305e-01 5.330981314182281494e-02
4.960236847400665283e-01 3.140456676483154297e-01 -1.023463811725378036e-02
4.767466783523559570e-01 3.396568298339843750e-01 7.522205356508493423e-03
4.403614699840545654e-01 5.375539064407348633e-01 -4.042275715619325638e-03
3.830632567405700684e-01 5.323645472526550293e-01 8.890789747238159180e-02
4.826082289218902588e-01 4.671368896961212158e-01 -2.930615469813346863e-02
4.907109737396240234e-01 4.729616343975067139e-01 -3.050128556787967682e-02
4.601683914661407471e-01 5.426082611083984375e-01 -4.898020531982183456e-03
4.632422029972076416e-01 5.421860814094543457e-01 -7.734091021120548248e-03
4.254525899887084961e-01 2.906731367111206055e-01 1.177229546010494232e-02
4.737480580806732178e-01 4.653895199298858643e-01 -2.783785015344619751e-02
4.683732390403747559e-01 2.961095571517944336e-01 -7.406907621771097183e-03
4.680126905441284180e-01 2.830759882926940918e-01 -8.635103702545166016e-03
4.596811532974243164e-01 2.421451956033706665e-01 1.522750686854124069e-02
4.177572131156921387e-01 2.901005148887634277e-01 3.005345165729522705e-02
4.644739627838134766e-01 2.696956098079681396e-01 3.211546223610639572e-03
4.112946391105651855e-01 3.098383545875549316e-01 2.481649816036224365e-02
4.030468165874481201e-01 3.132938146591186523e-01 4.770378768444061279e-02
4.957222342491149902e-01 5.282834172248840332e-01 -3.466336801648139954e-02
4.832950830459594727e-01 5.302901268005371094e-01 -2.909801527857780457e-02
4.740630090236663818e-01 5.339288115501403809e-01 -2.203031629323959351e-02
4.848641753196716309e-01 4.708345234394073486e-01 -2.702139131724834442e-02
4.617593586444854736e-01 5.424727797508239746e-01 -6.376249715685844421e-03
4.664520621299743652e-01 5.455194115638732910e-01 -1.278812810778617859e-02
4.648213982582092285e-01 5.418896675109863281e-01 -7.961198687553405762e-03
4.884411096572875977e-01 4.602314531803131104e-01 -4.420144110918045044e-02
4.780588746070861816e-01 5.382803678512573242e-01 -1.832079142332077026e-02
4.864083528518676758e-01 5.376207828521728516e-01 -2.309960685670375824e-02
4.961417019367218018e-01 5.389007329940795898e-01 -2.673939988017082214e-02
4.812102019786834717e-01 5.919198989868164062e-01 -1.915257796645164490e-02
4.893009066581726074e-01 5.725033879280090332e-01 -2.845187671482563019e-02
4.915003180503845215e-01 5.620976686477661133e-01 -2.928661555051803589e-02
4.937472641468048096e-01 5.515010356903076172e-01 -2.623426355421543121e-02
4.957557916641235352e-01 5.434998869895935059e-01 -2.417976036667823792e-02
4.779590070247650146e-01 5.407477021217346191e-01 -1.630773954093456268e-02
4.750474095344543457e-01 5.446656346321105957e-01 -1.832312345504760742e-02
4.717331528663635254e-01 5.496580004692077637e-01 -2.044629491865634918e-02
4.686392843723297119e-01 5.551891922950744629e-01 -1.889384537935256958e-02
4.566032886505126953e-01 5.083683729171752930e-01 -1.801271550357341766e-02
3.742333352565765381e-01 4.478459656238555908e-01 1.103557869791984558e-01
5.078697800636291504e-01 4.758957028388977051e-01 -4.125981405377388000e-02
4.717785418033599854e-01 5.411028861999511719e-01 -1.124475710093975067e-02
4.692740738391876221e-01 5.431891083717346191e-01 -1.262517273426055908e-02
4.931983351707458496e-01 4.799000024795532227e-01 -3.162808716297149658e-02
4.764701724052429199e-01 4.761555194854736328e-01 -2.025204896926879883e-02
4.920478165149688721e-01 4.764861762523651123e-01 -3.123356029391288757e-02
4.656279087066650391e-01 4.179689884185791016e-01 -5.722563248127698898e-03
4.462158679962158203e-01 4.268053472042083740e-01 -3.935505636036396027e-03
4.718084633350372314e-01 4.568361043930053711e-01 -2.398696355521678925e-02
4.307433068752288818e-01 2.545911669731140137e-01 3.267686814069747925e-02
4.373292922973632812e-01 2.748240530490875244e-01 1.561534218490123749e-02
4.446408748626708984e-01 2.819029092788696289e-01 9.681439260020852089e-04
4.552222490310668945e-01 5.692893266677856445e-01 -1.220134273171424866e-02
4.951885640621185303e-01 2.911949753761291504e-01 -1.297936215996742249e-02
4.917347133159637451e-01 2.718599438667297363e-01 -3.490077797323465347e-03
4.897533655166625977e-01 2.386358529329299927e-01 5.686637479811906815e-03
4.326217472553253174e-01 3.747585415840148926e-01 1.296202745288610458e-02
4.022454023361206055e-01 3.901113271713256836e-01 2.696001902222633362e-02
4.814142584800720215e-01 3.713802993297576904e-01 9.621446952223777771e-03
4.195459783077239990e-01 3.424421548843383789e-01 1.919235847890377045e-02
4.873787164688110352e-01 3.988572061061859131e-01 -1.108282525092363358e-02
4.821623563766479492e-01 4.497416615486145020e-01 -4.368678852915763855e-02
3.913535177707672119e-01 4.027915894985198975e-01 3.771610558032989502e-02
4.089590013027191162e-01 4.010133743286132812e-01 1.609709113836288452e-02
4.234983325004577637e-01 4.075566530227661133e-01 5.933978594839572906e-03
4.462366700172424316e-01 4.064807295799255371e-01 2.043132437393069267e-03
4.632899463176727295e-01 4.009327292442321777e-01 7.294814568012952805e-04
4.767918884754180908e-01 3.938149511814117432e-01 -1.004945719614624977e-03
5.043482184410095215e-01 3.776041567325592041e-01 -1.988422125577926636e-02
3.911633491516113281e-01 4.372655749320983887e-01 3.205229714512825012e-02
4.103668928146362305e-01 3.396502137184143066e-01 2.467666566371917725e-02
5.032079219818115234e-01 4.699988365173339844e-01 -5.493923276662826538e-02
4.785834550857543945e-01 4.249141216278076172e-01 -1.412081904709339142e-02
3.770002722740173340e-01 3.741863369941711426e-01 1.075049638748168945e-01
4.873614907264709473e-01 3.849734663963317871e-01 -1.453413511626422405e-03
4.702466428279876709e-01 4.586217701435089111e-01 -1.308877021074295044e-02
4.248591661453247070e-01 3.577540516853332520e-01 2.191725187003612518e-02
4.820629954338073730e-01 4.400651752948760986e-01 -3.894217312335968018e-02
3.768488764762878418e-01 4.886064529418945312e-01 1.026189476251602173e-01
4.825737178325653076e-01 3.658001422882080078e-01 1.292583066970109940e-02
4.919656515121459961e-01 4.301698207855224609e-01 -4.889068007469177246e-02
4.054738879203796387e-01 5.726581811904907227e-01 3.038149699568748474e-02
4.030445814132690430e-01 5.940300822257995605e-01 4.852596670389175415e-02
3.781598508358001709e-01 4.430430829524993896e-01 7.130761444568634033e-02
3.938842117786407471e-01 5.487037301063537598e-01 4.423773661255836487e-02
3.924369513988494873e-01 3.411859273910522461e-01 6.286717206239700317e-02
4.470461010932922363e-01 6.324055790901184082e-01 -4.005108494311571121e-03
5.037177801132202148e-01 4.748125374317169189e-01 -4.062808677554130554e-02
4.674673080444335938e-01 4.366121292114257812e-01 -1.125833205878734589e-02
3.941238820552825928e-01 3.704650998115539551e-01 4.442168399691581726e-02
4.443185627460479736e-01 3.689777255058288574e-01 1.001001242548227310e-02
4.535049200057983398e-01 3.714188635349273682e-01 7.654584012925624847e-03
4.635913968086242676e-01 5.481395125389099121e-01 -1.125718560069799423e-02
3.914188146591186523e-01 4.712262153625488281e-01 3.315068408846855164e-02
4.662071764469146729e-01 6.596819162368774414e-01 -7.890688139013946056e-04
4.318397939205169678e-01 6.337521076202392578e-01 2.038242109119892120e-02
4.179866909980773926e-01 6.174669861793518066e-01 3.266878798604011536e-02
5.222346782684326172e-01 2.763556838035583496e-01 -4.704809281975030899e-03
4.913677275180816650e-01 6.656205058097839355e-01 -2.974411472678184509e-03
4.630580544471740723e-01 3.712995350360870361e-01 7.761671207845211029e-03
4.725492000579833984e-01 3.691500425338745117e-01 9.838077239692211151e-03
4.790404438972473145e-01 3.674479126930236816e-01 1.256240811198949814e-02
4.021449089050292969e-01 3.381509184837341309e-01 3.602177277207374573e-02
4.734473228454589844e-01 3.573728799819946289e-01 8.925935253500938416e-03
4.637619256973266602e-01 3.539199829101562500e-01 6.759523879736661911e-03
4.543341100215911865e-01 3.525201976299285889e-01 6.812225561589002609e-03
4.446685016155242920e-01 3.531695306301116943e-01 8.934622630476951599e-03
4.380615353584289551e-01 3.551513254642486572e-01 1.202503219246864319e-02
3.838725686073303223e-01 3.356925249099731445e-01 9.268440306186676025e-02
4.384148418903350830e-01 3.659337162971496582e-01 1.336814090609550476e-02
5.055230259895324707e-01 4.955471754074096680e-01 -3.214748948812484741e-02
4.686109721660614014e-01 4.995507597923278809e-01 -2.303276397287845612e-02
4.829331040382385254e-01 4.636738598346710205e-01 -3.309080377221107483e-02
4.902390241622924805e-01 4.950690865516662598e-01 -3.187862411141395569e-02
5.166198015213012695e-01 3.549381792545318604e-01 -1.380187086760997772e-02
4.182917773723602295e-01 5.959321856498718262e-01 1.954865455627441406e-02
4.317489266395568848e-01 6.143538951873779297e-01 8.383415639400482178e-03
4.672587811946868896e-01 6.461588144302368164e-01 -1.445355359464883804e-02
3.922657668590545654e-01 5.678753256797790527e-01 6.915953755378723145e-02
4.799713790416717529e-01 3.621876537799835205e-01 1.135002169758081436e-02
4.952746331691741943e-01 4.021347761154174805e-01 -2.598880417644977570e-02
4.922334849834442139e-01 6.521015167236328125e-01 -1.633949950337409973e-02
4.473795592784881592e-01 6.483337283134460449e-01 7.566487416625022888e-03
3.798619806766510010e-01 4.805636107921600342e-01 6.699325144290924072e-02
4.860712587833404541e-01 5.413384437561035156e-01 -2.071835845708847046e-02
4.830676913261413574e-01 5.475459098815917969e-01 -2.289930172264575958e-02
4.800374507904052734e-01 5.555530190467834473e-01 -2.533498033881187439e-02
4.773119091987609863e-01 5.646905899047851562e-01 -2.435182593762874603e-02
4.663237631320953369e-01 5.820385813713073730e-01 -1.727999374270439148e-02
4.695647358894348145e-01 5.392227172851562500e-01 -1.340907905250787735e-02
4.670382142066955566e-01 5.381609201431274414e-01 -1.347051002085208893e-02
4.648073017597198486e-01 5.366212129592895508e-01 -1.342314667999744415e-02
4.467428624629974365e-01 5.213255882263183594e-01 -1.106447447091341019e-02
4.070404171943664551e-01 4.798090159893035889e-01 1.113747898489236832e-02
4.960723221302032471e-01 3.869454264640808105e-01 -1.458603329956531525e-02
4.925877451896667480e-01 3.515689671039581299e-01 6.394634954631328583e-03
4.852813780307769775e-01 3.544065356254577637e-01 1.000551320612430573e-02
4.717082381248474121e-01 5.399382710456848145e-01 -1.252088509500026703e-02
4.020946621894836426e-01 5.222844481468200684e-01 2.527451515197753906e-02
5.033306479454040527e-01 3.500980734825134277e-01 -7.265786640346050262e-03
4.586661458015441895e-01 5.972347259521484375e-01 -1.230920664966106415e-02
5.135212540626525879e-01 4.069660604000091553e-01 -4.595258459448814392e-02
5.038750767707824707e-01 3.938268423080444336e-01 -3.222329542040824890e-02
5.144089460372924805e-01 3.914027214050292969e-01 -3.421050310134887695e-02
4.856783747673034668e-01 4.271885752677917480e-01 -2.804183773696422577e-02
4.936515092849731445e-01 6.336310505867004395e-01 -2.089580520987510681e-02
4.951767921447753906e-01 6.127659678459167480e-01 -1.952661573886871338e-02
4.761900305747985840e-01 6.087566018104553223e-01 -1.803127117455005646e-02
4.354283511638641357e-01 5.618903636932373047e-01 -1.005445141345262527e-03
4.592867791652679443e-01 4.710032045841217041e-01 -1.143134105950593948e-02
4.452649950981140137e-01 5.818551182746887207e-01 -6.438765674829483032e-03
4.333741664886474609e-01 4.656791388988494873e-01 -8.123254403471946716e-03
4.472193419933319092e-01 4.862808883190155029e-01 -1.104083936661481857e-02
4.218122959136962891e-01 4.926235079765319824e-01 -1.193205709569156170e-03
4.707553386688232422e-01 6.282339096069335938e-01 -1.867426559329032898e-02
4.781041443347930908e-01 4.371297955513000488e-01 -2.115102112293243408e-02
4.243094325065612793e-01 5.753127336502075195e-01 8.244602940976619720e-03
4.372347295284271240e-01 5.959091186523437500e-01 8.295869920402765274e-04
4.290633797645568848e-01 5.388852953910827637e-01 5.219920421950519085e-04
3.926392793655395508e-01 5.008453130722045898e-01 3.540864959359169006e-02
4.144897758960723877e-01 5.417333841323852539e-01 1.071960572153329849e-02
3.842447400093078613e-01 5.158976912498474121e-01 5.991171672940254211e-02
4.365459382534027100e-01 5.075429677963256836e-01 -7.137996144592761993e-03
4.871702194213867188e-01 4.132744967937469482e-01 -1.956587657332420349e-02
4.853023886680603027e-01 4.570119678974151611e-01 -4.624752327799797058e-02
4.782342314720153809e-01 4.623315334320068359e-01 -3.480931743979454041e-02
4.906839430332183838e-01 4.456882178783416748e-01 -5.346719548106193542e-02
4.848606884479522705e-01 3.315967321395874023e-01 3.463828470557928085e-03
4.672861993312835693e-01 3.173422217369079590e-01 1.314686844125390053e-03
4.511607885360717773e-01 3.137530684471130371e-01 1.240545301698148251e-03
4.369922876358032227e-01 3.173843026161193848e-01 4.850645549595355988e-03
4.262798726558685303e-01 3.261415362358093262e-01 1.096317730844020844e-02
4.158076643943786621e-01 3.617841601371765137e-01 2.607340924441814423e-02
3.785669505596160889e-01 4.075641334056854248e-01 7.155535370111465454e-02
4.218973815441131592e-01 3.858554959297180176e-01 1.588983833789825439e-02
4.330889284610748291e-01 3.913142383098602295e-01 9.443515911698341370e-03
4.485105872154235840e-01 3.925418257713317871e-01 5.413134582340717316e-03
4.636757969856262207e-01 3.899211287498474121e-01 4.091515205800533295e-03
4.760330915451049805e-01 3.847827613353729248e-01 4.872029647231101990e-03
4.848673641681671143e-01 3.794835209846496582e-01 4.883607383817434311e-03
3.746568560600280762e-01 4.106806516647338867e-01 1.126976013183593750e-01
4.778823256492614746e-01 4.677020311355590820e-01 -2.954008616507053375e-02
4.944752156734466553e-01 4.158199727535247803e-01 -3.593524917960166931e-02
4.928925335407257080e-01 4.576653242111206055e-01 -5.470249429345130920e-02
4.979429244995117188e-01 4.672590792179107666e-01 -5.050276964902877808e-02
4.926871955394744873e-01 4.610399901866912842e-01 -4.944152757525444031e-02
4.803391098976135254e-01 4.734701514244079590e-01 -2.595603466033935547e-02
4.998814165592193604e-01 4.687133729457855225e-01 -5.346181243658065796e-02
5.003941059112548828e-01 4.734987616539001465e-01 -4.065922275185585022e-02
4.865784347057342529e-01 3.657471537590026855e-01 1.144616678357124329e-02
4.923728406429290771e-01 3.700219690799713135e-01 4.779662005603313446e-03
4.959702491760253906e-01 3.720331192016601562e-01 -3.099080873653292656e-03
4.339624941349029541e-01 3.568964600563049316e-01 1.547629944980144501e-02
4.261179268360137939e-01 3.444375991821289062e-01 1.591030135750770569e-02
5.226617455482482910e-01 4.108530879020690918e-01 -4.179162904620170593e-02
5.943673849105834961e-01 3.823814988136291504e-01 2.331731282174587250e-02
5.177394151687622070e-01 4.734705388545989990e-01 -4.003287479281425476e-02
6.313886642456054688e-01 3.338626623153686523e-01 8.270163834095001221e-02
5.630592703819274902e-01 3.907114565372467041e-01 1.004058402031660080e-02
5.734115839004516602e-01 3.939278125762939453e-01 1.121243368834257126e-02
5.835694074630737305e-01 3.954721987247467041e-01 1.467988640069961548e-02
5.983291268348693848e-01 3.891651630401611328e-01 2.465054579079151154e-02
5.544061660766601562e-01 3.855227530002593994e-01 1.113928761333227158e-02
5.818962454795837402e-01 3.426432609558105469e-01 8.805125020444393158e-03
5.692341327667236328e-01 3.437476158142089844e-01 8.559123612940311432e-03
5.935791134834289551e-01 3.467992246150970459e-01 1.252256240695714951e-02
6.008723378181457520e-01 3.554665744304656982e-01 1.695590652525424957e-02
6.054641604423522949e-01 4.016630053520202637e-01 2.985583245754241943e-02
5.379316806793212891e-01 6.233593225479125977e-01 -5.701340269297361374e-03
5.988285541534423828e-01 3.785973191261291504e-01 2.727754972875118256e-02
6.350009441375732422e-01 4.035607576370239258e-01 8.125048130750656128e-02
6.175751686096191406e-01 3.906025290489196777e-01 4.233073815703392029e-02
5.633532404899597168e-01 4.622074663639068604e-01 -5.543738603591918945e-03
5.226593613624572754e-01 5.231245756149291992e-01 -3.425936028361320496e-02
5.186552405357360840e-01 5.379581451416015625e-01 -2.990731410682201385e-02
5.335825681686401367e-01 5.301452875137329102e-01 -2.722589485347270966e-02
5.396813750267028809e-01 5.383978486061096191e-01 -1.854772306978702545e-02
5.272594094276428223e-01 5.398947596549987793e-01 -2.482284791767597198e-02
5.334368348121643066e-01 5.433124899864196777e-01 -1.680529862642288208e-02
5.491459369659423828e-01 5.688913464546203613e-01 -2.250737976282835007e-03
5.187181234359741211e-01 4.626477360725402832e-01 -5.929465591907501221e-02
5.216907858848571777e-01 4.466236531734466553e-01 -6.179874762892723083e-02
6.150363087654113770e-01 3.391599357128143311e-01 2.281499654054641724e-02
5.444083213806152344e-01 4.177001416683197021e-01 -4.909131210297346115e-03
5.425243973731994629e-01 4.659436643123626709e-01 -3.065899387001991272e-02
5.441194772720336914e-01 4.579425752162933350e-01 -2.684806846082210541e-02
5.960736274719238281e-01 4.663466215133666992e-01 1.013523060828447342e-02
5.223807692527770996e-01 4.271029233932495117e-01 -5.379494279623031616e-02
5.920590758323669434e-01 3.143657147884368896e-01 4.019640386104583740e-03
6.061884164810180664e-01 3.231789171695709229e-01 1.297950372099876404e-02
6.231620311737060547e-01 3.026421070098876953e-01 6.231543421745300293e-02
5.431703329086303711e-01 3.263410329818725586e-01 -8.031460456550121307e-03
5.580536127090454102e-01 3.505310714244842529e-01 1.113305240869522095e-02
5.584138631820678711e-01 5.532594919204711914e-01 1.526688225567340851e-03
6.131579875946044922e-01 5.596399307250976562e-01 9.895807504653930664e-02
5.328882336616516113e-01 4.739890694618225098e-01 -2.741664275527000427e-02
5.240641832351684570e-01 4.774977862834930420e-01 -2.950204350054264069e-02
5.452611446380615234e-01 5.535106062889099121e-01 -7.328643550863489509e-05
5.423802733421325684e-01 5.521789789199829102e-01 -3.410176606848835945e-03
6.117788553237915039e-01 3.134419620037078857e-01 1.929653622210025787e-02
5.417836308479309082e-01 4.744341969490051270e-01 -2.505876496434211731e-02
5.720089077949523926e-01 3.140687644481658936e-01 -3.315025940537452698e-03
5.743748545646667480e-01 3.007306754589080811e-01 -4.567882511764764786e-03
5.848400592803955078e-01 2.580158710479736328e-01 2.049046382308006287e-02
6.166888475418090820e-01 3.131404817104339600e-01 3.798650205135345459e-02
5.779139399528503418e-01 2.832046151161193848e-01 7.618031464517116547e-03
6.209230422973632812e-01 3.341684937477111816e-01 3.323232010006904602e-02
6.254482865333557129e-01 3.391310572624206543e-01 5.663847923278808594e-02
5.210213661193847656e-01 5.315645933151245117e-01 -3.331267088651657104e-02
5.304594635963439941e-01 5.357226133346557617e-01 -2.657773531973361969e-02
5.367233753204345703e-01 5.411280989646911621e-01 -1.867715269327163696e-02
5.298511981964111328e-01 4.769659042358398438e-01 -2.534299530088901520e-02
5.437794923782348633e-01 5.529321432113647461e-01 -1.884687808342278004e-03
5.400909185409545898e-01 5.556290745735168457e-01 -8.990094065666198730e-03
5.409171581268310547e-01 5.514159202575683594e-01 -3.782365238294005394e-03
5.292102098464965820e-01 4.657731056213378906e-01 -4.230732098221778870e-02
5.307393074035644531e-01 5.445218086242675781e-01 -1.529358979314565659e-02
5.246223211288452148e-01 5.423721075057983398e-01 -2.082807943224906921e-02
5.166186094284057617e-01 5.416285991668701172e-01 -2.542212791740894318e-02
5.119895339012145996e-01 5.956856012344360352e-01 -1.785812899470329285e-02
5.174753069877624512e-01 5.768396854400634766e-01 -2.707863971590995789e-02
5.179359316825866699e-01 5.660220384597778320e-01 -2.783676236867904663e-02
5.175405740737915039e-01 5.550339221954345703e-01 -2.482334710657596588e-02
5.163689255714416504e-01 5.466213226318359375e-01 -2.279430069029331207e-02
5.303499698638916016e-01 5.479333996772766113e-01 -1.325263641774654388e-02
5.330039262771606445e-01 5.529819130897521973e-01 -1.528415922075510025e-02
5.355757474899291992e-01 5.590796470642089844e-01 -1.722781360149383545e-02
5.375365614891052246e-01 5.656087994575500488e-01 -1.554103754460811615e-02
5.490572452545166016e-01 5.207037925720214844e-01 -1.399606373161077499e-02
6.300477981567382812e-01 4.787240922451019287e-01 1.214621141552925110e-01
5.349187254905700684e-01 5.493345260620117188e-01 -7.535012904554605484e-03
5.375584363937377930e-01 5.524259209632873535e-01 -8.969875983893871307e-03
5.206478238105773926e-01 4.835363626480102539e-01 -3.057171218097209930e-02
5.368067026138305664e-01 4.843203127384185791e-01 -1.797312311828136444e-02
5.222752094268798828e-01 4.806177616119384766e-01 -3.025145083665847778e-02
5.551179051399230957e-01 4.293937683105468750e-01 -1.338488189503550529e-03
5.723370313644409180e-01 4.429952502250671387e-01 1.933817286044359207e-03
5.450133681297302246e-01 4.664441943168640137e-01 -2.093857713043689728e-02
6.089237332344055176e-01 2.768138349056243896e-01 4.003319144248962402e-02
6.019786596298217773e-01 2.939296960830688477e-01 2.202553674578666687e-02
5.961589217185974121e-01 3.021534681320190430e-01 7.060997188091278076e-03
5.396657586097717285e-01 5.796924233436584473e-01 -8.417574688792228699e-03
5.478408932685852051e-01 3.041207790374755859e-01 -1.080788113176822662e-02
5.519645810127258301e-01 2.792914509773254395e-01 -1.192568102851510048e-03
5.575828552246093750e-01 2.474640458822250366e-01 8.401426486670970917e-03
5.926580429077148438e-01 3.942632675170898438e-01 1.982142403721809387e-02
6.154380440711975098e-01 4.155296683311462402e-01 3.559685498476028442e-02
5.486457943916320801e-01 3.804738521575927734e-01 1.282325107604265213e-02
6.098740696907043457e-01 3.650183975696563721e-01 2.701422944664955139e-02
5.377488732337951660e-01 4.051990509033203125e-01 -8.554577827453613281e-03
5.372034311294555664e-01 4.570622444152832031e-01 -4.141684621572494507e-02
6.258437633514404297e-01 4.313251972198486328e-01 4.734928533434867859e-02
6.077609062194824219e-01 4.257633686065673828e-01 2.441860549151897430e-02
5.937336683273315430e-01 4.292603135108947754e-01 1.329915504902601242e-02
5.733559727668762207e-01 4.229963421821594238e-01 7.882582023739814758e-03
5.588048696517944336e-01 4.135617315769195557e-01 5.217322614043951035e-03
5.479168295860290527e-01 4.040898680686950684e-01 2.286649774760007858e-03
5.254721641540527344e-01 3.802455067634582520e-01 -1.883864775300025940e-02
6.218922138214111328e-01 4.657186269760131836e-01 4.179860278964042664e-02
6.172888278961181641e-01 3.638608455657958984e-01 3.300695866346359253e-02
5.140047669410705566e-01 4.713849723339080811e-01 -5.444018170237541199e-02
5.423821210861206055e-01 4.331289827823638916e-01 -1.103249099105596542e-02
6.363525986671447754e-01 4.056423902511596680e-01 1.191624402999877930e-01
5.399074554443359375e-01 3.937155008316040039e-01 1.089409342966973782e-03
5.455765128135681152e-01 4.685325324535369873e-01 -9.810344316065311432e-03
6.035060286521911621e-01 3.790475130081176758e-01 2.948948368430137634e-02
5.384781360626220703e-01 4.474146962165832520e-01 -3.659122437238693237e-02
6.235256195068359375e-01 5.181197524070739746e-01 1.131851822137832642e-01
5.491352081298828125e-01 3.747901916503906250e-01 1.622414588928222656e-02
5.309462547302246094e-01 4.351402521133422852e-01 -4.717672616243362427e-02
5.884445905685424805e-01 5.931814908981323242e-01 3.750731796026229858e-02
5.873620510101318359e-01 6.140885353088378906e-01 5.636705085635185242e-02
6.312630772590637207e-01 4.731098115444183350e-01 8.140393346548080444e-02
6.028907895088195801e-01 5.729027986526489258e-01 5.251574516296386719e-02
6.303832530975341797e-01 3.693791627883911133e-01 7.241547107696533203e-02
5.396599173545837402e-01 6.416339874267578125e-01 -5.809884751215577126e-04
5.120458602905273438e-01 4.759287834167480469e-01 -4.032427817583084106e-02
5.510340332984924316e-01 4.474706649780273438e-01 -7.426003925502300262e-03
6.257162690162658691e-01 3.961242735385894775e-01 5.372577160596847534e-02
5.834767222404479980e-01 3.850603103637695312e-01 1.618319936096668243e-02
5.745034217834472656e-01 3.841918110847473145e-01 1.311259623616933823e-02
5.423575639724731445e-01 5.591072440147399902e-01 -7.293188013136386871e-03
6.168808937072753906e-01 4.989554584026336670e-01 4.275044053792953491e-02
5.169947743415832520e-01 6.645169854164123535e-01 1.338179572485387325e-03
5.542153716087341309e-01 6.455768346786499023e-01 2.541253715753555298e-02
5.700300335884094238e-01 6.329109668731689453e-01 3.905365988612174988e-02
5.658041238784790039e-01 3.817178606986999512e-01 1.240928284823894501e-02
5.576068162918090820e-01 3.784416913986206055e-01 1.380411721765995026e-02
5.520113706588745117e-01 3.765345811843872070e-01 1.609348505735397339e-02
6.241232752799987793e-01 3.628415465354919434e-01 4.497387632727622986e-02
5.595472455024719238e-01 3.675245642662048340e-01 1.291086245328187943e-02
5.691077113151550293e-01 3.651455640792846680e-01 1.150517165660858154e-02
5.783024430274963379e-01 3.653340339660644531e-01 1.230638381093740463e-02
5.873965620994567871e-01 3.682590126991271973e-01 1.511829439550638199e-02
5.930647253990173340e-01 3.723682761192321777e-01 1.872508600354194641e-02
6.355623602867126465e-01 3.663930296897888184e-01 1.038435027003288269e-01
5.897557735443115234e-01 3.841570317745208740e-01 1.996940933167934418e-02
5.399390459060668945e-01 5.090638399124145508e-01 -1.994639821350574493e-02
5.333867073059082031e-01 4.706034064292907715e-01 -3.110836260020732880e-02
5.204716324806213379e-01 4.991519451141357422e-01 -3.061162494122982025e-02
5.726682543754577637e-01 6.124920845031738281e-01 2.532565221190452576e-02
5.570183992385864258e-01 6.271690726280212402e-01 1.288774516433477402e-02
5.180956125259399414e-01 6.513268947601318359e-01 -1.254967413842678070e-02
6.007320880889892578e-01 5.917586684226989746e-01 7.816518098115921021e-02
5.525014996528625488e-01 3.716781735420227051e-01 1.493605785071849823e-02
5.307629704475402832e-01 4.066086411476135254e-01 -2.431543543934822083e-02
5.370909571647644043e-01 6.566629409790039062e-01 1.126526854932308197e-02
6.248766183853149414e-01 5.096362829208374023e-01 7.680273056030273438e-02
5.242967605590820312e-01 5.468829274177551270e-01 -1.834789291024208069e-02
5.265680551528930664e-01 5.540411472320556641e-01 -2.047842182219028473e-02
5.282714962959289551e-01 5.629355311393737793e-01 -2.276608906686306000e-02
5.290874838829040527e-01 5.729758739471435547e-01 -2.172612771391868591e-02
5.274820923805236816e-01 5.892972350120544434e-01 -1.441488228738307953e-02
5.380199551582336426e-01 5.473659634590148926e-01 -9.677635505795478821e-03
5.408756732940673828e-01 5.469985604286193848e-01 -9.368320927023887634e-03
5.435288548469543457e-01 5.459048748016357422e-01 -9.165403433144092560e-03
5.554749965667724609e-01 5.359100103378295898e-01 -5.976788233965635300e-03
6.012721657752990723e-01 5.042315125465393066e-01 1.958214119076728821e-02
5.315136909484863281e-01 3.914468288421630859e-01 -1.284299604594707489e-02
5.411686301231384277e-01 3.595876097679138184e-01 8.438355289399623871e-03
5.478841066360473633e-01 3.632990121841430664e-01 1.311958581209182739e-02
5.352441072463989258e-01 5.474184751510620117e-01 -8.751788176596164703e-03
5.992489457130432129e-01 5.462209582328796387e-01 3.349735587835311890e-02
5.307427048683166504e-01 3.567665815353393555e-01 -5.888188257813453674e-03
5.331999659538269043e-01 6.055440306663513184e-01 -9.317529387772083282e-03
5.241947770118713379e-01 3.962944149971008301e-01 -3.132924437522888184e-02
5.361752510070800781e-01 4.337911009788513184e-01 -2.584792859852313995e-02
5.146934986114501953e-01 6.130267977714538574e-01 -1.665227487683296204e-02
5.603003501892089844e-01 5.770517587661743164e-01 4.232657141983509064e-03
5.534411668777465820e-01 4.833025038242340088e-01 -7.417154964059591293e-03
5.480346083641052246e-01 5.937483310699462891e-01 -2.354225376620888710e-03
5.787361264228820801e-01 4.844503998756408691e-01 -1.650279969908297062e-03
5.620284676551818848e-01 5.012984871864318848e-01 -6.033458746969699860e-03
5.851864218711853027e-01 5.134192109107971191e-01 6.062003783881664276e-03
5.173760652542114258e-01 6.333112716674804688e-01 -1.691420935094356537e-02
5.415066480636596680e-01 4.453146457672119141e-01 -1.840087212622165680e-02
5.696671605110168457e-01 5.918958187103271484e-01 1.394239999353885651e-02
5.542148351669311523e-01 6.087256073951721191e-01 5.215154029428958893e-03
5.701199769973754883e-01 5.567532777786254883e-01 6.883306894451379776e-03
6.113381385803222656e-01 5.274615287780761719e-01 4.454135522246360779e-02
5.842702984809875488e-01 5.621856451034545898e-01 1.780695095658302307e-02
6.162751913070678711e-01 5.433062314987182617e-01 6.935296952724456787e-02
5.681400299072265625e-01 5.248109102249145508e-01 -1.228163135237991810e-03
5.363293886184692383e-01 4.196262061595916748e-01 -1.714563742280006409e-02
5.329626202583312988e-01 4.634083509445190430e-01 -4.419918358325958252e-02
5.383891463279724121e-01 4.704268276691436768e-01 -3.246365860104560852e-02
5.301424264907836914e-01 4.508545398712158203e-01 -5.201113596558570862e-02
5.513346195220947266e-01 3.429522514343261719e-01 6.261976435780525208e-03
5.700806975364685059e-01 3.324908614158630371e-01 5.542063154280185699e-03
5.860085487365722656e-01 3.317502737045288086e-01 6.944403983652591705e-03
5.986407399177551270e-01 3.374564647674560547e-01 1.161983050405979156e-02
6.069357991218566895e-01 3.481677770614624023e-01 1.844290643930435181e-02
6.094229221343994141e-01 3.844362199306488037e-01 3.407162055373191833e-02
6.349412202835083008e-01 4.380361437797546387e-01 8.195611089468002319e-02
5.995469093322753906e-01 4.076809585094451904e-01 2.347726188600063324e-02
5.880545973777770996e-01 4.104035496711730957e-01 1.617103628814220428e-02
5.738620758056640625e-01 4.074591696262359619e-01 1.104270387440919876e-02
5.607268810272216797e-01 4.013344049453735352e-01 8.597743697464466095e-03
5.506196022033691406e-01 3.943859338760375977e-01 8.257242850959300995e-03
5.435496568679809570e-01 3.878170251846313477e-01 7.616471964865922928e-03
6.337221860885620117e-01 4.420314133167266846e-01 1.243232563138008118e-01
5.373948812484741211e-01 4.756626188755035400e-01 -2.719343453645706177e-02
5.300689339637756348e-01 4.203462302684783936e-01 -3.423002734780311584e-02
5.259981751441955566e-01 4.619853794574737549e-01 -5.339775606989860535e-02
5.190628170967102051e-01 4.700948596000671387e-01 -4.973179101943969727e-02
5.251771211624145508e-01 4.654727280139923096e-01 -4.810383170843124390e-02
5.337734222412109375e-01 4.806156158447265625e-01 -2.394833415746688843e-02
5.172518491744995117e-01 4.709761738777160645e-01 -5.283917114138603210e-02
5.153234004974365234e-01 4.754514396190643311e-01 -4.015208408236503601e-02
5.449733734130859375e-01 3.743597269058227539e-01 1.420362107455730438e-02
5.382786989212036133e-01 3.774573802947998047e-01 6.935435347259044647e-03
5.341144204139709473e-01 3.794668018817901611e-01 -1.305980840697884560e-03
5.963586568832397461e-01 3.756675422191619873e-01 2.244173176586627960e-02
6.048036813735961914e-01 3.657455146312713623e-01 2.323497273027896881e-02
4.532075524330139160e-01 3.607935011386871338e-01 1.131022721529006958e-02
4.648538529872894287e-01 3.613454699516296387e-01 1.131022721529006958e-02
4.539229273796081543e-01 3.473104536533355713e-01 1.131022721529006958e-02
4.414980411529541016e-01 3.601321280002593994e-01 1.131022721529006958e-02
4.524507522583007812e-01 3.739479780197143555e-01 1.131022721529006958e-02
5.777077674865722656e-01 3.730511665344238281e-01 1.664591766893863678e-02
5.888686776161193848e-01 3.746621608734130859e-01 1.664591766893863678e-02
5.789619684219360352e-01 3.592660725116729736e-01 1.664591766893863678e-02
5.665476322174072266e-01 3.714232444763183594e-01 1.664591766893863678e-02
5.764721632003784180e-01 3.868810534477233887e-01 1.664591766893863678e-02
