5.175701975822448730e-01 5.365031361579895020e-01 -3.417801856994628906e-02
5.194473266601562500e-01 4.825797379016876221e-01 -6.052160635590553284e-02
5.159649252891540527e-01 5.004597902297973633e-01 -3.270849213004112244e-02
5.129544734954833984e-01 4.260023534297943115e-01 -4.501194879412651062e-02
5.211235284805297852e-01 4.653020203113555908e-01 -6.395592540502548218e-02
5.223521590232849121e-01 4.430829584598541260e-01 -5.884224548935890198e-02
5.244194865226745605e-01 3.895309269428253174e-01 -2.645325101912021637e-02
4.384384155273437500e-01 3.731112778186798096e-01 9.614149108529090881e-03
5.271511077880859375e-01 3.444775342941284180e-01 -1.722401939332485199e-02
5.289376974105834961e-01 3.218753337860107422e-01 -1.850858703255653381e-02
5.334979891777038574e-01 2.488579452037811279e-01 -3.689664416015148163e-03
5.171803236007690430e-01 5.418431162834167480e-01 -3.287947550415992737e-02
5.162587165832519531e-01 5.473371744155883789e-01 -2.929325215518474579e-02
5.152789950370788574e-01 5.508370399475097656e-01 -2.415665797889232635e-02
5.138867497444152832e-01 5.673637986183166504e-01 -2.182786725461483002e-02
5.136711597442626953e-01 5.757770538330078125e-01 -2.355373278260231018e-02
5.128604769706726074e-01 5.860590934753417969e-01 -2.600613795220851898e-02
5.116428732872009277e-01 5.957029461860656738e-01 -2.438557706773281097e-02
5.045471191406250000e-01 6.118839979171752930e-01 -1.404068246483802795e-02
5.180411934852600098e-01 4.916028380393981934e-01 -5.494530871510505676e-02
5.066602230072021484e-01 4.902960658073425293e-01 -4.048677906394004822e-02
3.969012498855590820e-01 3.062587380409240723e-01 6.145373731851577759e-02
4.688004851341247559e-01 3.929255306720733643e-01 3.005619801115244627e-04
4.565919935703277588e-01 3.932275772094726562e-01 1.167181762866675854e-04
4.454580545425415039e-01 3.903973698616027832e-01 2.384281950071454048e-03
4.324924647808074951e-01 3.781805038452148438e-01 1.060772407799959183e-02
4.800060987472534180e-01 3.888195455074310303e-01 2.813743660226464272e-03
4.586975276470184326e-01 3.367981612682342529e-01 -3.693995997309684753e-03
4.719247817993164062e-01 3.409239053726196289e-01 -2.254537772387266159e-03
4.457069039344787598e-01 3.381710648536682129e-01 -1.111701712943613529e-03
4.365831017494201660e-01 3.446150422096252441e-01 2.652728697285056114e-03
4.206089973449707031e-01 3.878748118877410889e-01 1.523639634251594543e-02
4.580472707748413086e-01 6.287980675697326660e-01 -4.655086901038885117e-03
4.350333213806152344e-01 3.674194216728210449e-01 1.302340254187583923e-02
3.853849768638610840e-01 3.773431479930877686e-01 6.282248347997665405e-02
4.086254239082336426e-01 3.729710280895233154e-01 2.604878321290016174e-02
4.592055678367614746e-01 4.623726308345794678e-01 -1.297276280820369720e-02
5.032833218574523926e-01 5.311121344566345215e-01 -3.388968855142593384e-02
5.035006403923034668e-01 5.452031493186950684e-01 -2.881364896893501282e-02
4.877727031707763672e-01 5.358291864395141602e-01 -2.870466001331806183e-02
4.774197936058044434e-01 5.416188240051269531e-01 -2.134082280099391937e-02
4.919485151767730713e-01 5.456044077873229980e-01 -2.543024718761444092e-02
4.828822910785675049e-01 5.477491021156311035e-01 -1.854417659342288971e-02
4.537867307662963867e-01 5.722016096115112305e-01 -5.176441743969917297e-03
5.098927617073059082e-01 4.809212088584899902e-01 -6.017145887017250061e-02
5.098445415496826172e-01 4.641669690608978271e-01 -6.337995082139968872e-02
4.219162464141845703e-01 3.237642645835876465e-01 5.727100186049938202e-03
4.856332242488861084e-01 4.227001965045928955e-01 -1.130273286253213882e-02
4.823637902736663818e-01 4.747245609760284424e-01 -3.481261059641838074e-02
4.816603362560272217e-01 4.658009111881256104e-01 -3.137570619583129883e-02
4.239408373832702637e-01 4.561859369277954102e-01 -1.936951652169227600e-03
5.115777850151062012e-01 4.435783922672271729e-01 -5.638407170772552490e-02
4.519891142845153809e-01 3.047910332679748535e-01 -1.019178424030542374e-02
4.349455833435058594e-01 3.105300664901733398e-01 -3.084944328293204308e-03
4.129448533058166504e-01 2.784729599952697754e-01 4.157061874866485596e-02
5.028348565101623535e-01 3.272327184677124023e-01 -1.591947861015796661e-02
4.828740358352661133e-01 3.506350815296173096e-01 1.763839973136782646e-03
4.471892118453979492e-01 5.541473627090454102e-01 -3.456152277067303658e-03
3.841632008552551270e-01 5.381062626838684082e-01 8.791642636060714722e-02
4.900490045547485352e-01 4.853617250919342041e-01 -2.990655601024627686e-02
4.985155165195465088e-01 4.914286732673645020e-01 -3.013904578983783722e-02
4.653273820877075195e-01 5.537621974945068359e-01 -4.107102286070585251e-03
4.687734544277191162e-01 5.538991093635559082e-01 -6.751897279173135757e-03
4.297845065593719482e-01 2.991726398468017578e-01 2.209435915574431419e-03
4.807946085929870605e-01 4.827086031436920166e-01 -2.880151197314262390e-02
4.738953113555908203e-01 3.083200454711914062e-01 -1.458013989031314850e-02
4.736098051071166992e-01 2.945609688758850098e-01 -1.647973060607910156e-02
4.657894372940063477e-01 2.468920797109603882e-01 4.105950705707073212e-03
4.219331443309783936e-01 2.943509221076965332e-01 1.921450719237327576e-02
4.711154997348785400e-01 2.766607403755187988e-01 -6.559914443641901016e-03
4.155998826026916504e-01 3.166834115982055664e-01 1.514677610248327255e-02
4.066708087921142578e-01 3.167535960674285889e-01 3.710363060235977173e-02
5.032012462615966797e-01 5.387682318687438965e-01 -3.268062695860862732e-02
4.898712038993835449e-01 5.412236452102661133e-01 -2.761674858629703522e-02
4.801008999347686768e-01 5.449283719062805176e-01 -2.086905762553215027e-02
4.922864735126495361e-01 4.889967143535614014e-01 -2.722631022334098816e-02
4.671148061752319336e-01 5.539032816886901855e-01 -5.458269268274307251e-03
4.718179106712341309e-01 5.594810843467712402e-01 -1.140089891850948334e-02
4.704216718673706055e-01 5.539005994796752930e-01 -6.933345459401607513e-03
4.965995550155639648e-01 4.794880449771881104e-01 -4.512268677353858948e-02
4.849836528301239014e-01 5.494505763053894043e-01 -1.660918071866035461e-02
4.935798346996307373e-01 5.481756925582885742e-01 -2.095953933894634247e-02
5.038539171218872070e-01 5.487603545188903809e-01 -2.404271438717842102e-02
4.888923168182373047e-01 6.087586283683776855e-01 -1.478426903486251831e-02
4.959975481033325195e-01 5.914340615272521973e-01 -2.493907511234283447e-02
4.981236755847930908e-01 5.820387601852416992e-01 -2.618022076785564423e-02
5.003727674484252930e-01 5.719318389892578125e-01 -2.347318269312381744e-02
5.023176670074462891e-01 5.644790530204772949e-01 -2.172679640352725983e-02
4.840868413448333740e-01 5.582429170608520508e-01 -1.479192357510328293e-02
4.810668230056762695e-01 5.614965558052062988e-01 -1.658087223768234253e-02
4.774123430252075195e-01 5.660408735275268555e-01 -1.851473189890384674e-02
4.741398990154266357e-01 5.709264874458312988e-01 -1.688390597701072693e-02
4.640472531318664551e-01 5.256290435791015625e-01 -1.803669333457946777e-02
3.754663765430450439e-01 4.507352113723754883e-01 1.055977717041969299e-01
5.170005559921264648e-01 4.957261979579925537e-01 -4.037490859627723694e-02
4.778737723827362061e-01 5.561183691024780273e-01 -1.006837468594312668e-02
4.749587476253509521e-01 5.576493740081787109e-01 -1.128853671252727509e-02
5.013006925582885742e-01 4.985013902187347412e-01 -3.092928603291511536e-02
4.833857119083404541e-01 4.934677481651306152e-01 -2.043209038674831390e-02
4.999914169311523438e-01 4.950356483459472656e-01 -3.071430884301662445e-02
4.724854528903961182e-01 4.310772716999053955e-01 -8.973808027803897858e-03
4.526357054710388184e-01 4.398471117019653320e-01 -7.515613920986652374e-03
4.787788093090057373e-01 4.734662473201751709e-01 -2.535193599760532379e-02
4.349139630794525146e-01 2.577531933784484863e-01 2.097163349390029907e-02
4.424629509449005127e-01 2.800574898719787598e-01 5.073118023574352264e-03
4.492909312248229980e-01 2.918094694614410400e-01 -8.055224083364009857e-03
4.623761475086212158e-01 5.858809947967529297e-01 -9.843568317592144012e-03
5.020717382431030273e-01 3.035541772842407227e-01 -1.964134722948074341e-02
4.996801018714904785e-01 2.803518772125244141e-01 -1.214240398257970810e-02
4.974892735481262207e-01 2.448125332593917847e-01 -4.201305564492940903e-03
4.367627799510955811e-01 3.854989707469940186e-01 6.513387430459260941e-03
4.059822857379913330e-01 3.983958661556243896e-01 2.019377425312995911e-02
4.877859354019165039e-01 3.842753469944000244e-01 5.004990380257368088e-03
4.238664209842681885e-01 3.508195877075195312e-01 1.121166907250881195e-02
4.949106872081756592e-01 4.124963879585266113e-01 -1.430571731179952621e-02
4.901991188526153564e-01 4.683355391025543213e-01 -4.508452862501144409e-02
3.949683308601379395e-01 4.102880060672760010e-01 3.091796860098838806e-02
4.126478433609008789e-01 4.111693501472473145e-01 1.001698896288871765e-02
4.274572730064392090e-01 4.193742275238037109e-01 6.903998437337577343e-04
4.508306682109832764e-01 4.194115996360778809e-01 -2.292838878929615021e-03
4.685284197330474854e-01 4.143044352531433105e-01 -3.160129301249980927e-03
4.825736880302429199e-01 4.075140655040740967e-01 -4.665715619921684265e-03
5.129427313804626465e-01 3.920235931873321533e-01 -2.331941202282905579e-02
3.949798345565795898e-01 4.463790357112884521e-01 2.660897560417652130e-02
4.145884215831756592e-01 3.467769622802734375e-01 1.607858575880527496e-02
5.123331546783447266e-01 4.902366697788238525e-01 -5.480562150478363037e-02
4.858338832855224609e-01 4.396084845066070557e-01 -1.660984009504318237e-02
3.787220418453216553e-01 3.754252195358276367e-01 9.941399097442626953e-02
4.936037659645080566e-01 3.990745842456817627e-01 -5.117903929203748703e-03
4.769579768180847168e-01 4.745749831199645996e-01 -1.431747060269117355e-02
4.293389320373535156e-01 3.665059804916381836e-01 1.466600969433784485e-02
4.899448752403259277e-01 4.576471149921417236e-01 -4.067112505435943604e-02
3.778213858604431152e-01 4.927805662155151367e-01 9.971359372138977051e-02
4.893388748168945312e-01 3.782787322998046875e-01 7.962859235703945160e-03
5.006736516952514648e-01 4.484795033931732178e-01 -5.065167695283889771e-02
4.095968008041381836e-01 5.837074518203735352e-01 3.142617642879486084e-02
4.061255455017089844e-01 6.033666133880615234e-01 5.040152743458747864e-02
3.805996775627136230e-01 4.489231407642364502e-01 6.595071405172348022e-02
3.971032798290252686e-01 5.582051277160644531e-01 4.399253800511360168e-02
3.955943882465362549e-01 3.445950150489807129e-01 5.323693528771400452e-02
4.532642662525177002e-01 6.460288763046264648e-01 9.689436992630362511e-04
5.125921964645385742e-01 4.945293962955474854e-01 -3.991489857435226440e-02
4.742313027381896973e-01 4.510729610919952393e-01 -1.360569708049297333e-02
3.977645933628082275e-01 3.757040500640869141e-01 3.640258312225341797e-02
4.482681453227996826e-01 3.811693191528320312e-01 3.759712912142276764e-03
4.579045176506042480e-01 3.842820525169372559e-01 1.804607571102678776e-03
4.687515497207641602e-01 5.615053772926330566e-01 -9.870973415672779083e-03
3.951752781867980957e-01 4.809610545635223389e-01 2.942087315022945404e-02
4.726012051105499268e-01 6.729603409767150879e-01 5.915547255426645279e-03
4.367921054363250732e-01 6.454699635505676270e-01 2.468406409025192261e-02
4.221951067447662354e-01 6.281982064247131348e-01 3.581461682915687561e-02
5.313330292701721191e-01 2.858586311340332031e-01 -1.191714871674776077e-02
4.982720017433166504e-01 6.789538860321044922e-01 4.870144650340080261e-03
4.681889712810516357e-01 3.841337859630584717e-01 2.305557020008563995e-03
4.784210622310638428e-01 3.817032575607299805e-01 4.679080098867416382e-03
4.854497015476226807e-01 3.799743354320526123e-01 7.528535556048154831e-03
4.062494039535522461e-01 3.433973491191864014e-01 2.698388323187828064e-02
4.795355200767517090e-01 3.667221963405609131e-01 3.227049950510263443e-03
4.692676663398742676e-01 3.617293536663055420e-01 6.636328180320560932e-04
4.591058492660522461e-01 3.598090410232543945e-01 3.091719700023531914e-04
4.489150643348693848e-01 3.605993688106536865e-01 2.101555699482560158e-03
4.422218203544616699e-01 3.630892038345336914e-01 5.043161101639270782e-03
3.859801292419433594e-01 3.369625508785247803e-01 8.295863866806030273e-02
4.423014521598815918e-01 3.771028518676757812e-01 6.795298308134078979e-03
5.144194364547729492e-01 5.143750309944152832e-01 -3.051680326461791992e-02
4.762283861637115479e-01 5.172411799430847168e-01 -2.284667268395423889e-02
4.905561208724975586e-01 4.821695685386657715e-01 -3.389196470379829407e-02
4.986714422702789307e-01 5.136642456054687500e-01 -3.087551519274711609e-02
5.254050493240356445e-01 3.677540719509124756e-01 -1.754517853260040283e-02
4.231517314910888672e-01 6.079852581024169922e-01 2.210275083780288696e-02
4.372521042823791504e-01 6.271410584449768066e-01 1.222224626690149307e-02
4.741392135620117188e-01 6.606222987174987793e-01 -8.212243206799030304e-03
3.941642940044403076e-01 5.754948258399963379e-01 6.971063464879989624e-02
4.864957034587860107e-01 3.734941184520721436e-01 6.040021777153015137e-03
5.036091208457946777e-01 4.177100658416748047e-01 -2.882591448724269867e-02
4.997627139091491699e-01 6.666005253791809082e-01 -8.992082439363002777e-03
4.530874490737915039e-01 6.610199809074401855e-01 1.296100858598947525e-02
3.821686804294586182e-01 4.873161911964416504e-01 6.344399601221084595e-02
4.923453629016876221e-01 5.611041784286499023e-01 -1.881153881549835205e-02
4.893718957901000977e-01 5.665230154991149902e-01 -2.076533436775207520e-02
4.861043989658355713e-01 5.741046071052551270e-01 -2.297948487102985382e-02
4.833019375801086426e-01 5.824349522590637207e-01 -2.175232768058776855e-02
4.737387001514434814e-01 5.987691879272460938e-01 -1.406741980463266373e-02
4.753998219966888428e-01 5.506480932235717773e-01 -1.227554678916931152e-02
4.725177288055419922e-01 5.492107868194580078e-01 -1.258282084017992020e-02
4.699805974960327148e-01 5.472812652587890625e-01 -1.279295049607753754e-02
4.539985358715057373e-01 5.382925271987915039e-01 -1.115039084106683731e-02
4.120200276374816895e-01 4.919493794441223145e-01 8.344402536749839783e-03
5.041423439979553223e-01 4.009855091571807861e-01 -1.791768334805965424e-02
4.992918670177459717e-01 3.642625808715820312e-01 1.615763874724507332e-03
4.917979240417480469e-01 3.665381073951721191e-01 4.781781230121850967e-03
4.777912795543670654e-01 5.515452623367309570e-01 -1.121370960026979446e-02
4.064507186412811279e-01 5.336766242980957031e-01 2.411552891135215759e-02
5.102860927581787109e-01 3.637224733829498291e-01 -1.165177207440137863e-02
4.655461013317108154e-01 6.128833293914794922e-01 -8.484584279358386993e-03
5.230587124824523926e-01 4.247588813304901123e-01 -4.771368205547332764e-02
5.127650499343872070e-01 4.098800122737884521e-01 -3.507968783378601074e-02
5.236899852752685547e-01 4.077847003936767578e-01 -3.666380420327186584e-02
4.935365319252014160e-01 4.434926807880401611e-01 -3.018126823008060455e-02
5.014922022819519043e-01 6.490590572357177734e-01 -1.434568036347627640e-02
5.031378269195556641e-01 6.288645267486572266e-01 -1.376017555594444275e-02
4.836350083351135254e-01 6.248385906219482422e-01 -1.299144141376018524e-02
4.415552616119384766e-01 5.771023035049438477e-01 6.332105840556323528e-04
4.657694995403289795e-01 4.867733418941497803e-01 -1.263414602726697922e-02
4.516860246658325195e-01 5.971617102622985840e-01 -3.638545284047722816e-03
4.395960271358489990e-01 4.801163077354431152e-01 -1.043636444956064224e-02
4.538443088531494141e-01 5.020974874496459961e-01 -1.215912308543920517e-02
4.275772273540496826e-01 5.067128539085388184e-01 -2.941959304735064507e-03
4.779375791549682617e-01 6.436390876770019531e-01 -1.314262859523296356e-02
4.853745102882385254e-01 4.528809189796447754e-01 -2.309853211045265198e-02
4.297009706497192383e-01 5.889722108840942383e-01 1.012786198407411575e-02
4.431863427162170410e-01 6.099397540092468262e-01 4.140589386224746704e-03
4.350914359092712402e-01 5.540928840637207031e-01 8.631144883111119270e-04
3.963050544261932373e-01 5.107940435409545898e-01 3.311327844858169556e-02
4.196096360683441162e-01 5.549812316894531250e-01 1.070359256118535995e-02
3.866693377494812012e-01 5.236825942993164062e-01 5.805805698037147522e-02
4.431034624576568604e-01 5.233341455459594727e-01 -7.902036421000957489e-03
4.949196875095367432e-01 4.283640384674072266e-01 -2.224494144320487976e-02
4.934590160846710205e-01 4.762166440486907959e-01 -4.740830138325691223e-02
4.857249855995178223e-01 4.805188775062561035e-01 -3.574060276150703430e-02
4.994759857654571533e-01 4.652302265167236328e-01 -5.466151610016822815e-02
4.912579953670501709e-01 3.438197374343872070e-01 -2.322612795978784561e-03
4.728368818759918213e-01 3.287220597267150879e-01 -5.414193496108055115e-03
4.560450315475463867e-01 3.245008289813995361e-01 -6.090709473937749863e-03
4.414272904396057129e-01 3.273026347160339355e-01 -2.971223322674632072e-03
4.305382072925567627e-01 3.353834748268127441e-01 2.834521001204848289e-03
4.201493859291076660e-01 3.696758449077606201e-01 1.867369748651981354e-02
3.811018764972686768e-01 4.123522937297821045e-01 6.453407555818557739e-02
4.260115623474121094e-01 3.959824442863464355e-01 9.646890684962272644e-03
4.373441636562347412e-01 4.027031958103179932e-01 3.839401062577962875e-03
4.531829357147216797e-01 4.049527347087860107e-01 4.765284538734704256e-04
4.689645469188690186e-01 4.027730524539947510e-01 -4.091119335498660803e-04
4.819134771823883057e-01 3.978411257266998291e-01 7.651913911104202271e-04
4.911462664604187012e-01 3.927772939205169678e-01 8.995711687020957470e-04
3.761199712753295898e-01 4.124748110771179199e-01 1.062018871307373047e-01
4.851405620574951172e-01 4.855583012104034424e-01 -3.024335391819477081e-02
5.030642747879028320e-01 4.327776134014129639e-01 -3.823349252343177795e-02
5.016683936119079590e-01 4.777322709560394287e-01 -5.541566759347915649e-02
5.065303444862365723e-01 4.870785474777221680e-01 -5.052638798952102661e-02
5.011454820632934570e-01 4.807347059249877930e-01 -5.005172640085220337e-02
4.875140786170959473e-01 4.912501573562622070e-01 -2.620722353458404541e-02
5.087572932243347168e-01 4.887829124927520752e-01 -5.338377878069877625e-02
5.089976787567138672e-01 4.930721819400787354e-01 -4.016906023025512695e-02
4.932286143302917480e-01 3.786708712577819824e-01 6.832057144492864609e-03
4.989919960498809814e-01 3.834919333457946777e-01 6.866098265163600445e-04
5.025789737701416016e-01 3.861910700798034668e-01 -6.804779171943664551e-03
4.382481873035430908e-01 3.652724027633666992e-01 8.438359946012496948e-03
4.304684996604919434e-01 3.532931506633758545e-01 8.476337417960166931e-03
5.322200059890747070e-01 4.285745322704315186e-01 -4.290155693888664246e-02
6.013014316558837891e-01 3.943265378475189209e-01 2.443683333694934845e-02
5.272496342658996582e-01 4.930422902107238770e-01 -3.889040276408195496e-02
6.386950612068176270e-01 3.405768871307373047e-01 8.383034914731979370e-02
5.684670805931091309e-01 4.051217436790466309e-01 9.978492744266986847e-03
5.796779990196228027e-01 4.082539081573486328e-01 1.173114310950040817e-02
5.903183221817016602e-01 4.090301990509033203e-01 1.571991853415966034e-02
6.048359870910644531e-01 4.006365835666656494e-01 2.625827491283416748e-02
5.590267777442932129e-01 3.994635641574859619e-01 1.049476675689220428e-02
5.893188714981079102e-01 3.541942536830902100e-01 8.405469357967376709e-03
5.757726430892944336e-01 3.551005125045776367e-01 7.327347528189420700e-03
6.012803912162780762e-01 3.586524426937103271e-01 1.279198378324508667e-02
6.084015965461730957e-01 3.673498034477233887e-01 1.765120401978492737e-02
6.121046543121337891e-01 4.130063951015472412e-01 3.214958310127258301e-02
5.448179841041564941e-01 6.377895474433898926e-01 2.141881734132766724e-03
6.055065989494323730e-01 3.895598649978637695e-01 2.849973924458026886e-02
6.411116719245910645e-01 4.120690822601318359e-01 8.535322546958923340e-02
6.239790916442871094e-01 4.007403552532196045e-01 4.487439617514610291e-02
5.715354084968566895e-01 4.775064587593078613e-01 -2.997078699991106987e-03
5.306966900825500488e-01 5.344747304916381836e-01 -3.127863258123397827e-02
5.267932415008544922e-01 5.482575893402099609e-01 -2.640859596431255341e-02
5.417106151580810547e-01 5.416374802589416504e-01 -2.335005998611450195e-02
5.476339459419250488e-01 5.495829582214355469e-01 -1.402082480490207672e-02
5.351787209510803223e-01 5.508560538291931152e-01 -2.077655307948589325e-02
5.408332943916320801e-01 5.547344684600830078e-01 -1.228142622858285904e-02
5.564410090446472168e-01 5.847837924957275391e-01 4.048323724418878555e-03
5.285549759864807129e-01 4.834153354167938232e-01 -5.883453413844108582e-02
5.317817330360412598e-01 4.671025276184082031e-01 -6.179951131343841553e-02
6.232166886329650879e-01 3.505989313125610352e-01 2.339439280331134796e-02
5.525670647621154785e-01 4.317679703235626221e-01 -4.759749863296747208e-03
5.516908168792724609e-01 4.839034378528594971e-01 -2.876267395913600922e-02
5.530729889869689941e-01 4.751862883567810059e-01 -2.514956705272197723e-02
6.034219264984130859e-01 4.802981913089752197e-01 1.427358575165271759e-02
5.322792530059814453e-01 4.463166594505310059e-01 -5.432019010186195374e-02
6.018000841140747070e-01 3.267970085144042969e-01 2.378763398155570030e-03
6.152972579002380371e-01 3.353761434555053711e-01 1.241675019264221191e-02
6.317495703697204590e-01 3.099415898323059082e-01 6.156303361058235168e-02
5.519720911979675293e-01 3.374112248420715332e-01 -1.157663203775882721e-02
5.635969638824462891e-01 3.622034490108489990e-01 9.584452025592327118e-03
5.657018423080444336e-01 5.692158937454223633e-01 7.739428430795669556e-03
6.160567998886108398e-01 5.673121213912963867e-01 1.091552749276161194e-01
5.420509576797485352e-01 4.922732114791870117e-01 -2.566626109182834625e-02
5.333140492439270020e-01 4.960704743862152100e-01 -2.797639928758144379e-02
5.520611405372619629e-01 5.648198127746582031e-01 5.633232649415731430e-03
5.487821698188781738e-01 5.640006065368652344e-01 1.916978508234024048e-03
6.209949254989624023e-01 3.252629339694976807e-01 1.855657994747161865e-02
5.507164597511291504e-01 4.918957948684692383e-01 -2.287662960588932037e-02
5.818642377853393555e-01 3.257249593734741211e-01 -5.984898190945386887e-03
5.847911834716796875e-01 3.126323521137237549e-01 -7.715101353824138641e-03
5.950059890747070312e-01 2.662145793437957764e-01 1.568166725337505341e-02
6.257062554359436035e-01 3.222343325614929199e-01 3.700429946184158325e-02
5.881462693214416504e-01 2.932239174842834473e-01 3.341117873787879944e-03
6.289519667625427246e-01 3.446131348609924316e-01 3.387633338570594788e-02
6.334294676780700684e-01 3.476483523845672607e-01 5.725120380520820618e-02
5.291752219200134277e-01 5.421366691589355469e-01 -3.007800504565238953e-02
5.385494232177734375e-01 5.468921065330505371e-01 -2.259169891476631165e-02
5.444796085357666016e-01 5.524432659149169922e-01 -1.415381953120231628e-02
5.390125513076782227e-01 4.951379001140594482e-01 -2.362939901649951935e-02
5.503669381141662598e-01 5.644891858100891113e-01 3.578358097001910210e-03
5.471121072769165039e-01 5.693570375442504883e-01 -3.706916002556681633e-03
5.470886230468750000e-01 5.635231137275695801e-01 1.494281692430377007e-03
5.386627912521362305e-01 4.852411150932312012e-01 -4.102669656276702881e-02
5.377816557884216309e-01 5.557652711868286133e-01 -1.065084710717201233e-02
5.322657227516174316e-01 5.529348254203796387e-01 -1.652671024203300476e-02
5.246407985687255859e-01 5.514667034149169922e-01 -2.153436467051506042e-02
5.197857618331909180e-01 6.123964786529541016e-01 -1.238762587308883667e-02
5.255635380744934082e-01 5.955071449279785156e-01 -2.230379357933998108e-02
5.258269906044006348e-01 5.857490897178649902e-01 -2.343298494815826416e-02
5.250706076622009277e-01 5.752342939376831055e-01 -2.077632211148738861e-02
5.236445069313049316e-01 5.674317479133605957e-01 -1.915500685572624207e-02
5.371385812759399414e-01 5.653220415115356445e-01 -8.805704303085803986e-03
5.399829149246215820e-01 5.694403648376464844e-01 -1.057775318622589111e-02
5.430107712745666504e-01 5.749896168708801270e-01 -1.221991516649723053e-02
5.453401803970336914e-01 5.807722806930541992e-01 -1.019012928009033203e-02
5.571955442428588867e-01 5.377497673034667969e-01 -9.634479880332946777e-03
6.334831714630126953e-01 4.854079186916351318e-01 1.292565464973449707e-01
5.413531064987182617e-01 5.642976760864257812e-01 -2.643682761117815971e-03
5.442919731140136719e-01 5.667035579681396484e-01 -3.872164525091648102e-03
5.297821164131164551e-01 5.022699236869812012e-01 -2.873144112527370453e-02
5.456777215003967285e-01 5.015727877616882324e-01 -1.567174680531024933e-02
5.314711928367614746e-01 4.992890059947967529e-01 -2.861604280769824982e-02
5.630326867103576660e-01 4.433537423610687256e-01 -2.375439653405919671e-04
5.801575779914855957e-01 4.571816027164459229e-01 4.167676903307437897e-03
5.537350177764892578e-01 4.833373725414276123e-01 -1.889331825077533722e-02
6.185894012451171875e-01 2.846640646457672119e-01 3.732362389564514160e-02
6.117969155311584473e-01 3.035063147544860840e-01 1.944929175078868866e-02
6.063128709793090820e-01 3.144975602626800537e-01 5.053235217928886414e-03
5.470373034477233887e-01 5.958104729652404785e-01 -2.170500345528125763e-03
5.575329065322875977e-01 3.152130842208862305e-01 -1.512938737869262695e-02
5.618975162506103516e-01 2.893582284450531006e-01 -6.955218501389026642e-03
5.675548315048217773e-01 2.554965019226074219e-01 1.700961380265653133e-03
5.993614792823791504e-01 4.067648053169250488e-01 2.126600593328475952e-02
6.225230693817138672e-01 4.266877472400665283e-01 3.885753825306892395e-02
5.528379082679748535e-01 3.941238522529602051e-01 1.184940431267023087e-02
6.170325279235839844e-01 3.761742115020751953e-01 2.827405743300914764e-02
5.461500883102416992e-01 4.194374978542327881e-01 -9.105933830142021179e-03
5.467496514320373535e-01 4.759842753410339355e-01 -4.019318148493766785e-02
6.325013041496276855e-01 4.423324763774871826e-01 5.190839618444442749e-02
6.152135729789733887e-01 4.380331933498382568e-01 2.771465294063091278e-02
6.013848185539245605e-01 4.427877366542816162e-01 1.593060977756977081e-02
5.804518461227416992e-01 4.371341764926910400e-01 9.486703202128410339e-03
5.652244687080383301e-01 4.278589487075805664e-01 5.877410061657428741e-03
5.540035367012023926e-01 4.184187054634094238e-01 2.095087897032499313e-03
5.344483852386474609e-01 3.949934244155883789e-01 -2.114836685359477997e-02
6.281918287277221680e-01 4.774975180625915527e-01 4.756361991167068481e-02
6.245276331901550293e-01 3.743454515933990479e-01 3.457730263471603394e-02
5.235744714736938477e-01 4.917267262935638428e-01 -5.372259020805358887e-02
5.507618188858032227e-01 4.483255743980407715e-01 -1.027769036591053009e-02
6.411015987396240234e-01 4.116579294204711914e-01 1.239811107516288757e-01
5.459572076797485352e-01 4.081477522850036621e-01 1.504547835793346167e-04
5.539945363998413086e-01 4.847360253334045410e-01 -7.683835458010435104e-03
6.100270748138427734e-01 3.899428844451904297e-01 3.094927407801151276e-02
5.477892756462097168e-01 4.653783738613128662e-01 -3.565913438796997070e-02
6.267257332801818848e-01 5.252816677093505859e-01 1.222359165549278259e-01
5.529934763908386230e-01 3.880059719085693359e-01 1.507454551756381989e-02
5.406398177146911621e-01 4.538241326808929443e-01 -4.702291637659072876e-02
5.931277871131896973e-01 6.047039031982421875e-01 4.677857086062431335e-02
5.907495021820068359e-01 6.236789226531982422e-01 6.654391437768936157e-02
6.363000273704528809e-01 4.826276898384094238e-01 8.843233436346054077e-02
6.071943640708923340e-01 5.835610032081604004e-01 6.200906634330749512e-02
6.375163197517395020e-01 3.777167797088623047e-01 7.473509013652801514e-02
5.460686683654785156e-01 6.550143361091613770e-01 8.273278363049030304e-03
5.213690400123596191e-01 4.957386255264282227e-01 -3.926352411508560181e-02
5.592316389083862305e-01 4.625338912010192871e-01 -5.839114543050527573e-03
6.315014958381652832e-01 4.055197536945343018e-01 5.694095417857170105e-02
5.903456211090087891e-01 3.990482687950134277e-01 1.687787659466266632e-02
5.807846188545227051e-01 3.989931941032409668e-01 1.339814905077219009e-02
5.496879816055297852e-01 5.721795558929443359e-01 -1.698962994851171970e-03
6.226158738136291504e-01 5.107592344284057617e-01 4.974090307950973511e-02
5.235521197319030762e-01 6.775267720222473145e-01 1.008776389062404633e-02
5.590899586677551270e-01 6.568996310234069824e-01 3.501391410827636719e-02
5.740991830825805664e-01 6.434112787246704102e-01 4.889838397502899170e-02
5.712191462516784668e-01 3.964501619338989258e-01 1.218029763549566269e-02
5.621097683906555176e-01 3.924873769283294678e-01 1.314665377140045166e-02
5.560011267662048340e-01 3.900778293609619141e-01 1.513199508190155029e-02
6.308534741401672363e-01 3.721746206283569336e-01 4.688748344779014587e-02
5.645012259483337402e-01 3.790682256221771240e-01 1.188482251018285751e-02
5.748935937881469727e-01 3.759872317314147949e-01 1.080684270709753036e-02
5.849574804306030273e-01 3.761118054389953613e-01 1.208577491343021393e-02
5.944815874099731445e-01 3.792189955711364746e-01 1.543720811605453491e-02
6.001476645469665527e-01 3.834683895111083984e-01 1.938832178711891174e-02
6.416751742362976074e-01 3.726823925971984863e-01 1.067785322666168213e-01
5.968074798583984375e-01 3.970776498317718506e-01 2.094145305454730988e-02
5.484299063682556152e-01 5.266414284706115723e-01 -1.641169376671314240e-02
5.426589846611022949e-01 4.892114698886871338e-01 -2.963376045227050781e-02
5.294732451438903809e-01 5.177614092826843262e-01 -2.822704426944255829e-02
5.777585506439208984e-01 6.246537566184997559e-01 3.452805802226066589e-02
5.626465678215026855e-01 6.397541761398315430e-01 2.198755554854869843e-02
5.252118706703186035e-01 6.656417250633239746e-01 -4.268593620508909225e-03
6.036900877952575684e-01 6.003209352493286133e-01 8.862508088350296021e-02
5.567199587821960449e-01 3.842643797397613525e-01 1.380332931876182556e-02
5.397748351097106934e-01 4.226021766662597656e-01 -2.531529031693935394e-02
5.428894162178039551e-01 6.689653396606445312e-01 2.055385336279869080e-02
6.294838786125183105e-01 5.193158388137817383e-01 8.503685891628265381e-02
5.314063429832458496e-01 5.664803981781005859e-01 -1.426809094846248627e-02
5.338739156723022461e-01 5.726857185363769531e-01 -1.605677045881748199e-02
5.360366702079772949e-01 5.810645222663879395e-01 -1.799936965107917786e-02
5.371932387351989746e-01 5.901629328727722168e-01 -1.659241691231727600e-02
5.350242257118225098e-01 6.057085394859313965e-01 -8.413610048592090607e-03
5.448434352874755859e-01 5.590829253196716309e-01 -4.711351357400417328e-03
5.481349825859069824e-01 5.584105253219604492e-01 -4.285883624106645584e-03
5.511373877525329590e-01 5.570364594459533691e-01 -4.013820551335811615e-03
5.631448030471801758e-01 5.524209141731262207e-01 -7.229408947750926018e-04
6.077347397804260254e-01 5.175811648368835449e-01 2.565233781933784485e-02
5.402107238769531250e-01 4.059752225875854492e-01 -1.431707944720983505e-02
5.467458963394165039e-01 3.722571730613708496e-01 6.192137487232685089e-03
5.525819659233093262e-01 3.759658634662628174e-01 1.149649079889059067e-02
5.419215559959411621e-01 5.592162013053894043e-01 -3.718522144481539726e-03
6.046862602233886719e-01 5.585062503814697266e-01 4.139065742492675781e-02
5.378573536872863770e-01 3.697938323020935059e-01 -8.770810440182685852e-03
5.403151512145996094e-01 6.208608150482177734e-01 -2.427292289212346077e-03
5.334870815277099609e-01 4.126468896865844727e-01 -3.321956843137741089e-02
5.451028347015380859e-01 4.504858553409576416e-01 -2.556599117815494537e-02
5.222870111465454102e-01 6.289578080177307129e-01 -1.018937770277261734e-02
5.671125650405883789e-01 5.920391678810119629e-01 1.125305797904729843e-02
5.618128180503845215e-01 4.994299113750457764e-01 -4.460510797798633575e-03
5.549141764640808105e-01 6.087051630020141602e-01 4.731943830847740173e-03
5.864846110343933105e-01 4.996592998504638672e-01 2.319091465324163437e-03
5.700988769531250000e-01 5.174088478088378906e-01 -1.987610943615436554e-03
5.922682285308837891e-01 5.281088948249816895e-01 1.151496451348066330e-02
5.248326063156127930e-01 6.485964059829711914e-01 -9.482250548899173737e-03
5.500825643539428711e-01 4.614669382572174072e-01 -1.732168905436992645e-02
5.757559537887573242e-01 6.055554151535034180e-01 2.204843051731586456e-02
5.606238245964050293e-01 6.225303411483764648e-01 1.331078819930553436e-02
5.770385861396789551e-01 5.718398690223693848e-01 1.367082353681325912e-02
6.165946125984191895e-01 5.390166640281677246e-01 5.244119092822074890e-02
5.903507471084594727e-01 5.757196545600891113e-01 2.533085644245147705e-02
6.205573081970214844e-01 5.532310009002685547e-01 7.865895330905914307e-02
5.756633877754211426e-01 5.405974388122558594e-01 4.005330614745616913e-03
5.450031161308288574e-01 4.351924657821655273e-01 -1.722367666661739349e-02
5.424939393997192383e-01 4.828434586524963379e-01 -4.296614602208137512e-02
5.476278066635131836e-01 4.887878000736236572e-01 -3.065942972898483276e-02
5.400336384773254395e-01 4.707088470458984375e-01 -5.133429542183876038e-02
5.579546689987182617e-01 3.544453978538513184e-01 3.909106366336345673e-03
5.780432820320129395e-01 3.440991640090942383e-01 3.674177685752511024e-03
5.946494340896606445e-01 3.440472185611724854e-01 5.921429488807916641e-03
6.072063446044921875e-01 3.499935865402221680e-01 1.151116564869880676e-02
6.148487925529479980e-01 3.602053821086883545e-01 1.898309215903282166e-02
6.159554719924926758e-01 3.950807154178619385e-01 3.595972061157226562e-02
6.404322981834411621e-01 4.471400082111358643e-01 8.770392835140228271e-02
6.063028573989868164e-01 4.198330044746398926e-01 2.567063271999359131e-02
5.949490070343017578e-01 4.236800968647003174e-01 1.786282472312450409e-02
5.803562998771667480e-01 4.214802682399749756e-01 1.210629381239414215e-02
5.665007233619689941e-01 4.154562652111053467e-01 8.863171562552452087e-03
5.557990074157714844e-01 4.082588255405426025e-01 7.784233428537845612e-03
5.485800504684448242e-01 4.016363918781280518e-01 6.634968798607587814e-03
6.375921964645385742e-01 4.482216835021972656e-01 1.306695044040679932e-01
5.464710593223571777e-01 4.936130940914154053e-01 -2.523088082671165466e-02
5.393864512443542480e-01 4.376631081104278564e-01 -3.462364152073860168e-02
5.358024239540100098e-01 4.822937846183776855e-01 -5.259295552968978882e-02
5.286713838577270508e-01 4.900456070899963379e-01 -4.887791350483894348e-02
5.348134040832519531e-01 4.853447079658508301e-01 -4.715507104992866516e-02
5.427893996238708496e-01 4.983698725700378418e-01 -2.196518704295158386e-02
5.268645882606506348e-01 4.911845922470092773e-01 -5.203861370682716370e-02
5.247303247451782227e-01 4.951349198818206787e-01 -3.905465081334114075e-02
5.490549802780151367e-01 3.877835869789123535e-01 1.281598024070262909e-02
5.434040427207946777e-01 3.911207616329193115e-01 5.241339560598134995e-03
5.402804613113403320e-01 3.936723768711090088e-01 -3.100274130702018738e-03
6.032665967941284180e-01 3.867278099060058594e-01 2.337577939033508301e-02
6.118515729904174805e-01 3.771082162857055664e-01 2.430446445941925049e-02
4.584211111068725586e-01 3.703268766403198242e-01 5.206009373068809509e-03
4.704355895519256592e-01 3.714807629585266113e-01 5.206009373068809509e-03
4.594425261020660400e-01 3.556954562664031982e-01 5.206009373068809509e-03
4.462452530860900879e-01 3.690944910049438477e-01 5.206009373068809509e-03
4.573117792606353760e-01 3.846869468688964844e-01 5.206009373068809509e-03
5.812325477600097656e-01 3.866407871246337891e-01 1.665435172617435455e-02
5.933504700660705566e-01 3.883537948131561279e-01 1.665435172617435455e-02
5.823431015014648438e-01 3.716996014118194580e-01 1.665435172617435455e-02
5.690751075744628906e-01 3.848206400871276855e-01 1.665435172617435455e-02
5.801851749420166016e-01 4.014575481414794922e-01 1.665435172617435455e-02
