5.047312378883361816e-01 5.453540086746215820e-01 -3.336324170231819153e-02
5.126909613609313965e-01 4.901487827301025391e-01 -6.112593784928321838e-02
5.095797777175903320e-01 5.069590806961059570e-01 -3.265969082713127136e-02
5.066587924957275391e-01 4.325650930404663086e-01 -4.604201391339302063e-02
5.143800377845764160e-01 4.727954268455505371e-01 -6.480341404676437378e-02
5.158248543739318848e-01 4.502151310443878174e-01 -5.992512777447700500e-02
5.186112523078918457e-01 3.956585824489593506e-01 -2.795729599893093109e-02
4.346872866153717041e-01 3.782836198806762695e-01 9.685319848358631134e-03
5.217116475105285645e-01 3.504237532615661621e-01 -1.905437931418418884e-02
5.235601067543029785e-01 3.278298377990722656e-01 -2.070351131260395050e-02
5.284974575042724609e-01 2.544216513633728027e-01 -7.265960332006216049e-03
5.043565630912780762e-01 5.498728156089782715e-01 -3.194924071431159973e-02
5.037794709205627441e-01 5.541241168975830078e-01 -2.830732427537441254e-02
5.033631324768066406e-01 5.564644336700439453e-01 -2.314987592399120331e-02
5.017977952957153320e-01 5.793068408966064453e-01 -2.085285075008869171e-02
5.015377998352050781e-01 5.850751996040344238e-01 -2.259009517729282379e-02
5.009517669677734375e-01 5.924085378646850586e-01 -2.501362003386020660e-02
5.002284049987792969e-01 6.001370549201965332e-01 -2.336035110056400299e-02
4.981064200401306152e-01 6.156749725341796875e-01 -1.283539552241563797e-02
5.114056468009948730e-01 4.989088773727416992e-01 -5.537386983633041382e-02
5.000523328781127930e-01 4.970073997974395752e-01 -4.059910774230957031e-02
3.934190571308135986e-01 3.102832734584808350e-01 6.144816428422927856e-02
4.648087024688720703e-01 3.990364074707031250e-01 -7.684706361033022404e-05
4.528709650039672852e-01 3.995190858840942383e-01 -4.362452455097809434e-05
4.419560432434082031e-01 3.964205980300903320e-01 2.405506791546940804e-03
4.291506707668304443e-01 3.826869428157806396e-01 1.090110000222921371e-02
4.755976498126983643e-01 3.948467969894409180e-01 2.324463333934545517e-03
4.548479318618774414e-01 3.409189581871032715e-01 -4.163242876529693604e-03
4.677771031856536865e-01 3.449831306934356689e-01 -2.974694129079580307e-03
4.422478675842285156e-01 3.427982032299041748e-01 -1.343601266853511333e-03
4.333756864070892334e-01 3.495627045631408691e-01 2.584030153229832649e-03
4.175932407379150391e-01 3.919084668159484863e-01 1.588588953018188477e-02
4.522957801818847656e-01 6.303884387016296387e-01 -1.985849812626838684e-03
4.313131570816040039e-01 3.715404272079467773e-01 1.317610591650009155e-02
3.821615576744079590e-01 3.804015815258026123e-01 6.418714672327041626e-02
4.054349362850189209e-01 3.759391307830810547e-01 2.678431198000907898e-02
4.529633224010467529e-01 4.667305946350097656e-01 -1.238813996315002441e-02
4.902591109275817871e-01 5.404835939407348633e-01 -3.297466784715652466e-02
4.905099272727966309e-01 5.516948699951171875e-01 -2.766661718487739563e-02
4.754725694656372070e-01 5.433856248855590820e-01 -2.741052582859992981e-02
4.653755128383636475e-01 5.476790666580200195e-01 -1.956059038639068604e-02
4.790546298027038574e-01 5.514271855354309082e-01 -2.397736907005310059e-02
4.700227677822113037e-01 5.528047084808349609e-01 -1.668127626180648804e-02
4.471433758735656738e-01 5.741844177246093750e-01 -2.388231689110398293e-03
5.031016469001770020e-01 4.882626235485076904e-01 -6.068117544054985046e-02
5.030987858772277832e-01 4.713606536388397217e-01 -6.412027776241302490e-02
4.193930625915527344e-01 3.289704024791717529e-01 5.592120345681905746e-03
4.798178374767303467e-01 4.279324412345886230e-01 -1.156476233154535294e-02
4.758324027061462402e-01 4.804508686065673828e-01 -3.478954732418060303e-02
4.752800464630126953e-01 4.713509082794189453e-01 -3.141613304615020752e-02
4.182152152061462402e-01 4.593133926391601562e-01 -5.056096706539392471e-04
5.050379037857055664e-01 4.504762291908264160e-01 -5.728745833039283752e-02
4.492651224136352539e-01 3.114148378372192383e-01 -1.105115655809640884e-02
4.324888885021209717e-01 3.165118694305419922e-01 -3.563458332791924477e-03
4.089484810829162598e-01 2.829646468162536621e-01 4.080333560705184937e-02
4.983483254909515381e-01 3.360165059566497803e-01 -1.744378171861171722e-02
4.783325195312500000e-01 3.552415668964385986e-01 9.384673903696238995e-04
4.404604434967041016e-01 5.558285117149353027e-01 -7.487273542210459709e-04
3.816492855548858643e-01 5.390266180038452148e-01 9.191806614398956299e-02
4.834592044353485107e-01 4.912566840648651123e-01 -2.988986112177371979e-02
4.919098317623138428e-01 4.974552989006042480e-01 -3.004187718033790588e-02
4.534915089607238770e-01 5.578502416610717773e-01 -1.366078271530568600e-03
4.565747976303100586e-01 5.582452416419982910e-01 -4.137136507779359818e-03
4.272555410861968994e-01 3.043152987957000732e-01 1.602614531293511391e-03
4.742071330547332764e-01 4.880462586879730225e-01 -2.861511707305908203e-02
4.706079363822937012e-01 3.160277903079986572e-01 -1.583711616694927216e-02
4.705492556095123291e-01 3.019916117191314697e-01 -1.799853146076202393e-02
4.609503448009490967e-01 2.519094645977020264e-01 1.746456720866262913e-03
4.170868396759033203e-01 2.985379397869110107e-01 1.849151216447353363e-02
4.657449722290039062e-01 2.816734313964843750e-01 -8.550326339900493622e-03
4.127914309501647949e-01 3.203337788581848145e-01 1.501704566180706024e-02
4.023021161556243896e-01 3.205578923225402832e-01 3.697146847844123840e-02
4.900963604450225830e-01 5.466967821121215820e-01 -3.162958100438117981e-02
4.771919846534729004e-01 5.478224158287048340e-01 -2.620697021484375000e-02
4.676111042499542236e-01 5.504431128501892090e-01 -1.903531141579151154e-02
4.856581985950469971e-01 4.947856068611145020e-01 -2.710211463272571564e-02
4.550556838512420654e-01 5.580680370330810547e-01 -2.785407472401857376e-03
4.597307741641998291e-01 5.658017992973327637e-01 -8.886619471013545990e-03
4.580248594284057617e-01 5.584293603897094727e-01 -4.340105224400758743e-03
4.900309145450592041e-01 4.861759543418884277e-01 -4.535425081849098206e-02
4.719800353050231934e-01 5.540866851806640625e-01 -1.475795730948448181e-02
4.807207286357879639e-01 5.533390641212463379e-01 -1.946749538183212280e-02
4.912266731262207031e-01 5.542199015617370605e-01 -2.286014892160892487e-02
4.822160899639129639e-01 6.123397350311279297e-01 -1.328952237963676453e-02
4.849568903446197510e-01 5.959244370460510254e-01 -2.363289706408977509e-02
4.863929152488708496e-01 5.883532762527465820e-01 -2.493775263428688049e-02
4.880571067333221436e-01 5.812894105911254883e-01 -2.227942086756229401e-02
4.896627962589263916e-01 5.762676596641540527e-01 -2.053973078727722168e-02
4.712303578853607178e-01 5.682992935180664062e-01 -1.289754174649715424e-02
4.687357544898986816e-01 5.700673460960388184e-01 -1.468018908053636551e-02
4.656178653240203857e-01 5.732246041297912598e-01 -1.651362888514995575e-02
4.630338549613952637e-01 5.771237015724182129e-01 -1.471058279275894165e-02
4.570242166519165039e-01 5.292227268218994141e-01 -1.635011285543441772e-02
3.737442493438720703e-01 4.527307450771331787e-01 1.086026355624198914e-01
5.104990601539611816e-01 5.026969313621520996e-01 -4.050929471850395203e-02
4.651429057121276855e-01 5.642918944358825684e-01 -7.709062192589044571e-03
4.624925255775451660e-01 5.647528767585754395e-01 -8.882579393684864044e-03
4.947296082973480225e-01 5.044593811035156250e-01 -3.070608712732791901e-02
4.767367541790008545e-01 4.985037744045257568e-01 -2.007575146853923798e-02
4.934025108814239502e-01 5.010296702384948730e-01 -3.057289682328701019e-02
4.666641056537628174e-01 4.358420670032501221e-01 -8.841925300657749176e-03
4.467658996582031250e-01 4.439467191696166992e-01 -6.897133775055408478e-03
4.723267555236816406e-01 4.786994755268096924e-01 -2.520303986966609955e-02
4.304757714271545410e-01 2.625522315502166748e-01 1.943985000252723694e-02
4.372825622558593750e-01 2.846187949180603027e-01 3.703156718984246254e-03
4.467035531997680664e-01 2.977629899978637695e-01 -9.169428609311580658e-03
4.556567370891571045e-01 5.883690714836120605e-01 -7.284529507160186768e-03
4.979816377162933350e-01 3.122511506080627441e-01 -2.149531990289688110e-02
4.943168759346008301e-01 2.857213616371154785e-01 -1.463345251977443695e-02
4.924954473972320557e-01 2.500086426734924316e-01 -7.274840958416461945e-03
4.332740306854248047e-01 3.909693956375122070e-01 6.720514968037605286e-03
4.031169414520263672e-01 4.020287692546844482e-01 2.121058851480484009e-02
4.829318225383758545e-01 3.906170129776000977e-01 4.406506195664405823e-03
4.210393130779266357e-01 3.555209636688232422e-01 1.140004023909568787e-02
4.890965819358825684e-01 4.180415272712707520e-01 -1.484319474548101425e-02
4.836719036102294922e-01 4.746641814708709717e-01 -4.536852985620498657e-02
3.909534215927124023e-01 4.132893681526184082e-01 3.247565776109695435e-02
4.101598858833312988e-01 4.157614409923553467e-01 1.104947645217180252e-02
4.248878657817840576e-01 4.246833026409149170e-01 1.476241275668144226e-03
4.474280178546905518e-01 4.252417683601379395e-01 -1.870724954642355442e-03
4.644384682178497314e-01 4.203591644763946533e-01 -3.147390438243746758e-03
4.777680635452270508e-01 4.139252305030822754e-01 -4.978479817509651184e-03
5.071130394935607910e-01 3.979679346084594727e-01 -2.457239106297492981e-02
3.906443715095520020e-01 4.488627314567565918e-01 2.865534648299217224e-02
4.117150306701660156e-01 3.506581187248229980e-01 1.634557172656059265e-02
5.056393146514892578e-01 4.974269568920135498e-01 -5.515884235501289368e-02
4.798281788825988770e-01 4.449499845504760742e-01 -1.677543111145496368e-02
3.765099942684173584e-01 3.782265186309814453e-01 1.010990813374519348e-01
4.884045124053955078e-01 4.062182307243347168e-01 -5.711975041776895523e-03
4.705591797828674316e-01 4.794725775718688965e-01 -1.402403041720390320e-02
4.262191355228424072e-01 3.707818984985351562e-01 1.495363283902406693e-02
4.835744500160217285e-01 4.637459218502044678e-01 -4.104096814990043640e-02
3.758788704872131348e-01 4.943139553070068359e-01 1.032245308160781860e-01
4.840094447135925293e-01 3.845685124397277832e-01 7.305347826331853867e-03
4.942057430744171143e-01 4.550211131572723389e-01 -5.132734775543212891e-02
4.053559005260467529e-01 5.843870639801025391e-01 3.502381592988967896e-02
4.027937054634094238e-01 6.033650040626525879e-01 5.452349781990051270e-02
3.776783049106597900e-01 4.511837363243103027e-01 6.849630922079086304e-02
3.931072950363159180e-01 5.591938495635986328e-01 4.759955033659934998e-02
3.917987346649169922e-01 3.480815291404724121e-01 5.382144451141357422e-02
4.481095969676971436e-01 6.465849876403808594e-01 3.941599745303392410e-03
5.060232877731323242e-01 5.014289617538452148e-01 -4.001081734895706177e-02
4.681178629398345947e-01 4.558902084827423096e-01 -1.344835199415683746e-02
3.942512571811676025e-01 3.772996664047241211e-01 3.736919164657592773e-02
4.445938467979431152e-01 3.878368437290191650e-01 3.639306174591183662e-03
4.541702270507812500e-01 3.909668922424316406e-01 1.541937584988772869e-03
4.572232067584991455e-01 5.673417448997497559e-01 -7.223769556730985641e-03
3.906160295009613037e-01 4.830873608589172363e-01 3.199511393904685974e-02
4.674022197723388672e-01 6.725805997848510742e-01 8.761019445955753326e-03
4.327209591865539551e-01 6.449954509735107422e-01 2.823555655777454376e-02
4.185248017311096191e-01 6.278878450393676758e-01 3.969332203269004822e-02
5.260493755340576172e-01 2.916427254676818848e-01 -1.484133582562208176e-02
4.924466609954833984e-01 6.789941191673278809e-01 7.419924717396497726e-03
4.642328321933746338e-01 3.903995752334594727e-01 1.901711453683674335e-03
4.741615951061248779e-01 3.876841068267822266e-01 4.180443938821554184e-03
4.806908667087554932e-01 3.860935270786285400e-01 6.955336313694715500e-03
4.030014276504516602e-01 3.456115126609802246e-01 2.737243473529815674e-02
4.743684530258178711e-01 3.699248433113098145e-01 2.558181760832667351e-03
4.644541740417480469e-01 3.633609414100646973e-01 1.304185134358704090e-04
4.544520378112792969e-01 3.612548708915710449e-01 -1.116603816626593471e-04
4.444540739059448242e-01 3.626367747783660889e-01 1.864058896899223328e-03
4.380598962306976318e-01 3.660336732864379883e-01 4.944816697388887405e-03
3.831171989440917969e-01 3.404414653778076172e-01 8.376972377300262451e-02
4.385676383972167969e-01 3.831689059734344482e-01 6.807467900216579437e-03
5.079454183578491211e-01 5.205905437469482422e-01 -3.020811453461647034e-02
4.693765342235565186e-01 5.217467546463012695e-01 -2.172413654625415802e-02
4.840084612369537354e-01 4.883121848106384277e-01 -3.395758569240570068e-02
4.919166266918182373e-01 5.193713903427124023e-01 -3.036040998995304108e-02
5.198575854301452637e-01 3.736406564712524414e-01 -1.921816729009151459e-02
4.187550544738769531e-01 6.085610389709472656e-01 2.565375342965126038e-02
4.326426088809967041e-01 6.275797486305236816e-01 1.552717667073011398e-02
4.683960676193237305e-01 6.615447998046875000e-01 -5.587638821452856064e-03
3.911997377872467041e-01 5.758767127990722656e-01 7.382512092590332031e-02
4.811967909336090088e-01 3.788410425186157227e-01 5.371313076466321945e-03
4.975580573081970215e-01 4.237581491470336914e-01 -2.968232519924640656e-02
4.935716986656188965e-01 6.677870154380798340e-01 -6.707812193781137466e-03
4.484595060348510742e-01 6.605259180068969727e-01 1.616902276873588562e-02
3.790723085403442383e-01 4.891603589057922363e-01 6.644665449857711792e-02
4.795311689376831055e-01 5.723819732666015625e-01 -1.729937270283699036e-02
4.770241081714630127e-01 5.758358240127563477e-01 -1.923445798456668854e-02
4.744921922683715820e-01 5.812349915504455566e-01 -2.136352099478244781e-02
4.724470674991607666e-01 5.878627300262451172e-01 -1.996970735490322113e-02
4.669943153858184814e-01 6.018393635749816895e-01 -1.192500907927751541e-02
4.626436531543731689e-01 5.551323294639587402e-01 -9.990137070417404175e-03
4.601367712020874023e-01 5.538236498832702637e-01 -1.023228932172060013e-02
4.580981731414794922e-01 5.521847009658813477e-01 -1.045338157564401627e-02
4.469887316226959229e-01 5.408730506896972656e-01 -8.904322981834411621e-03
4.064659476280212402e-01 4.944085478782653809e-01 1.056254841387271881e-02
4.983384907245635986e-01 4.067609608173370361e-01 -1.882875524461269379e-02
4.940731227397918701e-01 3.708725869655609131e-01 5.332124419510364532e-04
4.865809679031372070e-01 3.723572790622711182e-01 3.963640891015529633e-03
4.647476375102996826e-01 5.558426380157470703e-01 -8.929286152124404907e-03
4.013105630874633789e-01 5.353126525878906250e-01 2.711909264326095581e-02
5.051205754280090332e-01 3.715368807315826416e-01 -1.303470227867364883e-02
4.593331813812255859e-01 6.152328252792358398e-01 -6.102829240262508392e-03
5.167612433433532715e-01 4.315332174301147461e-01 -4.894213378429412842e-02
5.067003369331359863e-01 4.161622226238250732e-01 -3.628278896212577820e-02
5.176206231117248535e-01 4.142828285694122314e-01 -3.804722800850868225e-02
4.873439073562622070e-01 4.493675827980041504e-01 -3.065040521323680878e-02
4.951868951320648193e-01 6.512717008590698242e-01 -1.239934191107749939e-02
4.967822730541229248e-01 6.319855451583862305e-01 -1.219960395246744156e-02
4.772351682186126709e-01 6.277214288711547852e-01 -1.110493391752243042e-02
4.356598258018493652e-01 5.787522196769714355e-01 3.569025546312332153e-03
4.592933654785156250e-01 4.911435544490814209e-01 -1.191982254385948181e-02
4.457075595855712891e-01 5.990557670593261719e-01 -8.834655745886266232e-04
4.332916736602783203e-01 4.836961925029754639e-01 -9.195090271532535553e-03
4.472162127494812012e-01 5.058118700981140137e-01 -1.077207364141941071e-02
4.214093089103698730e-01 5.093787908554077148e-01 -9.920656448230147362e-04
4.718017876148223877e-01 6.456809043884277344e-01 -1.085389591753482819e-02
4.792322218418121338e-01 4.583436548709869385e-01 -2.325583808124065399e-02
4.245202541351318359e-01 5.901346802711486816e-01 1.335921138525009155e-02
4.378676414489746094e-01 6.111273765563964844e-01 7.150859571993350983e-03
4.290363788604736328e-01 5.557119846343994141e-01 3.648579819127917290e-03
3.916557729244232178e-01 5.125610828399658203e-01 3.608718886971473694e-02
4.141697883605957031e-01 5.563767552375793457e-01 1.366855297237634659e-02
3.832256793975830078e-01 5.251203775405883789e-01 6.151261180639266968e-02
4.364598691463470459e-01 5.258633494377136230e-01 -5.895475391298532486e-03
4.888986647129058838e-01 4.341212809085845947e-01 -2.273633144795894623e-02
4.868814349174499512e-01 4.828125834465026855e-01 -4.767727479338645935e-02
4.791526198387145996e-01 4.864375591278076172e-01 -3.573099151253700256e-02
4.928254187107086182e-01 4.720898866653442383e-01 -5.515042692422866821e-02
4.867513477802276611e-01 3.505348861217498779e-01 -3.470895346254110336e-03
4.690917730331420898e-01 3.347828388214111328e-01 -6.350160576403141022e-03
4.528751075267791748e-01 3.304039239883422852e-01 -6.682999897748231888e-03
4.386571049690246582e-01 3.331417739391326904e-01 -3.258155193179845810e-03
4.279158413410186768e-01 3.409615159034729004e-01 2.762419404461979866e-03
4.171265661716461182e-01 3.734016120433807373e-01 1.914997398853302002e-02
3.781502842903137207e-01 4.150393307209014893e-01 6.655736267566680908e-02
4.231985807418823242e-01 4.007203578948974609e-01 1.021428871899843216e-02
4.343669414520263672e-01 4.081040620803833008e-01 4.243751522153615952e-03
4.497649073600769043e-01 4.107455313205718994e-01 6.295252824202179909e-04
4.649049043655395508e-01 4.086012244224548340e-01 -5.979400011710822582e-04
4.771833419799804688e-01 4.037785530090332031e-01 3.697386418934911489e-04
4.859649538993835449e-01 3.991282284259796143e-01 3.077111905440688133e-04
3.742668926715850830e-01 4.148187041282653809e-01 1.085290461778640747e-01
4.785265326499938965e-01 4.911573827266693115e-01 -3.011945262551307678e-02
4.968052506446838379e-01 4.390583038330078125e-01 -3.899359330534934998e-02
4.949333965778350830e-01 4.847944676876068115e-01 -5.583666637539863586e-02
4.998554587364196777e-01 4.940322339534759521e-01 -5.082085728645324707e-02
4.944685399532318115e-01 4.876503050327301025e-01 -5.037905648350715637e-02
4.808576405048370361e-01 4.966594874858856201e-01 -2.601796761155128479e-02
5.020547509193420410e-01 4.958720803260803223e-01 -5.370530858635902405e-02
5.024082660675048828e-01 4.998638331890106201e-01 -4.027079045772552490e-02
4.879372119903564453e-01 3.852390646934509277e-01 6.085426080971956253e-03
4.935110807418823242e-01 3.902325332164764404e-01 -1.940536894835531712e-04
4.972349703311920166e-01 3.937481939792633057e-01 -7.737874519079923630e-03
4.343542754650115967e-01 3.688671290874481201e-01 8.473186753690242767e-03
4.274412989616394043e-01 3.581455349922180176e-01 8.546411059796810150e-03
5.260018706321716309e-01 4.354443550109863281e-01 -4.420784488320350647e-02
5.953496694564819336e-01 3.998721837997436523e-01 2.223420888185501099e-02
5.211147665977478027e-01 5.000924468040466309e-01 -3.918929770588874817e-02
6.342059373855590820e-01 3.471629023551940918e-01 8.075896650552749634e-02
5.628392696380615234e-01 4.099232256412506104e-01 8.119748905301094055e-03
5.734928250312805176e-01 4.136289656162261963e-01 9.794700890779495239e-03
5.837548971176147461e-01 4.148144721984863281e-01 1.371036376804113388e-02
5.985134840011596680e-01 4.061012268066406250e-01 2.414217218756675720e-02
5.540664792060852051e-01 4.038831591606140137e-01 8.812160231173038483e-03
5.839837789535522461e-01 3.581247627735137939e-01 6.131574511528015137e-03
5.708693265914916992e-01 3.590019941329956055e-01 5.158638581633567810e-03
5.953966379165649414e-01 3.631107211112976074e-01 1.048970967531204224e-02
6.020705103874206543e-01 3.722881674766540527e-01 1.531767193228006363e-02
6.051539778709411621e-01 4.188595712184906006e-01 3.016285598278045654e-02
5.386934876441955566e-01 6.414437890052795410e-01 3.734300145879387856e-03
5.998090505599975586e-01 3.941610455513000488e-01 2.626765146851539612e-02
6.360252499580383301e-01 4.187544584274291992e-01 8.303510397672653198e-02
6.178021430969238281e-01 4.068502485752105713e-01 4.267966002225875854e-02
5.662072896957397461e-01 4.837585389614105225e-01 -3.807511879131197929e-03
5.191634297370910645e-01 5.443871617317199707e-01 -3.066865354776382446e-02
5.163414478302001953e-01 5.553469061851501465e-01 -2.550697512924671173e-02
5.320523977279663086e-01 5.507680177688598633e-01 -2.268182486295700073e-02
5.399275422096252441e-01 5.577189326286315918e-01 -1.316282153129577637e-02
5.266464948654174805e-01 5.579272508621215820e-01 -1.985714398324489594e-02
5.342171788215637207e-01 5.616816282272338867e-01 -1.119995024055242538e-02
5.512116551399230957e-01 5.889889001846313477e-01 5.497271195054054260e-03
5.219647288322448730e-01 4.910799860954284668e-01 -5.951838567852973938e-02
5.251632928848266602e-01 4.746521711349487305e-01 -6.275120377540588379e-02
6.165605187416076660e-01 3.581231236457824707e-01 2.058724127709865570e-02
5.470493435859680176e-01 4.380205273628234863e-01 -5.896440707147121429e-03
5.460470318794250488e-01 4.907299280166625977e-01 -2.950146794319152832e-02
5.474700927734375000e-01 4.818335771560668945e-01 -2.596858330070972443e-02
5.982262492179870605e-01 4.864794909954071045e-01 1.321817561984062195e-02
5.258535742759704590e-01 4.535314440727233887e-01 -5.550941452383995056e-02
5.947383046150207520e-01 3.348088860511779785e-01 -3.476885613054037094e-04
6.083717942237854004e-01 3.429814875125885010e-01 9.620840661227703094e-03
6.271958947181701660e-01 3.167416453361511230e-01 5.804670229554176331e-02
5.460799336433410645e-01 3.471552133560180664e-01 -1.375831570476293564e-02
5.590277910232543945e-01 3.664970397949218750e-01 7.577375974506139755e-03
5.607406497001647949e-01 5.734673142433166504e-01 8.815698325634002686e-03
6.115294098854064941e-01 5.731458663940429688e-01 1.102414131164550781e-01
5.364076495170593262e-01 4.990435242652893066e-01 -2.613319829106330872e-02
5.275183916091918945e-01 5.026501417160034180e-01 -2.812604419887065887e-02
5.480104684829711914e-01 5.718969702720642090e-01 6.949977949261665344e-03
5.450225472450256348e-01 5.712921023368835449e-01 3.302387893199920654e-03
6.142841577529907227e-01 3.336440920829772949e-01 1.548481080681085587e-02
5.453113913536071777e-01 4.983974099159240723e-01 -2.342263795435428619e-02
5.750392079353332520e-01 3.349225521087646484e-01 -8.516195230185985565e-03
5.778388977050781250e-01 3.226470947265625000e-01 -1.052003540098667145e-02
5.901465415954589844e-01 2.726356387138366699e-01 1.171193271875381470e-02
6.208162903785705566e-01 3.293273448944091797e-01 3.355157002806663513e-02
5.830124020576477051e-01 2.999635338783264160e-01 -1.071870065061375499e-04
6.227965950965881348e-01 3.526510894298553467e-01 3.085982985794544220e-02
6.285476684570312500e-01 3.545935451984405518e-01 5.399079993367195129e-02
5.180255770683288574e-01 5.506105422973632812e-01 -2.929744310677051544e-02
5.293673872947692871e-01 5.548610687255859375e-01 -2.176711149513721466e-02
5.372411608695983887e-01 5.599059462547302246e-01 -1.316131744533777237e-02
5.334154963493347168e-01 5.017532706260681152e-01 -2.394006028771400452e-02
5.464917421340942383e-01 5.716322660446166992e-01 4.954511765390634537e-03
5.415316820144653320e-01 5.782868862152099609e-01 -2.243139781057834625e-03
5.435015559196472168e-01 5.709899067878723145e-01 2.908811438828706741e-03
5.326378345489501953e-01 4.925944209098815918e-01 -4.174982383847236633e-02
5.317161083221435547e-01 5.623255372047424316e-01 -9.541371837258338928e-03
5.242936611175537109e-01 5.593359470367431641e-01 -1.555123273283243179e-02
5.148126482963562012e-01 5.575668811798095703e-01 -2.061660960316658020e-02
5.136930346488952637e-01 6.166757941246032715e-01 -1.121935620903968811e-02
5.149412155151367188e-01 6.007114052772521973e-01 -2.132376469671726227e-02
5.149267315864562988e-01 5.928120613098144531e-01 -2.250924520194530487e-02
5.143750905990600586e-01 5.853812098503112793e-01 -1.987610571086406708e-02
5.132674574851989746e-01 5.799598097801208496e-01 -1.823885552585124969e-02
5.304656624794006348e-01 5.772705674171447754e-01 -7.654100656509399414e-03
5.328418612480163574e-01 5.799742937088012695e-01 -9.411215782165527344e-03
5.354673862457275391e-01 5.841906666755676270e-01 -1.102384459227323532e-02
5.374475717544555664e-01 5.889366865158081055e-01 -8.918156847357749939e-03
5.519394874572753906e-01 5.432265400886535645e-01 -9.049282409250736237e-03
6.286614537239074707e-01 4.914617836475372314e-01 1.287607699632644653e-01
5.362132787704467773e-01 5.749317407608032227e-01 -1.279284362681210041e-03
5.389407277107238770e-01 5.763236880302429199e-01 -2.476901048794388771e-03
5.238451361656188965e-01 5.086684226989746094e-01 -2.877273969352245331e-02
5.403485298156738281e-01 5.077019333839416504e-01 -1.591600850224494934e-02
5.256167054176330566e-01 5.057607889175415039e-01 -2.871934697031974792e-02
5.576072335243225098e-01 4.495171904563903809e-01 -1.345185912214219570e-03
5.748069286346435547e-01 4.633422195911407471e-01 3.027200000360608101e-03
5.483276844024658203e-01 4.897543191909790039e-01 -1.955293491482734680e-02
6.138651371002197266e-01 2.914252281188964844e-01 3.355526179075241089e-02
6.067590117454528809e-01 3.105776309967041016e-01 1.592987403273582458e-02
5.992651581764221191e-01 3.233078718185424805e-01 1.991772325709462166e-03
5.416039228439331055e-01 6.002632975578308105e-01 -7.176083163358271122e-04
5.514800548553466797e-01 3.263953924179077148e-01 -1.767601072788238525e-02
5.567020177841186523e-01 2.956005930900573730e-01 -1.018985733389854431e-02
5.626248121261596680e-01 2.614707350730895996e-01 -2.170256804674863815e-03
5.928684473037719727e-01 4.127720892429351807e-01 1.921790465712547302e-02
6.151009798049926758e-01 4.326160550117492676e-01 3.692836686968803406e-02
5.482838749885559082e-01 3.985034823417663574e-01 1.016296911984682083e-02
6.104425787925720215e-01 3.822093009948730469e-01 2.584391832351684570e-02
5.405652523040771484e-01 4.257600009441375732e-01 -1.033747475594282150e-02
5.407502651214599609e-01 4.832099080085754395e-01 -4.107702895998954773e-02
6.269372701644897461e-01 4.489960372447967529e-01 5.006942152976989746e-02
6.067941188812255859e-01 4.441105425357818604e-01 2.599223889410495758e-02
5.924966335296630859e-01 4.486858546733856201e-01 1.437897700816392899e-02
5.724231004714965820e-01 4.422384202480316162e-01 8.119688369333744049e-03
5.582484602928161621e-01 4.323947727680206299e-01 4.573231562972068787e-03
5.478940606117248535e-01 4.228452742099761963e-01 8.461707038804888725e-04
5.287075042724609375e-01 4.012947976589202881e-01 -2.272210270166397095e-02
6.227585673332214355e-01 4.838648140430450439e-01 4.627498239278793335e-02
6.181106567382812500e-01 3.810499608516693115e-01 3.204200789332389832e-02
5.170612931251525879e-01 4.991003572940826416e-01 -5.421656742691993713e-02
5.451751351356506348e-01 4.546698331832885742e-01 -1.124849915504455566e-02
6.365525126457214355e-01 4.177796244621276855e-01 1.221365109086036682e-01
5.402375459671020508e-01 4.128473401069641113e-01 -1.179628306999802589e-03
5.487405657768249512e-01 4.908593297004699707e-01 -8.232377469539642334e-03
6.037238836288452148e-01 3.950416147708892822e-01 2.871421352028846741e-02
5.418735742568969727e-01 4.723291993141174316e-01 -3.663771227002143860e-02
6.220155358314514160e-01 5.312931537628173828e-01 1.225075721740722656e-01
5.489468574523925781e-01 3.924855291843414307e-01 1.327808201313018799e-02
5.344332456588745117e-01 4.609786868095397949e-01 -4.816200584173202515e-02
5.876792669296264648e-01 6.098703145980834961e-01 4.796256870031356812e-02
5.854493975639343262e-01 6.284750699996948242e-01 6.843250989913940430e-02
6.309816241264343262e-01 4.891690909862518311e-01 8.732266724109649658e-02
6.022365093231201172e-01 5.894154310226440430e-01 6.279521435499191284e-02
6.326003074645996094e-01 3.844290077686309814e-01 7.192383706569671631e-02
5.396937131881713867e-01 6.578460931777954102e-01 1.011360436677932739e-02
5.149838328361511230e-01 5.027480721473693848e-01 -3.943962976336479187e-02
5.538545250892639160e-01 4.686995148658752441e-01 -6.711023859679698944e-03
6.259080767631530762e-01 4.116044342517852783e-01 5.466761067509651184e-02
5.841245055198669434e-01 4.051452279090881348e-01 1.474265288561582565e-02
5.748381614685058594e-01 4.046710431575775146e-01 1.134746707975864410e-02
5.437565445899963379e-01 5.806216001510620117e-01 -2.215473068645223975e-04
6.175457835197448730e-01 5.170810818672180176e-01 4.914287477731704712e-02
5.173232555389404297e-01 6.783026456832885742e-01 1.243731658905744553e-02
5.529021024703979492e-01 6.595783829689025879e-01 3.723573312163352966e-02
5.682141780853271484e-01 6.471037864685058594e-01 5.103608593344688416e-02
5.657727718353271484e-01 4.015421271324157715e-01 1.023274101316928864e-02
5.572659969329833984e-01 3.970817029476165771e-01 1.128666661679744720e-02
5.515977740287780762e-01 3.945878148078918457e-01 1.332017593085765839e-02
6.251654028892517090e-01 3.791753649711608887e-01 4.420440644025802612e-02
5.606940984725952148e-01 3.813381195068359375e-01 9.897312149405479431e-03
5.709077715873718262e-01 3.767423629760742188e-01 8.740697056055068970e-03
5.807017087936401367e-01 3.766594827175140381e-01 9.897969663143157959e-03
5.898587703704833984e-01 3.806874752044677734e-01 1.319470908492803574e-02
5.950491428375244141e-01 3.862809836864471436e-01 1.712230406701564789e-02
6.372247338294982910e-01 3.790252506732940674e-01 1.042515113949775696e-01
5.906717181205749512e-01 4.031271338462829590e-01 1.877680979669094086e-02
5.429180860519409180e-01 5.324898958206176758e-01 -1.610903628170490265e-02
5.368704199790954590e-01 4.961958825588226318e-01 -3.020873107016086578e-02
5.234072208404541016e-01 5.240174531936645508e-01 -2.801767177879810333e-02
5.717874169349670410e-01 6.290333271026611328e-01 3.614726290106773376e-02
5.564450025558471680e-01 6.433962583541870117e-01 2.377348951995372772e-02
5.187656879425048828e-01 6.677361726760864258e-01 -2.278307452797889709e-03
5.989406704902648926e-01 6.058176755905151367e-01 9.023416787385940552e-02
5.527388453483581543e-01 3.880905807018280029e-01 1.192776113748550415e-02
5.339063405990600586e-01 4.292128980159759521e-01 -2.663354389369487762e-02
5.365964174270629883e-01 6.706598997116088867e-01 2.277068048715591431e-02
6.244243383407592773e-01 5.258173346519470215e-01 8.462466299533843994e-02
5.227749347686767578e-01 5.789878368377685547e-01 -1.327354367822408676e-02
5.248647332191467285e-01 5.832800865173339844e-01 -1.506102178245782852e-02
5.266100764274597168e-01 5.894656181335449219e-01 -1.698543876409530640e-02
5.276477336883544922e-01 5.967823863029479980e-01 -1.546894852072000504e-02
5.293240547180175781e-01 6.102170348167419434e-01 -7.066607009619474411e-03
5.402398109436035156e-01 5.661227107048034668e-01 -3.427696879953145981e-03
5.429221391677856445e-01 5.655530095100402832e-01 -3.059790236875414848e-03
5.453130602836608887e-01 5.644872784614562988e-01 -2.893777331337332726e-03
5.581378340721130371e-01 5.572792291641235352e-01 8.025139686651527882e-05
6.027558445930480957e-01 5.237553119659423828e-01 2.518876083195209503e-02
5.345449447631835938e-01 4.123210906982421875e-01 -1.572436653077602386e-02
5.421869754791259766e-01 3.782613873481750488e-01 4.477694630622863770e-03
5.484082698822021484e-01 3.807354271411895752e-01 9.655090048909187317e-03
5.378179550170898438e-01 5.661690235137939453e-01 -2.434459747746586800e-03
5.998700857162475586e-01 5.644515156745910645e-01 4.169407486915588379e-02
5.325036048889160156e-01 3.765815794467926025e-01 -1.055332832038402557e-02
5.344480872154235840e-01 6.250258088111877441e-01 -9.473970858380198479e-04
5.274928808212280273e-01 4.192554354667663574e-01 -3.467402607202529907e-02
5.392500162124633789e-01 4.571520984172821045e-01 -2.659842558205127716e-02
5.161374807357788086e-01 6.327542662620544434e-01 -8.737684227526187897e-03
5.614836215972900391e-01 5.965094566345214844e-01 1.261634565889835358e-02
5.565553903579711914e-01 5.054265856742858887e-01 -4.805668722838163376e-03
5.491663217544555664e-01 6.130337715148925781e-01 6.241026800125837326e-03
5.813118219375610352e-01 5.059182643890380859e-01 1.673967577517032623e-03
5.648463964462280273e-01 5.232788920402526855e-01 -1.993984915316104889e-03
5.872201919555664062e-01 5.340132117271423340e-01 1.127362251281738281e-02
5.185098052024841309e-01 6.516730785369873047e-01 -7.797993253916501999e-03
5.444480776786804199e-01 4.678992033004760742e-01 -1.819322630763053894e-02
5.699590444564819336e-01 6.101052165031433105e-01 2.344593591988086700e-02
5.546731352806091309e-01 6.265931129455566406e-01 1.490926649421453476e-02
5.717065930366516113e-01 5.765585899353027344e-01 1.453779451549053192e-02
6.117407083511352539e-01 5.452446341514587402e-01 5.241321027278900146e-02
5.851447582244873047e-01 5.809888839721679688e-01 2.604470588266849518e-02
6.156867742538452148e-01 5.595460534095764160e-01 7.895480841398239136e-02
5.705676674842834473e-01 5.457956790924072266e-01 4.305788781493902206e-03
5.392621755599975586e-01 4.417080581188201904e-01 -1.835018023848533630e-02
5.364528894424438477e-01 4.902270436286926270e-01 -4.379365965723991394e-02
5.419284701347351074e-01 4.957112967967987061e-01 -3.126525133848190308e-02
5.337173342704772949e-01 4.782269895076751709e-01 -5.223601311445236206e-02
5.528492927551269531e-01 3.613874018192291260e-01 1.893155975267291069e-03
5.721535682678222656e-01 3.504438996315002441e-01 1.391776488162577152e-03
5.881997942924499512e-01 3.499479293823242188e-01 3.471070202067494392e-03
6.004268527030944824e-01 3.560166954994201660e-01 9.006611071527004242e-03
6.080148816108703613e-01 3.664128780364990234e-01 1.646034419536590576e-02
6.095298528671264648e-01 4.006519913673400879e-01 3.376427292823791504e-02
6.350653767585754395e-01 4.537667036056518555e-01 8.593853563070297241e-02
5.989465117454528809e-01 4.256522953510284424e-01 2.376662194728851318e-02
5.874912142753601074e-01 4.294157028198242188e-01 1.612240262329578400e-02
5.734009146690368652e-01 4.266191422939300537e-01 1.050037704408168793e-02
5.603790283203125000e-01 4.200365245342254639e-01 7.299571763724088669e-03
5.504748225212097168e-01 4.126267433166503906e-01 6.366998888552188873e-03
5.436584949493408203e-01 4.061689674854278564e-01 5.209443625062704086e-03
6.328371763229370117e-01 4.542272090911865234e-01 1.295159608125686646e-01
5.409507155418395996e-01 5.002484917640686035e-01 -2.572405524551868439e-02
5.333252549171447754e-01 4.445176124572753906e-01 -3.583693876862525940e-02
5.294827818870544434e-01 4.899274706840515137e-01 -5.338320508599281311e-02
5.224370956420898438e-01 4.973658621311187744e-01 -4.939145594835281372e-02
5.286324620246887207e-01 4.928162097930908203e-01 -4.784856364130973816e-02
5.373395085334777832e-01 5.047622323036193848e-01 -2.228401601314544678e-02
5.204864144325256348e-01 4.985623657703399658e-01 -5.253721028566360474e-02
5.184810161590576172e-01 5.021684765815734863e-01 -3.929625079035758972e-02
5.448802113533020020e-01 3.923879861831665039e-01 1.112720742821693420e-02
5.387735366821289062e-01 3.961190283298492432e-01 3.717856714501976967e-03
5.349243879318237305e-01 3.989172875881195068e-01 -4.539447836577892303e-03
5.977844595909118652e-01 3.905312418937683105e-01 2.112450636923313141e-02
6.053465008735656738e-01 3.824530541896820068e-01 2.199555002152919769e-02
4.547523856163024902e-01 3.748352527618408203e-01 4.901455715298652649e-03
4.662748575210571289e-01 3.759746849536895752e-01 4.901455715298652649e-03
4.560585319995880127e-01 3.597604632377624512e-01 4.901455715298652649e-03
4.430211782455444336e-01 3.736865520477294922e-01 4.901455715298652649e-03
4.533881843090057373e-01 3.897148966789245605e-01 4.901455715298652649e-03
5.781333446502685547e-01 3.909860551357269287e-01 1.458698324859142303e-02
5.894699096679687500e-01 3.928527235984802246e-01 1.458698324859142303e-02
5.792163610458374023e-01 3.751435875892639160e-01 1.458698324859142303e-02
5.667703151702880859e-01 3.890586495399475098e-01 1.458698324859142303e-02
5.770654678344726562e-01 4.068435728549957275e-01 1.458698324859142303e-02
