5.041739344596862793e-01 5.176289081573486328e-01 -4.084956273436546326e-02
5.098457932472229004e-01 4.588970243930816650e-01 -6.553167849779129028e-02
5.072293877601623535e-01 4.778341352939605713e-01 -3.842918574810028076e-02
5.039306879043579102e-01 4.060877561569213867e-01 -4.558610171079635620e-02
5.114361643791198730e-01 4.418457746505737305e-01 -6.797680258750915527e-02
5.128624439239501953e-01 4.212566018104553223e-01 -6.139995902776718140e-02
5.157156586647033691e-01 3.728979527950286865e-01 -2.434646524488925934e-02
4.346684813499450684e-01 3.607201874256134033e-01 1.626557298004627228e-02
5.185287594795227051e-01 3.333711028099060059e-01 -1.218452397733926773e-02
5.202947258949279785e-01 3.120862841606140137e-01 -1.160496845841407776e-02
5.255099534988403320e-01 2.413328737020492554e-01 9.204109199345111847e-03
5.040694475173950195e-01 5.218184590339660645e-01 -4.032665863633155823e-02
5.038765668869018555e-01 5.263009667396545410e-01 -3.753222152590751648e-02
5.037403702735900879e-01 5.292580127716064453e-01 -3.340551257133483887e-02
5.004275441169738770e-01 5.975099802017211914e-01 -2.298311702907085419e-02
5.004146099090576172e-01 6.032280921936035156e-01 -2.557625807821750641e-02
5.001956224441528320e-01 6.099883913993835449e-01 -2.795873209834098816e-02
4.998880028724670410e-01 6.164628267288208008e-01 -2.517862804234027863e-02
4.962388575077056885e-01 6.182397603988647461e-01 -1.458502653986215591e-02
5.086811184883117676e-01 4.685407280921936035e-01 -6.041234359145164490e-02
4.976167082786560059e-01 4.678108692169189453e-01 -4.558634757995605469e-02
3.936371803283691406e-01 3.044272959232330322e-01 7.447392493486404419e-02
4.635628759860992432e-01 3.774544298648834229e-01 5.457259248942136765e-03
4.522004127502441406e-01 3.775211572647094727e-01 5.318394862115383148e-03
4.415574669837951660e-01 3.755767643451690674e-01 7.703762501478195190e-03
4.280889630317687988e-01 3.662874400615692139e-01 1.680478826165199280e-02
4.739624857902526855e-01 3.744452297687530518e-01 7.524862885475158691e-03
4.540191292762756348e-01 3.279918432235717773e-01 3.844863269478082657e-03
4.664815664291381836e-01 3.318655490875244141e-01 5.118800327181816101e-03
4.415028095245361328e-01 3.290947973728179932e-01 6.402452010661363602e-03
4.324927031993865967e-01 3.351287543773651123e-01 1.022430788725614548e-02
4.162868857383728027e-01 3.759875893592834473e-01 2.086694911122322083e-02
4.480123519897460938e-01 6.255291700363159180e-01 -5.972756538540124893e-03
4.308510422706604004e-01 3.568214178085327148e-01 2.008663304150104523e-02
3.813838958740234375e-01 3.726399540901184082e-01 7.065576314926147461e-02
4.040866196155548096e-01 3.641852736473083496e-01 3.295417875051498413e-02
4.498444199562072754e-01 4.434283077716827393e-01 -1.349528785794973373e-02
4.873998165130615234e-01 5.133306980133056641e-01 -3.986069932579994202e-02
4.890037178993225098e-01 5.245722532272338867e-01 -3.636198490858078003e-02
4.711762964725494385e-01 5.191431641578674316e-01 -3.378709778189659119e-02
4.608443379402160645e-01 5.270574688911437988e-01 -2.409178949892520905e-02
4.766432642936706543e-01 5.267952680587768555e-01 -3.145247697830200195e-02
4.673648476600646973e-01 5.316576361656188965e-01 -2.234363183379173279e-02
4.420118629932403564e-01 5.593308210372924805e-01 -4.338539671152830124e-03
5.003138780593872070e-01 4.574382603168487549e-01 -6.491162627935409546e-02
5.003777146339416504e-01 4.409824907779693604e-01 -6.711735576391220093e-02
4.176893234252929688e-01 3.169442415237426758e-01 1.458056364208459854e-02
4.773299098014831543e-01 4.058740139007568359e-01 -9.719248861074447632e-03
4.727742671966552734e-01 4.521675407886505127e-01 -3.813717141747474670e-02
4.722244441509246826e-01 4.439794719219207764e-01 -3.397922962903976440e-02
4.151209890842437744e-01 4.386281967163085938e-01 -1.421817811205983162e-03
5.023238062858581543e-01 4.219534993171691895e-01 -5.858211591839790344e-02
4.477095007896423340e-01 2.977285981178283691e-01 -1.709990552626550198e-03
4.308527112007141113e-01 3.037292361259460449e-01 5.499815568327903748e-03
4.094679057598114014e-01 2.758135497570037842e-01 5.626006796956062317e-02
4.963541626930236816e-01 3.185697793960571289e-01 -9.759702719748020172e-03
4.767333269119262695e-01 3.405907154083251953e-01 8.686435408890247345e-03
4.362761974334716797e-01 5.354433655738830566e-01 -3.152727847918868065e-03
3.795676827430725098e-01 5.344845652580261230e-01 8.355303108692169189e-02
4.804990291595458984e-01 4.626775681972503662e-01 -3.372652083635330200e-02
4.892171621322631836e-01 4.689655900001525879e-01 -3.521950542926788330e-02
4.500494599342346191e-01 5.488336086273193359e-01 -3.580423770472407341e-03
4.537996947765350342e-01 5.494346618652343750e-01 -6.173026748001575470e-03
4.254896640777587891e-01 2.941566705703735352e-01 1.218436099588871002e-02
4.711413383483886719e-01 4.601949453353881836e-01 -3.250655531883239746e-02
4.688641130924224854e-01 3.009193539619445801e-01 -6.893785670399665833e-03
4.683700799942016602e-01 2.885016202926635742e-01 -7.855562493205070496e-03
4.602540135383605957e-01 2.415722757577896118e-01 1.917252689599990845e-02
4.172534942626953125e-01 2.893404364585876465e-01 3.191627189517021179e-02
4.650565087795257568e-01 2.691071033477783203e-01 5.655896849930286407e-03
4.110890626907348633e-01 3.117643594741821289e-01 2.514837868511676788e-02
4.022330939769744873e-01 3.124574124813079834e-01 4.919068142771720886e-02
4.877895116806030273e-01 5.192522406578063965e-01 -3.931264206767082214e-02
4.737316370010375977e-01 5.231193304061889648e-01 -3.304073214530944824e-02
4.638915657997131348e-01 5.293833613395690918e-01 -2.414689399302005768e-02
4.827546775341033936e-01 4.663554131984710693e-01 -3.158178925514221191e-02
4.519404172897338867e-01 5.492599606513977051e-01 -4.947900306433439255e-03
4.553339779376983643e-01 5.636266469955444336e-01 -9.740469977259635925e-03
4.553746283054351807e-01 5.494541525840759277e-01 -6.335743702948093414e-03
4.871719479560852051e-01 4.568275213241577148e-01 -4.903343692421913147e-02
4.700516760349273682e-01 5.324798226356506348e-01 -2.110276184976100922e-02
4.791145026683807373e-01 5.285950303077697754e-01 -2.776394411921501160e-02
4.903840720653533936e-01 5.275744199752807617e-01 -3.247491270303726196e-02
4.774829745292663574e-01 6.133507490158081055e-01 -1.486527919769287109e-02
4.805607199668884277e-01 6.098027825355529785e-01 -2.503073215484619141e-02
4.819099307060241699e-01 6.039672493934631348e-01 -2.686538733541965485e-02
4.838103055953979492e-01 5.975782871246337891e-01 -2.433846890926361084e-02
4.858973920345306396e-01 5.924959778785705566e-01 -2.202000468969345093e-02
4.673525094985961914e-01 5.742558836936950684e-01 -1.333613973110914230e-02
4.642716348171234131e-01 5.752453207969665527e-01 -1.516062766313552856e-02
4.604331552982330322e-01 5.768910646438598633e-01 -1.677830144762992859e-02
4.573180377483367920e-01 5.790026187896728516e-01 -1.496954541653394699e-02
4.525921940803527832e-01 5.036740899085998535e-01 -1.997892558574676514e-02
3.724536895751953125e-01 4.481016993522644043e-01 1.072376817464828491e-01
5.079314708709716797e-01 4.732306003570556641e-01 -4.612704738974571228e-02
4.615933597087860107e-01 5.642229318618774414e-01 -8.338200859725475311e-03
4.584245979785919189e-01 5.638041496276855469e-01 -9.629667736589908600e-03
4.917911887168884277e-01 4.757683873176574707e-01 -3.612796217203140259e-02
4.735232591629028320e-01 4.708469510078430176e-01 -2.445380389690399170e-02
4.905906319618225098e-01 4.724543690681457520e-01 -3.598430752754211426e-02
4.639170467853546143e-01 4.136844575405120850e-01 -7.861776277422904968e-03
4.438875913619995117e-01 4.218830466270446777e-01 -6.874317768961191177e-03
4.691843688488006592e-01 4.518058896064758301e-01 -2.821643836796283722e-02
4.307222962379455566e-01 2.540236115455627441e-01 3.633083403110504150e-02
4.372600913047790527e-01 2.741334438323974609e-01 1.774903200566768646e-02
4.448620378971099854e-01 2.863381206989288330e-01 1.814429648220539093e-03
4.495360553264617920e-01 5.795221328735351562e-01 -8.613095618784427643e-03
4.953803420066833496e-01 2.968912720680236816e-01 -1.183049380779266357e-02
4.925641417503356934e-01 2.711915969848632812e-01 -6.038961000740528107e-04
4.906441271305084229e-01 2.382175624370574951e-01 9.873162955045700073e-03
4.328019618988037109e-01 3.718377947807312012e-01 1.217595487833023071e-02
4.020416438579559326e-01 3.864109516143798828e-01 2.549856342375278473e-02
4.811925888061523438e-01 3.705427348613739014e-01 9.811825118958950043e-03
4.193466603755950928e-01 3.419488072395324707e-01 1.929400302469730377e-02
4.868136048316955566e-01 3.961035013198852539e-01 -1.248643919825553894e-02
4.808416664600372314e-01 4.458015561103820801e-01 -4.835288599133491516e-02
3.892450928688049316e-01 3.999933004379272461e-01 3.568596392869949341e-02
4.089826345443725586e-01 3.966644406318664551e-01 1.422591600567102432e-02
4.237335920333862305e-01 4.030010402202606201e-01 4.170460626482963562e-03
4.465914368629455566e-01 4.026858806610107422e-01 3.714786143973469734e-04
4.636795520782470703e-01 3.980816006660461426e-01 -4.202629497740417719e-04
4.772180020809173584e-01 3.918269276618957520e-01 -1.948802382685244083e-03
5.045424699783325195e-01 3.757090568542480469e-01 -2.091523446142673492e-02
3.878502845764160156e-01 4.334167838096618652e-01 2.883057296276092529e-02
4.099997878074645996e-01 3.394953310489654541e-01 2.464830875396728516e-02
5.029758810997009277e-01 4.672721922397613525e-01 -6.007839366793632507e-02
4.768395721912384033e-01 4.209504425525665283e-01 -1.664419472217559814e-02
3.759509027004241943e-01 3.742955327033996582e-01 1.070960909128189087e-01
4.877350628376007080e-01 3.836779594421386719e-01 -2.139442833140492439e-03
4.673098325729370117e-01 4.533801376819610596e-01 -1.650065928697586060e-02
4.247611761093139648e-01 3.561261296272277832e-01 2.178624458611011505e-02
4.807921051979064941e-01 4.359912574291229248e-01 -4.310076311230659485e-02
3.737669587135314941e-01 4.891356229782104492e-01 9.827111661434173584e-02
4.822812378406524658e-01 3.652837872505187988e-01 1.358273997902870178e-02
4.916212260723114014e-01 4.270824491977691650e-01 -5.290260538458824158e-02
4.024591445922851562e-01 5.758116245269775391e-01 2.920408919453620911e-02
3.992638587951660156e-01 5.993003249168395996e-01 4.493732005357742310e-02
3.750222921371459961e-01 4.414948225021362305e-01 6.810615211725234985e-02
3.907198309898376465e-01 5.506437420845031738e-01 4.091270640492439270e-02
3.914399147033691406e-01 3.403090834617614746e-01 6.349106132984161377e-02
4.436992704868316650e-01 6.444672346115112305e-01 -2.281353808939456940e-03
5.035132169723510742e-01 4.720773994922637939e-01 -4.553952813148498535e-02
4.649989008903503418e-01 4.319177567958831787e-01 -1.413474045693874359e-02
3.933758139610290527e-01 3.682590126991271973e-01 4.362994432449340820e-02
4.445902705192565918e-01 3.659606873989105225e-01 9.826212190091609955e-03
4.535737037658691406e-01 3.683377802371978760e-01 7.561130914837121964e-03
4.524355232715606689e-01 5.637714266777038574e-01 -8.484899997711181641e-03
3.871283531188964844e-01 4.680236876010894775e-01 2.916159667074680328e-02
4.631482958793640137e-01 6.756656765937805176e-01 -6.493888213299214840e-05
4.273784756660461426e-01 6.436114907264709473e-01 2.002986706793308258e-02
4.137504100799560547e-01 6.247414350509643555e-01 3.113486431539058685e-02
5.231294631958007812e-01 2.758700251579284668e-01 -1.469464274123311043e-03
4.900249540805816650e-01 6.829949021339416504e-01 -1.745302113704383373e-03
4.629040658473968506e-01 3.686817288398742676e-01 7.845032960176467896e-03
4.721673429012298584e-01 3.674967586994171143e-01 1.014834828674793243e-02
4.786464571952819824e-01 3.665447533130645752e-01 1.305235829204320908e-02
4.014180004596710205e-01 3.380886316299438477e-01 3.614400699734687805e-02
4.731517732143402100e-01 3.568810224533081055e-01 9.865967556834220886e-03
4.636796712875366211e-01 3.532204329967498779e-01 7.447524927556514740e-03
4.545275866985321045e-01 3.515154123306274414e-01 7.298832759261131287e-03
4.449664056301116943e-01 3.518365919589996338e-01 9.248198010027408600e-03
4.383858740329742432e-01 3.536375164985656738e-01 1.231707073748111725e-02
3.829216957092285156e-01 3.355899453163146973e-01 9.359281510114669800e-02
4.387626349925994873e-01 3.632627725601196289e-01 1.312890090048313141e-02
5.059501528739929199e-01 4.907493591308593750e-01 -3.616854548454284668e-02
4.650372862815856934e-01 4.943748414516448975e-01 -2.643218077719211578e-02
4.809713065624237061e-01 4.594682753086090088e-01 -3.759805858135223389e-02
4.885753989219665527e-01 4.898849725723266602e-01 -3.571104258298873901e-02
5.168963670730590820e-01 3.540405035018920898e-01 -1.376244332641363144e-02
4.150018095970153809e-01 6.013493537902832031e-01 2.011333964765071869e-02
4.284276366233825684e-01 6.225055456161499023e-01 9.636468254029750824e-03
4.647458493709564209e-01 6.615348458290100098e-01 -1.213225256651639938e-02
3.888369202613830566e-01 5.719101428985595703e-01 6.359048932790756226e-02
4.796401560306549072e-01 3.617571592330932617e-01 1.211692020297050476e-02
4.950522780418395996e-01 3.996552228927612305e-01 -2.790907025337219238e-02
4.912466704845428467e-01 6.692372560501098633e-01 -1.342366915196180344e-02
4.431879818439483643e-01 6.614184975624084473e-01 7.889301516115665436e-03
3.758029341697692871e-01 4.797502160072326660e-01 6.288383156061172485e-02
4.752525687217712402e-01 5.842930078506469727e-01 -1.825891807675361633e-02
4.720235764980316162e-01 5.871626734733581543e-01 -2.021505683660507202e-02
4.688184857368469238e-01 5.914330482482910156e-01 -2.187919430434703827e-02
4.664258956909179688e-01 5.962190628051757812e-01 -2.021797373890876770e-02
4.606906175613403320e-01 5.987907052040100098e-01 -1.311539392918348312e-02
4.596753120422363281e-01 5.390472412109375000e-01 -1.380549650639295578e-02
4.564947485923767090e-01 5.377764701843261719e-01 -1.365557871758937836e-02
4.538001716136932373e-01 5.360713005065917969e-01 -1.359755080193281174e-02
4.427747130393981934e-01 5.172196626663208008e-01 -1.134311128407716751e-02
4.033196270465850830e-01 4.761461615562438965e-01 7.423383183777332306e-03
4.959895014762878418e-01 3.847312033176422119e-01 -1.577747054398059845e-02
4.925174415111541748e-01 3.524811863899230957e-01 7.154923398047685623e-03
4.851019978523254395e-01 3.547536134719848633e-01 1.084805559366941452e-02
4.621582329273223877e-01 5.389811992645263672e-01 -1.310936920344829559e-02
3.983652591705322266e-01 5.214615464210510254e-01 2.245859988033771515e-02
5.033506155014038086e-01 3.515434563159942627e-01 -7.081145886331796646e-03
4.542709290981292725e-01 6.097714900970458984e-01 -8.452543057501316071e-03
5.138257741928100586e-01 4.046951532363891602e-01 -4.856902733445167542e-02
5.040965080261230469e-01 3.916621804237365723e-01 -3.390803188085556030e-02
5.147051811218261719e-01 3.894068598747253418e-01 -3.573100268840789795e-02
4.845231473445892334e-01 4.235877394676208496e-01 -3.111191093921661377e-02
4.929485321044921875e-01 6.508249640464782715e-01 -1.667622104287147522e-02
4.947118163108825684e-01 6.321621537208557129e-01 -1.491805166006088257e-02
4.732493162155151367e-01 6.261504888534545898e-01 -1.353334635496139526e-02
4.318169057369232178e-01 5.641331672668457031e-01 1.209032838232815266e-03
4.564222991466522217e-01 4.662438631057739258e-01 -1.443235576152801514e-02
4.407824575901031494e-01 5.888754129409790039e-01 -3.096982138231396675e-03
4.304356575012207031e-01 4.618653059005737305e-01 -1.093526277691125870e-02
4.445146620273590088e-01 4.823826849460601807e-01 -1.314939279109239578e-02
4.192183613777160645e-01 4.891980886459350586e-01 -3.248693188652396202e-03
4.682525694370269775e-01 6.435486674308776855e-01 -1.499676052480936050e-02
4.761372208595275879e-01 4.326814413070678711e-01 -2.438881620764732361e-02
4.209795594215393066e-01 5.788748860359191895e-01 9.564128704369068146e-03
4.336489439010620117e-01 6.029943227767944336e-01 3.207962494343519211e-03
4.260808229446411133e-01 5.371776223182678223e-01 8.843527175486087799e-04
3.882277011871337891e-01 4.990546405315399170e-01 3.149836882948875427e-02
4.112017452716827393e-01 5.417810678482055664e-01 1.012153923511505127e-02
3.804957568645477295e-01 5.164571404457092285e-01 5.545834451913833618e-02
4.340187907218933105e-01 5.032612085342407227e-01 -8.435478433966636658e-03
4.862602353096008301e-01 4.101857841014862061e-01 -2.177676744759082794e-02
4.839803278446197510e-01 4.533957839012145996e-01 -5.106636881828308105e-02
4.760615527629852295e-01 4.577369093894958496e-01 -3.962120786309242249e-02
4.901895225048065186e-01 4.424658417701721191e-01 -5.832842737436294556e-02
4.849975705146789551e-01 3.338678777217864990e-01 4.689294844865798950e-03
4.675691723823547363e-01 3.197968304157257080e-01 2.298822626471519470e-03
4.514842927455902100e-01 3.157024383544921875e-01 1.916453358717262745e-03
4.371857345104217529e-01 3.185680508613586426e-01 5.161711946129798889e-03
4.262898564338684082e-01 3.266975879669189453e-01 1.114225853234529495e-02
4.156086444854736328e-01 3.599121868610382080e-01 2.566766925156116486e-02
3.765663206577301025e-01 4.062496423721313477e-01 6.968651711940765381e-02
4.219222068786621094e-01 3.824453353881835938e-01 1.478734333068132401e-02
4.333235025405883789e-01 3.877373337745666504e-01 8.373166434466838837e-03
4.487584233283996582e-01 3.892643451690673828e-01 4.451401066035032272e-03
4.638437032699584961e-01 3.873477876186370850e-01 3.730725962668657303e-03
4.761576056480407715e-01 3.831283748149871826e-01 4.444056656211614609e-03
4.849437773227691650e-01 3.784287571907043457e-01 4.705600906163454056e-03
3.734867572784423828e-01 4.109709262847900391e-01 1.110800132155418396e-01
4.755234122276306152e-01 4.627998173236846924e-01 -3.425613418221473694e-02
4.941796958446502686e-01 4.130833148956298828e-01 -3.888035565614700317e-02
4.922603070735931396e-01 4.546719193458557129e-01 -5.963146314024925232e-02
4.973538517951965332e-01 4.644165933132171631e-01 -5.549263209104537964e-02
4.918376505374908447e-01 4.580175578594207764e-01 -5.430047214031219482e-02
4.777666926383972168e-01 4.685372710227966309e-01 -3.047782555222511292e-02
4.994764328002929688e-01 4.659663736820220947e-01 -5.857083573937416077e-02
4.999483823776245117e-01 4.706253409385681152e-01 -4.553277790546417236e-02
4.863255321979522705e-01 3.654440641403198242e-01 1.185956690460443497e-02
4.923380911350250244e-01 3.696983456611633301e-01 4.821286071091890335e-03
4.961422681808471680e-01 3.716679513454437256e-01 -3.648216370493173599e-03
4.342694580554962158e-01 3.552752137184143066e-01 1.560107432305812836e-02
4.260731935501098633e-01 3.435920178890228271e-01 1.604334823787212372e-02
5.229957699775695801e-01 4.085506498813629150e-01 -4.419507831335067749e-02
5.940176248550415039e-01 3.826466202735900879e-01 2.584309689700603485e-02
5.184813141822814941e-01 4.706136882305145264e-01 -4.453222081065177917e-02
6.339100599288940430e-01 3.358337283134460449e-01 8.898130059242248535e-02
5.624833106994628906e-01 3.895528912544250488e-01 1.174544822424650192e-02
5.730563402175903320e-01 3.927605748176574707e-01 1.285566575825214386e-02
5.833880305290222168e-01 3.941292166709899902e-01 1.634080708026885986e-02
5.984243750572204590e-01 3.887972831726074219e-01 2.690246887505054474e-02
5.536058545112609863e-01 3.842659890651702881e-01 1.250447705388069153e-02
5.815520286560058594e-01 3.450371921062469482e-01 1.167548820376396179e-02
5.687949061393737793e-01 3.455263078212738037e-01 1.132641918957233429e-02
5.934365391731262207e-01 3.492269515991210938e-01 1.538374088704586029e-02
6.008656620979309082e-01 3.574500083923339844e-01 1.992443948984146118e-02
6.061032414436340332e-01 4.000306129455566406e-01 3.178342804312705994e-02
5.392106771469116211e-01 6.353077888488769531e-01 -1.569737563841044903e-03
5.985209345817565918e-01 3.795699775218963623e-01 3.008520789444446564e-02
6.369032263755798340e-01 4.048071205615997314e-01 8.505825698375701904e-02
6.184128522872924805e-01 3.899649381637573242e-01 4.505496472120285034e-02
5.657479763031005859e-01 4.584222733974456787e-01 -6.952838506549596786e-03
5.208966135978698730e-01 5.171160697937011719e-01 -3.812667727470397949e-02
5.182250738143920898e-01 5.282568931579589844e-01 -3.475750610232353210e-02
5.360987782478332520e-01 5.262612104415893555e-01 -3.024469502270221710e-02
5.450169444084167480e-01 5.370866656303405762e-01 -1.921954937279224396e-02
5.297707319259643555e-01 5.332186818122863770e-01 -2.837278507649898529e-02
5.379189252853393555e-01 5.405328869819641113e-01 -1.819627173244953156e-02
5.550051927566528320e-01 5.725145936012268066e-01 1.721772365272045135e-03
5.191258788108825684e-01 4.598830938339233398e-01 -6.401427090167999268e-02
5.221213698387145996e-01 4.437958598136901855e-01 -6.607592850923538208e-02
6.156650781631469727e-01 3.422005772590637207e-01 2.598356828093528748e-02
5.451797246932983398e-01 4.146543741226196289e-01 -5.444908048957586288e-03
5.448312759399414062e-01 4.615417122840881348e-01 -3.414927423000335693e-02
5.463599562644958496e-01 4.534937739372253418e-01 -2.987176924943923950e-02
5.987085700035095215e-01 4.624081850051879883e-01 9.087608195841312408e-03
5.228058099746704102e-01 4.245372712612152100e-01 -5.722679197788238525e-02
5.921578407287597656e-01 3.186921477317810059e-01 6.459273863583803177e-03
6.065762042999267578e-01 3.271871805191040039e-01 1.553139276802539825e-02
6.256813406944274902e-01 3.043898940086364746e-01 6.917030364274978638e-02
5.428948402404785156e-01 3.277246654033660889e-01 -6.893357727676630020e-03
5.574752688407897949e-01 3.513693511486053467e-01 1.378534547984600067e-02
5.639517307281494141e-01 5.509947538375854492e-01 4.244544077664613724e-03
6.128781437873840332e-01 5.635381937026977539e-01 9.770058095455169678e-02
5.350469946861267090e-01 4.698904752731323242e-01 -3.099051862955093384e-02
5.255799293518066406e-01 4.737487733364105225e-01 -3.381414711475372314e-02
5.518599152565002441e-01 5.635746717453002930e-01 2.828917233273386955e-03
5.480876564979553223e-01 5.630154013633728027e-01 -4.535503685474395752e-04
6.123585700988769531e-01 3.180248737335205078e-01 2.267694659531116486e-02
5.444760918617248535e-01 4.695990681648254395e-01 -2.857829816639423370e-02
5.719077587127685547e-01 3.175681531429290771e-01 -1.324248500168323517e-03
5.743314027786254883e-01 3.051417469978332520e-01 -2.164430683478713036e-03
5.868330001831054688e-01 2.586451172828674316e-01 2.671752125024795532e-02
6.184706687927246094e-01 3.150308132171630859e-01 4.323795810341835022e-02
5.791882276535034180e-01 2.840774357318878174e-01 1.205463986843824387e-02
6.217544078826904297e-01 3.373805880546569824e-01 3.714971616864204407e-02
6.272931694984436035e-01 3.410767316818237305e-01 6.203715130686759949e-02
5.199494361877441406e-01 5.231283903121948242e-01 -3.757978603243827820e-02
5.330398678779602051e-01 5.301344990730285645e-01 -2.972092851996421814e-02
5.417374372482299805e-01 5.389325618743896484e-01 -1.969477906823158264e-02
5.320191979408264160e-01 4.727989435195922852e-01 -2.919884398579597473e-02
5.499450564384460449e-01 5.634075999259948730e-01 9.936979040503501892e-04
5.463923811912536621e-01 5.771155357360839844e-01 -4.652471281588077545e-03
5.465545058250427246e-01 5.624135732650756836e-01 -7.824589265510439873e-04
5.304697751998901367e-01 4.627028107643127441e-01 -4.629512131214141846e-02
5.350914597511291504e-01 5.404428839683532715e-01 -1.713785342872142792e-02
5.270310640335083008e-01 5.343531370162963867e-01 -2.483678422868251801e-02
5.166359543800354004e-01 5.308567881584167480e-01 -3.081399947404861450e-02
5.149587988853454590e-01 6.173946857452392578e-01 -1.332659926265478134e-02
5.189892053604125977e-01 6.155238151550292969e-01 -2.331334352493286133e-02
5.182299017906188965e-01 6.091508269309997559e-01 -2.506878972053527832e-02
5.166985392570495605e-01 6.022489070892333984e-01 -2.256013080477714539e-02
5.146302580833435059e-01 5.967085957527160645e-01 -2.032325789332389832e-02
5.337299108505249023e-01 5.842559337615966797e-01 -9.344770573079586029e-03
5.370208621025085449e-01 5.862902998924255371e-01 -1.117652188986539841e-02
5.408733487129211426e-01 5.891256332397460938e-01 -1.255348231643438339e-02
5.438679456710815430e-01 5.922291278839111328e-01 -1.052458956837654114e-02
5.540298819541931152e-01 5.162614583969116211e-01 -1.438687276095151901e-02
6.306311488151550293e-01 4.811242222785949707e-01 1.228408142924308777e-01
5.397182106971740723e-01 5.758094787597656250e-01 -3.397030755877494812e-03
5.431769490242004395e-01 5.763255953788757324e-01 -4.712267778813838959e-03
5.222628116607666016e-01 4.796256124973297119e-01 -3.466263413429260254e-02
5.398760437965393066e-01 4.792092740535736084e-01 -2.130434848368167877e-02
5.238326787948608398e-01 4.768027067184448242e-01 -3.460487723350524902e-02
5.563473105430603027e-01 4.256418347358703613e-01 -2.145868726074695587e-03
5.741801261901855469e-01 4.387817084789276123e-01 6.924350745975971222e-04
5.476148724555969238e-01 4.618162512779235840e-01 -2.393765002489089966e-02
6.112804412841796875e-01 2.780922949314117432e-01 4.692418500781059265e-02
6.035299301147460938e-01 2.955101132392883301e-01 2.694558352231979370e-02
5.964016914367675781e-01 3.071785569190979004e-01 1.028503291308879852e-02
5.454803109169006348e-01 5.902756452560424805e-01 -3.562014317139983177e-03
5.476276278495788574e-01 3.068786561489105225e-01 -8.862663991749286652e-03
5.531699657440185547e-01 2.793015241622924805e-01 2.777015091851353645e-03
5.592307448387145996e-01 2.476550042629241943e-01 1.372823957353830338e-02
5.926025509834289551e-01 3.932024240493774414e-01 2.169558964669704437e-02
6.166530847549438477e-01 4.128021597862243652e-01 3.747125715017318726e-02
5.477371215820312500e-01 3.790873289108276367e-01 1.422794908285140991e-02
6.103149056434631348e-01 3.663137257099151611e-01 3.030722774565219879e-02
5.381259918212890625e-01 4.027472138404846191e-01 -9.080810472369194031e-03
5.386406779289245605e-01 4.535029530525207520e-01 -4.511193931102752686e-02
6.276229023933410645e-01 4.303630590438842773e-01 4.913704842329025269e-02
6.089894771575927734e-01 4.222517013549804688e-01 2.563177235424518585e-02
5.948411822319030762e-01 4.253760278224945068e-01 1.402585115283727646e-02
5.739620327949523926e-01 4.194027185440063477e-01 8.019922301173210144e-03
5.588529109954833984e-01 4.104182422161102295e-01 5.492212716490030289e-03
5.476129055023193359e-01 4.012553691864013672e-01 2.462650882080197334e-03
5.257084369659423828e-01 3.784767389297485352e-01 -1.949380151927471161e-02
6.242262721061706543e-01 4.636724293231964111e-01 4.229719564318656921e-02
6.180405020713806152e-01 3.652785122394561768e-01 3.651249036192893982e-02
5.143200755119323730e-01 4.687540829181671143e-01 -5.935182049870491028e-02
5.438819527626037598e-01 4.295940995216369629e-01 -1.246640644967556000e-02
6.382188200950622559e-01 4.077585637569427490e-01 1.232104748487472534e-01
5.394632220268249512e-01 3.911661505699157715e-01 1.305151963606476784e-03
5.483605265617370605e-01 4.636669158935546875e-01 -1.206171326339244843e-02
6.037452816963195801e-01 3.796715140342712402e-01 3.232554346323013306e-02
5.398855209350585938e-01 4.436761140823364258e-01 -3.977670520544052124e-02
6.241260766983032227e-01 5.208064317703247070e-01 1.131237372756004333e-01
5.480068325996398926e-01 3.737358748912811279e-01 1.815139874815940857e-02
5.316604971885681152e-01 4.322692751884460449e-01 -5.050091072916984558e-02
5.885196328163146973e-01 5.976854562759399414e-01 3.915764018893241882e-02
5.865063667297363281e-01 6.205584406852722168e-01 5.568848550319671631e-02
6.333168745040893555e-01 4.738301038742065430e-01 8.255030959844589233e-02
6.031038761138916016e-01 5.765559077262878418e-01 5.259972438216209412e-02
6.323145627975463867e-01 3.708981275558471680e-01 7.717898488044738770e-02
5.400722622871398926e-01 6.542299389839172363e-01 2.474393928423523903e-03
5.123692750930786133e-01 4.732596576213836670e-01 -4.510565102100372314e-02
5.530787706375122070e-01 4.432780146598815918e-01 -9.033206850290298462e-03
6.269282102584838867e-01 3.951668441295623779e-01 5.677672848105430603e-02
5.829486846923828125e-01 3.846515417098999023e-01 1.832775212824344635e-02
5.738816261291503906e-01 3.838044404983520508e-01 1.506249886006116867e-02
5.492569208145141602e-01 5.781273841857910156e-01 -3.126465249806642532e-03
6.196081638336181641e-01 4.976883828639984131e-01 4.234217479825019836e-02
5.168654918670654297e-01 6.807742714881896973e-01 2.766971476376056671e-03
5.544350147247314453e-01 6.561315059661865234e-01 2.696295082569122314e-02
5.698018074035644531e-01 6.410633325576782227e-01 3.985887393355369568e-02
5.650493502616882324e-01 3.813284635543823242e-01 1.422765199095010757e-02
5.566739439964294434e-01 3.778614401817321777e-01 1.556306798011064529e-02
5.509893298149108887e-01 3.756179809570312500e-01 1.790408045053482056e-02
6.251327991485595703e-01 3.642185032367706299e-01 4.888591542840003967e-02
5.582700967788696289e-01 3.677317500114440918e-01 1.542230974882841110e-02
5.679338574409484863e-01 3.664121627807617188e-01 1.399972476065158844e-02
5.771357417106628418e-01 3.672340810298919678e-01 1.490671187639236450e-02
5.863199234008789062e-01 3.702738285064697266e-01 1.784090511500835419e-02
5.922562479972839355e-01 3.740589022636413574e-01 2.161668799817562103e-02
6.380121111869812012e-01 3.683672249317169189e-01 1.091273203492164612e-01
5.892977118492126465e-01 3.840173184871673584e-01 2.227567508816719055e-02
5.442684888839721680e-01 5.041199326515197754e-01 -2.216403931379318237e-02
5.353882908821105957e-01 4.668013155460357666e-01 -3.478620201349258423e-02
5.229788422584533691e-01 4.941588640213012695e-01 -3.396601229906082153e-02
5.728644728660583496e-01 6.188930273056030273e-01 2.815195359289646149e-02
5.573083758354187012e-01 6.360786557197570801e-01 1.597331278026103973e-02
5.179675817489624023e-01 6.669766902923583984e-01 -9.591874666512012482e-03
5.996789336204528809e-01 5.971782803535461426e-01 7.617098093032836914e-02
5.512918829917907715e-01 3.710378408432006836e-01 1.709220558404922485e-02
5.311583280563354492e-01 4.043607711791992188e-01 -2.559330314397811890e-02
5.375106930732727051e-01 6.702601909637451172e-01 1.300561707466840744e-02
6.270365118980407715e-01 5.110879540443420410e-01 7.686404883861541748e-02
5.255350470542907715e-01 5.917192697525024414e-01 -1.523702498525381088e-02
5.288306474685668945e-01 5.955825448036193848e-01 -1.707158423960208893e-02
5.318338274955749512e-01 6.008201241493225098e-01 -1.857537217438220978e-02
5.339657068252563477e-01 6.066203713417053223e-01 -1.680333912372589111e-02
5.327075123786926270e-01 6.064949035644531250e-01 -9.412380866706371307e-03
5.441247224807739258e-01 5.502077341079711914e-01 -8.866151794791221619e-03
5.474257469177246094e-01 5.497975945472717285e-01 -8.203468285501003265e-03
5.504676699638366699e-01 5.486637949943542480e-01 -7.854874245822429657e-03
5.608233213424682617e-01 5.319095849990844727e-01 -4.428559448570013046e-03
6.038677692413330078e-01 5.020669698715209961e-01 1.862383447587490082e-02
5.317004323005676270e-01 3.894499540328979492e-01 -1.344141829758882523e-02
5.405519008636474609e-01 3.589547872543334961e-01 1.011445466428995132e-02
5.470154881477355957e-01 3.628160953521728516e-01 1.522512361407279968e-02
5.416447520256042480e-01 5.492317676544189453e-01 -8.159987628459930420e-03
6.010580062866210938e-01 5.469829440116882324e-01 3.363805636763572693e-02
5.304459929466247559e-01 3.558171391487121582e-01 -5.172879435122013092e-03
5.361544489860534668e-01 6.185659170150756836e-01 -4.503606818616390228e-03
5.244314074516296387e-01 3.942602276802062988e-01 -3.267876803874969482e-02
5.373035669326782227e-01 4.305194914340972900e-01 -2.806690335273742676e-02
5.162282586097717285e-01 6.307228803634643555e-01 -1.173941139131784439e-02
5.634331107139587402e-01 5.796577334403991699e-01 8.172186091542243958e-03
5.561594367027282715e-01 4.789184331893920898e-01 -9.031425230205059052e-03
5.514802336692810059e-01 6.012262105941772461e-01 2.369105350226163864e-03
5.812171101570129395e-01 4.815360605716705322e-01 -2.607055474072694778e-03
5.647783875465393066e-01 4.978795051574707031e-01 -6.430847104638814926e-03
5.870879888534545898e-01 5.110623240470886230e-01 6.206497084349393845e-03
5.177762508392333984e-01 6.488900780677795410e-01 -1.266551855951547623e-02
5.433130264282226562e-01 4.412966668605804443e-01 -2.056915499269962311e-02
5.711309909820556641e-01 5.961863994598388672e-01 1.730997115373611450e-02
5.558216571807861328e-01 6.164255738258361816e-01 9.156393818557262421e-03
5.730813145637512207e-01 5.554562807083129883e-01 9.272930212318897247e-03
6.136847138404846191e-01 5.275538563728332520e-01 4.404999688267707825e-02
5.861998200416564941e-01 5.633075833320617676e-01 1.963301189243793488e-02
6.173861622810363770e-01 5.458911061286926270e-01 6.882698088884353638e-02
5.710367560386657715e-01 5.209870934486389160e-01 -6.054253899492323399e-04
5.371512174606323242e-01 4.168646037578582764e-01 -1.847000047564506531e-02
5.343156456947326660e-01 4.601674675941467285e-01 -4.812267050147056580e-02
5.406236648559570312e-01 4.662525355815887451e-01 -3.625336661934852600e-02
5.309275388717651367e-01 4.478850364685058594e-01 -5.619429051876068115e-02
5.508922338485717773e-01 3.437149226665496826e-01 8.720455691218376160e-03
5.698755383491516113e-01 3.346792459487915039e-01 8.185212500393390656e-03
5.860570669174194336e-01 3.345601856708526611e-01 9.703576564788818359e-03
5.988886952400207520e-01 3.403201997280120850e-01 1.455457229167222977e-02
6.073303222656250000e-01 3.505070507526397705e-01 2.162655629217624664e-02
6.099754571914672852e-01 3.843124210834503174e-01 3.682482615113258362e-02
6.366471052169799805e-01 4.389144182205200195e-01 8.449246734380722046e-02
6.001158952713012695e-01 4.055713117122650146e-01 2.515319548547267914e-02
5.885273814201354980e-01 4.078852832317352295e-01 1.744187250733375549e-02
5.740328431129455566e-01 4.051575064659118652e-01 1.200534962117671967e-02
5.604876875877380371e-01 3.992688655853271484e-01 9.795609861612319946e-03
5.500437617301940918e-01 3.923258483409881592e-01 9.039093740284442902e-03
5.428863167762756348e-01 3.857882022857666016e-01 8.480420336127281189e-03
6.347486376762390137e-01 4.443890750408172607e-01 1.272008568048477173e-01
5.398162603378295898e-01 4.711146056652069092e-01 -3.091740794479846954e-02
5.306200981140136719e-01 4.178259372711181641e-01 -3.650231659412384033e-02
5.267655253410339355e-01 4.592016637325286865e-01 -5.774084851145744324e-02
5.197023749351501465e-01 4.674471914768218994e-01 -5.439407005906105042e-02
5.260345339775085449e-01 4.627039432525634766e-01 -5.236450955271720886e-02
5.364206433296203613e-01 4.759654998779296875e-01 -2.766337059438228607e-02
5.177629590034484863e-01 4.683752357959747314e-01 -5.767898261547088623e-02
5.158684253692626953e-01 4.727056920528411865e-01 -4.478504508733749390e-02
5.439940094947814941e-01 3.730512857437133789e-01 1.573958992958068848e-02
5.376030802726745605e-01 3.757262229919433594e-01 7.851779460906982422e-03
5.336653590202331543e-01 3.774535655975341797e-01 -1.205135951749980450e-03
5.958199501037597656e-01 3.770059943199157715e-01 2.526660636067390442e-02
6.050457954406738281e-01 3.671210408210754395e-01 2.628587931394577026e-02
4.527489542961120605e-01 3.585182130336761475e-01 1.158703211694955826e-02
4.641857445240020752e-01 3.594837188720703125e-01 1.158703211694955826e-02
4.536182582378387451e-01 3.459433317184448242e-01 1.158703211694955826e-02
4.412048459053039551e-01 3.574863672256469727e-01 1.158703211694955826e-02
4.517957866191864014e-01 3.708057403564453125e-01 1.158703211694955826e-02
5.757068395614624023e-01 3.733554482460021973e-01 1.897409744560718536e-02
5.880050063133239746e-01 3.752366006374359131e-01 1.897409744560718536e-02
5.771629810333251953e-01 3.600023686885833740e-01 1.897409744560718536e-02
5.633184313774108887e-01 3.714190125465393066e-01 1.897409744560718536e-02
5.742598176002502441e-01 3.866739869117736816e-01 1.897409744560718536e-02
