5.096800327301025391e-01 5.416027307510375977e-01 -3.641375154256820679e-02
5.198214650154113770e-01 4.892666935920715332e-01 -6.283938139677047729e-02
5.161876678466796875e-01 5.070649981498718262e-01 -3.476756811141967773e-02
5.132607817649841309e-01 4.320953786373138428e-01 -4.643650725483894348e-02
5.215727090835571289e-01 4.718501865863800049e-01 -6.608510762453079224e-02
5.227799415588378906e-01 4.494785964488983154e-01 -6.064553931355476379e-02
5.247092843055725098e-01 3.951041698455810547e-01 -2.684509567916393280e-02
4.382617771625518799e-01 3.768311738967895508e-01 9.080325253307819366e-03
5.276931524276733398e-01 3.483915627002716064e-01 -1.689828000962734222e-02
5.295296311378479004e-01 3.254793286323547363e-01 -1.773816533386707306e-02
5.335624814033508301e-01 2.548069953918457031e-01 -2.373892115429043770e-03
5.093975067138671875e-01 5.457806587219238281e-01 -3.533888235688209534e-02
5.090185403823852539e-01 5.500851273536682129e-01 -3.193555772304534912e-02
5.087122321128845215e-01 5.528759956359863281e-01 -2.697658538818359375e-02
5.047372579574584961e-01 6.033556461334228516e-01 -2.041977643966674805e-02
5.045292973518371582e-01 6.092016100883483887e-01 -2.218519896268844604e-02
5.040544271469116211e-01 6.160106658935546875e-01 -2.422556281089782715e-02
5.035529136657714844e-01 6.228533387184143066e-01 -2.154196798801422119e-02
5.020840167999267578e-01 6.323578357696533203e-01 -1.027843449264764786e-02
5.183352828025817871e-01 4.983536005020141602e-01 -5.730997025966644287e-02
5.067449212074279785e-01 4.968756735324859619e-01 -4.276263341307640076e-02
3.944007754325866699e-01 3.119858503341674805e-01 6.196334958076477051e-02
4.685797989368438721e-01 3.970459103584289551e-01 -2.415544004179537296e-04
4.564936757087707520e-01 3.972695767879486084e-01 -5.370449507609009743e-04
4.454378485679626465e-01 3.944367170333862305e-01 1.676262123510241508e-03
4.323239624500274658e-01 3.821388483047485352e-01 1.000529807060956955e-02
4.796172678470611572e-01 3.932028412818908691e-01 2.383295679464936256e-03
4.583805501461029053e-01 3.410571217536926270e-01 -3.950306214392185211e-03
4.714412987232208252e-01 3.452967703342437744e-01 -2.334936056286096573e-03
4.454860985279083252e-01 3.423686623573303223e-01 -1.418526633642613888e-03
4.364013969898223877e-01 3.487553000450134277e-01 2.370293485000729561e-03
4.204312860965728760e-01 3.922378420829772949e-01 1.447776239365339279e-02
4.555523097515106201e-01 6.411122679710388184e-01 -1.794828218407928944e-03
4.347948431968688965e-01 3.710345029830932617e-01 1.263168733566999435e-02
3.834478259086608887e-01 3.821305334568023682e-01 6.253845989704132080e-02
4.079374670982360840e-01 3.775121569633483887e-01 2.557388879358768463e-02
4.582930207252502441e-01 4.676233530044555664e-01 -1.433921419084072113e-02
4.939925372600555420e-01 5.369266271591186523e-01 -3.604495525360107422e-02
4.948531985282897949e-01 5.479047894477844238e-01 -3.143376111984252930e-02
4.783647656440734863e-01 5.405935645103454590e-01 -3.063511848449707031e-02
4.681519269943237305e-01 5.467138886451721191e-01 -2.240679040551185608e-02
4.828074872493743896e-01 5.485140085220336914e-01 -2.765207737684249878e-02
4.735479950904846191e-01 5.515294075012207031e-01 -1.992544345557689667e-02
4.511684179306030273e-01 5.822623372077941895e-01 -3.777518635615706444e-03
5.101833939552307129e-01 4.874845743179321289e-01 -6.250678747892379761e-02
5.101593732833862305e-01 4.705669879913330078e-01 -6.555860489606857300e-02
4.213873744010925293e-01 3.286219835281372070e-01 5.805121734738349915e-03
4.853278696537017822e-01 4.281681180000305176e-01 -1.222606003284454346e-02
4.821631908416748047e-01 4.807706475257873535e-01 -3.704075887799263000e-02
4.813892245292663574e-01 4.716937541961669922e-01 -3.347309306263923645e-02
4.228744506835937500e-01 4.606319069862365723e-01 -3.544110571965575218e-03
5.119404196739196777e-01 4.498648643493652344e-01 -5.822921171784400940e-02
4.518782198429107666e-01 3.104712367057800293e-01 -9.821292012929916382e-03
4.346692562103271484e-01 3.156208395957946777e-01 -2.829575678333640099e-03
4.110010862350463867e-01 2.840233445167541504e-01 4.239968582987785339e-02
5.025616884231567383e-01 3.344664275646209717e-01 -1.569208130240440369e-02
4.822430610656738281e-01 3.551993370056152344e-01 1.686032279394567013e-03
4.455288946628570557e-01 5.614312291145324707e-01 -2.944192383438348770e-03
3.840127587318420410e-01 5.438259243965148926e-01 8.644120395183563232e-02
4.898749291896820068e-01 4.916379749774932861e-01 -3.209927305579185486e-02
4.983197748661041260e-01 4.978302419185638428e-01 -3.229292854666709900e-02
4.571459889411926270e-01 5.647385120391845703e-01 -3.625394776463508606e-03
4.604385495185852051e-01 5.650956630706787109e-01 -6.228113081306219101e-03
4.292135238647460938e-01 3.041297495365142822e-01 2.665990265086293221e-03
4.804419875144958496e-01 4.886806607246398926e-01 -3.101124428212642670e-02
4.738820493221282959e-01 3.150048851966857910e-01 -1.427333150058984756e-02
4.736142754554748535e-01 3.012395501136779785e-01 -1.601008512079715729e-02
4.648976922035217285e-01 2.521826326847076416e-01 5.143175832927227020e-03
4.203973412513732910e-01 2.989634275436401367e-01 2.017299272119998932e-02
4.703491926193237305e-01 2.809723615646362305e-01 -5.438673775643110275e-03
4.146479368209838867e-01 3.213457465171813965e-01 1.543204113841056824e-02
4.048536717891693115e-01 3.216609358787536621e-01 3.780755028128623962e-02
4.940547943115234375e-01 5.427352786064147949e-01 -3.506061062216758728e-02
4.804678857326507568e-01 5.449227094650268555e-01 -2.966256998479366302e-02
4.707183837890625000e-01 5.493366718292236328e-01 -2.211760915815830231e-02
4.920253753662109375e-01 4.952709376811981201e-01 -2.933180704712867737e-02
4.587890803813934326e-01 5.649856925010681152e-01 -4.979062825441360474e-03
4.619765877723693848e-01 5.776438117027282715e-01 -9.925564751029014587e-03
4.618448615074157715e-01 5.650799274444580078e-01 -6.347290705889463425e-03
4.966658949851989746e-01 4.860310852527618408e-01 -4.740735515952110291e-02
4.757688641548156738e-01 5.525558590888977051e-01 -1.814369857311248779e-02
4.848400056362152100e-01 5.504667162895202637e-01 -2.331475354731082916e-02
4.958772957324981689e-01 5.508643388748168945e-01 -2.681474387645721436e-02
4.851348400115966797e-01 6.280024051666259766e-01 -1.116523239761590958e-02
4.864857792854309082e-01 6.176226139068603516e-01 -2.221821434795856476e-02
4.878677129745483398e-01 6.111627221107482910e-01 -2.418341860175132751e-02
4.896469712257385254e-01 6.046524643898010254e-01 -2.196434512734413147e-02
4.915754497051239014e-01 5.995147228240966797e-01 -2.027156203985214233e-02
4.732683897018432617e-01 5.853717327117919922e-01 -1.323282159864902496e-02
4.705130457878112793e-01 5.868226289749145508e-01 -1.481932494789361954e-02
4.670771360397338867e-01 5.891519784927368164e-01 -1.646767929196357727e-02
4.643825888633728027e-01 5.920289158821105957e-01 -1.467782631516456604e-02
4.625679552555084229e-01 5.316643714904785156e-01 -1.897013746201992035e-02
3.743453025817871094e-01 4.558042883872985840e-01 1.045716479420661926e-01
5.172432661056518555e-01 5.024576783180236816e-01 -4.266618937253952026e-02
4.676397144794464111e-01 5.772676467895507812e-01 -8.702398277819156647e-03
4.647482633590698242e-01 5.772707462310791016e-01 -9.840011596679687500e-03
5.010915994644165039e-01 5.048507452011108398e-01 -3.291948884725570679e-02
4.827280938625335693e-01 4.993496835231781006e-01 -2.236793562769889832e-02
4.997923672199249268e-01 5.014258623123168945e-01 -3.284343704581260681e-02
4.719096720218658447e-01 4.362110495567321777e-01 -1.009998377412557602e-02
4.517651200294494629e-01 4.445679783821105957e-01 -8.853095583617687225e-03
4.783135950565338135e-01 4.793231785297393799e-01 -2.741522155702114105e-02
4.334669113159179688e-01 2.630438804626464844e-01 2.196541801095008850e-02
4.411936104297637939e-01 2.843998670578002930e-01 6.117051001638174057e-03
4.490869045257568359e-01 2.972706854343414307e-01 -7.527290377765893936e-03
4.588089287281036377e-01 5.990251302719116211e-01 -7.529844995588064194e-03
5.017680525779724121e-01 3.111495971679687500e-01 -1.902606897056102753e-02
4.993554353713989258e-01 2.851038277149200439e-01 -1.085331756621599197e-02
4.970716238021850586e-01 2.503702640533447266e-01 -3.094099462032318115e-03
4.366617798805236816e-01 3.895648717880249023e-01 5.809676367789506912e-03
4.057762324810028076e-01 4.030619561672210693e-01 1.930685527622699738e-02
4.873031973838806152e-01 3.889735639095306396e-01 4.620623309165239334e-03
4.235622286796569824e-01 3.551868200302124023e-01 1.109466888010501862e-02
4.947903156280517578e-01 4.180863499641418457e-01 -1.513504050672054291e-02
4.901649653911590576e-01 4.744856357574462891e-01 -4.731600359082221985e-02
3.936250209808349609e-01 4.146680831909179688e-01 2.987755648791790009e-02
4.129764735698699951e-01 4.159362316131591797e-01 8.932571858167648315e-03
4.280572831630706787e-01 4.240430891513824463e-01 -3.993325808551162481e-04
4.511950612068176270e-01 4.239248931407928467e-01 -3.281481796875596046e-03
4.686538875102996826e-01 4.187338352203369141e-01 -3.977085929363965988e-03
4.825440049171447754e-01 4.119290113449096680e-01 -5.326653830707073212e-03
5.132025480270385742e-01 3.975122869014739990e-01 -2.382109686732292175e-02
3.937422633171081543e-01 4.505005180835723877e-01 2.509126812219619751e-02
4.139716625213623047e-01 3.513911366462707520e-01 1.599947176873683929e-02
5.125501155853271484e-01 4.969227015972137451e-01 -5.720162019133567810e-02
4.854435920715332031e-01 4.452165365219116211e-01 -1.801504194736480713e-02
3.762201070785522461e-01 3.806720376014709473e-01 9.911824017763137817e-02
4.935565590858459473e-01 4.035751819610595703e-01 -5.681748036295175552e-03
4.763086438179016113e-01 4.802528619766235352e-01 -1.605493389070034027e-02
4.291394650936126709e-01 3.704333305358886719e-01 1.430541276931762695e-02
4.898934662342071533e-01 4.636223316192626953e-01 -4.273217171430587769e-02
3.770824968814849854e-01 4.977882206439971924e-01 9.841044247150421143e-02
4.885939359664916992e-01 3.830421864986419678e-01 7.687546778470277786e-03
5.008235573768615723e-01 4.546003639698028564e-01 -5.261428281664848328e-02
4.094638228416442871e-01 5.909156799316406250e-01 3.159740939736366272e-02
4.055916070938110352e-01 6.107788085937500000e-01 5.018764361739158630e-02
3.792542219161987305e-01 4.533340632915496826e-01 6.459025293588638306e-02
3.973346352577209473e-01 5.645958781242370605e-01 4.307034611701965332e-02
3.935484290122985840e-01 3.495260477066040039e-01 5.352200940251350403e-02
4.508146643638610840e-01 6.580191850662231445e-01 3.376255277544260025e-03
5.127692222595214844e-01 5.012336373329162598e-01 -4.221628606319427490e-02
4.735445380210876465e-01 4.563759565353393555e-01 -1.511127315461635590e-02
3.964317142963409424e-01 3.802527785301208496e-01 3.592929989099502563e-02
4.481035470962524414e-01 3.849731981754302979e-01 3.143028588965535164e-03
4.576819241046905518e-01 3.881111145019531250e-01 1.209097099490463734e-03
4.594655334949493408e-01 5.783677101135253906e-01 -8.518963120877742767e-03
3.942177295684814453e-01 4.853350520133972168e-01 2.770258486270904541e-02
4.694743156433105469e-01 6.864786148071289062e-01 8.653721772134304047e-03
4.343529939651489258e-01 6.553892493247985840e-01 2.637237496674060822e-02
4.206070899963378906e-01 6.366817355155944824e-01 3.669990971684455872e-02
5.314909219741821289e-01 2.911127805709838867e-01 -1.053806021809577942e-02
4.955393373966217041e-01 6.936060786247253418e-01 7.953782565891742706e-03
4.678424596786499023e-01 3.880628347396850586e-01 1.803427818231284618e-03
4.779159128665924072e-01 3.859383463859558105e-01 4.267018754035234451e-03
4.848012030124664307e-01 3.845569789409637451e-01 7.229514420032501221e-03
4.051148593425750732e-01 3.479490280151367188e-01 2.701099030673503876e-02
4.787414968013763428e-01 3.703218400478363037e-01 2.966364379972219467e-03
4.686397612094879150e-01 3.646399378776550293e-01 3.230284492019563913e-04
4.586471915245056152e-01 3.625026345252990723e-01 -9.887877240544185042e-05
4.485278725624084473e-01 3.634409904479980469e-01 1.708272495307028294e-03
4.419340789318084717e-01 3.662144839763641357e-01 4.644862841814756393e-03
3.831444382667541504e-01 3.424804806709289551e-01 8.306799829006195068e-02
4.421460628509521484e-01 3.808716237545013428e-01 6.180825177580118179e-03
5.146131515502929688e-01 5.206072926521301270e-01 -3.237489610910415649e-02
4.749818146228790283e-01 5.231824517250061035e-01 -2.432458661496639252e-02
4.904639124870300293e-01 4.885306358337402344e-01 -3.606981784105300903e-02
4.980565607547760010e-01 5.196567177772521973e-01 -3.256926313042640686e-02
5.257704854011535645e-01 3.725605309009552002e-01 -1.756329461932182312e-02
4.221298098564147949e-01 6.164112687110900879e-01 2.332553826272487640e-02
4.355624616146087646e-01 6.370259523391723633e-01 1.409718208014965057e-02
4.714422523975372314e-01 6.746325492858886719e-01 -5.283710546791553497e-03
3.941865563392639160e-01 5.822314023971557617e-01 6.839656084775924683e-02
4.857151508331298828e-01 3.778786659240722656e-01 5.791807081550359726e-03
5.036591887474060059e-01 4.235837757587432861e-01 -2.989481575787067413e-02
4.972727298736572266e-01 6.818361282348632812e-01 -5.768737755715847015e-03
4.500482678413391113e-01 6.727825403213500977e-01 1.528172940015792847e-02
3.811529278755187988e-01 4.920226037502288818e-01 6.177606806159019470e-02
4.812967181205749512e-01 5.932487845420837402e-01 -1.736319251358509064e-02
4.783613681793212891e-01 5.964852571487426758e-01 -1.904104277491569519e-02
4.755319952964782715e-01 6.012110710144042969e-01 -2.081184834241867065e-02
4.733671545982360840e-01 6.068224310874938965e-01 -1.913450658321380615e-02
4.695653915405273438e-01 6.152955293655395508e-01 -1.104983501136302948e-02
4.659942090511322021e-01 5.568577647209167480e-01 -1.271478179842233658e-02
4.632923901081085205e-01 5.557365417480468750e-01 -1.290911994874477386e-02
4.609907269477844238e-01 5.540351867675781250e-01 -1.307904813438653946e-02
4.525573849678039551e-01 5.446928739547729492e-01 -1.132732164114713669e-02
4.114166796207427979e-01 4.967809915542602539e-01 6.827871315181255341e-03
5.042212009429931641e-01 4.065550565719604492e-01 -1.861933991312980652e-02
4.987505078315734863e-01 3.693860769271850586e-01 1.483106287196278572e-03
4.910975098609924316e-01 3.713484704494476318e-01 4.646901972591876984e-03
4.681033790111541748e-01 5.569815635681152344e-01 -1.172106992453336716e-02
4.062630534172058105e-01 5.394826531410217285e-01 2.322299219667911530e-02
5.101322531700134277e-01 3.690137267112731934e-01 -1.180265937000513077e-02
4.625106751918792725e-01 6.264766454696655273e-01 -5.315855611115694046e-03
5.234290957450866699e-01 4.309623241424560547e-01 -4.906098917126655579e-02
5.130275487899780273e-01 4.157808125019073486e-01 -3.597045317292213440e-02
5.240035653114318848e-01 4.137857556343078613e-01 -3.745443373918533325e-02
4.933882057666778564e-01 4.493529498577117920e-01 -3.182864934206008911e-02
4.991925358772277832e-01 6.648849844932556152e-01 -1.047191210091114044e-02
5.008538961410522461e-01 6.466110944747924805e-01 -9.774457663297653198e-03
4.806419610977172852e-01 6.412299871444702148e-01 -9.128105826675891876e-03
4.399126172065734863e-01 5.855815410614013672e-01 2.170554362237453461e-03
4.649674296379089355e-01 4.924573004245758057e-01 -1.398510392755270004e-02
4.491113722324371338e-01 6.078654527664184570e-01 -1.149696647189557552e-03
4.389161467552185059e-01 4.854902327060699463e-01 -1.155586820095777512e-02
4.530749320983886719e-01 5.079762935638427734e-01 -1.299694087356328964e-02
4.274266362190246582e-01 5.121995210647583008e-01 -3.725089365616440773e-03
4.753291606903076172e-01 6.582276821136474609e-01 -9.603833779692649841e-03
4.850509166717529297e-01 4.586115777492523193e-01 -2.481429465115070343e-02
4.284634292125701904e-01 5.972565412521362305e-01 1.150773465633392334e-02
4.412353038787841797e-01 6.199464201927185059e-01 6.382550112903118134e-03
4.342716932296752930e-01 5.607346296310424805e-01 1.349025871604681015e-03
3.957541882991790771e-01 5.157524943351745605e-01 3.159267827868461609e-02
4.191235899925231934e-01 5.616402029991149902e-01 1.083996985107660294e-02
3.863961696624755859e-01 5.291249155998229980e-01 5.643594264984130859e-02
4.426016509532928467e-01 5.290574431419372559e-01 -8.343112654983997345e-03
4.947732388973236084e-01 4.341565072536468506e-01 -2.349095977842807770e-02
4.934855997562408447e-01 4.826234877109527588e-01 -4.968210309743881226e-02
4.855695366859436035e-01 4.867150783538818359e-01 -3.801262378692626953e-02
4.996298551559448242e-01 4.715406000614166260e-01 -5.690108984708786011e-02
4.908245801925659180e-01 3.495699167251586914e-01 -2.230765065178275108e-03
4.726015031337738037e-01 3.340339660644531250e-01 -5.231774412095546722e-03
4.559716582298278809e-01 3.293755948543548584e-01 -5.919758696109056473e-03
4.413436949253082275e-01 3.318536877632141113e-01 -2.892234595492482185e-03
4.303420484066009521e-01 3.398876786231994629e-01 2.922743558883666992e-03
4.198282659053802490e-01 3.738642930984497070e-01 1.825848035514354706e-02
3.795315623283386230e-01 4.168894886970520020e-01 6.367541849613189697e-02
4.261189699172973633e-01 4.003485441207885742e-01 8.815813809633255005e-03
4.375514090061187744e-01 4.070530533790588379e-01 3.047742648050189018e-03
4.532966911792755127e-01 4.092197418212890625e-01 -2.712850982788950205e-04
4.688654541969299316e-01 4.070425927639007568e-01 -1.031596446409821510e-03
4.816460907459259033e-01 4.022616446018218994e-01 2.504560397937893867e-04
4.908137321472167969e-01 3.973227143287658691e-01 4.454579320736229420e-04
3.743340969085693359e-01 4.176309406757354736e-01 1.055324450135231018e-01
4.848929047584533691e-01 4.916706085205078125e-01 -3.247324749827384949e-02
5.031832456588745117e-01 4.387820363044738770e-01 -3.977502509951591492e-02
5.018254518508911133e-01 4.842776954174041748e-01 -5.772200599312782288e-02
5.066664814949035645e-01 4.937010407447814941e-01 -5.285871401429176331e-02
5.012496709823608398e-01 4.873125255107879639e-01 -5.233457684516906738e-02
4.870621263980865479e-01 4.973293244838714600e-01 -2.832230553030967712e-02
5.089295506477355957e-01 4.954533278942108154e-01 -5.575113743543624878e-02
5.091210603713989258e-01 4.997381865978240967e-01 -4.244820028543472290e-02
4.926293790340423584e-01 3.835423886775970459e-01 6.516906898468732834e-03
4.985712170600891113e-01 3.882333040237426758e-01 3.195609606336802244e-04
5.024822950363159180e-01 3.908413052558898926e-01 -7.272555492818355560e-03
4.380300641059875488e-01 3.686510026454925537e-01 8.024845272302627563e-03
4.302578866481781006e-01 3.573962450027465820e-01 8.184253238141536713e-03
5.325259566307067871e-01 4.348673820495605469e-01 -4.419041052460670471e-02
6.009539365768432617e-01 3.992423415184020996e-01 2.495897933840751648e-02
5.276480317115783691e-01 5.000063180923461914e-01 -4.104865342378616333e-02
6.393955945968627930e-01 3.485529422760009766e-01 8.623836189508438110e-02
5.685485601425170898e-01 4.099268317222595215e-01 1.011397503316402435e-02
5.794101953506469727e-01 4.132086932659149170e-01 1.190731022506952286e-02
5.897955894470214844e-01 4.142578244209289551e-01 1.594091765582561493e-02
6.043263673782348633e-01 4.058922827243804932e-01 2.675495669245719910e-02
5.594601035118103027e-01 4.043706953525543213e-01 1.058524474501609802e-02
5.896905064582824707e-01 3.588521480560302734e-01 8.976394310593605042e-03
5.763601660728454590e-01 3.597656786441802979e-01 7.868729531764984131e-03
6.013363599777221680e-01 3.635390400886535645e-01 1.346452161669731140e-02
6.081196665763854980e-01 3.724679052829742432e-01 1.839835755527019501e-02
6.113198399543762207e-01 4.188897609710693359e-01 3.257200494408607483e-02
5.432811379432678223e-01 6.512091159820556641e-01 5.293456837534904480e-03
6.052146553993225098e-01 3.941254913806915283e-01 2.919999882578849792e-02
6.414315700531005859e-01 4.200538396835327148e-01 8.658390492200851440e-02
6.236544251441955566e-01 4.074057936668395996e-01 4.567402228713035583e-02
5.718795657157897949e-01 4.839481115341186523e-01 -3.820235840976238251e-03
5.251087546348571777e-01 5.408705472946166992e-01 -3.328777477145195007e-02
5.223547220230102539e-01 5.516016483306884766e-01 -2.889102511107921600e-02
5.387497544288635254e-01 5.478481650352478027e-01 -2.499940060079097748e-02
5.466622114181518555e-01 5.565544366836547852e-01 -1.473725214600563049e-02
5.330438017845153809e-01 5.549824833869934082e-01 -2.275664545595645905e-02
5.404697060585021973e-01 5.604711174964904785e-01 -1.339677721261978149e-02
5.565592646598815918e-01 5.963023304939270020e-01 5.800980143249034882e-03
5.289582014083862305e-01 4.902710318565368652e-01 -6.107952445745468140e-02
5.321955084800720215e-01 4.737924933433532715e-01 -6.388089060783386230e-02
6.229298114776611328e-01 3.585599064826965332e-01 2.466103807091712952e-02
5.527466535568237305e-01 4.379517138004302979e-01 -5.256905220448970795e-03
5.522490739822387695e-01 4.906400144100189209e-01 -3.061310760676860809e-02
5.536077618598937988e-01 4.817743003368377686e-01 -2.682641334831714630e-02
6.034650206565856934e-01 4.866304695606231689e-01 1.356609165668487549e-02
5.326901674270629883e-01 4.528150260448455811e-01 -5.605664104223251343e-02
6.015297770500183105e-01 3.353339433670043945e-01 3.520637750625610352e-03
6.150116920471191406e-01 3.434476852416992188e-01 1.367092411965131760e-02
6.321877837181091309e-01 3.174089193344116211e-01 6.408633291721343994e-02
5.523322224617004395e-01 3.461579084396362305e-01 -1.110189128667116165e-02
5.643182992935180664e-01 3.671067357063293457e-01 1.001014001667499542e-02
5.655764937400817871e-01 5.778208374977111816e-01 8.660893887281417847e-03
6.142159104347229004e-01 5.753917098045349121e-01 1.094279214739799500e-01
5.425646305084228516e-01 4.990975856781005859e-01 -2.753299474716186523e-02
5.337744951248168945e-01 5.028671622276306152e-01 -2.998401038348674774e-02
5.527135729789733887e-01 5.782173871994018555e-01 6.445930805057287216e-03
5.494123101234436035e-01 5.776081681251525879e-01 2.730111591517925262e-03
6.208529472351074219e-01 3.340129554271697998e-01 2.009514905512332916e-02
5.513138771057128906e-01 4.985782802104949951e-01 -2.471476234495639801e-02
5.817319154739379883e-01 3.348450660705566406e-01 -5.123761016875505447e-03
5.847368836402893066e-01 3.222522735595703125e-01 -6.671712733805179596e-03
5.952090620994567871e-01 2.728356420993804932e-01 1.774939522147178650e-02
6.261616349220275879e-01 3.289290368556976318e-01 3.918455541133880615e-02
5.885725021362304688e-01 2.989742755889892578e-01 5.143053364008665085e-03
6.289132237434387207e-01 3.531211316585540771e-01 3.545234724879264832e-02
6.338912248611450195e-01 3.548813462257385254e-01 5.932706594467163086e-02
5.240497589111328125e-01 5.467180013656616211e-01 -3.230620548129081726e-02
5.358983278274536133e-01 5.519157648086547852e-01 -2.438934147357940674e-02
5.437295436859130859e-01 5.587915778160095215e-01 -1.508766412734985352e-02
5.395286083221435547e-01 5.018927454948425293e-01 -2.550251595675945282e-02
5.510238409042358398e-01 5.780091881752014160e-01 4.375354852527379990e-03
5.469014644622802734e-01 5.894038081169128418e-01 -1.902302377857267857e-03
5.479212403297424316e-01 5.771468877792358398e-01 2.393991220742464066e-03
5.391182899475097656e-01 4.923271834850311279e-01 -4.302838072180747986e-02
5.379709601402282715e-01 5.608995556831359863e-01 -1.191348303109407425e-02
5.305701494216918945e-01 5.564053654670715332e-01 -1.868996396660804749e-02
5.207966566085815430e-01 5.541564226150512695e-01 -2.419203519821166992e-02
5.188122987747192383e-01 6.324812173843383789e-01 -8.696926757693290710e-03
5.202074050903320312e-01 6.222641468048095703e-01 -1.943071372807025909e-02
5.198662281036376953e-01 6.154086589813232422e-01 -2.130844257771968842e-02
5.188918113708496094e-01 6.084740757942199707e-01 -1.911921612918376923e-02
5.174403190612792969e-01 6.028336882591247559e-01 -1.755939982831478119e-02
5.354655981063842773e-01 5.937365889549255371e-01 -6.974252872169017792e-03
5.381706953048706055e-01 5.959585309028625488e-01 -8.518449962139129639e-03
5.412483215332031250e-01 5.993078947067260742e-01 -9.880942292511463165e-03
5.435348153114318848e-01 6.030481457710266113e-01 -7.682118099182844162e-03
5.578678846359252930e-01 5.448287129402160645e-01 -1.019088178873062134e-02
6.331278085708618164e-01 4.934625923633575439e-01 1.301877945661544800e-01
5.412799119949340820e-01 5.874289870262145996e-01 -9.809480980038642883e-04
5.442163348197937012e-01 5.882139205932617188e-01 -2.097442513331770897e-03
5.303556323051452637e-01 5.089418292045593262e-01 -3.060474060475826263e-02
5.463781356811523438e-01 5.081610083580017090e-01 -1.734906993806362152e-02
5.319928526878356934e-01 5.060304999351501465e-01 -3.060999698936939240e-02
5.633230805397033691e-01 4.494818449020385742e-01 -8.158131386153399944e-04
5.804311037063598633e-01 4.633045792579650879e-01 3.519202815368771553e-03
5.543388724327087402e-01 4.899850487709045410e-01 -2.055080421268939972e-02
6.189673542976379395e-01 2.916821241378784180e-01 3.975565358996391296e-02
6.123377084732055664e-01 3.097620010375976562e-01 2.148028090596199036e-02
6.061292290687561035e-01 3.235058188438415527e-01 6.435810122638940811e-03
5.472066402435302734e-01 6.104611754417419434e-01 4.505420220084488392e-04
5.580655336380004883e-01 3.248589634895324707e-01 -1.424631010740995407e-02
5.621981620788574219e-01 2.948850691318511963e-01 -5.314487498253583908e-03
5.677092671394348145e-01 2.617878913879394531e-01 3.316630143672227859e-03
5.987895727157592773e-01 4.121689796447753906e-01 2.160965837538242340e-02
6.214573383331298828e-01 4.330666065216064453e-01 3.918889537453651428e-02
5.534602403640747070e-01 3.991812467575073242e-01 1.192524190992116928e-02
6.166093349456787109e-01 3.823991417884826660e-01 2.933412790298461914e-02
5.462560653686523438e-01 4.256032705307006836e-01 -9.576465003192424774e-03
5.472109913825988770e-01 4.827572703361511230e-01 -4.210209101438522339e-02
6.325660943984985352e-01 4.495848715305328369e-01 5.221964046359062195e-02
6.135988235473632812e-01 4.442971646785736084e-01 2.777754515409469604e-02
5.995271205902099609e-01 4.487224221229553223e-01 1.580862514674663544e-02
5.790149569511413574e-01 4.424001872539520264e-01 9.259473532438278198e-03
5.643312931060791016e-01 4.327139258384704590e-01 5.655111279338598251e-03
5.535538792610168457e-01 4.231479167938232422e-01 1.874858979135751724e-03
5.346268415451049805e-01 4.007408320903778076e-01 -2.150871045887470245e-02
6.281801462173461914e-01 4.843302965164184570e-01 4.737145081162452698e-02
6.242440342903137207e-01 3.815352916717529297e-01 3.581285849213600159e-02
5.239133834838867188e-01 4.986197650432586670e-01 -5.605154857039451599e-02
5.510891079902648926e-01 4.545734524726867676e-01 -1.125559862703084946e-02
6.417416334152221680e-01 4.199940860271453857e-01 1.256984472274780273e-01
5.458045005798339844e-01 4.128747582435607910e-01 -6.936374120414257050e-05
5.546525716781616211e-01 4.912444353103637695e-01 -9.064262732863426208e-03
6.095492839813232422e-01 3.950912356376647949e-01 3.172712028026580811e-02
5.482015013694763184e-01 4.719103574752807617e-01 -3.738497197628021240e-02
6.259636282920837402e-01 5.330647230148315430e-01 1.228044554591178894e-01
5.537278652191162109e-01 3.930537402629852295e-01 1.530626974999904633e-02
5.410174727439880371e-01 4.603698551654815674e-01 -4.874939098954200745e-02
5.901860594749450684e-01 6.135097146034240723e-01 4.776665940880775452e-02
5.878208279609680176e-01 6.329072117805480957e-01 6.745914369821548462e-02
6.362767815589904785e-01 4.902675449848175049e-01 8.855713903903961182e-02
6.043607592582702637e-01 5.917791724205017090e-01 6.212478131055831909e-02
6.380511522293090820e-01 3.854256868362426758e-01 7.647152990102767944e-02
5.440078377723693848e-01 6.681364178657531738e-01 1.101546548306941986e-02
5.216723084449768066e-01 5.025581121444702148e-01 -4.153076931834220886e-02
5.597091913223266602e-01 4.687525629997253418e-01 -6.870222277939319611e-03
6.314963698387145996e-01 4.125398397445678711e-01 5.785518884658813477e-02
5.900447368621826172e-01 4.041464328765869141e-01 1.717949099838733673e-02
5.807139873504638672e-01 4.039085507392883301e-01 1.363312546163797379e-02
5.492847561836242676e-01 5.908861756324768066e-01 -2.426569881208706647e-05
6.221870779991149902e-01 5.175592899322509766e-01 4.922876134514808655e-02
5.213174223899841309e-01 6.918886899948120117e-01 1.313217356801033020e-02
5.569564700126647949e-01 6.683961749076843262e-01 3.742147982120513916e-02
5.715789794921875000e-01 6.536246538162231445e-01 5.068854987621307373e-02
5.714668631553649902e-01 4.012389183044433594e-01 1.238098181784152985e-02
5.626626014709472656e-01 3.973594307899475098e-01 1.333533041179180145e-02
5.566851496696472168e-01 3.951231837272644043e-01 1.535991672426462173e-02
6.309670209884643555e-01 3.799849748611450195e-01 4.830304905772209167e-02
5.652921795845031738e-01 3.824689090251922607e-01 1.224229577928781509e-02
5.756050944328308105e-01 3.783207535743713379e-01 1.115868240594863892e-02
5.855652689933776855e-01 3.782593011856079102e-01 1.251650694757699966e-02
5.948805809020996094e-01 3.819039463996887207e-01 1.598623022437095642e-02
6.002399921417236328e-01 3.869432806968688965e-01 2.000905387103557587e-02
6.426109075546264648e-01 3.809736371040344238e-01 1.088721677660942078e-01
5.964499711990356445e-01 4.021934866905212402e-01 2.133775688707828522e-02
5.493158698081970215e-01 5.334790349006652832e-01 -1.759693399071693420e-02
5.431545376777648926e-01 4.961299002170562744e-01 -3.153556212782859802e-02
5.302401185035705566e-01 5.242803096771240234e-01 -2.978173643350601196e-02
5.752626061439514160e-01 6.346346139907836914e-01 3.639936074614524841e-02
5.603209733963012695e-01 6.509602069854736328e-01 2.435557916760444641e-02
5.231013894081115723e-01 6.803948283195495605e-01 -1.196320517919957638e-03
6.009317040443420410e-01 6.090487241744995117e-01 8.883074671030044556e-02
5.574419498443603516e-01 3.887923359870910645e-01 1.410944201052188873e-02
5.399628281593322754e-01 4.288460612297058105e-01 -2.613486349582672119e-02
5.408857464790344238e-01 6.820033788681030273e-01 2.338802628219127655e-02
6.288986802101135254e-01 5.270053148269653320e-01 8.477376401424407959e-02
5.275745987892150879e-01 5.992289781570434570e-01 -1.260246429592370987e-02
5.301479697227478027e-01 6.033126115798950195e-01 -1.408414915204048157e-02
5.323722958564758301e-01 6.088470816612243652e-01 -1.557345129549503326e-02
5.337938666343688965e-01 6.152379512786865234e-01 -1.371144130825996399e-02
5.349960923194885254e-01 6.235954165458679199e-01 -5.153952632099390030e-03
5.458759069442749023e-01 5.678276419639587402e-01 -4.823186900466680527e-03
5.487198233604431152e-01 5.673351883888244629e-01 -4.268135409802198410e-03
5.514264106750488281e-01 5.661503076553344727e-01 -3.953887615352869034e-03
5.633446574211120605e-01 5.598965883255004883e-01 -5.079152178950607777e-04
6.069561839103698730e-01 5.241801738739013672e-01 2.504565939307212830e-02
5.403218865394592285e-01 4.119558930397033691e-01 -1.475854497402906418e-02
5.475396513938903809e-01 3.781313300132751465e-01 6.380189675837755203e-03
5.534696578979492188e-01 3.811658620834350586e-01 1.179769821465015411e-02
5.436843633651733398e-01 5.674290060997009277e-01 -3.926618490368127823e-03
6.027873754501342773e-01 5.659526586532592773e-01 4.141545668244361877e-02
5.383903980255126953e-01 3.757736682891845703e-01 -8.721954189240932465e-03
5.394667387008666992e-01 6.355933547019958496e-01 9.776983642950654030e-04
5.337200760841369629e-01 4.187669456005096436e-01 -3.397918865084648132e-02
5.454347729682922363e-01 4.568256139755249023e-01 -2.688011340796947479e-02
5.208985209465026855e-01 6.460421085357666016e-01 -6.212378386408090591e-03
5.662403106689453125e-01 6.020308136940002441e-01 1.318528875708580017e-02
5.622138977050781250e-01 5.061007142066955566e-01 -5.406580865383148193e-03
5.543051958084106445e-01 6.208975315093994141e-01 7.543662562966346741e-03
5.861545801162719727e-01 5.063920021057128906e-01 1.767958863638341427e-03
5.699998140335083008e-01 5.243368744850158691e-01 -2.414148533716797829e-03
5.910991430282592773e-01 5.348375439643859863e-01 1.132955215871334076e-02
5.230791568756103516e-01 6.638543009757995605e-01 -5.792993120849132538e-03
5.504952669143676758e-01 4.677835702896118164e-01 -1.862981356680393219e-02
5.740213394165039062e-01 6.154249310493469238e-01 2.394097670912742615e-02
5.590528249740600586e-01 6.339174509048461914e-01 1.594362035393714905e-02
5.759490728378295898e-01 5.798625349998474121e-01 1.463871914893388748e-02
6.153692007064819336e-01 5.461003780364990234e-01 5.203556641936302185e-02
5.885154008865356445e-01 5.839014649391174316e-01 2.614842541515827179e-02
6.187943220138549805e-01 5.610954761505126953e-01 7.831140607595443726e-02
5.749222636222839355e-01 5.473456978797912598e-01 4.008498974144458771e-03
5.452228784561157227e-01 4.414789676666259766e-01 -1.811790466308593750e-02
5.429770350456237793e-01 4.898579716682434082e-01 -4.495347663760185242e-02
5.481584668159484863e-01 4.956218004226684570e-01 -3.261211514472961426e-02
5.404719710350036621e-01 4.775325953960418701e-01 -5.332379043102264404e-02
5.585558414459228516e-01 3.611851930618286133e-01 4.450237844139337540e-03
5.782923698425292969e-01 3.506031632423400879e-01 4.466918762773275375e-03
5.946405529975891113e-01 3.502485752105712891e-01 6.852333899587392807e-03
6.069973707199096680e-01 3.561810851097106934e-01 1.254448480904102325e-02
6.144788861274719238e-01 3.665303289890289307e-01 2.016778662800788879e-02
6.154835224151611328e-01 4.009763598442077637e-01 3.675301745533943176e-02
6.405643224716186523e-01 4.549782872200012207e-01 8.833025395870208740e-02
6.052851676940917969e-01 4.255600869655609131e-01 2.591813728213310242e-02
5.939012765884399414e-01 4.292227625846862793e-01 1.802310720086097717e-02
5.795822143554687500e-01 4.265862703323364258e-01 1.214974373579025269e-02
5.661770701408386230e-01 4.202978014945983887e-01 8.855652064085006714e-03
5.558873414993286133e-01 4.131366610527038574e-01 7.727787829935550690e-03
5.489093065261840820e-01 4.065818786621093750e-01 6.547843571752309799e-03
6.377037763595581055e-01 4.564805924892425537e-01 1.320373415946960449e-01
5.470278263092041016e-01 5.003553032875061035e-01 -2.713824994862079620e-02
5.396913886070251465e-01 4.440366923809051514e-01 -3.592036664485931396e-02
5.362727046012878418e-01 4.893604218959808350e-01 -5.471861734986305237e-02
5.290678143501281738e-01 4.970747530460357666e-01 -5.112012848258018494e-02
5.352735519409179688e-01 4.924519360065460205e-01 -4.924917221069335938e-02
5.434069633483886719e-01 5.050602555274963379e-01 -2.382272481918334961e-02
5.272310376167297363e-01 4.981724917888641357e-01 -5.433588474988937378e-02
5.250858068466186523e-01 5.020557641983032227e-01 -4.125819727778434753e-02
5.498247742652893066e-01 3.929288983345031738e-01 1.290351059287786484e-02
5.439851284027099609e-01 3.962695598602294922e-01 5.177005194127559662e-03
5.405151247978210449e-01 3.986667990684509277e-01 -3.311189357191324234e-03
6.031107306480407715e-01 3.907771408557891846e-01 2.401698008179664612e-02
6.113805770874023438e-01 3.824602961540222168e-01 2.514320984482765198e-02
4.580361545085906982e-01 3.739501237869262695e-01 4.787048324942588806e-03
4.698934853076934814e-01 3.752312064170837402e-01 4.787048324942588806e-03
4.591906070709228516e-01 3.595777451992034912e-01 4.787048324942588806e-03
4.460068345069885254e-01 3.726078867912292480e-01 4.787048324942588806e-03
4.568127095699310303e-01 3.880881667137145996e-01 4.787048324942588806e-03
5.815600156784057617e-01 3.910908997058868408e-01 1.704569160938262939e-02
5.932651162147521973e-01 3.926990032196044922e-01 1.704569160938262939e-02
5.826762914657592773e-01 3.761578202247619629e-01 1.704569160938262939e-02
5.698024630546569824e-01 3.893919885158538818e-01 1.704569160938262939e-02
5.804792046546936035e-01 4.059856534004211426e-01 1.704569160938262939e-02
