5.036794543266296387e-01 5.358924269676208496e-01 -3.580480441451072693e-02
5.134877562522888184e-01 4.787249565124511719e-01 -6.164484098553657532e-02
5.101917386054992676e-01 4.962873458862304688e-01 -3.369523584842681885e-02
5.071110725402832031e-01 4.215823709964752197e-01 -4.513164237141609192e-02
5.151592493057250977e-01 4.613201320171356201e-01 -6.494246423244476318e-02
5.164659023284912109e-01 4.389527142047882080e-01 -5.949853360652923584e-02
5.188991427421569824e-01 3.849239349365234375e-01 -2.583984844386577606e-02
4.345067441463470459e-01 3.683754503726959229e-01 1.183479465544223785e-02
5.219044089317321777e-01 3.382898569107055664e-01 -1.574222929775714874e-02
5.238020420074462891e-01 3.152894079685211182e-01 -1.667715795338153839e-02
5.289630889892578125e-01 2.419448345899581909e-01 -8.429584559053182602e-04
5.033282637596130371e-01 5.406436920166015625e-01 -3.468805924057960510e-02
5.029001832008361816e-01 5.452129840850830078e-01 -3.118075802922248840e-02
5.026608705520629883e-01 5.480035543441772461e-01 -2.617036178708076477e-02
5.013435482978820801e-01 5.688149929046630859e-01 -2.261878363788127899e-02
5.009376406669616699e-01 5.760998129844665527e-01 -2.444326691329479218e-02
5.002694129943847656e-01 5.851601362228393555e-01 -2.679293416440486908e-02
4.995931684970855713e-01 5.939170122146606445e-01 -2.484947815537452698e-02
4.986760020256042480e-01 6.118229627609252930e-01 -1.409086026251316071e-02
5.121642351150512695e-01 4.877265393733978271e-01 -5.608745291829109192e-02
5.009879469871520996e-01 4.863094687461853027e-01 -4.138673096895217896e-02
3.926381468772888184e-01 2.986417412757873535e-01 6.591100245714187622e-02
4.642594158649444580e-01 3.879734277725219727e-01 1.592799555510282516e-03
4.523949325084686279e-01 3.880094289779663086e-01 1.626694924198091030e-03
4.414734244346618652e-01 3.852708041667938232e-01 4.115521442145109177e-03
4.284694492816925049e-01 3.737155497074127197e-01 1.282992679625749588e-02
4.749932289123535156e-01 3.844959139823913574e-01 4.118341486901044846e-03
4.549635648727416992e-01 3.315441608428955078e-01 -1.412634621374309063e-03
4.678822457790374756e-01 3.356089293956756592e-01 -2.503521391190588474e-04
4.421918392181396484e-01 3.334431052207946777e-01 1.330237253569066525e-03
4.330362379550933838e-01 3.402985930442810059e-01 5.144577473402023315e-03
4.164675772190093994e-01 3.828292191028594971e-01 1.755330152809619904e-02
4.525601863861083984e-01 6.242437958717346191e-01 -4.522481001913547516e-03
4.310230612754821777e-01 3.627259731292724609e-01 1.546542719006538391e-02
3.802980780601501465e-01 3.698857426643371582e-01 6.625091284513473511e-02
4.041249155998229980e-01 3.679102957248687744e-01 2.885894849896430969e-02
4.529634714126586914e-01 4.570429027080535889e-01 -1.271299086511135101e-02
4.900213778018951416e-01 5.306067466735839844e-01 -3.525890037417411804e-02
4.908349215984344482e-01 5.428368449211120605e-01 -3.055811487138271332e-02
4.763543903827667236e-01 5.339547395706176758e-01 -2.991425991058349609e-02
4.673185944557189941e-01 5.389697551727294922e-01 -2.230678871273994446e-02
4.804562926292419434e-01 5.427287220954895020e-01 -2.696187794208526611e-02
4.724257886409759521e-01 5.444126725196838379e-01 -1.979351788759231567e-02
4.480686783790588379e-01 5.681815743446350098e-01 -5.371201783418655396e-03
5.039923191070556641e-01 4.769394397735595703e-01 -6.119511276483535767e-02
5.038588047027587891e-01 4.600199162960052490e-01 -6.423803418874740601e-02
4.188755154609680176e-01 3.212649226188659668e-01 9.012343361973762512e-03
4.798053801059722900e-01 4.177091419696807861e-01 -1.077443547546863556e-02
4.766877889633178711e-01 4.702150821685791016e-01 -3.526617586612701416e-02
4.759059548377990723e-01 4.612153768539428711e-01 -3.173001855611801147e-02
4.176397323608398438e-01 4.501348137855529785e-01 -8.653032709844410419e-04
5.056497454643249512e-01 4.392889738082885742e-01 -5.686945095658302307e-02
4.501643180847167969e-01 3.037911653518676758e-01 -7.181279361248016357e-03
4.326435923576354980e-01 3.086485266685485840e-01 2.345952962059527636e-04
4.086928367614746094e-01 2.707319557666778564e-01 4.617133736610412598e-02
4.994156956672668457e-01 3.283852338790893555e-01 -1.393638923764228821e-02
4.783390164375305176e-01 3.456624746322631836e-01 3.484782064333558083e-03
4.416880607604980469e-01 5.491790175437927246e-01 -3.652934450656175613e-03
3.795189857482910156e-01 5.311035513877868652e-01 8.872836083173751831e-02
4.844990074634552002e-01 4.810795485973358154e-01 -3.059661760926246643e-02
4.929063916206359863e-01 4.872182011604309082e-01 -3.090092353522777557e-02
4.566849768161773682e-01 5.502687096595764160e-01 -4.553826991468667984e-03
4.598757922649383545e-01 5.503818392753601074e-01 -7.367152720689773560e-03
4.274639785289764404e-01 2.967991232872009277e-01 5.755523219704627991e-03
4.751463532447814941e-01 4.782242476940155029e-01 -2.929439023137092590e-02
4.719585776329040527e-01 3.086992502212524414e-01 -1.207522582262754440e-02
4.720007181167602539e-01 2.946141064167022705e-01 -1.382645498961210251e-02
4.612189829349517822e-01 2.393061220645904541e-01 8.055319078266620636e-03
4.166677296161651611e-01 2.860526740550994873e-01 2.318120934069156647e-02
4.658595621585845947e-01 2.690173387527465820e-01 -3.363105701282620430e-03
4.122992455959320068e-01 3.131041526794433594e-01 1.876563765108585358e-02
4.014679789543151855e-01 3.085796535015106201e-01 4.108669608831405640e-02
4.901013672351837158e-01 5.374419093132019043e-01 -3.425515443086624146e-02
4.783207774162292480e-01 5.388319492340087891e-01 -2.901592105627059937e-02
4.697327911853790283e-01 5.419260263442993164e-01 -2.200467512011528015e-02
4.867101907730102539e-01 4.847181141376495361e-01 -2.783888205885887146e-02
4.583081603050231934e-01 5.503723621368408203e-01 -5.991871934384107590e-03
4.624333977699279785e-01 5.569810867309570312e-01 -1.181578915566205978e-02
4.614094793796539307e-01 5.504155158996582031e-01 -7.524717133492231369e-03
4.909401535987854004e-01 4.754058718681335449e-01 -4.582528397440910339e-02
4.745824038982391357e-01 5.457863211631774902e-01 -1.795187592506408691e-02
4.822870790958404541e-01 5.448135137557983398e-01 -2.259774319827556610e-02
4.917684495449066162e-01 5.456922650337219238e-01 -2.590315602719783783e-02
4.825880825519561768e-01 6.081436872482299805e-01 -1.468648295849561691e-02
4.846562743186950684e-01 5.892292857170104980e-01 -2.520202472805976868e-02
4.862360358238220215e-01 5.807539224624633789e-01 -2.666523307561874390e-02
4.882696568965911865e-01 5.719981789588928223e-01 -2.411139570176601410e-02
4.902584552764892578e-01 5.655856132507324219e-01 -2.232164889574050903e-02
4.738804996013641357e-01 5.575275421142578125e-01 -1.521957479417324066e-02
4.709003269672393799e-01 5.602224469184875488e-01 -1.697939075529575348e-02
4.673719108104705811e-01 5.642107129096984863e-01 -1.886824890971183777e-02
4.643858969211578369e-01 5.686464309692382812e-01 -1.715853810310363770e-02
4.579564630985260010e-01 5.206226706504821777e-01 -1.862708665430545807e-02
3.711105585098266602e-01 4.431618452072143555e-01 1.079193130135536194e-01
5.111963152885437012e-01 4.917813539505004883e-01 -4.141652211546897888e-02
4.684395492076873779e-01 5.542544126510620117e-01 -1.048305910080671310e-02
4.654797315597534180e-01 5.554065704345703125e-01 -1.170986052602529526e-02
4.955559670925140381e-01 4.941723942756652832e-01 -3.174576163291931152e-02
4.776414036750793457e-01 4.889492392539978027e-01 -2.099253237247467041e-02
4.943147599697113037e-01 4.907685518264770508e-01 -3.150791302323341370e-02
4.665146470069885254e-01 4.258058369159698486e-01 -8.355621248483657837e-03
4.464330971240997314e-01 4.341799318790435791e-01 -6.636460777372121811e-03
4.730070233345031738e-01 4.688817858695983887e-01 -2.571618370711803436e-02
4.305166304111480713e-01 2.500545978546142578e-01 2.538357488811016083e-02
4.371225833892822266e-01 2.719381451606750488e-01 8.727363310754299164e-03
4.477832913398742676e-01 2.901484966278076172e-01 -4.918804392218589783e-03
4.562213718891143799e-01 5.829457044601440430e-01 -9.914129972457885742e-03
4.992433488368988037e-01 3.046613931655883789e-01 -1.738938130438327789e-02
4.946322441101074219e-01 2.733153104782104492e-01 -9.419484063982963562e-03
4.929199814796447754e-01 2.374630421400070190e-01 -8.671191753819584846e-04
4.327641427516937256e-01 3.807596266269683838e-01 8.509834297001361847e-03
4.016775190830230713e-01 3.929469883441925049e-01 2.254434674978256226e-02
4.824047684669494629e-01 3.806053400039672852e-01 6.342686712741851807e-03
4.202463626861572266e-01 3.471080660820007324e-01 1.401892863214015961e-02
4.891565442085266113e-01 4.076173603534698486e-01 -1.373662147670984268e-02
4.844134747982025146e-01 4.639252424240112305e-01 -4.565162211656570435e-02
3.891745507717132568e-01 4.033167362213134766e-01 3.340187296271324158e-02
4.086939394474029541e-01 4.059806466102600098e-01 1.192712131887674332e-02
4.234265685081481934e-01 4.142782092094421387e-01 2.137363655492663383e-03
4.463557600975036621e-01 4.148162305355072021e-01 -1.111710560508072376e-03
4.637318849563598633e-01 4.101660549640655518e-01 -2.228127559646964073e-03
4.773648381233215332e-01 4.037038683891296387e-01 -3.841011086478829384e-03
5.073311924934387207e-01 3.872394859790802002e-01 -2.256358414888381958e-02
3.889518082141876221e-01 4.395602941513061523e-01 2.847514487802982330e-02
4.108390212059020996e-01 3.428638577461242676e-01 1.913055405020713806e-02
5.064716935157775879e-01 4.862965643405914307e-01 -5.587260425090789795e-02
4.800018966197967529e-01 4.347579777240753174e-01 -1.651128567755222321e-02
3.745464384555816650e-01 3.678985834121704102e-01 1.031167358160018921e-01
4.882228374481201172e-01 3.956709206104278564e-01 -4.255425650626420975e-03
4.711601436138153076e-01 4.699274003505706787e-01 -1.460293866693973541e-02
4.255063235759735107e-01 3.623793721199035645e-01 1.721295155584812164e-02
4.841240644454956055e-01 4.531432986259460449e-01 -4.108710587024688721e-02
3.732282519340515137e-01 4.853111505508422852e-01 1.012456715106964111e-01
4.837044775485992432e-01 3.746466636657714844e-01 9.500544518232345581e-03
4.947426617145538330e-01 4.440372288227081299e-01 -5.109317600727081299e-02
4.046857953071594238e-01 5.775858163833618164e-01 3.179238364100456238e-02
4.014608561992645264e-01 5.968927145004272461e-01 5.042691901326179504e-02
3.750960528850555420e-01 4.415870606899261475e-01 6.822909414768218994e-02
3.920497894287109375e-01 5.519021749496459961e-01 4.458061233162879944e-02
3.904452025890350342e-01 3.369254469871520996e-01 5.700864270329475403e-02
4.481655359268188477e-01 6.405990123748779297e-01 9.239639621227979660e-04
5.068219304084777832e-01 4.905607700347900391e-01 -4.091630503535270691e-02
4.682453572750091553e-01 4.459952116012573242e-01 -1.351065188646316528e-02
3.924641013145446777e-01 3.698707520961761475e-01 3.940903767943382263e-02
4.444855451583862305e-01 3.759586811065673828e-01 5.629141815006732941e-03
4.539225995540618896e-01 3.787682950496673584e-01 3.495220327749848366e-03
4.596049487590789795e-01 5.588253736495971680e-01 -1.028961781412363052e-02
3.892458975315093994e-01 4.742183387279510498e-01 3.070668689906597137e-02
4.675428271293640137e-01 6.677446961402893066e-01 5.304668098688125610e-03
4.321210384368896484e-01 6.390442848205566406e-01 2.451431006193161011e-02
4.175927639007568359e-01 6.216523647308349609e-01 3.574554622173309326e-02
5.264892578125000000e-01 2.793849706649780273e-01 -9.651944972574710846e-03
4.929711818695068359e-01 6.745096445083618164e-01 3.971123602241277695e-03
4.638282954692840576e-01 3.787713050842285156e-01 3.898001974448561668e-03
4.735844731330871582e-01 3.769597709178924561e-01 6.258712615817785263e-03
4.801687598228454590e-01 3.759674429893493652e-01 9.123725816607475281e-03
4.019774198532104492e-01 3.384141921997070312e-01 3.036046028137207031e-02
4.742795228958129883e-01 3.595634996891021729e-01 4.945555701851844788e-03
4.646154046058654785e-01 3.525992035865783691e-01 2.658603945747017860e-03
4.547641575336456299e-01 3.503050804138183594e-01 2.437368733808398247e-03
4.446529150009155273e-01 3.520781695842742920e-01 4.373173229396343231e-03
4.380211234092712402e-01 3.561698794364929199e-01 7.385709788650274277e-03
3.817500472068786621e-01 3.294695615768432617e-01 8.714602142572402954e-02
4.384527504444122314e-01 3.722042441368103027e-01 8.877287618815898895e-03
5.086090564727783203e-01 5.100651979446411133e-01 -3.159067407250404358e-02
4.701189994812011719e-01 5.124689936637878418e-01 -2.349525131285190582e-02
4.850236177444458008e-01 4.779256284236907959e-01 -3.447967395186424255e-02
4.926718771457672119e-01 5.091585516929626465e-01 -3.173669800162315369e-02
5.200524926185607910e-01 3.623774647712707520e-01 -1.649416610598564148e-02
4.183295071125030518e-01 6.019107699394226074e-01 2.231784537434577942e-02
4.323979020118713379e-01 6.211308240890502930e-01 1.231493242084980011e-02
4.686669111251831055e-01 6.561456322669982910e-01 -8.450271561741828918e-03
3.895230293273925781e-01 5.689235329627990723e-01 6.992502510547637939e-02
4.809109568595886230e-01 3.687185049057006836e-01 7.673147600144147873e-03
4.978356063365936279e-01 4.130775034427642822e-01 -2.859061397612094879e-02
4.940920472145080566e-01 6.628450155258178711e-01 -9.544169530272483826e-03
4.482222199440002441e-01 6.550745964050292969e-01 1.262778323143720627e-02
3.766208887100219727e-01 4.802043735980987549e-01 6.501736491918563843e-02
4.811625480651855469e-01 5.614952445030212402e-01 -1.931670680642127991e-02
4.782133400440216064e-01 5.660671591758728027e-01 -2.122012525796890259e-02
4.751848280429840088e-01 5.726619958877563477e-01 -2.334102988243103027e-02
4.727693200111389160e-01 5.801530480384826660e-01 -2.197110094130039215e-02
4.673642218112945557e-01 5.970942378044128418e-01 -1.399765629321336746e-02
4.659071266651153564e-01 5.471261143684387207e-01 -1.319317892193794250e-02
4.631361365318298340e-01 5.458221435546875000e-01 -1.340148504823446274e-02
4.608780443668365479e-01 5.441023111343383789e-01 -1.351849641650915146e-02
4.482578635215759277e-01 5.332151651382446289e-01 -1.153670530766248703e-02
4.060015380382537842e-01 4.857390224933624268e-01 9.170075878500938416e-03
4.984663426876068115e-01 3.961389064788818359e-01 -1.725993491709232330e-02
4.941818714141845703e-01 3.612288236618041992e-01 2.898956183344125748e-03
4.864456057548522949e-01 3.625113666057586670e-01 6.387158297002315521e-03
4.682408571243286133e-01 5.478135943412780762e-01 -1.217055693268775940e-02
4.010076522827148438e-01 5.275230407714843750e-01 2.473503351211547852e-02
5.053359270095825195e-01 3.614516258239746094e-01 -1.044609025120735168e-02
4.595768749713897705e-01 6.095464229583740234e-01 -8.283436298370361328e-03
5.172781944274902344e-01 4.205192327499389648e-01 -4.796083644032478333e-02
5.070509314537048340e-01 4.053747653961181641e-01 -3.477015346288681030e-02
5.180194973945617676e-01 4.034806191921234131e-01 -3.646389022469520569e-02
4.876742362976074219e-01 4.388389885425567627e-01 -3.032808750867843628e-02
4.957092404365539551e-01 6.461952924728393555e-01 -1.454696245491504669e-02
4.973117709159851074e-01 6.273992657661437988e-01 -1.375371310859918594e-02
4.776135087013244629e-01 6.226770877838134766e-01 -1.279677078127861023e-02
4.360670447349548340e-01 5.721530914306640625e-01 6.840060232207179070e-04
4.597969055175781250e-01 4.818424880504608154e-01 -1.279467716813087463e-02
4.459049701690673828e-01 5.928122401237487793e-01 -3.516517346724867821e-03
4.334030449390411377e-01 4.745802581310272217e-01 -9.998952969908714294e-03
4.478289484977722168e-01 4.969353675842285156e-01 -1.224875077605247498e-02
4.218075275421142578e-01 5.009076595306396484e-01 -2.569730160757899284e-03
4.722100198268890381e-01 6.401084661483764648e-01 -1.308194547891616821e-02
4.795808196067810059e-01 4.481717348098754883e-01 -2.325439825654029846e-02
4.245628118515014648e-01 5.834231972694396973e-01 1.031663268804550171e-02
4.378947913646697998e-01 6.046573519706726074e-01 4.281690344214439392e-03
4.296558499336242676e-01 5.486124157905578613e-01 9.466282208450138569e-04
3.906346559524536133e-01 5.042119026184082031e-01 3.402822464704513550e-02
4.142580330371856689e-01 5.491923093795776367e-01 1.099586114287376404e-02
3.813613057136535645e-01 5.169460773468017578e-01 5.909100919961929321e-02
4.374738931655883789e-01 5.178207159042358398e-01 -7.936380803585052490e-03
4.891307353973388672e-01 4.236578345298767090e-01 -2.207726798951625824e-02
4.877602159976959229e-01 4.720122516155242920e-01 -4.805662482976913452e-02
4.801260828971862793e-01 4.761341512203216553e-01 -3.632897511124610901e-02
4.936028122901916504e-01 4.609789252281188965e-01 -5.533155053853988647e-02
4.871997535228729248e-01 3.418180644512176514e-01 -6.946969660930335522e-04
4.696723520755767822e-01 3.262048959732055664e-01 -3.250427776947617531e-03
4.533035159111022949e-01 3.215453028678894043e-01 -3.482847241684794426e-03
4.386324882507324219e-01 3.240903019905090332e-01 -1.633580395719036460e-04
4.274239540100097656e-01 3.322514295578002930e-01 5.704830400645732880e-03
4.161521792411804199e-01 3.650631904602050781e-01 2.134931832551956177e-02
3.758282661437988281e-01 4.049503505229949951e-01 6.743577122688293457e-02
4.220728278160095215e-01 3.910555541515350342e-01 1.162695232778787613e-02
4.333910942077636719e-01 3.975914120674133301e-01 5.526647903025150299e-03
4.489582777023315430e-01 3.999789357185363770e-01 1.849685562774538994e-03
4.642724394798278809e-01 3.981658220291137695e-01 6.547852535732090473e-04
4.766850471496582031e-01 3.937432169914245605e-01 1.827238011173903942e-03
4.856319427490234375e-01 3.890457749366760254e-01 1.900054630823433399e-03
3.719508051872253418e-01 4.049288630485534668e-01 1.092500910162925720e-01
4.795338511466979980e-01 4.811625778675079346e-01 -3.081501089036464691e-02
4.971947669982910156e-01 4.282242655754089355e-01 -3.834839165210723877e-02
4.958490729331970215e-01 4.736973941326141357e-01 -5.626646429300308228e-02
5.007552504539489746e-01 4.830933511257171631e-01 -5.149469152092933655e-02
4.954066574573516846e-01 4.767120778560638428e-01 -5.087853223085403442e-02
4.818533658981323242e-01 4.868372380733489990e-01 -2.682949602603912354e-02
5.029270648956298828e-01 4.848278760910034180e-01 -5.442039668560028076e-02
5.032908916473388672e-01 4.890992641448974609e-01 -4.111132398247718811e-02
4.876252412796020508e-01 3.753710985183715820e-01 8.201051503419876099e-03
4.933530986309051514e-01 3.801320493221282959e-01 1.747059752233326435e-03
4.971770048141479492e-01 3.830755054950714111e-01 -5.856808740645647049e-03
4.341812431812286377e-01 3.595927059650421143e-01 1.085575670003890991e-02
4.268306195735931396e-01 3.494046032428741455e-01 1.098206173628568649e-02
5.265141725540161133e-01 4.244760274887084961e-01 -4.332368075847625732e-02
5.949285626411437988e-01 3.861495256423950195e-01 2.403424307703971863e-02
5.214663743972778320e-01 4.893350899219512939e-01 -3.998579457402229309e-02
6.348799467086791992e-01 3.363505601882934570e-01 8.464020490646362305e-02
5.623713731765747070e-01 3.985568284988403320e-01 9.552106261253356934e-03
5.728923082351684570e-01 4.012191295623779297e-01 1.118452847003936768e-02
5.831730961799621582e-01 4.021782875061035156e-01 1.512768026441335678e-02
5.983068943023681641e-01 3.934668898582458496e-01 2.570716664195060730e-02
5.538467764854431152e-01 3.937604427337646484e-01 1.038638129830360413e-02
5.832039117813110352e-01 3.463000655174255371e-01 8.567948825657367706e-03
5.702666044235229492e-01 3.477522134780883789e-01 7.620137650519609451e-03
5.946471095085144043e-01 3.507795929908752441e-01 1.283655781298875809e-02
6.013965606689453125e-01 3.596913814544677734e-01 1.753475517034530640e-02
6.049209833145141602e-01 4.077079296112060547e-01 3.138880804181098938e-02
5.391862392425537109e-01 6.354116797447204590e-01 1.116803614422678947e-03
5.994373559951782227e-01 3.808957040309906006e-01 2.819317579269409180e-02
6.373858451843261719e-01 4.087559878826141357e-01 8.459592610597610474e-02
6.180489659309387207e-01 3.974302411079406738e-01 4.433484002947807312e-02
5.667693614959716797e-01 4.741707146167755127e-01 -4.342279862612485886e-03
5.176219940185546875e-01 5.345892310142517090e-01 -3.297093883156776428e-02
5.147109031677246094e-01 5.463288426399230957e-01 -2.843076921999454498e-02
5.299074649810791016e-01 5.417155623435974121e-01 -2.523295581340789795e-02
5.372535586357116699e-01 5.490635633468627930e-01 -1.598531194031238556e-02
5.243915915489196777e-01 5.491347312927246094e-01 -2.289969660341739655e-02
5.314399600028991699e-01 5.530676841735839844e-01 -1.440475694835186005e-02
5.513663291931152344e-01 5.830150842666625977e-01 2.380318706855177879e-03
5.226087570190429688e-01 4.797192811965942383e-01 -6.003703922033309937e-02
5.258311033248901367e-01 4.632656872272491455e-01 -6.288048624992370605e-02
6.162697076797485352e-01 3.489814102649688721e-01 2.363766729831695557e-02
5.476237535476684570e-01 4.278602004051208496e-01 -5.232502706348896027e-03
5.461432933807373047e-01 4.804180860519409180e-01 -3.001162968575954437e-02
5.476985573768615723e-01 4.716732800006866455e-01 -2.631763368844985962e-02
5.991610288619995117e-01 4.775242507457733154e-01 1.244963519275188446e-02
5.264753699302673340e-01 4.423295855522155762e-01 -5.510730668902397156e-02
5.938176512718200684e-01 3.255956768989562988e-01 3.152092220261693001e-03
6.077252626419067383e-01 3.337633609771728516e-01 1.302775647491216660e-02
6.275311112403869629e-01 3.053202629089355469e-01 6.289637088775634766e-02
5.454817414283752441e-01 3.378690481185913086e-01 -1.042762584984302521e-02
5.587487220764160156e-01 3.557895421981811523e-01 9.920595213770866394e-03
5.605700016021728516e-01 5.667356848716735840e-01 5.781349260360002518e-03
6.131928563117980957e-01 5.657184720039367676e-01 1.066904366016387939e-01
5.363891124725341797e-01 4.887388646602630615e-01 -2.680796012282371521e-02
5.275992155075073242e-01 4.923163056373596191e-01 -2.897895872592926025e-02
5.449197888374328613e-01 5.634522438049316406e-01 3.627722617238759995e-03
5.418793559074401855e-01 5.626888275146484375e-01 -5.598599091172218323e-05
6.140617728233337402e-01 3.250927329063415527e-01 1.923826895654201508e-02
5.452949404716491699e-01 4.884506762027740479e-01 -2.413309551775455475e-02
5.739277601242065430e-01 3.256766200065612793e-01 -5.005198065191507339e-03
5.770841836929321289e-01 3.132719695568084717e-01 -6.574885919690132141e-03
5.906511545181274414e-01 2.603924274444580078e-01 1.769942790269851685e-02
6.210800409317016602e-01 3.177600502967834473e-01 3.786248341202735901e-02
5.834919214248657227e-01 2.879160642623901367e-01 4.857467021793127060e-03
6.229377985000610352e-01 3.444812297821044922e-01 3.421695530414581299e-02
6.291189789772033691e-01 3.434521555900573730e-01 5.767642334103584290e-02
5.163895487785339355e-01 5.412709712982177734e-01 -3.195432201027870178e-02
5.271444320678710938e-01 5.459308624267578125e-01 -2.462732791900634766e-02
5.344858765602111816e-01 5.512804388999938965e-01 -1.621283032000064850e-02
5.333702564239501953e-01 4.915607571601867676e-01 -2.467458136379718781e-02
5.433695912361145020e-01 5.631286501884460449e-01 1.607251469977200031e-03
5.390968322753906250e-01 5.689275860786437988e-01 -5.317525938153266907e-03
5.403305292129516602e-01 5.622655749320983887e-01 -4.105380212422460318e-04
5.329385399818420410e-01 4.817770421504974365e-01 -4.220912232995033264e-02
5.290257930755615234e-01 5.537889003753662109e-01 -1.283342950046062469e-02
5.221666097640991211e-01 5.506463050842285156e-01 -1.874759048223495483e-02
5.133270621299743652e-01 5.488812327384948730e-01 -2.370421774685382843e-02
5.143375992774963379e-01 6.125215291976928711e-01 -1.270632538944482803e-02
5.144526362419128418e-01 5.942330956459045410e-01 -2.298260107636451721e-02
5.141769051551818848e-01 5.853121876716613770e-01 -2.432325296103954315e-02
5.134184360504150391e-01 5.760387182235717773e-01 -2.178548276424407959e-02
5.122407078742980957e-01 5.691331028938293457e-01 -2.009706385433673859e-02
5.283018350601196289e-01 5.662500262260437012e-01 -1.008769404143095016e-02
5.309751629829406738e-01 5.698903203010559082e-01 -1.184043195098638535e-02
5.338699817657470703e-01 5.749834179878234863e-01 -1.353076752275228500e-02
5.361841917037963867e-01 5.803657770156860352e-01 -1.152507029473781586e-02
5.519549250602722168e-01 5.345501899719238281e-01 -1.141252927482128143e-02
6.306940913200378418e-01 4.826992452144622803e-01 1.275538653135299683e-01
5.335271358489990234e-01 5.644710063934326172e-01 -4.168478772044181824e-03
5.363391637802124023e-01 5.664788484573364258e-01 -5.430112592875957489e-03
5.241428613662719727e-01 4.982987344264984131e-01 -2.980930730700492859e-02
5.403714776039123535e-01 4.980113208293914795e-01 -1.686746254563331604e-02
5.258101820945739746e-01 4.954205453395843506e-01 -2.963692136108875275e-02
5.582836866378784180e-01 4.395776093006134033e-01 -1.085440628230571747e-03
5.756033658981323242e-01 4.537056684494018555e-01 2.951631089672446251e-03
5.484768152236938477e-01 4.798832833766937256e-01 -2.011239156126976013e-02
6.141918301582336426e-01 2.795509696006774902e-01 3.906313329935073853e-02
6.069980859756469727e-01 2.987628579139709473e-01 2.062613330781459808e-02
5.986805558204650879e-01 3.141728639602661133e-01 5.901897791773080826e-03
5.420485734939575195e-01 5.949379205703735352e-01 -3.506150795146822929e-03
5.512608885765075684e-01 3.166381120681762695e-01 -1.372526027262210846e-02
5.572478771209716797e-01 2.834359407424926758e-01 -5.086277145892381668e-03
5.632080435752868652e-01 2.490804344415664673e-01 4.077208694070577621e-03
5.924573540687561035e-01 3.999336957931518555e-01 2.068514935672283173e-02
6.149315237998962402e-01 4.226964414119720459e-01 3.780567646026611328e-02
5.482414960861206055e-01 3.890167474746704102e-01 1.190628297626972198e-02
6.102976799011230469e-01 3.710771203041076660e-01 2.808309160172939301e-02
5.410538911819458008e-01 4.153873920440673828e-01 -9.336422197520732880e-03
5.410795807838439941e-01 4.724474847316741943e-01 -4.136446490883827209e-02
6.286112666130065918e-01 4.394635856151580811e-01 5.051798745989799500e-02
6.061187982559204102e-01 4.335415661334991455e-01 2.646280638873577118e-02
5.913999080657958984e-01 4.377351403236389160e-01 1.464569568634033203e-02
5.711937546730041504e-01 4.313512742519378662e-01 8.530024439096450806e-03
5.571269392967224121e-01 4.218537509441375732e-01 5.224994383752346039e-03
5.469292998313903809e-01 4.124323725700378418e-01 1.822716672904789448e-03
5.290049314498901367e-01 3.905842304229736328e-01 -2.076564729213714600e-02
6.245296597480773926e-01 4.750030040740966797e-01 4.562288150191307068e-02
6.182157993316650391e-01 3.716676831245422363e-01 3.446735069155693054e-02
5.176914930343627930e-01 4.879566431045532227e-01 -5.493588000535964966e-02
5.456790328025817871e-01 4.445218443870544434e-01 -1.107825618237257004e-02
6.380527615547180176e-01 4.082428216934204102e-01 1.235253214836120605e-01
5.395085811614990234e-01 4.021723866462707520e-01 1.535021729068830609e-04
5.489511489868164062e-01 4.812417328357696533e-01 -8.918041363358497620e-03
6.036704182624816895e-01 3.825634717941284180e-01 3.058452345430850983e-02
5.422992110252380371e-01 4.617145061492919922e-01 -3.669911995530128479e-02
6.240580677986145020e-01 5.230302810668945312e-01 1.201134324073791504e-01
5.489409565925598145e-01 3.830417990684509277e-01 1.524603832513093948e-02
5.349795818328857422e-01 4.499887526035308838e-01 -4.794666543602943420e-02
5.886574387550354004e-01 6.033494472503662109e-01 4.451985284686088562e-02
5.867702960968017578e-01 6.223434209823608398e-01 6.418271362781524658e-02
6.332234144210815430e-01 4.801881313323974609e-01 8.661027252674102783e-02
6.034221649169921875e-01 5.824483633041381836e-01 5.953320860862731934e-02
6.335878372192382812e-01 3.739228248596191406e-01 7.465041428804397583e-02
5.403875708580017090e-01 6.520056128501892090e-01 7.043935358524322510e-03
5.155634880065917969e-01 4.918574988842010498e-01 -4.033737257122993469e-02
5.543469786643981934e-01 4.588511884212493896e-01 -6.909929681569337845e-03
6.267402172088623047e-01 4.033664762973785400e-01 5.625344440340995789e-02
5.835843682289123535e-01 3.913037776947021484e-01 1.640678942203521729e-02
5.742979645729064941e-01 3.914343118667602539e-01 1.300438400357961655e-02
5.415865182876586914e-01 5.715471506118774414e-01 -3.408505115658044815e-03
6.191079616546630859e-01 5.086911320686340332e-01 4.743913933634757996e-02
5.180967450141906738e-01 6.735582351684570312e-01 8.885784074664115906e-03
5.540015101432800293e-01 6.539491415023803711e-01 3.345372155308723450e-02
5.694316029548645020e-01 6.411983966827392578e-01 4.698602482676506042e-02
5.654227733612060547e-01 3.894871771335601807e-01 1.195819675922393799e-02
5.572261214256286621e-01 3.864955306053161621e-01 1.309685409069061279e-02
5.516667962074279785e-01 3.848703503608703613e-01 1.524057332426309586e-02
6.257762908935546875e-01 3.711497783660888672e-01 4.675986990332603455e-02
5.600677132606506348e-01 3.700115978717803955e-01 1.206422597169876099e-02
5.699409842491149902e-01 3.641244769096374512e-01 1.100201439112424850e-02
5.796828866004943848e-01 3.631592094898223877e-01 1.215346157550811768e-02
5.889937281608581543e-01 3.667694330215454102e-01 1.538269873708486557e-02
5.943506360054016113e-01 3.724218606948852539e-01 1.919518224895000458e-02
6.383445858955383301e-01 3.688610792160034180e-01 1.070048362016677856e-01
5.901876091957092285e-01 3.892275393009185791e-01 2.050485461950302124e-02
5.432224273681640625e-01 5.231708884239196777e-01 -1.793167740106582642e-02
5.369193553924560547e-01 4.857203960418701172e-01 -3.074203059077262878e-02
5.238758325576782227e-01 5.137519240379333496e-01 -2.941267378628253937e-02
5.726716518402099609e-01 6.226026415824890137e-01 3.267912566661834717e-02
5.573070049285888672e-01 6.371788978576660156e-01 2.047781087458133698e-02
5.193018913269042969e-01 6.623615622520446777e-01 -5.189850926399230957e-03
6.003239750862121582e-01 5.991975069046020508e-01 8.609119057655334473e-02
5.525271296501159668e-01 3.780362904071807861e-01 1.399559155106544495e-02
5.343536734580993652e-01 4.185677468776702881e-01 -2.559312991797924042e-02
5.375600457191467285e-01 6.654481887817382812e-01 1.917556673288345337e-02
6.266584396362304688e-01 5.174164772033691406e-01 8.284752815961837769e-02
5.211684107780456543e-01 5.679233670234680176e-01 -1.538717653602361679e-02
5.235452651977539062e-01 5.734362006187438965e-01 -1.716280914843082428e-02
5.256419777870178223e-01 5.809985995292663574e-01 -1.910979114472866058e-02
5.270267724990844727e-01 5.893653631210327148e-01 -1.763064973056316376e-02
5.299448370933532715e-01 6.056118607521057129e-01 -9.306456893682479858e-03
5.369359850883483887e-01 5.575639605522155762e-01 -6.711736321449279785e-03
5.397276282310485840e-01 5.570340156555175781e-01 -6.312112789601087570e-03
5.422207117080688477e-01 5.559962391853332520e-01 -6.047824863344430923e-03
5.578844547271728516e-01 5.495223999023437500e-01 -2.665254054591059685e-03
6.035775542259216309e-01 5.154451727867126465e-01 2.343272045254707336e-02
5.349586009979248047e-01 4.017398357391357422e-01 -1.423375122249126434e-02
5.420830845832824707e-01 3.682771623134613037e-01 6.777315866202116013e-03
5.483913421630859375e-01 3.708586990833282471e-01 1.188190281391143799e-02
5.345320701599121094e-01 5.576360225677490234e-01 -5.803386215120553970e-03
6.005543470382690430e-01 5.569770932197570801e-01 3.901758790016174316e-02
5.324608087539672852e-01 3.662159442901611328e-01 -8.038954809308052063e-03
5.350233316421508789e-01 6.194803714752197266e-01 -3.251085290685296059e-03
5.278893113136291504e-01 4.084763824939727783e-01 -3.318897262215614319e-02
5.397492647171020508e-01 4.466525316238403320e-01 -2.631510980427265167e-02
5.166425108909606934e-01 6.277564764022827148e-01 -1.047400385141372681e-02
5.618888139724731445e-01 5.899530649185180664e-01 9.583435952663421631e-03
5.568018555641174316e-01 4.960691332817077637e-01 -5.792789626866579056e-03
5.497949123382568359e-01 6.068993210792541504e-01 3.456435864791274071e-03
5.817160606384277344e-01 4.969611167907714844e-01 6.024841568432748318e-04
5.649275779724121094e-01 5.143917798995971680e-01 -3.594467183575034142e-03
5.873456001281738281e-01 5.257313251495361328e-01 9.417959488928318024e-03
5.188949704170227051e-01 6.461247205734252930e-01 -1.007753424346446991e-02
5.448946356773376465e-01 4.577527642250061035e-01 -1.824742741882801056e-02
5.705626010894775391e-01 6.035157442092895508e-01 2.024659700691699982e-02
5.553922057151794434e-01 6.202666759490966797e-01 1.193382125347852707e-02
5.718684196472167969e-01 5.694637894630432129e-01 1.166218984872102737e-02
6.129965186119079590e-01 5.373157262802124023e-01 5.002111569046974182e-02
5.856299996376037598e-01 5.739855766296386719e-01 2.315299399197101593e-02
6.174665689468383789e-01 5.518155097961425781e-01 7.622542232275009155e-02
5.703153014183044434e-01 5.377318263053894043e-01 2.125715604051947594e-03
5.397583246231079102e-01 4.312918186187744141e-01 -1.776797138154506683e-02
5.367525219917297363e-01 4.793976247310638428e-01 -4.417243599891662598e-02
5.419654846191406250e-01 4.853133261203765869e-01 -3.187686577439308167e-02
5.342153310775756836e-01 4.670747220516204834e-01 -5.238654837012290955e-02
5.524437427520751953e-01 3.513130247592926025e-01 4.564568866044282913e-03
5.713832378387451172e-01 3.398183584213256836e-01 4.256395157426595688e-03
5.874459147453308105e-01 3.388342857360839844e-01 6.322283297777175903e-03
5.998716354370117188e-01 3.445845842361450195e-01 1.173362415283918381e-02
6.076811552047729492e-01 3.550269007682800293e-01 1.903269998729228973e-02
6.095618605613708496e-01 3.898102343082427979e-01 3.554907441139221191e-02
6.369057297706604004e-01 4.442301690578460693e-01 8.631282299757003784e-02
5.984635949134826660e-01 4.140880703926086426e-01 2.477403916418552399e-02
5.867035388946533203e-01 4.178494215011596680e-01 1.703393086791038513e-02
5.725445151329040527e-01 4.152673184871673584e-01 1.141017768532037735e-02
5.596208572387695312e-01 4.093217849731445312e-01 8.304948918521404266e-03
5.498812198638916016e-01 4.026608169078826904e-01 7.644066121429204941e-03
5.432435274124145508e-01 3.963074684143066406e-01 6.649577058851718903e-03
6.345844268798828125e-01 4.451309144496917725e-01 1.296351402997970581e-01
5.409085750579833984e-01 4.901256263256072998e-01 -2.643477171659469604e-02
5.338492989540100098e-01 4.337140917778015137e-01 -3.522970899939537048e-02
5.299465656280517578e-01 4.787755310535430908e-01 -5.381474271416664124e-02
5.229085087776184082e-01 4.864008426666259766e-01 -5.005962401628494263e-02
5.290145277976989746e-01 4.818442165851593018e-01 -4.834182932972908020e-02
5.373099446296691895e-01 4.948081970214843750e-01 -2.311190776526927948e-02
5.210348367691040039e-01 4.874991476535797119e-01 -5.325210466980934143e-02
5.189513564109802246e-01 4.913630783557891846e-01 -4.014265537261962891e-02
5.448396801948547363e-01 3.829732239246368408e-01 1.307153049856424332e-02
5.385679006576538086e-01 3.861423432826995850e-01 5.542139057070016861e-03
5.345616340637207031e-01 3.881372809410095215e-01 -2.755487337708473206e-03
5.972131490707397461e-01 3.769187331199645996e-01 2.313330955803394318e-02
6.049829125404357910e-01 3.700360059738159180e-01 2.407896518707275391e-02
4.540453255176544189e-01 3.635262846946716309e-01 7.150760851800441742e-03
4.654332399368286133e-01 3.650133013725280762e-01 7.150760851800441742e-03
4.556235074996948242e-01 3.481192886829376221e-01 7.150760851800441742e-03
4.424531459808349609e-01 3.619761168956756592e-01 7.150760851800441742e-03
4.524157941341400146e-01 3.787182569503784180e-01 7.150760851800441742e-03
5.766370296478271484e-01 3.777360916137695312e-01 1.653822511434555054e-02
5.884923934936523438e-01 3.790612816810607910e-01 1.653822511434555054e-02
5.777662396430969238e-01 3.619259595870971680e-01 1.653822511434555054e-02
5.647066235542297363e-01 3.763131499290466309e-01 1.653822511434555054e-02
5.755771994590759277e-01 3.936066031455993652e-01 1.653822511434555054e-02
