5.034750103950500488e-01 5.427726507186889648e-01 -3.392226248979568481e-02
5.118812322616577148e-01 4.869872033596038818e-01 -6.142240390181541443e-02
5.088627338409423828e-01 5.040402412414550781e-01 -3.322001919150352478e-02
5.058604478836059570e-01 4.300446212291717529e-01 -4.583586752414703369e-02
5.135071873664855957e-01 4.696479141712188721e-01 -6.494913250207901001e-02
5.148802399635314941e-01 4.473013877868652344e-01 -5.989857390522956848e-02
5.175587534904479980e-01 3.933200836181640625e-01 -2.751306258141994476e-02
4.340761899948120117e-01 3.770792782306671143e-01 1.060388144105672836e-02
5.205009579658508301e-01 3.487555980682373047e-01 -1.814615353941917419e-02
5.223116874694824219e-01 3.262997865676879883e-01 -1.949565485119819641e-02
5.273416638374328613e-01 2.525039315223693848e-01 -5.344228353351354599e-03
5.032532215118408203e-01 5.471422076225280762e-01 -3.262386843562126160e-02
5.029041171073913574e-01 5.509306788444519043e-01 -2.913381159305572510e-02
5.026932954788208008e-01 5.528509020805358887e-01 -2.423652820289134979e-02
5.010427832603454590e-01 5.833546519279479980e-01 -2.098393812775611877e-02
5.009316802024841309e-01 5.887612700462341309e-01 -2.292027510702610016e-02
5.005390048027038574e-01 5.956837534904479980e-01 -2.536716684699058533e-02
5.000111460685729980e-01 6.032834053039550781e-01 -2.367816120386123657e-02
4.979767203330993652e-01 6.157984137535095215e-01 -1.327544637024402618e-02
5.106204152107238770e-01 4.958867132663726807e-01 -5.576581880450248718e-02
4.994768202304840088e-01 4.943337440490722656e-01 -4.104909673333168030e-02
3.932598829269409180e-01 3.101162910461425781e-01 6.290433555841445923e-02
4.647892713546752930e-01 3.965741693973541260e-01 7.243069121614098549e-04
4.527005553245544434e-01 3.971755206584930420e-01 7.295039831660687923e-04
4.416684210300445557e-01 3.944680690765380859e-01 3.159515792503952980e-03
4.286698698997497559e-01 3.816229104995727539e-01 1.171972043812274933e-02
4.757473468780517578e-01 3.925999402999877930e-01 3.024735022336244583e-03
4.536498785018920898e-01 3.405928611755371094e-01 -2.909430535510182381e-03
4.669839143753051758e-01 3.443397283554077148e-01 -1.771713839843869209e-03
4.408838152885437012e-01 3.426100611686706543e-01 -1.529883884359151125e-04
4.320785105228424072e-01 3.492639064788818359e-01 3.720344975590705872e-03
4.173595905303955078e-01 3.905676603317260742e-01 1.662194170057773590e-02
4.520827233791351318e-01 6.303507089614868164e-01 -2.649901900440454483e-03
4.305538535118103027e-01 3.707938790321350098e-01 1.413052063435316086e-02
3.820208311080932617e-01 3.806693255901336670e-01 6.487691402435302734e-02
4.052819013595581055e-01 3.747172057628631592e-01 2.761165238916873932e-02
4.525454342365264893e-01 4.648947119712829590e-01 -1.251855399459600449e-02
4.883632659912109375e-01 5.378977656364440918e-01 -3.348100557923316956e-02
4.890391528606414795e-01 5.483631491661071777e-01 -2.841297350823879242e-02
4.735375940799713135e-01 5.407553911209106445e-01 -2.783776260912418365e-02
4.634501338005065918e-01 5.449361205101013184e-01 -1.971912197768688202e-02
4.772269725799560547e-01 5.480319857597351074e-01 -2.453419566154479980e-02
4.680022001266479492e-01 5.494719743728637695e-01 -1.698178239166736603e-02
4.462023675441741943e-01 5.723721981048583984e-01 -2.324531786143779755e-03
5.024344325065612793e-01 4.852800369262695312e-01 -6.095281988382339478e-02
5.024243593215942383e-01 4.684128165245056152e-01 -6.424098461866378784e-02
4.180751144886016846e-01 3.295415639877319336e-01 6.867480929940938950e-03
4.794095754623413086e-01 4.261575937271118164e-01 -1.130348630249500275e-02
4.754387140274047852e-01 4.779594540596008301e-01 -3.505735099315643311e-02
4.748724400997161865e-01 4.689028859138488770e-01 -3.160192444920539856e-02
4.177589118480682373e-01 4.578926563262939453e-01 -5.647346260957419872e-04
5.042712688446044922e-01 4.477290809154510498e-01 -5.724395811557769775e-02
4.475543498992919922e-01 3.128517568111419678e-01 -9.687043726444244385e-03
4.308007359504699707e-01 3.176777958869934082e-01 -2.272855490446090698e-03
4.090530872344970703e-01 2.824235260486602783e-01 4.268201068043708801e-02
4.973283112049102783e-01 3.355330824851989746e-01 -1.632235944271087646e-02
4.779268801212310791e-01 3.540824651718139648e-01 2.059533726423978806e-03
4.395003020763397217e-01 5.533299446105957031e-01 -7.832976989448070526e-04
3.810471892356872559e-01 5.401259660720825195e-01 9.040956199169158936e-02
4.829914271831512451e-01 4.887605011463165283e-01 -3.025304712355136871e-02
4.913477897644042969e-01 4.948673844337463379e-01 -3.058557584881782532e-02
4.513995647430419922e-01 5.553966760635375977e-01 -1.262907520867884159e-03
4.544912278652191162e-01 5.558298826217651367e-01 -3.952275030314922333e-03
4.257672131061553955e-01 3.057862818241119385e-01 3.048501210287213326e-03
4.737284183502197266e-01 4.855340421199798584e-01 -2.898077853024005890e-02
4.691387116909027100e-01 3.168695569038391113e-01 -1.453072484582662582e-02
4.689050316810607910e-01 3.032619953155517578e-01 -1.655172370374202728e-02
4.609173536300659180e-01 2.507854998111724854e-01 4.047405906021595001e-03
4.173910021781921387e-01 2.981638908386230469e-01 2.019002288579940796e-02
4.657815396785736084e-01 2.806764543056488037e-01 -6.677160505205392838e-03
4.118685722351074219e-01 3.209267854690551758e-01 1.638857834041118622e-02
4.023812115192413330e-01 3.204230666160583496e-01 3.847398981451988220e-02
4.884169995784759521e-01 5.438243150711059570e-01 -3.220583871006965637e-02
4.753081500530242920e-01 5.448300838470458984e-01 -2.667487598955631256e-02
4.656373560428619385e-01 5.474270582199096680e-01 -1.924897544085979462e-02
4.851347208023071289e-01 4.922642111778259277e-01 -2.758296579122543335e-02
4.529560804367065430e-01 5.556324124336242676e-01 -2.633521100506186485e-03
4.578599929809570312e-01 5.650886893272399902e-01 -8.573147468268871307e-03
4.558890461921691895e-01 5.560274124145507812e-01 -4.156933166086673737e-03
4.895239770412445068e-01 4.836367964744567871e-01 -4.562827572226524353e-02
4.700114727020263672e-01 5.505148768424987793e-01 -1.519277971237897873e-02
4.789934158325195312e-01 5.496774911880493164e-01 -2.022365666925907135e-02
4.899062216281890869e-01 5.505626797676086426e-01 -2.383337542414665222e-02
4.817191660404205322e-01 6.124008893966674805e-01 -1.366031542420387268e-02
4.842457771301269531e-01 5.986440181732177734e-01 -2.384496666491031647e-02
4.854618906974792480e-01 5.912345051765441895e-01 -2.514349296689033508e-02
4.868355691432952881e-01 5.846261382102966309e-01 -2.246814966201782227e-02
4.882536828517913818e-01 5.798820853233337402e-01 -2.056883461773395538e-02
4.693238735198974609e-01 5.694536566734313965e-01 -1.263414695858955383e-02
4.669994413852691650e-01 5.708956718444824219e-01 -1.446491759270429611e-02
4.640710651874542236e-01 5.737907886505126953e-01 -1.625480316579341888e-02
4.616928100585937500e-01 5.775671005249023438e-01 -1.445636712014675140e-02
4.561482965946197510e-01 5.265873670578002930e-01 -1.643642224371433258e-02
3.730873763561248779e-01 4.536336064338684082e-01 1.078731045126914978e-01
5.097458362579345703e-01 4.997881352901458740e-01 -4.103015363216400146e-02
4.631301462650299072e-01 5.640624165534973145e-01 -7.376881316304206848e-03
4.605273306369781494e-01 5.642369389533996582e-01 -8.570902980864048004e-03
4.940982758998870850e-01 5.017384290695190430e-01 -3.123416565358638763e-02
4.761767089366912842e-01 4.959423243999481201e-01 -2.053963392972946167e-02
4.927993118762969971e-01 4.983730912208557129e-01 -3.113111294806003571e-02
4.662879109382629395e-01 4.341003000736236572e-01 -8.676092140376567841e-03
4.464195072650909424e-01 4.422774612903594971e-01 -6.871092133224010468e-03
4.718620777130126953e-01 4.762740135192871094e-01 -2.547679096460342407e-02
4.306485056877136230e-01 2.617839872837066650e-01 2.165171317756175995e-02
4.375850558280944824e-01 2.840076088905334473e-01 5.539016798138618469e-03
4.449880719184875488e-01 2.995646893978118896e-01 -7.631760090589523315e-03
4.547617435455322266e-01 5.873599648475646973e-01 -7.226916961371898651e-03
4.966435432434082031e-01 3.123946785926818848e-01 -2.013100683689117432e-02
4.938442111015319824e-01 2.841992974281311035e-01 -1.280584279447793961e-02
4.919939935207366943e-01 2.485097944736480713e-01 -5.084927193820476532e-03
4.329309761524200439e-01 3.894141316413879395e-01 7.478816900402307510e-03
4.031511843204498291e-01 4.003095924854278564e-01 2.184157259762287140e-02
4.832289218902587891e-01 3.884809017181396484e-01 5.106194410473108292e-03
4.200667440891265869e-01 3.550598323345184326e-01 1.252103876322507858e-02
4.886269271373748779e-01 4.162090122699737549e-01 -1.450909301638603210e-02
4.832511544227600098e-01 4.721392989158630371e-01 -4.555476084351539612e-02
3.907354474067687988e-01 4.129130244255065918e-01 3.291831165552139282e-02
4.098850488662719727e-01 4.141351580619812012e-01 1.155322697013616562e-02
4.243366718292236328e-01 4.231884777545928955e-01 1.944409101270139217e-03
4.470101892948150635e-01 4.236079454421997070e-01 -1.500715035945177078e-03
4.642159938812255859e-01 4.186078310012817383e-01 -2.719155279919505119e-03
4.775854647159576416e-01 4.121994078159332275e-01 -4.566443152725696564e-03
5.062955021858215332e-01 3.958323001861572266e-01 -2.409970760345458984e-02
3.901929855346679688e-01 4.482198059558868408e-01 2.871003374457359314e-02
4.109685420989990234e-01 3.502784967422485352e-01 1.750256679952144623e-02
5.049634575843811035e-01 4.945107996463775635e-01 -5.553440377116203308e-02
4.793685376644134521e-01 4.429202377796173096e-01 -1.671329885721206665e-02
3.760492503643035889e-01 3.788256943225860596e-01 1.014657467603683472e-01
4.881414473056793213e-01 4.045102000236511230e-01 -5.243620369583368301e-03
4.700228273868560791e-01 4.771290719509124756e-01 -1.427326817065477371e-02
4.254788756370544434e-01 3.699945807456970215e-01 1.590094342827796936e-02
4.831510782241821289e-01 4.612885117530822754e-01 -4.113340005278587341e-02
3.751423358917236328e-01 4.953022301197052002e-01 1.020238250494003296e-01
4.844466745853424072e-01 3.824051320552825928e-01 8.133641444146633148e-03
4.936348497867584229e-01 4.524674415588378906e-01 -5.132912844419479370e-02
4.052770137786865234e-01 5.845318436622619629e-01 3.419088199734687805e-02
4.026226997375488281e-01 6.043642759323120117e-01 5.303489044308662415e-02
3.770903348922729492e-01 4.513513743877410889e-01 6.827164441347122192e-02
3.927784264087677002e-01 5.595209002494812012e-01 4.660480841994285583e-02
3.917080461978912354e-01 3.481856584548950195e-01 5.494491755962371826e-02
4.481940567493438721e-01 6.468390226364135742e-01 2.929568057879805565e-03
5.053485035896301270e-01 4.985900521278381348e-01 -4.052440449595451355e-02
4.676841199398040771e-01 4.538879096508026123e-01 -1.350236404687166214e-02
3.945719301700592041e-01 3.758148550987243652e-01 3.816347569227218628e-02
4.442269802093505859e-01 3.856554031372070312e-01 4.544982686638832092e-03
4.539453387260437012e-01 3.884125351905822754e-01 2.425284590572118759e-03
4.554635882377624512e-01 5.665236115455627441e-01 -6.980115082114934921e-03
3.899906873703002930e-01 4.825145304203033447e-01 3.161138296127319336e-02
4.675994515419006348e-01 6.731513142585754395e-01 6.942515727132558823e-03
4.328974187374114990e-01 6.457554697990417480e-01 2.681024186313152313e-02
4.186070561408996582e-01 6.287246346473693848e-01 3.833603113889694214e-02
5.249372124671936035e-01 2.897075414657592773e-01 -1.315663009881973267e-02
4.924739897251129150e-01 6.793126463890075684e-01 5.474339704960584641e-03
4.641459584236145020e-01 3.877951502799987793e-01 2.766745863482356071e-03
4.743136167526245117e-01 3.852555155754089355e-01 5.013435613363981247e-03
4.810440838336944580e-01 3.838324546813964844e-01 7.761193439364433289e-03
4.027180075645446777e-01 3.450710773468017578e-01 2.854605577886104584e-02
4.744023978710174561e-01 3.684213459491729736e-01 3.610668238252401352e-03
4.641503393650054932e-01 3.622317910194396973e-01 1.260859193280339241e-03
4.538827538490295410e-01 3.604111969470977783e-01 1.025726203806698322e-03
4.437344670295715332e-01 3.620601892471313477e-01 2.978500444442033768e-03
4.372281432151794434e-01 3.655202984809875488e-01 6.053024437278509140e-03
3.827444016933441162e-01 3.406414389610290527e-01 8.470883965492248535e-02
4.380888342857360840e-01 3.814814686775207520e-01 7.710419129580259323e-03
5.073909759521484375e-01 5.175726413726806641e-01 -3.072580322623252869e-02
4.686243832111358643e-01 5.190151929855346680e-01 -2.203524671494960785e-02
4.835588932037353516e-01 4.858246445655822754e-01 -3.427877649664878845e-02
4.912877976894378662e-01 5.165028572082519531e-01 -3.079546242952346802e-02
5.187417268753051758e-01 3.715713918209075928e-01 -1.852736622095108032e-02
4.188556969165802002e-01 6.086513996124267578e-01 2.486007474362850189e-02
4.327257275581359863e-01 6.276978254318237305e-01 1.461427658796310425e-02
4.684664607048034668e-01 6.617721319198608398e-01 -6.700139958411455154e-03
3.908221423625946045e-01 5.769901871681213379e-01 7.218758016824722290e-02
4.814710617065429688e-01 3.769115209579467773e-01 6.297074723988771439e-03
4.969402849674224854e-01 4.216046333312988281e-01 -2.937746234238147736e-02
4.935287535190582275e-01 6.678541898727416992e-01 -7.870437577366828918e-03
4.486698508262634277e-01 6.612124443054199219e-01 1.458186563104391098e-02
3.783812522888183594e-01 4.894426167011260986e-01 6.579070538282394409e-02
4.777837097644805908e-01 5.749417543411254883e-01 -1.719703339040279388e-02
4.754864871501922607e-01 5.780555605888366699e-01 -1.920303329825401306e-02
4.732218682765960693e-01 5.831283926963806152e-01 -2.124764956533908844e-02
4.714249968528747559e-01 5.895494818687438965e-01 -1.984124258160591125e-02
4.662162959575653076e-01 6.014986634254455566e-01 -1.201976928859949112e-02
4.604800939559936523e-01 5.520665645599365234e-01 -1.004371233284473419e-02
4.580758512020111084e-01 5.509034395217895508e-01 -1.022994518280029297e-02
4.561196267604827881e-01 5.493877530097961426e-01 -1.043661404401063919e-02
4.460069835186004639e-01 5.382028818130493164e-01 -8.851348422467708588e-03
4.058245718479156494e-01 4.933402836322784424e-01 1.015441492199897766e-02
4.977102279663085938e-01 4.047978520393371582e-01 -1.841771416366100311e-02
4.938728213310241699e-01 3.693036437034606934e-01 1.414850354194641113e-03
4.866251945495605469e-01 3.706068098545074463e-01 4.901504144072532654e-03
4.625025391578674316e-01 5.525861978530883789e-01 -9.029354900121688843e-03
4.007781445980072021e-01 5.348066091537475586e-01 2.645221911370754242e-02
5.043764710426330566e-01 3.701214492321014404e-01 -1.223380491137504578e-02
4.588060677051544189e-01 6.149178743362426758e-01 -6.450618151575326920e-03
5.157824754714965820e-01 4.288738667964935303e-01 -4.876031726598739624e-02
5.059083104133605957e-01 4.138585627079010010e-01 -3.591274470090866089e-02
5.166108012199401855e-01 4.118268489837646484e-01 -3.769735619425773621e-02
4.868542253971099854e-01 4.471113383769989014e-01 -3.060043603181838989e-02
4.950599372386932373e-01 6.512740850448608398e-01 -1.323583349585533142e-02
4.966255426406860352e-01 6.319968104362487793e-01 -1.281381305307149887e-02
4.768455028533935547e-01 6.277128458023071289e-01 -1.165682729333639145e-02
4.352209568023681641e-01 5.773970484733581543e-01 3.443576162680983543e-03
4.588294327259063721e-01 4.889708757400512695e-01 -1.217595767229795456e-02
4.452107548713684082e-01 5.982493162155151367e-01 -1.067523611709475517e-03
4.328137040138244629e-01 4.820480644702911377e-01 -9.424516931176185608e-03
4.467082321643829346e-01 5.037756562232971191e-01 -1.091067865490913391e-02
4.209377765655517578e-01 5.078805685043334961e-01 -1.251165289431810379e-03
4.716223776340484619e-01 6.457672119140625000e-01 -1.165035925805568695e-02
4.787740707397460938e-01 4.560952186584472656e-01 -2.330776490271091461e-02
4.244377315044403076e-01 5.895246267318725586e-01 1.289765723049640656e-02
4.376955032348632812e-01 6.107963919639587402e-01 6.574192084372043610e-03
4.285208880901336670e-01 5.539072751998901367e-01 3.434319747611880302e-03
3.910180628299713135e-01 5.122206211090087891e-01 3.541747480630874634e-02
4.138434529304504395e-01 5.554912686347961426e-01 1.323548518121242523e-02
3.826832175254821777e-01 5.255303382873535156e-01 6.056129932403564453e-02
4.358507692813873291e-01 5.236741304397583008e-01 -6.050081923604011536e-03
4.883923828601837158e-01 4.320651590824127197e-01 -2.253874763846397400e-02
4.864035248756408691e-01 4.802579581737518311e-01 -4.790572077035903931e-02
4.787407815456390381e-01 4.839381277561187744e-01 -3.606203198432922363e-02
4.923014938831329346e-01 4.693905413150787354e-01 -5.535606294870376587e-02
4.861408770084381104e-01 3.495492339134216309e-01 -2.325448207557201385e-03
4.679715335369110107e-01 3.347306549549102783e-01 -5.106784868985414505e-03
4.513425230979919434e-01 3.307838141918182373e-01 -5.402151029556989670e-03
4.370224177837371826e-01 3.335057199001312256e-01 -2.019728533923625946e-03
4.264781475067138672e-01 3.410400152206420898e-01 3.948459401726722717e-03
4.166800975799560547e-01 3.723333775997161865e-01 2.007158659398555756e-02
3.777996599674224854e-01 4.152786433696746826e-01 6.682636588811874390e-02
4.228150844573974609e-01 3.992821574211120605e-01 1.090862508863210678e-02
4.339661598205566406e-01 4.064593911170959473e-01 4.867207724601030350e-03
4.494818449020385742e-01 4.087921977043151855e-01 1.191248418763279915e-03
4.648177623748779297e-01 4.065108299255371094e-01 4.640667248168028891e-05
4.772342443466186523e-01 4.017909467220306396e-01 9.129838435910642147e-04
4.860178828239440918e-01 3.972185552120208740e-01 8.843766408972442150e-04
3.737544715404510498e-01 4.156557917594909668e-01 1.083796694874763489e-01
4.780559539794921875e-01 4.886358678340911865e-01 -3.051289357244968414e-02
4.961673021316528320e-01 4.366993606090545654e-01 -3.884722664952278137e-02
4.943855106830596924e-01 4.820686578750610352e-01 -5.607525259256362915e-02
4.992569088935852051e-01 4.913094639778137207e-01 -5.118900537490844727e-02
4.939166903495788574e-01 4.850226044654846191e-01 -5.065907165408134460e-02
4.802997112274169922e-01 4.940997660160064697e-01 -2.646838873624801636e-02
5.014281868934631348e-01 4.930530190467834473e-01 -5.407506972551345825e-02
5.017919540405273438e-01 4.971178174018859863e-01 -4.074641317129135132e-02
4.882266521453857422e-01 3.832018077373504639e-01 6.824600975960493088e-03
4.934831559658050537e-01 3.884091377258300781e-01 4.536019405350089073e-04
4.968318343162536621e-01 3.920765519142150879e-01 -7.223008666187524796e-03
4.334931373596191406e-01 3.683120608329772949e-01 9.512022137641906738e-03
4.263743460178375244e-01 3.576430678367614746e-01 9.614386595785617828e-03
5.249506235122680664e-01 4.327139258384704590e-01 -4.410916566848754883e-02
5.965304374694824219e-01 3.968940079212188721e-01 2.239792048931121826e-02
5.201792716979980469e-01 4.970924854278564453e-01 -3.972512111067771912e-02
6.336203813552856445e-01 3.452379703521728516e-01 8.055586367845535278e-02
5.629258155822753906e-01 4.077230393886566162e-01 8.423439227044582367e-03
5.740467309951782227e-01 4.110155105590820312e-01 9.967510588467121124e-03
5.846778750419616699e-01 4.119505286216735840e-01 1.377553585916757584e-02
5.996807813644409180e-01 4.031900763511657715e-01 2.415730617940425873e-02
5.537514090538024902e-01 4.021885693073272705e-01 9.110881015658378601e-03
5.844794511795043945e-01 3.553146123886108398e-01 6.727683823555707932e-03
5.707265734672546387e-01 3.566971719264984131e-01 5.845903418958187103e-03
5.965089201927185059e-01 3.599023222923278809e-01 1.093463413417339325e-02
6.035377383232116699e-01 3.689735531806945801e-01 1.567249000072479248e-02
6.063083410263061523e-01 4.156854748725891113e-01 3.000000864267349243e-02
5.384370684623718262e-01 6.405077576637268066e-01 2.867748728021979332e-03
6.009754538536071777e-01 3.914026618003845215e-01 2.643533237278461456e-02
6.356259584426879883e-01 4.165210723876953125e-01 8.262441307306289673e-02
6.184911727905273438e-01 4.035914242267608643e-01 4.252160340547561646e-02
5.657235980033874512e-01 4.809142351150512695e-01 -4.403993021696805954e-03
5.185974836349487305e-01 5.414749979972839355e-01 -3.128268569707870483e-02
5.162190198898315430e-01 5.518592596054077148e-01 -2.634431980550289154e-02
5.322178602218627930e-01 5.475264191627502441e-01 -2.333888038992881775e-02
5.407639741897583008e-01 5.544020533561706543e-01 -1.358922477811574936e-02
5.272147655487060547e-01 5.542462468147277832e-01 -2.058788202702999115e-02
5.353808403015136719e-01 5.580337643623352051e-01 -1.171137299388647079e-02
5.515902042388916016e-01 5.863038301467895508e-01 5.283425562083721161e-03
5.210263729095458984e-01 4.878543317317962646e-01 -5.985339730978012085e-02
5.241765379905700684e-01 4.714310765266418457e-01 -6.293415278196334839e-02
6.180502772331237793e-01 3.534799516201019287e-01 2.094451524317264557e-02
5.461859703063964844e-01 4.355441927909851074e-01 -5.999262444674968719e-03
5.450726747512817383e-01 4.876255989074707031e-01 -3.004860505461692810e-02
5.465459823608398438e-01 4.788066148757934570e-01 -2.645975910127162933e-02
5.981425046920776367e-01 4.834499657154083252e-01 1.240542158484458923e-02
5.247996449470520020e-01 4.505387246608734131e-01 -5.555813387036323547e-02
5.962480902671813965e-01 3.301063477993011475e-01 3.862277371808886528e-04
6.100739240646362305e-01 3.381767272949218750e-01 1.012934558093547821e-02
6.259808540344238281e-01 3.145477175712585449e-01 5.843805149197578430e-02
5.459337830543518066e-01 3.438636064529418945e-01 -1.286269910633563995e-02
5.584567189216613770e-01 3.646035194396972656e-01 8.267617784440517426e-03
5.611004233360290527e-01 5.698933005332946777e-01 8.435939438641071320e-03
6.110725998878479004e-01 5.715883970260620117e-01 1.074250489473342896e-01
5.355302095413208008e-01 4.960233271121978760e-01 -2.667306363582611084e-02
5.266994237899780273e-01 4.996885955333709717e-01 -2.876177802681922913e-02
5.497030019760131836e-01 5.691968202590942383e-01 6.765247788280248642e-03
5.466662049293518066e-01 5.686767697334289551e-01 3.238728269934654236e-03
6.157897710800170898e-01 3.284009695053100586e-01 1.609389483928680420e-02
5.444847941398620605e-01 4.952943027019500732e-01 -2.405308745801448822e-02
5.759341120719909668e-01 3.307319879531860352e-01 -7.639471907168626785e-03
5.788005590438842773e-01 3.178870975971221924e-01 -9.519408456981182098e-03
5.884556174278259277e-01 2.702549993991851807e-01 1.309624034911394119e-02
6.192782521247863770e-01 3.273012638092041016e-01 3.434530273079872131e-02
5.811437964439392090e-01 2.977740168571472168e-01 1.254547154530882835e-03
6.237747669219970703e-01 3.478946685791015625e-01 3.127322718501091003e-02
6.276109814643859863e-01 3.527269959449768066e-01 5.446309968829154968e-02
5.176386237144470215e-01 5.475002527236938477e-01 -2.999145723879337311e-02
5.297033786773681641e-01 5.514455437660217285e-01 -2.243351005017757416e-02
5.382030010223388672e-01 5.564517974853515625e-01 -1.361367385834455490e-02
5.326141119003295898e-01 4.987734556198120117e-01 -2.457186579704284668e-02
5.481652617454528809e-01 5.689709782600402832e-01 4.832653328776359558e-03
5.430575013160705566e-01 5.776747465133666992e-01 -2.175153698772192001e-03
5.451924800872802734e-01 5.684051513671875000e-01 2.843676833435893059e-03
5.316121578216552734e-01 4.895506799221038818e-01 -4.220044612884521484e-02
5.330750942230224609e-01 5.584746599197387695e-01 -1.018069498240947723e-02
5.250458717346191406e-01 5.553928017616271973e-01 -1.645915396511554718e-02
5.149234533309936523e-01 5.537517666816711426e-01 -2.169388718903064728e-02
5.138834714889526367e-01 6.164934635162353516e-01 -1.164646260440349579e-02
5.152864456176757812e-01 6.037114858627319336e-01 -2.161184325814247131e-02
5.151415467262268066e-01 5.958706736564636230e-01 -2.279313094913959503e-02
5.144708156585693359e-01 5.888555049896240234e-01 -2.014799416065216064e-02
5.132721066474914551e-01 5.836821198463439941e-01 -1.834368892014026642e-02
5.315804481506347656e-01 5.787227153778076172e-01 -7.586138788610696793e-03
5.339848399162292480e-01 5.811431407928466797e-01 -9.397150948643684387e-03
5.366872549057006836e-01 5.851320028305053711e-01 -1.097743120044469833e-02
5.386928915977478027e-01 5.898019075393676758e-01 -8.866621181368827820e-03
5.520068407058715820e-01 5.398235321044921875e-01 -9.440262801945209503e-03
6.285897493362426758e-01 4.896766245365142822e-01 1.265120953321456909e-01
5.376058220863342285e-01 5.749112367630004883e-01 -1.174924895167350769e-03
5.404297113418579102e-01 5.759490132331848145e-01 -2.401683712378144264e-03
5.231085419654846191e-01 5.056568384170532227e-01 -2.939856424927711487e-02
5.397260189056396484e-01 5.046185851097106934e-01 -1.658319868147373199e-02
5.248321294784545898e-01 5.027815103530883789e-01 -2.936736866831779480e-02
5.568953156471252441e-01 4.468839466571807861e-01 -1.650975551456212997e-03
5.743135213851928711e-01 4.604654908180236816e-01 2.462752163410186768e-03
5.475227832794189453e-01 4.867268800735473633e-01 -2.012872882187366486e-02
6.122133731842041016e-01 2.890849709510803223e-01 3.449127078056335449e-02
6.048628687858581543e-01 3.084529638290405273e-01 1.702344790101051331e-02
6.007052659988403320e-01 3.181115388870239258e-01 2.849203301593661308e-03
5.419393777847290039e-01 5.985296964645385742e-01 -8.858958026394248009e-04
5.514945983886718750e-01 3.221799135208129883e-01 -1.652967184782028198e-02
5.551705360412597656e-01 2.933745980262756348e-01 -8.623238652944564819e-03
5.611495971679687500e-01 2.592300176620483398e-01 -4.608473973348736763e-04
5.939882993698120117e-01 4.097599685192108154e-01 1.922971010208129883e-02
6.163600683212280273e-01 4.294923245906829834e-01 3.657834604382514954e-02
5.477563738822937012e-01 3.970510959625244141e-01 1.051803678274154663e-02
6.118192076683044434e-01 3.786377906799316406e-01 2.607264369726181030e-02
5.395937561988830566e-01 4.233561158180236816e-01 -1.029961742460727692e-02
5.396997332572937012e-01 4.801111519336700439e-01 -4.149249568581581116e-02
6.266618967056274414e-01 4.462701678276062012e-01 4.945883154869079590e-02
6.085909008979797363e-01 4.408551752567291260e-01 2.558844909071922302e-02
5.944427847862243652e-01 4.456461071968078613e-01 1.405670959502458572e-02
5.736858248710632324e-01 4.398698210716247559e-01 7.869619876146316528e-03
5.587515234947204590e-01 4.305195808410644531e-01 4.495853558182716370e-03
5.478577613830566406e-01 4.211930632591247559e-01 8.800050127319991589e-04
5.275914072990417480e-01 3.988724648952484131e-01 -2.235830761492252350e-02
6.228486895561218262e-01 4.810093939304351807e-01 4.531291127204895020e-02
6.191044449806213379e-01 3.771966397762298584e-01 3.221248835325241089e-02
5.162000060081481934e-01 4.960208833217620850e-01 -5.463980510830879211e-02
5.444054603576660156e-01 4.520436823368072510e-01 -1.152843423187732697e-02
6.364861130714416504e-01 4.159926772117614746e-01 1.207825839519500732e-01
5.399489402770996094e-01 4.112373590469360352e-01 -1.005474361591041088e-03
5.480636954307556152e-01 4.879155158996582031e-01 -8.805333636701107025e-03
6.049782633781433105e-01 3.921791315078735352e-01 2.882873825728893280e-02
5.408630371093750000e-01 4.693213403224945068e-01 -3.698511794209480286e-02
6.217746734619140625e-01 5.296143293380737305e-01 1.198760867118835449e-01
5.482254028320312500e-01 3.909959197044372559e-01 1.373885571956634521e-02
5.333762168884277344e-01 4.579838514328002930e-01 -4.833799973130226135e-02
5.870224237442016602e-01 6.078436374664306641e-01 4.649925604462623596e-02
5.846148729324340820e-01 6.270085573196411133e-01 6.595047563314437866e-02
6.310298442840576172e-01 4.867640137672424316e-01 8.605378121137619019e-02
6.018055081367492676e-01 5.873644948005676270e-01 6.104268878698348999e-02
6.319980621337890625e-01 3.824303150177001953e-01 7.195006310939788818e-02
5.392755270004272461e-01 6.570338010787963867e-01 8.853756822645664215e-03
5.141586065292358398e-01 4.997860491275787354e-01 -3.997626900672912598e-02
5.531920790672302246e-01 4.659489691257476807e-01 -7.159470580518245697e-03
6.261221170425415039e-01 4.086791872978210449e-01 5.439458787441253662e-02
5.851068496704101562e-01 4.020421802997589111e-01 1.496370416134595871e-02
5.754461288452148438e-01 4.017815589904785156e-01 1.162678375840187073e-02
5.452895164489746094e-01 5.799105763435363770e-01 -2.132969530066475272e-04
6.177354454994201660e-01 5.143674015998840332e-01 4.782078415155410767e-02
5.170652866363525391e-01 6.782200336456298828e-01 1.040239911526441574e-02
5.522447228431701660e-01 6.587966680526733398e-01 3.518884256482124329e-02
5.673713088035583496e-01 6.459188461303710938e-01 4.886057972908020020e-02
5.659433603286743164e-01 3.990565240383148193e-01 1.059145852923393250e-02
5.570120215415954590e-01 3.951619863510131836e-01 1.168691832572221756e-02
5.510644912719726562e-01 3.929779827594757080e-01 1.373312622308731079e-02
6.255226731300354004e-01 3.753676712512969971e-01 4.431733116507530212e-02
5.601183772087097168e-01 3.800128698348999023e-01 1.049117557704448700e-02
5.705904960632324219e-01 3.752630352973937988e-01 9.325007908046245575e-03
5.808113813400268555e-01 3.747522532939910889e-01 1.040109898895025253e-02
5.905002951622009277e-01 3.783574104309082031e-01 1.359989959746599197e-02
5.960034132003784180e-01 3.837257623672485352e-01 1.746624149382114410e-02
6.370356678962707520e-01 3.771994411945343018e-01 1.034792363643646240e-01
5.918040871620178223e-01 4.000284671783447266e-01 1.896504499018192291e-02
5.427291393280029297e-01 5.291766524314880371e-01 -1.666286401450634003e-02
5.359201431274414062e-01 4.931869804859161377e-01 -3.073205798864364624e-02
5.229870080947875977e-01 5.208606123924255371e-01 -2.857733890414237976e-02
5.710650086402893066e-01 6.272705197334289551e-01 3.486706316471099854e-02
5.558302998542785645e-01 6.420539021492004395e-01 2.250640653073787689e-02
5.185074210166931152e-01 6.673471927642822266e-01 -3.515104996040463448e-03
5.982438921928405762e-01 6.042858362197875977e-01 8.740723133087158203e-02
5.520964264869689941e-01 3.866703510284423828e-01 1.243426650762557983e-02
5.328872799873352051e-01 4.266787767410278320e-01 -2.653643116354942322e-02
5.361301302909851074e-01 6.702342033386230469e-01 2.075728774070739746e-02
6.244426369667053223e-01 5.235173106193542480e-01 8.300225436687469482e-02
5.233909487724304199e-01 5.817750096321105957e-01 -1.331130415201187134e-02
5.255746245384216309e-01 5.858134031295776367e-01 -1.518220361322164536e-02
5.273870229721069336e-01 5.917472243309020996e-01 -1.704278029501438141e-02
5.285006761550903320e-01 5.990116000175476074e-01 -1.550717093050479889e-02
5.296501517295837402e-01 6.093620061874389648e-01 -7.312015164643526077e-03
5.418570041656494141e-01 5.627905130386352539e-01 -3.707871539518237114e-03
5.443852543830871582e-01 5.622860193252563477e-01 -3.304823301732540131e-03
5.466564893722534180e-01 5.612575411796569824e-01 -3.142324276268482208e-03
5.584422349929809570e-01 5.536900162696838379e-01 -2.199835871579125524e-04
6.029083728790283203e-01 5.209622383117675781e-01 2.404218539595603943e-02
5.334706902503967285e-01 4.099310934543609619e-01 -1.551537588238716125e-02
5.414044857025146484e-01 3.762709498405456543e-01 5.103228148072957993e-03
5.475880503654479980e-01 3.790637254714965820e-01 1.022636611014604568e-02
5.396628379821777344e-01 5.626992583274841309e-01 -2.778543857857584953e-03
5.997227430343627930e-01 5.619624853134155273e-01 4.032014310359954834e-02
5.319515466690063477e-01 3.744939267635345459e-01 -9.919181466102600098e-03
5.344591736793518066e-01 6.240137815475463867e-01 -1.481280312873423100e-03
5.264012217521667480e-01 4.167051613330841064e-01 -3.440387919545173645e-02
5.383462905883789062e-01 4.544104933738708496e-01 -2.680409140884876251e-02
5.161415934562683105e-01 6.323966383934020996e-01 -9.357459843158721924e-03
5.613026022911071777e-01 5.938721299171447754e-01 1.214767526835203171e-02
5.559911131858825684e-01 5.024492740631103516e-01 -5.423547700047492981e-03
5.490571260452270508e-01 6.111856698989868164e-01 5.782428197562694550e-03
5.811195969581604004e-01 5.030016899108886719e-01 9.108220692723989487e-04
5.645255446434020996e-01 5.202592015266418457e-01 -2.537764608860015869e-03
5.871248841285705566e-01 5.310941338539123535e-01 1.045049261301755905e-02
5.183278322219848633e-01 6.512684226036071777e-01 -8.692443370819091797e-03
5.436529517173767090e-01 4.651094377040863037e-01 -1.855221018195152283e-02
5.694266557693481445e-01 6.078736186027526855e-01 2.256849408149719238e-02
5.542331933975219727e-01 6.249520778656005859e-01 1.402663253247737885e-02
5.715540647506713867e-01 5.733270645141601562e-01 1.390781719237565994e-02
6.117794513702392578e-01 5.427103042602539062e-01 5.091770738363265991e-02
5.848155021667480469e-01 5.783156752586364746e-01 2.506841719150543213e-02
6.154787540435791016e-01 5.573905110359191895e-01 7.707883417606353760e-02
5.704843997955322266e-01 5.424773693084716797e-01 3.738027298822999001e-03
5.383480191230773926e-01 4.391610026359558105e-01 -1.844350062310695648e-02
5.354117155075073242e-01 4.871455729007720947e-01 -4.422048851847648621e-02
5.409675240516662598e-01 4.926346242427825928e-01 -3.183282539248466492e-02
5.326481461524963379e-01 4.750455021858215332e-01 -5.257542058825492859e-02
5.524274110794067383e-01 3.588161468505859375e-01 2.691312460228800774e-03
5.725249648094177246e-01 3.472497165203094482e-01 2.165461890399456024e-03
5.893121957778930664e-01 3.463038802146911621e-01 4.131376277655363083e-03
6.019918918609619141e-01 3.521137833595275879e-01 9.506898000836372375e-03
6.097080111503601074e-01 3.624753654003143311e-01 1.681858859956264496e-02
6.105431318283081055e-01 3.975767493247985840e-01 3.377205878496170044e-02
6.349420547485351562e-01 4.513917565345764160e-01 8.508819341659545898e-02
6.002787947654724121e-01 4.226009845733642578e-01 2.361122518777847290e-02
5.886786580085754395e-01 4.265662729740142822e-01 1.600865274667739868e-02
5.741273164749145508e-01 4.241982102394104004e-01 1.045588869601488113e-02
5.605010986328125000e-01 4.180693626403808594e-01 7.438823580741882324e-03
5.501239895820617676e-01 4.110168218612670898e-01 6.525097880512475967e-03
5.430641174316406250e-01 4.046487808227539062e-01 5.463567096740007401e-03
6.328243017196655273e-01 4.524597525596618652e-01 1.277103722095489502e-01
5.400889515876770020e-01 4.971690475940704346e-01 -2.634343504905700684e-02
5.323065519332885742e-01 4.417825341224670410e-01 -3.588605299592018127e-02
5.284559130668640137e-01 4.867531359195709229e-01 -5.374260619282722473e-02
5.214962959289550781e-01 4.943163990974426270e-01 -4.982485249638557434e-02
5.276048779487609863e-01 4.897336661815643311e-01 -4.825646430253982544e-02
5.366326570510864258e-01 5.017264485359191895e-01 -2.292717806994915009e-02
5.195842385292053223e-01 4.954786896705627441e-01 -5.297237262129783630e-02
5.176132917404174805e-01 4.991872310638427734e-01 -3.983245044946670532e-02
5.441005825996398926e-01 3.909464180469512939e-01 1.155553385615348816e-02
5.379807353019714355e-01 3.945497274398803711e-01 4.100645426660776138e-03
5.344234704971313477e-01 3.972245454788208008e-01 -4.233120009303092957e-03
5.989073514938354492e-01 3.878454267978668213e-01 2.138873934745788574e-02
6.068345308303833008e-01 3.792278766632080078e-01 2.223823964595794678e-02
4.539422392845153809e-01 3.730382919311523438e-01 5.864248611032962799e-03
4.655789732933044434e-01 3.740419149398803711e-01 5.864248611032962799e-03
4.550055861473083496e-01 3.580981492996215820e-01 5.864248611032962799e-03
4.420928955078125000e-01 3.719731569290161133e-01 5.864248611032962799e-03
4.527776241302490234e-01 3.878058493137359619e-01 5.864248611032962799e-03
5.777899026870727539e-01 3.889057040214538574e-01 1.495284866541624069e-02
5.896662473678588867e-01 3.903004825115203857e-01 1.495284866541624069e-02
5.786906480789184570e-01 3.737781941890716553e-01 1.495284866541624069e-02
5.658411383628845215e-01 3.874422907829284668e-01 1.495284866541624069e-02
5.769115090370178223e-01 4.040378630161285400e-01 1.495284866541624069e-02
