5.065969228744506836e-01 5.303877592086791992e-01 -3.136411681771278381e-02
5.112913250923156738e-01 4.696246981620788574e-01 -5.746219679713249207e-02
5.088443160057067871e-01 4.873176813125610352e-01 -3.054502047598361969e-02
5.058451890945434570e-01 4.152674376964569092e-01 -4.298201575875282288e-02
5.127971768379211426e-01 4.528027474880218506e-01 -6.096253544092178345e-02
5.142154097557067871e-01 4.314455687999725342e-01 -5.639824271202087402e-02
5.172325968742370605e-01 3.801683783531188965e-01 -2.669827640056610107e-02
4.333176016807556152e-01 3.691785633563995361e-01 1.173768844455480576e-02
5.200445652008056641e-01 3.406572341918945312e-01 -1.884678192436695099e-02
5.217800736427307129e-01 3.193271160125732422e-01 -2.036712318658828735e-02
5.271599888801574707e-01 2.461435198783874512e-01 -6.763185374438762665e-03
5.062659978866577148e-01 5.365591049194335938e-01 -3.005624748766422272e-02
5.056388974189758301e-01 5.427680611610412598e-01 -2.655569277703762054e-02
5.050240159034729004e-01 5.470502376556396484e-01 -2.145649679005146027e-02
5.048567652702331543e-01 5.489724874496459961e-01 -1.948914304375648499e-02
5.046191215515136719e-01 5.577467083930969238e-01 -2.094992808997631073e-02
5.040317177772521973e-01 5.683873891830444336e-01 -2.322853356599807739e-02
5.032107234001159668e-01 5.790481567382812500e-01 -2.161544375121593475e-02
4.979326725006103516e-01 5.964436531066894531e-01 -1.149055268615484238e-02
5.102462768554687500e-01 4.784669280052185059e-01 -5.205376818776130676e-02
5.000295042991638184e-01 4.773378670215606689e-01 -3.777991607785224915e-02
3.975470662117004395e-01 3.041370511054992676e-01 6.147990003228187561e-02
4.659148454666137695e-01 3.832715153694152832e-01 2.047530375421047211e-03
4.537886679172515869e-01 3.847183585166931152e-01 2.297866623848676682e-03
4.423652887344360352e-01 3.834715783596038818e-01 4.767115693539381027e-03
4.272497594356536865e-01 3.735714554786682129e-01 1.293214783072471619e-02
4.767384529113769531e-01 3.786169886589050293e-01 3.730660537257790565e-03
4.556639790534973145e-01 3.351087570190429688e-01 -2.147234510630369186e-03
4.685285687446594238e-01 3.386285901069641113e-01 -1.245853607542812824e-03
4.430214464664459229e-01 3.362942934036254883e-01 7.299467688426375389e-04
4.339597523212432861e-01 3.423225581645965576e-01 4.750861786305904388e-03
4.167535901069641113e-01 3.823586702346801758e-01 1.768521219491958618e-02
4.544187784194946289e-01 6.153747439384460449e-01 -8.800583891570568085e-04
4.292367696762084961e-01 3.659195899963378906e-01 1.498130988329648972e-02
3.858366906642913818e-01 3.733236193656921387e-01 6.470204144716262817e-02
4.063367247581481934e-01 3.693999350070953369e-01 2.819408848881721497e-02
4.566034078598022461e-01 4.522792398929595947e-01 -9.317817166447639465e-03
4.939697980880737305e-01 5.250342488288879395e-01 -3.053512424230575562e-02
4.943317174911499023e-01 5.403800606727600098e-01 -2.559218555688858032e-02
4.805941283702850342e-01 5.291005969047546387e-01 -2.495547570288181305e-02
4.714764654636383057e-01 5.342668294906616211e-01 -1.753362454473972321e-02
4.841731488704681396e-01 5.398380160331726074e-01 -2.188428491353988647e-02
4.759705960750579834e-01 5.406656265258789062e-01 -1.502152532339096069e-02
4.508674144744873047e-01 5.588949322700500488e-01 -1.587343867868185043e-03
5.023687481880187988e-01 4.680387973785400391e-01 -5.680656433105468750e-02
5.022649765014648438e-01 4.518327713012695312e-01 -6.002211198210716248e-02
4.207817912101745605e-01 3.223064541816711426e-01 7.335519418120384216e-03
4.817437529563903809e-01 4.134067595005035400e-01 -9.483165107667446136e-03
4.779492318630218506e-01 4.628287255764007568e-01 -3.123135492205619812e-02
4.774653315544128418e-01 4.543763101100921631e-01 -2.797034941613674164e-02
4.233517348766326904e-01 4.472311437129974365e-01 2.286456059664487839e-03
5.041948556900024414e-01 4.320535957813262939e-01 -5.354835465550422668e-02
4.509506225585937500e-01 3.033939301967620850e-01 -9.600257501006126404e-03
4.340194463729858398e-01 3.095947504043579102e-01 -2.145034726709127426e-03
4.137935638427734375e-01 2.770694494247436523e-01 4.143683612346649170e-02
4.992009699344635010e-01 3.229325413703918457e-01 -1.663819327950477600e-02
4.791859984397888184e-01 3.464494943618774414e-01 2.355563687160611153e-03
4.444633722305297852e-01 5.417098999023437500e-01 5.538105615414679050e-04
3.847648501396179199e-01 5.318436622619628906e-01 9.025467932224273682e-02
4.852375090122222900e-01 4.729504287242889404e-01 -2.683118544518947601e-02
4.928462207317352295e-01 4.787422120571136475e-01 -2.769739925861358643e-02
4.602861106395721436e-01 5.434208512306213379e-01 -5.027733859606087208e-04
4.629993438720703125e-01 5.433956384658813477e-01 -3.299570176750421524e-03
4.296079277992248535e-01 2.988668382167816162e-01 3.154224483296275139e-03
4.767152070999145508e-01 4.706938266754150391e-01 -2.539755217730998993e-02
4.720453023910522461e-01 3.062023520469665527e-01 -1.444305758923292160e-02
4.721444547176361084e-01 2.929469347000122070e-01 -1.633574441075325012e-02
4.642030894756317139e-01 2.455038130283355713e-01 3.409118624404072762e-03
4.221065938472747803e-01 2.933933436870574951e-01 1.985287852585315704e-02
4.689236879348754883e-01 2.748185992240905762e-01 -6.792973261326551437e-03
4.151819944381713867e-01 3.158602714538574219e-01 1.657320000231266022e-02
4.068492650985717773e-01 3.152247071266174316e-01 3.811269626021385193e-02
4.939675033092498779e-01 5.334866046905517578e-01 -2.933708764612674713e-02
4.824230372905731201e-01 5.349301099777221680e-01 -2.393945679068565369e-02
4.737145900726318359e-01 5.375881791114807129e-01 -1.719760335981845856e-02
4.873236417770385742e-01 4.764913618564605713e-01 -2.454490028321743011e-02
4.617000222206115723e-01 5.434595346450805664e-01 -1.984625821933150291e-03
4.665483236312866211e-01 5.471665263175964355e-01 -8.003623224794864655e-03
4.644442796707153320e-01 5.433678627014160156e-01 -3.568080719560384750e-03
4.908370971679687500e-01 4.669260382652282715e-01 -4.165649414062500000e-02
4.774591624736785889e-01 5.427775382995605469e-01 -1.316984929144382477e-02
4.854208528995513916e-01 5.429945588111877441e-01 -1.753511093556880951e-02
4.947025477886199951e-01 5.445612668991088867e-01 -2.085090428590774536e-02
4.834804534912109375e-01 5.935019254684448242e-01 -1.176678482443094254e-02
4.894650876522064209e-01 5.750774741172790527e-01 -2.164848707616329193e-02
4.910498261451721191e-01 5.646736025810241699e-01 -2.293814532458782196e-02
4.927941262722015381e-01 5.542591214179992676e-01 -2.037923969328403473e-02
4.945556819438934326e-01 5.464361310005187988e-01 -1.889872737228870392e-02
4.774371683597564697e-01 5.435171127319335938e-01 -1.162053830921649933e-02
4.748329520225524902e-01 5.471497774124145508e-01 -1.327875535935163498e-02
4.719692766666412354e-01 5.518658161163330078e-01 -1.498980354517698288e-02
4.693642854690551758e-01 5.572900772094726562e-01 -1.328802853822708130e-02
4.602419734001159668e-01 5.136535763740539551e-01 -1.420432794839143753e-02
3.765881955623626709e-01 4.466555416584014893e-01 1.067432686686515808e-01
5.095772147178649902e-01 4.825403094291687012e-01 -3.803665563464164734e-02
4.713622331619262695e-01 5.432825684547424316e-01 -6.837014108896255493e-03
4.690826535224914551e-01 5.450806617736816406e-01 -7.967522367835044861e-03
4.953860938549041748e-01 4.856511354446411133e-01 -2.826096490025520325e-02
4.793379008769989014e-01 4.812485575675964355e-01 -1.748106069862842560e-02
4.941913783550262451e-01 4.822410345077514648e-01 -2.822462096810340881e-02
4.694289267063140869e-01 4.218585789203643799e-01 -6.551918108016252518e-03
4.505888819694519043e-01 4.307591915130615234e-01 -4.457948263734579086e-03
4.749085605144500732e-01 4.619491100311279297e-01 -2.198007702827453613e-02
4.352089762687683105e-01 2.567023932933807373e-01 2.059502527117729187e-02
4.419663250446319580e-01 2.791725993156433105e-01 5.393358413130044937e-03
4.489511549472808838e-01 2.911108732223510742e-01 -7.349092978984117508e-03
4.588670134544372559e-01 5.717432498931884766e-01 -6.273548118770122528e-03
4.991276860237121582e-01 3.006716370582580566e-01 -2.038060128688812256e-02
4.953215718269348145e-01 2.773388624191284180e-01 -1.322829257696866989e-02
4.936553537845611572e-01 2.427652925252914429e-01 -5.792533978819847107e-03
4.324649870395660400e-01 3.794814646244049072e-01 8.945832960307598114e-03
4.027710556983947754e-01 3.924104869365692139e-01 2.312172949314117432e-02
4.838878214359283447e-01 3.739555478096008301e-01 5.530251190066337585e-03
4.212610721588134766e-01 3.480936884880065918e-01 1.321239024400711060e-02
4.902913570404052734e-01 4.032407104969024658e-01 -1.297093369066715240e-02
4.848723113536834717e-01 4.563413262367248535e-01 -4.151011630892753601e-02
3.954588770866394043e-01 4.042345285415649414e-01 3.416320681571960449e-02
4.084877371788024902e-01 4.031721353530883789e-01 1.346841175109148026e-02
4.225664734840393066e-01 4.102396368980407715e-01 4.104669205844402313e-03
4.459085464477539062e-01 4.099410176277160645e-01 3.059835289604961872e-04
4.635662138462066650e-01 4.047184288501739502e-01 -1.184544409625232220e-03
4.773472845554351807e-01 3.981003165245056152e-01 -3.328238148242235184e-03
5.065708160400390625e-01 3.827387988567352295e-01 -2.307437174022197723e-02
3.954780697822570801e-01 4.392738640308380127e-01 3.072148002684116364e-02
4.129463136196136475e-01 3.446203470230102539e-01 1.808529719710350037e-02
5.049145221710205078e-01 4.771892130374908447e-01 -5.163863301277160645e-02
4.816724061965942383e-01 4.295660853385925293e-01 -1.412096526473760605e-02
3.795552849769592285e-01 3.721926510334014893e-01 9.959554672241210938e-02
4.881508052349090576e-01 3.900467753410339355e-01 -4.344982560724020004e-03
4.734465181827545166e-01 4.632771313190460205e-01 -1.120146922767162323e-02
4.244214594364166260e-01 3.630127906799316406e-01 1.665052026510238647e-02
4.848788380622863770e-01 4.462375938892364502e-01 -3.737028688192367554e-02
3.787657022476196289e-01 4.878839254379272461e-01 1.013103500008583069e-01
4.847472310066223145e-01 3.693507015705108643e-01 8.298821747303009033e-03
4.943616092205047607e-01 4.370920956134796143e-01 -4.750411212444305420e-02
4.084608554840087891e-01 5.736278295516967773e-01 3.564491868019104004e-02
4.055691063404083252e-01 5.937851667404174805e-01 5.366267636418342590e-02
3.812935054302215576e-01 4.435221552848815918e-01 6.900395452976226807e-02
3.965358138084411621e-01 5.495847463607788086e-01 4.816193878650665283e-02
3.958697617053985596e-01 3.416675329208374023e-01 5.454187840223312378e-02
4.495950937271118164e-01 6.328448653221130371e-01 4.957605153322219849e-03
5.054371953010559082e-01 4.814034402370452881e-01 -3.743578121066093445e-02
4.709451198577880859e-01 4.410400986671447754e-01 -1.062580663710832596e-02
3.966155350208282471e-01 3.728346824645996094e-01 3.870597481727600098e-02
4.453514218330383301e-01 3.739163577556610107e-01 5.899437703192234039e-03
4.556396901607513428e-01 3.753733634948730469e-01 3.701052861288189888e-03
4.640605747699737549e-01 5.496612787246704102e-01 -6.384534295648336411e-03
3.954253196716308594e-01 4.733222126960754395e-01 3.381938859820365906e-02
4.678225815296173096e-01 6.590667963027954102e-01 8.612163364887237549e-03
4.344866275787353516e-01 6.335620880126953125e-01 2.767533622682094574e-02
4.207127988338470459e-01 6.172658801078796387e-01 3.894796594977378845e-02
5.245161056518554688e-01 2.823132872581481934e-01 -1.432627439498901367e-02
4.921170175075531006e-01 6.649748086929321289e-01 6.707918364554643631e-03
4.656236767768859863e-01 3.743374645709991455e-01 3.664305666461586952e-03
4.753623902797698975e-01 3.714787960052490234e-01 5.495895631611347198e-03
4.816155135631561279e-01 3.699925541877746582e-01 7.949159480631351471e-03
4.054713845252990723e-01 3.420120477676391602e-01 2.883102372288703918e-02
4.754261672496795654e-01 3.692649900913238525e-01 4.065962508320808411e-03
4.652918875217437744e-01 3.711491823196411133e-01 1.732419244945049286e-03
4.554759562015533447e-01 3.714028298854827881e-01 1.787319080904126167e-03
4.452464580535888672e-01 3.700073957443237305e-01 3.887699916958808899e-03
4.378571212291717529e-01 3.685740828514099121e-01 7.029007188975811005e-03
3.865886330604553223e-01 3.340945541858673096e-01 8.293427526950836182e-02
4.383205771446228027e-01 3.715544342994689941e-01 8.943458087742328644e-03
5.072757601737976074e-01 5.020000338554382324e-01 -2.821643464267253876e-02
4.719263315200805664e-01 5.050935149192810059e-01 -1.928886584937572479e-02
4.855962097644805908e-01 4.697690010070800781e-01 -3.081196174025535583e-02
4.926992654800415039e-01 5.013888478279113770e-01 -2.794378064572811127e-02
5.184153318405151367e-01 3.608335256576538086e-01 -1.855889521539211273e-02
4.212553501129150391e-01 5.968793630599975586e-01 2.605673298239707947e-02
4.346064329147338867e-01 6.151207685470581055e-01 1.615787297487258911e-02
4.690531492233276367e-01 6.464092731475830078e-01 -4.549622535705566406e-03
3.942043185234069824e-01 5.675045251846313477e-01 7.259409874677658081e-02
4.819742739200592041e-01 3.686994612216949463e-01 6.546491757035255432e-03
4.977605342864990234e-01 4.077467024326324463e-01 -2.720108069479465485e-02
4.931812882423400879e-01 6.520601511001586914e-01 -6.212960463017225266e-03
4.496384263038635254e-01 6.479729413986206055e-01 1.603298820555210114e-02
3.826391100883483887e-01 4.812636673450469971e-01 6.689524650573730469e-02
4.853083789348602295e-01 5.444008111953735352e-01 -1.571219973266124725e-02
4.826441407203674316e-01 5.503679513931274414e-01 -1.745778881013393402e-02
4.801593720912933350e-01 5.580641627311706543e-01 -1.945408619940280914e-02
4.780514240264892578e-01 5.671308636665344238e-01 -1.818583719432353973e-02
4.694016873836517334e-01 5.838546752929687500e-01 -1.062752306461334229e-02
4.692504703998565674e-01 5.419547557830810547e-01 -8.848860859870910645e-03
4.669046700000762939e-01 5.405274629592895508e-01 -9.022559039294719696e-03
4.648403525352478027e-01 5.388278365135192871e-01 -9.052307344973087311e-03
4.506747722625732422e-01 5.261695384979248047e-01 -7.106227800250053406e-03
4.114550352096557617e-01 4.828997850418090820e-01 1.296676509082317352e-02
4.986370205879211426e-01 3.917257189750671387e-01 -1.721944659948348999e-02
4.951924085617065430e-01 3.567754626274108887e-01 1.482089282944798470e-03
4.878838956356048584e-01 3.590463101863861084e-01 4.980159923434257507e-03
4.713011682033538818e-01 5.431299805641174316e-01 -7.808208465576171875e-03
4.057746529579162598e-01 5.244031548500061035e-01 2.862463518977165222e-02
5.055356621742248535e-01 3.567678332328796387e-01 -1.195649150758981705e-02
4.617341160774230957e-01 5.989165306091308594e-01 -4.972267895936965942e-03
5.152473449707031250e-01 4.138941764831542969e-01 -4.616322368383407593e-02
5.060268044471740723e-01 3.997519910335540771e-01 -3.399345651268959045e-02
5.161923766136169434e-01 3.975290954113006592e-01 -3.603497520089149475e-02
4.884663522243499756e-01 4.328812956809997559e-01 -2.763857133686542511e-02
4.948052763938903809e-01 6.341686844825744629e-01 -1.171364635229110718e-02
4.965018332004547119e-01 6.137501597404479980e-01 -1.125866360962390900e-02
4.784285128116607666e-01 6.100433468818664551e-01 -9.893440641462802887e-03
4.390888810157775879e-01 5.648628473281860352e-01 4.467039369046688080e-03
4.627425968647003174e-01 4.755260050296783447e-01 -9.137914516031742096e-03
4.488157629966735840e-01 5.840998888015747070e-01 4.083653766429051757e-05
4.377524256706237793e-01 4.699082076549530029e-01 -6.048623472452163696e-03
4.509905576705932617e-01 4.908708035945892334e-01 -8.118581958115100861e-03
4.260945618152618408e-01 4.964642524719238281e-01 1.855712151154875755e-03
4.727745354175567627e-01 6.291893124580383301e-01 -9.666666388511657715e-03
4.811802506446838379e-01 4.421908259391784668e-01 -2.031603455543518066e-02
4.278137087821960449e-01 5.773005485534667969e-01 1.416735537350177765e-02
4.405328333377838135e-01 5.975009202957153320e-01 7.997212000191211700e-03
4.329409897327423096e-01 5.425749421119689941e-01 5.175347905606031418e-03
3.962331414222717285e-01 5.027379989624023438e-01 3.750350326299667358e-02
4.183307886123657227e-01 5.442395806312561035e-01 1.520626526325941086e-02
3.867391943931579590e-01 5.166547298431396484e-01 6.188644468784332275e-02
4.404388666152954102e-01 5.120475292205810547e-01 -3.618905786424875259e-03
4.899616241455078125e-01 4.184041321277618408e-01 -2.017419785261154175e-02
4.878487288951873779e-01 4.637746512889862061e-01 -4.381023347377777100e-02
4.810586571693420410e-01 4.683090746402740479e-01 -3.233069926500320435e-02
4.930067360401153564e-01 4.530157744884490967e-01 -5.127770826220512390e-02
4.877021610736846924e-01 3.387895226478576660e-01 -2.139365533366799355e-03
4.700396060943603516e-01 3.257113695144653320e-01 -4.861544817686080933e-03
4.536766707897186279e-01 3.220133781433105469e-01 -5.091356113553047180e-03
4.393756687641143799e-01 3.251641988754272461e-01 -1.475113211199641228e-03
4.283915758132934570e-01 3.330960869789123535e-01 4.662447609007358551e-03
4.166611433029174805e-01 3.659123778343200684e-01 2.064079232513904572e-02
3.817594051361083984e-01 4.076251387596130371e-01 6.717286258935928345e-02
4.217802286148071289e-01 3.894571959972381592e-01 1.240190677344799042e-02
4.335340559482574463e-01 3.951711356639862061e-01 6.429390516132116318e-03
4.494584202766418457e-01 3.964244425296783447e-01 2.731194486841559410e-03
4.651270210742950439e-01 3.934865593910217285e-01 1.514363568276166916e-03
4.776939153671264648e-01 3.880611360073089600e-01 1.785129541531205177e-03
4.865454137325286865e-01 3.831324279308319092e-01 1.581798540428280830e-03
3.772656321525573730e-01 4.089434444904327393e-01 1.067989990115165710e-01
4.806669354438781738e-01 4.732985794544219971e-01 -2.702759020030498505e-02
4.969204962253570557e-01 4.221428036689758301e-01 -3.587308526039123535e-02
4.949954450130462646e-01 4.649997055530548096e-01 -5.190149322152137756e-02
4.997253417968750000e-01 4.741492271423339844e-01 -4.742867127060890198e-02
4.947938919067382812e-01 4.680196046829223633e-01 -4.670540243387222290e-02
4.830152690410614014e-01 4.788470268249511719e-01 -2.329855784773826599e-02
5.016474723815917969e-01 4.757699966430664062e-01 -5.021705478429794312e-02
5.021235346794128418e-01 4.800141751766204834e-01 -3.758463263511657715e-02
4.889222681522369385e-01 3.688229024410247803e-01 7.002502679824829102e-03
4.942265152931213379e-01 3.742446899414062500e-01 8.144640014506876469e-04
4.972749948501586914e-01 3.777910470962524414e-01 -6.752719637006521225e-03
4.330224394798278809e-01 3.672589361667633057e-01 1.038702670484781265e-02
4.270702302455902100e-01 3.505048453807830811e-01 1.060693059116601944e-02
5.240392684936523438e-01 4.176757335662841797e-01 -4.197910055518150330e-02
5.974628925323486328e-01 3.906725347042083740e-01 1.860904879868030548e-02
5.195947885513305664e-01 4.800235629081726074e-01 -3.703270480036735535e-02
6.338512301445007324e-01 3.358780741691589355e-01 7.226774096488952637e-02
5.628842115402221680e-01 3.940848112106323242e-01 6.615705788135528564e-03
5.739727020263671875e-01 3.983114361763000488e-01 7.767480798065662384e-03
5.848963856697082520e-01 4.005675017833709717e-01 1.102079171687364578e-02
6.009197235107421875e-01 3.960342407226562500e-01 2.020136453211307526e-02
5.542498826980590820e-01 3.877003788948059082e-01 7.324506528675556183e-03
5.837287902832031250e-01 3.519103527069091797e-01 3.469208721071481705e-03
5.708408951759338379e-01 3.525285422801971436e-01 3.201433923095464706e-03
5.954965353012084961e-01 3.555697798728942871e-01 7.158630061894655228e-03
6.025928258895874023e-01 3.635056316852569580e-01 1.166525110602378845e-02
6.073949337005615234e-01 4.063697457313537598e-01 2.555252611637115479e-02
5.371808409690856934e-01 6.250147819519042969e-01 2.430086722597479820e-03
6.015260219573974609e-01 3.889336585998535156e-01 2.211483567953109741e-02
6.360351443290710449e-01 4.053750932216644287e-01 7.478943467140197754e-02
6.180718541145324707e-01 3.942670524120330811e-01 3.682504221796989441e-02
5.630019903182983398e-01 4.668579101562500000e-01 -4.424137063324451447e-03
5.188290476799011230e-01 5.285961031913757324e-01 -2.919247373938560486e-02
5.158425569534301758e-01 5.436892509460449219e-01 -2.428444661200046539e-02
5.297532081604003906e-01 5.357699990272521973e-01 -2.221028506755828857e-02
5.362189412117004395e-01 5.433394908905029297e-01 -1.381625793874263763e-02
5.243248343467712402e-01 5.457072854042053223e-01 -1.944220997393131256e-02
5.306642055511474609e-01 5.486065149307250977e-01 -1.173894573003053665e-02
5.483288764953613281e-01 5.719511508941650391e-01 3.083790652453899384e-03
5.200687646865844727e-01 4.704215228557586670e-01 -5.618632957339286804e-02
5.229822397232055664e-01 4.546087384223937988e-01 -5.930245295166969299e-02
6.182420849800109863e-01 3.440579175949096680e-01 1.543122716248035431e-02
5.448118448257446289e-01 4.220139682292938232e-01 -6.320309359580278397e-03
5.429869294166564941e-01 4.717881083488464355e-01 -2.840576134622097015e-02
5.444443225860595703e-01 4.634897708892822266e-01 -2.505036070942878723e-02
5.947793722152709961e-01 4.703427553176879883e-01 1.011565048247575760e-02
5.236988067626953125e-01 4.346368014812469482e-01 -5.256530269980430603e-02
5.969887375831604004e-01 3.217523097991943359e-01 -3.730342723429203033e-03
6.106600165367126465e-01 3.295041024684906006e-01 5.046615377068519592e-03
6.248570680618286133e-01 3.058409094810485840e-01 5.102501809597015381e-02
5.466601252555847168e-01 3.328982591629028320e-01 -1.458227168768644333e-02
5.592895746231079102e-01 3.576769232749938965e-01 5.968132987618446350e-03
5.575851798057556152e-01 5.572066903114318848e-01 6.194687914103269577e-03
6.134220957756042480e-01 5.609812736511230469e-01 1.008000224828720093e-01
5.338630676269531250e-01 4.797460138797760010e-01 -2.482377924025058746e-02
5.256110429763793945e-01 4.833418428897857666e-01 -2.665361762046813965e-02
5.428911447525024414e-01 5.559659600257873535e-01 4.458758514374494553e-03
5.403046607971191406e-01 5.550524592399597168e-01 1.165068708360195160e-03
6.160380244255065918e-01 3.190984725952148438e-01 1.064749900251626968e-02
5.423102974891662598e-01 4.796980321407318115e-01 -2.261162176728248596e-02
5.769005417823791504e-01 3.219224810600280762e-01 -1.045094430446624756e-02
5.797193646430969238e-01 3.088198602199554443e-01 -1.231666654348373413e-02
5.860037803649902344e-01 2.627296447753906250e-01 8.926304057240486145e-03
6.168888807296752930e-01 3.190395832061767578e-01 2.787633612751960754e-02
5.780689716339111328e-01 2.898331582546234131e-01 -2.390758134424686432e-03
6.236467361450195312e-01 3.385069966316223145e-01 2.503763884305953979e-02
6.263793110847473145e-01 3.437685370445251465e-01 4.715166613459587097e-02
5.176275968551635742e-01 5.370193123817443848e-01 -2.796699106693267822e-02
5.270580053329467773e-01 5.413067340850830078e-01 -2.134813740849494934e-02
5.335857272148132324e-01 5.461335778236389160e-01 -1.373516023159027100e-02
5.310738086700439453e-01 4.825914800167083740e-01 -2.284838072955608368e-02
5.415711998939514160e-01 5.555630922317504883e-01 2.642536768689751625e-03
5.377501845359802246e-01 5.583025813102722168e-01 -4.029566422104835510e-03
5.388678312301635742e-01 5.545260310173034668e-01 7.595612551085650921e-04
5.302575230598449707e-01 4.724787771701812744e-01 -3.973715752363204956e-02
5.284413099288940430e-01 5.501175522804260254e-01 -1.002935972064733505e-02
5.222116112709045410e-01 5.484353303909301758e-01 -1.518429629504680634e-02
5.143455862998962402e-01 5.476168990135192871e-01 -1.949891261756420135e-02
5.125021338462829590e-01 5.973237752914428711e-01 -1.046297885477542877e-02
5.161592364311218262e-01 5.796414017677307129e-01 -2.022100985050201416e-02
5.160977840423583984e-01 5.687686204910278320e-01 -2.140948921442031860e-02
5.154563784599304199e-01 5.579155683517456055e-01 -1.891464926302433014e-02
5.142500400543212891e-01 5.495734214782714844e-01 -1.746305637061595917e-02
5.283439755439758301e-01 5.512089729309082031e-01 -8.432986214756965637e-03
5.308630466461181641e-01 5.559881925582885742e-01 -1.008479483425617218e-02
5.333444476127624512e-01 5.618550777435302734e-01 -1.165149267762899399e-02
5.353381037712097168e-01 5.682685971260070801e-01 -9.844937361776828766e-03
5.487974286079406738e-01 5.258677005767822266e-01 -1.008939556777477264e-02
6.308808326721191406e-01 4.795871376991271973e-01 1.183673590421676636e-01
5.329750180244445801e-01 5.524818301200866699e-01 -2.985888626426458359e-03
5.353836417198181152e-01 5.553088188171386719e-01 -4.139969591051340103e-03
5.221238732337951660e-01 4.893439710140228271e-01 -2.719912119209766388e-02
5.375926494598388672e-01 4.893049299716949463e-01 -1.521980296820402145e-02
5.238081812858581543e-01 4.864434897899627686e-01 -2.720828726887702942e-02
5.549929141998291016e-01 4.335328042507171631e-01 -2.292366465553641319e-03
5.716377496719360352e-01 4.472545087337493896e-01 1.248216489329934120e-03
5.452862977981567383e-01 4.715883731842041016e-01 -1.894245110452175140e-02
6.099796295166015625e-01 2.809252142906188965e-01 2.841817960143089294e-02
6.017372012138366699e-01 3.005863428115844727e-01 1.183209381997585297e-02
6.014009714126586914e-01 3.093721270561218262e-01 -1.341327209956943989e-03
5.390875339508056641e-01 5.821605324745178223e-01 -2.382259583100676537e-03
5.521460175514221191e-01 3.117793798446655273e-01 -1.830890774726867676e-02
5.530887842178344727e-01 2.854233980178833008e-01 -1.093333400785923004e-02
5.594605803489685059e-01 2.522578835487365723e-01 -2.933628857135772705e-03
5.948030352592468262e-01 4.001500308513641357e-01 1.582781411707401276e-02
6.168798804283142090e-01 4.184392392635345459e-01 3.171831741929054260e-02
5.489071011543273926e-01 3.821176290512084961e-01 8.722029626369476318e-03
6.117908358573913574e-01 3.708160519599914551e-01 2.102440781891345978e-02
5.385237336158752441e-01 4.097988903522491455e-01 -1.046093553304672241e-02
5.378646254539489746e-01 4.637346565723419189e-01 -3.920137509703636169e-02
6.254316568374633789e-01 4.342109262943267822e-01 4.377034679055213928e-02
6.102427840232849121e-01 4.290474057197570801e-01 2.172415703535079956e-02
5.967803001403808594e-01 4.328587055206298828e-01 1.136328745633363724e-02
5.756287574768066406e-01 4.262855052947998047e-01 5.983223207294940948e-03
5.603235960006713867e-01 4.162083566188812256e-01 3.172101918607950211e-03
5.492554306983947754e-01 4.064631164073944092e-01 -9.194667654810473323e-05
5.269150733947753906e-01 3.855299949645996094e-01 -2.205330133438110352e-02
6.211382746696472168e-01 4.688066244125366211e-01 4.041973873972892761e-02
6.188833713531494141e-01 3.684187531471252441e-01 2.650130726397037506e-02
5.155876278877258301e-01 4.786140024662017822e-01 -5.113567039370536804e-02
5.429124832153320312e-01 4.379738867282867432e-01 -1.106831803917884827e-02
6.382254362106323242e-01 4.059734344482421875e-01 1.116490960121154785e-01
5.414196252822875977e-01 3.962460458278656006e-01 -1.853341702371835709e-03
5.458452701568603516e-01 4.732031524181365967e-01 -8.020284585654735565e-03
6.061132550239562988e-01 3.863217532634735107e-01 2.418024092912673950e-02
5.390634536743164062e-01 4.536820948123931885e-01 -3.499367833137512207e-02
6.241634488105773926e-01 5.194023251533508301e-01 1.124657467007637024e-01
5.492377281188964844e-01 3.774873018264770508e-01 1.157909259200096130e-02
5.318927764892578125e-01 4.421761929988861084e-01 -4.577667638659477234e-02
5.876491069793701172e-01 5.953963398933410645e-01 4.283548891544342041e-02
5.865972638130187988e-01 6.156640052795410156e-01 6.185491010546684265e-02
6.315551996231079102e-01 4.753638207912445068e-01 7.917392253875732422e-02
6.025180816650390625e-01 5.751785039901733398e-01 5.651454254984855652e-02
6.316480040550231934e-01 3.721977174282073975e-01 6.419488787651062012e-02
5.388820171356201172e-01 6.427246928215026855e-01 8.421144448220729828e-03
5.137971043586730957e-01 4.825451374053955078e-01 -3.712067753076553345e-02
5.511128902435302734e-01 4.520635604858398438e-01 -6.865571718662977219e-03
6.254345178604125977e-01 3.985335230827331543e-01 4.802126064896583557e-02
5.854222774505615234e-01 3.907558917999267578e-01 1.203466486185789108e-02
5.752586126327514648e-01 3.888970613479614258e-01 9.110183455049991608e-03
5.399202704429626465e-01 5.616054534912109375e-01 -2.230362035334110260e-03
6.161206364631652832e-01 5.021273493766784668e-01 4.336741194128990173e-02
5.167180299758911133e-01 6.643710732460021973e-01 1.076053362339735031e-02
5.530483722686767578e-01 6.466298103332519531e-01 3.296297043561935425e-02
5.689221024513244629e-01 6.342577338218688965e-01 4.565643891692161560e-02
5.657902956008911133e-01 3.856441974639892578e-01 8.299363777041435242e-03
5.573726296424865723e-01 3.811967968940734863e-01 9.468663483858108521e-03
5.520764589309692383e-01 3.786471486091613770e-01 1.147342566400766373e-02
6.250168681144714355e-01 3.662438988685607910e-01 3.784101456403732300e-02
5.576000809669494629e-01 3.809367120265960693e-01 8.083279244601726532e-03
5.667291283607482910e-01 3.859748840332031250e-01 6.468977779150009155e-03
5.761660337448120117e-01 3.890231251716613770e-01 7.275525480508804321e-03
5.862346291542053223e-01 3.901150226593017578e-01 1.007992960512638092e-02
5.932742953300476074e-01 3.901084065437316895e-01 1.370516140013933182e-02
6.381448507308959961e-01 3.673388361930847168e-01 9.454081952571868896e-02
5.924522876739501953e-01 3.911017477512359619e-01 1.551503594964742661e-02
5.400983691215515137e-01 5.145288109779357910e-01 -1.612204313278198242e-02
5.342961549758911133e-01 4.766734540462493896e-01 -2.880457974970340729e-02
5.216459035873413086e-01 5.054163932800292969e-01 -2.662249282002449036e-02
5.716576576232910156e-01 6.145045757293701172e-01 3.195254504680633545e-02
5.560483932495117188e-01 6.288766860961914062e-01 2.078036963939666748e-02
5.179655551910400391e-01 6.519116759300231934e-01 -2.669956069439649582e-03
6.004957556724548340e-01 5.932114124298095703e-01 8.212286233901977539e-02
5.520251393318176270e-01 3.780082762241363525e-01 1.014037523418664932e-02
5.318456292152404785e-01 4.123824834823608398e-01 -2.552859298884868622e-02
5.362159013748168945e-01 6.572048664093017578e-01 1.986657083034515381e-02
6.250911355018615723e-01 5.120136141777038574e-01 7.677414268255233765e-02
5.221204161643981934e-01 5.501184463500976562e-01 -1.326610706746578217e-02
5.243924260139465332e-01 5.571372509002685547e-01 -1.492676883935928345e-02
5.261670351028442383e-01 5.657747983932495117e-01 -1.679165102541446686e-02
5.272979140281677246e-01 5.756933093070983887e-01 -1.548371464014053345e-02
5.273201465606689453e-01 5.911982059478759766e-01 -7.676937151700258255e-03
5.355116724967956543e-01 5.516163706779479980e-01 -4.926766734570264816e-03
5.381155014038085938e-01 5.509654283523559570e-01 -4.738491494208574295e-03
5.404637455940246582e-01 5.497845411300659180e-01 -4.628305789083242416e-03
5.548995733261108398e-01 5.405632257461547852e-01 -1.913452520966529846e-03
6.002382040023803711e-01 5.079398751258850098e-01 2.134724333882331848e-02
5.326410531997680664e-01 3.964219391345977783e-01 -1.547655649483203888e-02
5.423567891120910645e-01 3.634932041168212891e-01 3.595505608245730400e-03
5.484101176261901855e-01 3.672506809234619141e-01 8.084295317530632019e-03
5.330256819725036621e-01 5.520499348640441895e-01 -3.891560481861233711e-03
5.984228849411010742e-01 5.492982864379882812e-01 3.687188029289245605e-02
5.327429771423339844e-01 3.611470460891723633e-01 -1.061257626861333847e-02
5.326580405235290527e-01 6.074542999267578125e-01 -1.921849325299263000e-03
5.256144404411315918e-01 4.023324251174926758e-01 -3.309894725680351257e-02
5.368699431419372559e-01 4.396086931228637695e-01 -2.544033899903297424e-02
5.149009823799133301e-01 6.144247055053710938e-01 -8.500382304191589355e-03
5.594981908798217773e-01 5.802985429763793945e-01 9.788710623979568481e-03
5.534977912902832031e-01 4.878947138786315918e-01 -5.165409762412309647e-03
5.471721887588500977e-01 5.962418317794799805e-01 4.223266616463661194e-03
5.779128074645996094e-01 4.889809787273406982e-01 2.539962297305464745e-04
5.617437362670898438e-01 5.060082077980041504e-01 -3.109115175902843475e-03
5.842845439910888672e-01 5.176552534103393555e-01 8.977308869361877441e-03
5.173535346984863281e-01 6.344622373580932617e-01 -7.909753359854221344e-03
5.419691205024719238e-01 4.504968225955963135e-01 -1.756522245705127716e-02
5.686402916908264160e-01 5.945900678634643555e-01 1.996936090290546417e-02
5.532755851745605469e-01 6.108972430229187012e-01 1.246522739529609680e-02
5.693116188049316406e-01 5.606873035430908203e-01 1.159221492707729340e-02
6.106794476509094238e-01 5.304988622665405273e-01 4.663854092359542847e-02
5.833191871643066406e-01 5.654436945915222168e-01 2.235973812639713287e-02
6.163612008094787598e-01 5.456092953681945801e-01 7.141684740781784058e-02
5.676580071449279785e-01 5.294299721717834473e-01 2.338787075132131577e-03
5.371462106704711914e-01 4.249287247657775879e-01 -1.776533760130405426e-02
5.338456630706787109e-01 4.701918959617614746e-01 -4.172781482338905334e-02
5.390631556510925293e-01 4.764051437377929688e-01 -2.995178662240505219e-02
5.311593413352966309e-01 4.582470953464508057e-01 -4.969830065965652466e-02
5.535256862640380859e-01 3.486605286598205566e-01 7.334224064834415913e-04
5.732939839363098145e-01 3.395330309867858887e-01 -6.465542246587574482e-04
5.896915197372436523e-01 3.391012549400329590e-01 4.871207638643682003e-04
6.022216081619262695e-01 3.445283174514770508e-01 5.197066348046064377e-03
6.099219322204589844e-01 3.546622991561889648e-01 1.207549031823873520e-02
6.110777258872985840e-01 3.895877003669738770e-01 2.861359156668186188e-02
6.355494856834411621e-01 4.400067031383514404e-01 7.763132452964782715e-02
6.018955707550048828e-01 4.126117229461669922e-01 1.991969160735607147e-02
5.901828408241271973e-01 4.148613214492797852e-01 1.307766139507293701e-02
5.753055214881896973e-01 4.113975465297698975e-01 8.252642117440700531e-03
5.613845586776733398e-01 4.045028388500213623e-01 5.925319623202085495e-03
5.511206388473510742e-01 3.964949250221252441e-01 5.101069808006286621e-03
5.442402958869934082e-01 3.897817730903625488e-01 4.252727143466472626e-03
6.348705291748046875e-01 4.424388110637664795e-01 1.188616156578063965e-01
5.381587743759155273e-01 4.812058508396148682e-01 -2.467062324285507202e-02
5.310869812965393066e-01 4.267835915088653564e-01 -3.414851427078247070e-02
5.272114276885986328e-01 4.693521559238433838e-01 -5.059132725000381470e-02
5.207285284996032715e-01 4.770284593105316162e-01 -4.664405062794685364e-02
5.264961719512939453e-01 4.724783599376678467e-01 -4.534941911697387695e-02
5.347525477409362793e-01 4.859433472156524658e-01 -2.126781269907951355e-02
5.188493728637695312e-01 4.780786335468292236e-01 -4.958360269665718079e-02
5.171342492103576660e-01 4.820339679718017578e-01 -3.706200048327445984e-02
5.453504323959350586e-01 3.761458396911621094e-01 9.754858911037445068e-03
5.391042232513427734e-01 3.798097968101501465e-01 2.923644846305251122e-03
5.357274413108825684e-01 3.825473785400390625e-01 -5.000788718461990356e-03
5.979162454605102539e-01 3.896559774875640869e-01 1.731999590992927551e-02
6.068503260612487793e-01 3.731231689453125000e-01 1.791717857122421265e-02
4.572082459926605225e-01 3.698962032794952393e-01 6.631691008806228638e-03
4.683744311332702637e-01 3.704418241977691650e-01 6.631691008806228638e-03
4.580509662628173828e-01 3.571694195270538330e-01 6.631691008806228638e-03
4.459701180458068848e-01 3.692230582237243652e-01 6.631691008806228638e-03
4.563443660736083984e-01 3.822017312049865723e-01 6.631691008806228638e-03
5.741214752197265625e-01 3.845416903495788574e-01 1.195484772324562073e-02
5.852044820785522461e-01 3.864440023899078369e-01 1.195484772324562073e-02
5.753684639930725098e-01 3.717531561851501465e-01 1.195484772324562073e-02
5.629666447639465332e-01 3.824844360351562500e-01 1.195484772324562073e-02
5.729145407676696777e-01 3.969751298427581787e-01 1.195484772324562073e-02
