5.062620043754577637e-01 5.343128442764282227e-01 -3.400728106498718262e-02
5.129356980323791504e-01 4.745029211044311523e-01 -6.003703549504280090e-02
5.099951028823852539e-01 4.925716817378997803e-01 -3.237930685281753540e-02
5.065570473670959473e-01 4.180537164211273193e-01 -4.432293400168418884e-02
5.145038962364196777e-01 4.571284353733062744e-01 -6.346777081489562988e-02
5.157608985900878906e-01 4.349482357501983643e-01 -5.833411589264869690e-02
5.181273221969604492e-01 3.817863762378692627e-01 -2.580231986939907074e-02
4.358076453208923340e-01 3.671364486217498779e-01 1.136242970824241638e-02
5.209255814552307129e-01 3.360050022602081299e-01 -1.637935638427734375e-02
5.226840376853942871e-01 3.130824863910675049e-01 -1.766753382980823517e-02
5.274366736412048340e-01 2.397305071353912354e-01 -3.036939073354005814e-03
5.059524178504943848e-01 5.396494865417480469e-01 -3.271085023880004883e-02
5.054761767387390137e-01 5.447946786880493164e-01 -2.913200668990612030e-02
5.050984025001525879e-01 5.482808947563171387e-01 -2.410832233726978302e-02
5.046905279159545898e-01 5.532283186912536621e-01 -2.305188402533531189e-02
5.043680667877197266e-01 5.622945427894592285e-01 -2.490524202585220337e-02
5.037569403648376465e-01 5.731689929962158203e-01 -2.749975398182868958e-02
5.030483603477478027e-01 5.835799574851989746e-01 -2.623204141855239868e-02
4.998336732387542725e-01 5.992577075958251953e-01 -1.620044559240341187e-02
5.117144584655761719e-01 4.836201369762420654e-01 -5.446029081940650940e-02
5.008053779602050781e-01 4.824242591857910156e-01 -3.992449492216110229e-02
3.931276202201843262e-01 2.993732094764709473e-01 6.416646391153335571e-02
4.649314284324645996e-01 3.859815895557403564e-01 1.315016066655516624e-03
4.532099068164825439e-01 3.863303065299987793e-01 1.434383681043982506e-03
4.424520432949066162e-01 3.837322294712066650e-01 3.973509650677442551e-03
4.297807514667510986e-01 3.724815249443054199e-01 1.253405399620532990e-02
4.756011068820953369e-01 3.819484710693359375e-01 3.805912565439939499e-03
4.551669657230377197e-01 3.300664126873016357e-01 -2.154307439923286438e-03
4.679129719734191895e-01 3.338354825973510742e-01 -1.023938646540045738e-03
4.426019191741943359e-01 3.319196701049804688e-01 7.000081823207437992e-04
4.336997270584106445e-01 3.387262225151062012e-01 4.553099162876605988e-03
4.176982641220092773e-01 3.819276392459869385e-01 1.744555495679378510e-02
4.543412327766418457e-01 6.178705692291259766e-01 -5.943865515291690826e-03
4.324259459972381592e-01 3.618155717849731445e-01 1.491663698107004166e-02
3.819812834262847900e-01 3.708436191082000732e-01 6.555539369583129883e-02
4.054043292999267578e-01 3.671619296073913574e-01 2.849437482655048370e-02
4.537478685379028320e-01 4.549220800399780273e-01 -1.191448420286178589e-02
4.930906295776367188e-01 5.288596153259277344e-01 -3.353752940893173218e-02
4.938988387584686279e-01 5.423182845115661621e-01 -2.847785316407680511e-02
4.796802699565887451e-01 5.322843790054321289e-01 -2.819580584764480591e-02
4.705815911293029785e-01 5.368012785911560059e-01 -2.087658643722534180e-02
4.836956560611724854e-01 5.417091846466064453e-01 -2.497976645827293396e-02
4.755073785781860352e-01 5.424344539642333984e-01 -1.813637465238571167e-02
4.497644007205963135e-01 5.616927742958068848e-01 -5.267477128654718399e-03
5.035184621810913086e-01 4.728558063507080078e-01 -5.958024784922599792e-02
5.033851265907287598e-01 4.559901356697082520e-01 -6.275807321071624756e-02
4.187500476837158203e-01 3.185855150222778320e-01 8.268305100500583649e-03
4.799358248710632324e-01 4.156065881252288818e-01 -1.031418517231941223e-02
4.769395291805267334e-01 4.670282006263732910e-01 -3.395401686429977417e-02
4.762490391731262207e-01 4.582166969776153564e-01 -3.053952194750308990e-02
4.186676144599914551e-01 4.488393366336822510e-01 1.303616591030731797e-04
5.051168799400329590e-01 4.354676306247711182e-01 -5.570584908127784729e-02
4.486206471920013428e-01 2.996959686279296875e-01 -8.044818416237831116e-03
4.317601323127746582e-01 3.053445219993591309e-01 -5.426318966783583164e-04
4.085730612277984619e-01 2.709918022155761719e-01 4.413751512765884399e-02
4.978167116641998291e-01 3.222808837890625000e-01 -1.470956206321716309e-02
4.784117341041564941e-01 3.434091806411743164e-01 2.732611261308193207e-03
4.428185224533081055e-01 5.442509651184082031e-01 -3.095974680036306381e-03
3.826640248298645020e-01 5.312375426292419434e-01 8.986499160528182983e-02
4.846235811710357666e-01 4.776477217674255371e-01 -2.931232191622257233e-02
4.929705858230590820e-01 4.836711585521697998e-01 -2.952048368752002716e-02
4.593195021152496338e-01 5.449938774108886719e-01 -3.785076318308711052e-03
4.622965157032012939e-01 5.450343489646911621e-01 -6.564018316566944122e-03
4.263136982917785645e-01 2.938317358493804932e-01 4.762810189276933670e-03
4.755141735076904297e-01 4.750504791736602783e-01 -2.799069136381149292e-02
4.699906110763549805e-01 3.034552633762359619e-01 -1.292614825069904327e-02
4.696407914161682129e-01 2.896133065223693848e-01 -1.481051091104745865e-02
4.603100121021270752e-01 2.383271753787994385e-01 5.841553676873445511e-03
4.167429804801940918e-01 2.860613167285919189e-01 2.169786207377910614e-02
4.651843905448913574e-01 2.678785324096679688e-01 -4.923466593027114868e-03
4.121019840240478516e-01 3.111684918403625488e-01 1.775151118636131287e-02
4.019993543624877930e-01 3.090226650238037109e-01 3.967078775167465210e-02
4.932610690593719482e-01 5.364550948143005371e-01 -3.232526406645774841e-02
4.816914200782775879e-01 5.374978780746459961e-01 -2.714504487812519073e-02
4.729926288127899170e-01 5.398011207580566406e-01 -2.043258585035800934e-02
4.868713021278381348e-01 4.812778234481811523e-01 -2.654262259602546692e-02
4.608678221702575684e-01 5.450770854949951172e-01 -5.187256261706352234e-03
4.655643999576568604e-01 5.493282675743103027e-01 -1.161315198987722397e-02
4.638436436653137207e-01 5.450173020362854004e-01 -6.756302900612354279e-03
4.907844662666320801e-01 4.716534912586212158e-01 -4.438754171133041382e-02
4.772768318653106689e-01 5.441926717758178711e-01 -1.625910773873329163e-02
4.851882457733154297e-01 5.443087816238403320e-01 -2.060084044933319092e-02
4.945422112941741943e-01 5.457707047462463379e-01 -2.380363829433917999e-02
4.845854043960571289e-01 5.963516831398010254e-01 -1.661120355129241943e-02
4.882998466491699219e-01 5.794417858123779297e-01 -2.643025666475296021e-02
4.899445474147796631e-01 5.692899227142333984e-01 -2.740968763828277588e-02
4.919824004173278809e-01 5.586267709732055664e-01 -2.456739917397499084e-02
4.940846264362335205e-01 5.505310297012329102e-01 -2.269156277179718018e-02
4.771275222301483154e-01 5.463970899581909180e-01 -1.530584972351789474e-02
4.740684628486633301e-01 5.500759482383728027e-01 -1.722782850265502930e-02
4.707151055335998535e-01 5.548093914985656738e-01 -1.928448863327503204e-02
4.677729010581970215e-01 5.599869489669799805e-01 -1.764035597443580627e-02
4.589456319808959961e-01 5.169646143913269043e-01 -1.736397668719291687e-02
3.737850189208984375e-01 4.447135329246520996e-01 1.080496683716773987e-01
5.108348131179809570e-01 4.878150224685668945e-01 -3.992965072393417358e-02
4.711765050888061523e-01 5.455484390258789062e-01 -1.023852825164794922e-02
4.684672653675079346e-01 5.473362207412719727e-01 -1.151705719530582428e-02
4.957090318202972412e-01 4.906329810619354248e-01 -3.045730292797088623e-02
4.781783521175384521e-01 4.857098460197448730e-01 -1.983227394521236420e-02
4.944251775741577148e-01 4.872185289859771729e-01 -3.013336285948753357e-02
4.668567776679992676e-01 4.240186214447021484e-01 -7.762753404676914215e-03
4.470564126968383789e-01 4.326304197311401367e-01 -5.858564749360084534e-03
4.734909236431121826e-01 4.659083485603332520e-01 -2.453666925430297852e-02
4.300100803375244141e-01 2.497751414775848389e-01 2.322186343371868134e-02
4.368480443954467773e-01 2.714161276817321777e-01 7.193795405328273773e-03
4.457935690879821777e-01 2.864624261856079102e-01 -5.972743500024080276e-03
4.583596587181091309e-01 5.747724771499633789e-01 -1.047864742577075958e-02
4.970206916332244873e-01 2.987667322158813477e-01 -1.840728707611560822e-02
4.936242401599884033e-01 2.715298533439636230e-01 -1.102497149258852005e-02
4.916719794273376465e-01 2.358519583940505981e-01 -3.062223782762885094e-03
4.339804947376251221e-01 3.793213963508605957e-01 8.331304416060447693e-03
4.030109047889709473e-01 3.925377130508422852e-01 2.256271988153457642e-02
4.829835891723632812e-01 3.775790631771087646e-01 5.929773207753896713e-03
4.209236204624176025e-01 3.453259170055389404e-01 1.341920904815196991e-02
4.890545606613159180e-01 4.052724540233612061e-01 -1.336805708706378937e-02
4.844193160533905029e-01 4.604971706867218018e-01 -4.428545385599136353e-02
3.909057974815368652e-01 4.035227894783020020e-01 3.354840353131294250e-02
4.100778996944427490e-01 4.052746295928955078e-01 1.222537644207477570e-02
4.248658418655395508e-01 4.131706357002258301e-01 2.569853095337748528e-03
4.476957917213439941e-01 4.129116833209991455e-01 -6.960711907595396042e-04
4.648216664791107178e-01 4.076924324035644531e-01 -1.962520880624651909e-03
4.782954752445220947e-01 4.007632136344909668e-01 -3.636450041085481644e-03
5.067190527915954590e-01 3.843774199485778809e-01 -2.249596826732158661e-02
3.908931612968444824e-01 4.394515454769134521e-01 2.916281670331954956e-02
4.113815426826477051e-01 3.412408828735351562e-01 1.849869266152381897e-02
5.061234831809997559e-01 4.822581112384796143e-01 -5.423599481582641602e-02
4.802795052528381348e-01 4.323517978191375732e-01 -1.576709002256393433e-02
3.762007355690002441e-01 3.693177998065948486e-01 1.021135002374649048e-01
4.889005422592163086e-01 3.922514319419860840e-01 -4.189290106296539307e-03
4.717590212821960449e-01 4.671370089054107666e-01 -1.364963967353105545e-02
4.266467392444610596e-01 3.611049652099609375e-01 1.670675538480281830e-02
4.842199087142944336e-01 4.499501883983612061e-01 -3.988212719559669495e-02
3.764532804489135742e-01 4.865685701370239258e-01 1.019393876194953918e-01
4.843997061252593994e-01 3.716388940811157227e-01 8.870955556631088257e-03
4.945198595523834229e-01 4.405268132686614990e-01 -4.989843070507049561e-02
4.066832065582275391e-01 5.750423669815063477e-01 3.202185407280921936e-02
4.042552113533020020e-01 5.947233438491821289e-01 5.120623484253883362e-02
3.778503835201263428e-01 4.424152076244354248e-01 6.855977326631546021e-02
3.941961228847503662e-01 5.503288507461547852e-01 4.532493650913238525e-02
3.915506601333618164e-01 3.376507461071014404e-01 5.589070916175842285e-02
4.500887989997863770e-01 6.346794366836547852e-01 -2.659617166500538588e-04
5.065389871597290039e-01 4.866240918636322021e-01 -3.943163529038429260e-02
4.687965214252471924e-01 4.438165724277496338e-01 -1.269016321748495102e-02
3.941512405872344971e-01 3.699345290660858154e-01 3.898382559418678284e-02
4.453425407409667969e-01 3.744361698627471924e-01 5.232091993093490601e-03
4.545492231845855713e-01 3.772270977497100830e-01 3.112794365733861923e-03
4.627864360809326172e-01 5.515842437744140625e-01 -9.991005063056945801e-03
3.912514448165893555e-01 4.738868176937103271e-01 3.171044215559959412e-02
4.694327116012573242e-01 6.605662107467651367e-01 4.114229697734117508e-03
4.347281754016876221e-01 6.347687244415283203e-01 2.406359277665615082e-02
4.203173518180847168e-01 6.185121536254882812e-01 3.583782538771629333e-02
5.252138972282409668e-01 2.770060896873474121e-01 -1.127428747713565826e-02
4.941878914833068848e-01 6.664075851440429688e-01 2.592943375930190086e-03
4.643738865852355957e-01 3.770454823970794678e-01 3.468865063041448593e-03
4.740737378597259521e-01 3.747486472129821777e-01 5.749796517193317413e-03
4.807152748107910156e-01 3.732454776763916016e-01 8.538938127458095551e-03
4.026374220848083496e-01 3.376292586326599121e-01 2.954276837408542633e-02
4.750424027442932129e-01 3.588976860046386719e-01 4.230949562042951584e-03
4.653114080429077148e-01 3.534215390682220459e-01 1.953325467184185982e-03
4.555715322494506836e-01 3.517193794250488281e-01 1.759507576934993267e-03
4.457356929779052734e-01 3.532215654850006104e-01 3.737786784768104553e-03
4.393322169780731201e-01 3.564817309379577637e-01 6.750868633389472961e-03
3.828513026237487793e-01 3.305717706680297852e-01 8.571986109018325806e-02
4.395705759525299072e-01 3.707651495933532715e-01 8.461580611765384674e-03
5.086189508438110352e-01 5.064411759376525879e-01 -3.031031042337417603e-02
4.710734486579895020e-01 5.089846253395080566e-01 -2.219286561012268066e-02
4.850559532642364502e-01 4.744274020195007324e-01 -3.318288549780845642e-02
4.931843280792236328e-01 5.056882500648498535e-01 -3.051394596695899963e-02
5.192157626152038574e-01 3.597762584686279297e-01 -1.687395386397838593e-02
4.204264879226684570e-01 5.984774231910705566e-01 2.200736477971076965e-02
4.344485700130462646e-01 6.167104244232177734e-01 1.154583320021629333e-02
4.703284204006195068e-01 6.486009955406188965e-01 -9.962390176951885223e-03
3.924124836921691895e-01 5.677115917205810547e-01 7.126524299383163452e-02
4.816736578941345215e-01 3.664472699165344238e-01 7.012045942246913910e-03
4.975166916847229004e-01 4.100830256938934326e-01 -2.805663086473941803e-02
4.952378571033477783e-01 6.543515324592590332e-01 -1.121733244508504868e-02
4.505814909934997559e-01 6.493337750434875488e-01 1.172747369855642319e-02
3.796611726284027100e-01 4.806208014488220215e-01 6.575424969196319580e-02
4.848203659057617188e-01 5.480216741561889648e-01 -1.953303441405296326e-02
4.817117452621459961e-01 5.541026592254638672e-01 -2.163757570087909698e-02
4.787676334381103516e-01 5.619187355041503906e-01 -2.402370236814022064e-02
4.763786792755126953e-01 5.707554221153259277e-01 -2.290086634457111359e-02
4.697090685367584229e-01 5.869172811508178711e-01 -1.521725766360759735e-02
4.688113629817962646e-01 5.436943769454956055e-01 -1.189933344721794128e-02
4.662032127380371094e-01 5.424154400825500488e-01 -1.215501967817544937e-02
4.639401137828826904e-01 5.408120751380920410e-01 -1.233009900897741318e-02
4.491063654422760010e-01 5.290387272834777832e-01 -1.056644972413778305e-02
4.071510434150695801e-01 4.844644963741302490e-01 1.024053990840911865e-02
4.980919361114501953e-01 3.935290873050689697e-01 -1.704310439527034760e-02
4.941050708293914795e-01 3.575757741928100586e-01 2.353527583181858063e-03
4.868229329586029053e-01 3.595522642135620117e-01 5.721447989344596863e-03
4.710566401481628418e-01 5.446871519088745117e-01 -1.088483724743127823e-02
4.024317860603332520e-01 5.258362293243408203e-01 2.551079727709293365e-02
5.048225522041320801e-01 3.570812344551086426e-01 -1.089497841894626617e-02
4.615798890590667725e-01 6.018505692481994629e-01 -9.783268906176090240e-03
5.165655612945556641e-01 4.167836308479309082e-01 -4.718112945556640625e-02
5.064747333526611328e-01 4.021073281764984131e-01 -3.437129780650138855e-02
5.172860026359558105e-01 3.999844789505004883e-01 -3.610201552510261536e-02
4.877636134624481201e-01 4.359336495399475098e-01 -2.941362187266349792e-02
4.968107640743255615e-01 6.372047662734985352e-01 -1.663914509117603302e-02
4.984237551689147949e-01 6.169084310531616211e-01 -1.605503447353839874e-02
4.792956709861755371e-01 6.131437420845031738e-01 -1.497270818799734116e-02
4.377514719963073730e-01 5.673733949661254883e-01 5.406981217674911022e-04
4.606030583381652832e-01 4.791235327720642090e-01 -1.187273580580949783e-02
4.479722678661346436e-01 5.868631601333618164e-01 -4.369014408439397812e-03
4.340722262859344482e-01 4.723683893680572510e-01 -9.205999784171581268e-03
4.485460817813873291e-01 4.940212368965148926e-01 -1.132365874946117401e-02
4.223037958145141602e-01 4.987054467201232910e-01 -1.843070378527045250e-03
4.737426638603210449e-01 6.320672035217285156e-01 -1.499698683619499207e-02
4.799205064773559570e-01 4.455060362815856934e-01 -2.232553064823150635e-02
4.263470470905303955e-01 5.795014500617980957e-01 1.009089313447475433e-02
4.398379027843475342e-01 5.997271537780761719e-01 3.386884229257702827e-03
4.308089017868041992e-01 5.448734760284423828e-01 1.356760156340897083e-03
3.926036357879638672e-01 5.035047531127929688e-01 3.502965345978736877e-02
4.156101644039154053e-01 5.462896823883056641e-01 1.141271460801362991e-02
3.840937912464141846e-01 5.165756940841674805e-01 6.005000695586204529e-02
4.379402399063110352e-01 5.146833658218383789e-01 -7.070310879498720169e-03
4.891081154346466064e-01 4.209624230861663818e-01 -2.142875455319881439e-02
4.876427352428436279e-01 4.683496057987213135e-01 -4.663048312067985535e-02
4.802820682525634766e-01 4.727802574634552002e-01 -3.495933115482330322e-02
4.933359026908874512e-01 4.572058618068695068e-01 -5.382975935935974121e-02
4.866096079349517822e-01 3.376464247703552246e-01 -1.437138882465660572e-03
4.688841700553894043e-01 3.226237297058105469e-01 -4.035817459225654602e-03
4.526658654212951660e-01 3.186119198799133301e-01 -4.287054296582937241e-03
4.383552074432373047e-01 3.215922117233276367e-01 -8.608952048234641552e-04
4.276032745838165283e-01 3.299912810325622559e-01 5.066716112196445465e-03
4.172406494617462158e-01 3.639772236347198486e-01 2.092772722244262695e-02
3.780514597892761230e-01 4.059343636035919189e-01 6.726998090744018555e-02
4.233072698116302490e-01 3.899419307708740234e-01 1.163375470787286758e-02
4.344772398471832275e-01 3.961999416351318359e-01 5.630043335258960724e-03
4.499223232269287109e-01 3.981850743293762207e-01 1.969541190192103386e-03
4.651143550872802734e-01 3.959584534168243408e-01 6.200729403644800186e-04
4.774637222290039062e-01 3.910123109817504883e-01 1.770522096194326878e-03
4.862982034683227539e-01 3.859286904335021973e-01 1.745390938594937325e-03
3.740282356739044189e-01 4.064580500125885010e-01 1.087691783905029297e-01
4.797859191894531250e-01 4.778515398502349854e-01 -2.948833070695400238e-02
4.969084858894348145e-01 4.249684810638427734e-01 -3.748493641614913940e-02
4.955583214759826660e-01 4.697190523147583008e-01 -5.473550036549568176e-02
5.005409717559814453e-01 4.791327118873596191e-01 -4.993130266666412354e-02
4.951885938644409180e-01 4.728167653083801270e-01 -4.938277602195739746e-02
4.822036623954772949e-01 4.834999740123748779e-01 -2.555509656667709351e-02
5.026437044143676758e-01 4.808092117309570312e-01 -5.280305072665214539e-02
5.030755996704101562e-01 4.851825535297393799e-01 -3.963743522763252258e-02
4.882045984268188477e-01 3.720230162143707275e-01 7.670858409255743027e-03
4.938056468963623047e-01 3.766632676124572754e-01 1.453714095987379551e-03
4.974773824214935303e-01 3.793123662471771240e-01 -5.925479345023632050e-03
4.355646669864654541e-01 3.592113852500915527e-01 1.026336196810007095e-02
4.276723265647888184e-01 3.477599322795867920e-01 1.041681878268718719e-02
5.257658362388610840e-01 4.206842780113220215e-01 -4.256213456392288208e-02
5.969610810279846191e-01 3.860256373882293701e-01 2.337479591369628906e-02
5.209664702415466309e-01 4.852268695831298828e-01 -3.858428820967674255e-02
6.343760490417480469e-01 3.339037299156188965e-01 8.217887580394744873e-02
5.635392069816589355e-01 3.974485397338867188e-01 9.152309969067573547e-03
5.748041868209838867e-01 4.004000425338745117e-01 1.084718294441699982e-02
5.855147242546081543e-01 4.012441635131835938e-01 1.479403767734766006e-02
6.003373265266418457e-01 3.928172588348388672e-01 2.519980445504188538e-02
5.541325211524963379e-01 3.921692967414855957e-01 1.001852657645940781e-02
5.844052433967590332e-01 3.461132943630218506e-01 7.677353452891111374e-03
5.706281661987304688e-01 3.473990559577941895e-01 6.756809540092945099e-03
5.965277552604675293e-01 3.504089415073394775e-01 1.200285274535417557e-02
6.036399006843566895e-01 3.591109514236450195e-01 1.673527806997299194e-02
6.073154211044311523e-01 4.058185517787933350e-01 3.107293695211410522e-02
5.398296117782592773e-01 6.276361942291259766e-01 -4.155921924393624067e-04
6.012824773788452148e-01 3.808670639991760254e-01 2.745108678936958313e-02
6.369043588638305664e-01 4.060710668563842773e-01 8.365010470151901245e-02
6.191933155059814453e-01 3.947761058807373047e-01 4.371760785579681396e-02
5.663508176803588867e-01 4.704544246196746826e-01 -3.724148264154791832e-03
5.193001031875610352e-01 5.323945283889770508e-01 -3.136868029832839966e-02
5.163503289222717285e-01 5.454199314117431641e-01 -2.647603303194046021e-02
5.307021737098693848e-01 5.389822125434875488e-01 -2.373011410236358643e-02
5.376405715942382812e-01 5.454958677291870117e-01 -1.482158713042736053e-02
5.253561139106750488e-01 5.472910404205322266e-01 -2.112785354256629944e-02
5.321136116981506348e-01 5.498954653739929199e-01 -1.297738216817378998e-02
5.519365072250366211e-01 5.748965144157409668e-01 2.253571292385458946e-03
5.220361351966857910e-01 4.754018783569335938e-01 -5.845462903380393982e-02
5.251267552375793457e-01 4.589585065841674805e-01 -6.144148111343383789e-02
6.180639266967773438e-01 3.457916378974914551e-01 2.261163108050823212e-02
5.469839572906494141e-01 4.248508810997009277e-01 -4.920830484479665756e-03
5.455579757690429688e-01 4.763242900371551514e-01 -2.889051474630832672e-02
5.470312833786010742e-01 4.677114486694335938e-01 -2.533393539488315582e-02
5.989392995834350586e-01 4.736768603324890137e-01 1.324957702308893204e-02
5.256988406181335449e-01 4.382426738739013672e-01 -5.399038270115852356e-02
5.956882834434509277e-01 3.232591152191162109e-01 2.205985132604837418e-03
6.097708344459533691e-01 3.309598267078399658e-01 1.207388751208782196e-02
6.269155740737915039e-01 3.026415109634399414e-01 6.024514883756637573e-02
5.453219413757324219e-01 3.349899649620056152e-01 -1.117582339793443680e-02
5.583404302597045898e-01 3.549695014953613281e-01 9.085527621209621429e-03
5.614875555038452148e-01 5.600643754005432129e-01 6.091830320656299591e-03
6.130242347717285156e-01 5.623540878295898438e-01 1.071569994091987610e-01
5.359761714935302734e-01 4.846594035625457764e-01 -2.573302015662193298e-02
5.272022485733032227e-01 4.883299469947814941e-01 -2.770170569419860840e-02
5.457410216331481934e-01 5.560364127159118652e-01 4.169174004346132278e-03
5.428602695465087891e-01 5.553948879241943359e-01 5.187773494981229305e-04
6.153210997581481934e-01 3.216067254543304443e-01 1.801269128918647766e-02
5.447853207588195801e-01 4.843481183052062988e-01 -2.303140610456466675e-02
5.752412080764770508e-01 3.232892751693725586e-01 -5.899966228753328323e-03
5.780796408653259277e-01 3.105409443378448486e-01 -7.635305635631084442e-03
5.892484784126281738e-01 2.575803995132446289e-01 1.520300097763538361e-02
6.205347776412963867e-01 3.146104812622070312e-01 3.609346598386764526e-02
5.822367668151855469e-01 2.846957445144653320e-01 3.166844602674245834e-03
6.236780285835266113e-01 3.405115604400634766e-01 3.290557861328125000e-02
6.287175416946411133e-01 3.406088948249816895e-01 5.593688040971755981e-02
5.180368423461914062e-01 5.398243069648742676e-01 -3.014390543103218079e-02
5.280172824859619141e-01 5.436432361602783203e-01 -2.297253161668777466e-02
5.350111126899719238e-01 5.478476285934448242e-01 -1.489065214991569519e-02
5.329692959785461426e-01 4.875155389308929443e-01 -2.351146377623081207e-02
5.442664027214050293e-01 5.557785630226135254e-01 2.187848789617419243e-03
5.401187539100646973e-01 5.593014955520629883e-01 -5.332346074283123016e-03
5.412980318069458008e-01 5.549963712692260742e-01 1.288131606997922063e-04
5.324066877365112305e-01 4.774955511093139648e-01 -4.092865809798240662e-02
5.299345850944519043e-01 5.511313080787658691e-01 -1.135663408786058426e-02
5.233264565467834473e-01 5.494612455368041992e-01 -1.693368516862392426e-02
5.150052905082702637e-01 5.486471056938171387e-01 -2.171385847032070160e-02
5.148603916168212891e-01 6.001524925231933594e-01 -1.470239739865064621e-02
5.173633694648742676e-01 5.837838053703308105e-01 -2.432729117572307587e-02
5.170089006423950195e-01 5.731866955757141113e-01 -2.520610950887203217e-02
5.161162614822387695e-01 5.620451569557189941e-01 -2.238150127232074738e-02
5.147557258605957031e-01 5.534434914588928223e-01 -2.060360461473464966e-02
5.297794342041015625e-01 5.535147786140441895e-01 -1.040110085159540176e-02
5.326217412948608398e-01 5.581305623054504395e-01 -1.231150515377521515e-02
5.354980230331420898e-01 5.638778805732727051e-01 -1.414323039352893829e-02
5.378798842430114746e-01 5.699571967124938965e-01 -1.219790801405906677e-02
5.522372722625732422e-01 5.295108556747436523e-01 -1.039877813309431076e-02
6.302086114883422852e-01 4.804753363132476807e-01 1.270901709794998169e-01
5.347238779067993164e-01 5.539565086364746094e-01 -4.166569095104932785e-03
5.374212265014648438e-01 5.565502643585205078e-01 -5.477558821439743042e-03
5.237272977828979492e-01 4.944018721580505371e-01 -2.861024625599384308e-02
5.398812890052795410e-01 4.939358234405517578e-01 -1.585034839808940887e-02
5.253778100013732910e-01 4.914711415767669678e-01 -2.835887484252452850e-02
5.577049851417541504e-01 4.365538060665130615e-01 -6.342747947201132774e-04
5.751412510871887207e-01 4.503783285617828369e-01 3.587036160752177238e-03
5.478692054748535156e-01 4.758836328983306885e-01 -1.913857460021972656e-02
6.131942868232727051e-01 2.767131924629211426e-01 3.641585260629653931e-02
6.061578989028930664e-01 2.954099178314208984e-01 1.887158304452896118e-02
6.000216603279113770e-01 3.113088309764862061e-01 4.712312016636133194e-03
5.423445105552673340e-01 5.852604508399963379e-01 -4.244447220116853714e-03
5.508886575698852539e-01 3.135289847850799561e-01 -1.473180204629898071e-02
5.558785200119018555e-01 2.806052565574645996e-01 -6.750996224582195282e-03
5.616071820259094238e-01 2.464701384305953979e-01 1.748840557411313057e-03
5.947487354278564453e-01 3.991516530513763428e-01 2.029145695269107819e-02
6.175591945648193359e-01 4.201359450817108154e-01 3.760248050093650818e-02
5.479035377502441406e-01 3.871013522148132324e-01 1.145659573376178741e-02
6.122059822082519531e-01 3.692668080329895020e-01 2.724960632622241974e-02
5.403852462768554688e-01 4.123528897762298584e-01 -9.092469699680805206e-03
5.404015779495239258e-01 4.682669937610626221e-01 -4.016676172614097595e-02
6.278796195983886719e-01 4.362162351608276367e-01 5.044542253017425537e-02
6.101068258285522461e-01 4.311501681804656982e-01 2.653590217232704163e-02
5.960637331008911133e-01 4.355856776237487793e-01 1.489207055419683456e-02
5.749902129173278809e-01 4.295577406883239746e-01 8.821382187306880951e-03
5.597037672996520996e-01 4.201122820377349854e-01 5.380591843277215958e-03
5.484551191329956055e-01 4.106335639953613281e-01 1.904858625493943691e-03
5.282642245292663574e-01 3.874179720878601074e-01 -2.072512544691562653e-02
6.238625049591064453e-01 4.714428782463073730e-01 4.608197882771492004e-02
6.195316910743713379e-01 3.687557876110076904e-01 3.350856155157089233e-02
5.171897411346435547e-01 4.837773144245147705e-01 -5.332721769809722900e-02
5.450266003608703613e-01 4.412164986133575439e-01 -1.049992442131042480e-02
6.376095414161682129e-01 4.060890078544616699e-01 1.219042390584945679e-01
5.403490662574768066e-01 4.003420770168304443e-01 1.281759468838572502e-04
5.483494997024536133e-01 4.773946106433868408e-01 -8.114463649690151215e-03
6.054875850677490234e-01 3.820140957832336426e-01 2.988615632057189941e-02
5.415333509445190430e-01 4.577668905258178711e-01 -3.566205129027366638e-02
6.234287619590759277e-01 5.205677151679992676e-01 1.201597228646278381e-01
5.480444431304931641e-01 3.810030519962310791e-01 1.459458190947771072e-02
5.341824293136596680e-01 4.459500312805175781e-01 -4.686122015118598938e-02
5.891938209533691406e-01 5.977873802185058594e-01 4.455086961388587952e-02
5.869909524917602539e-01 6.169708371162414551e-01 6.451450288295745850e-02
6.322516202926635742e-01 4.771533310413360596e-01 8.668053150177001953e-02
6.038041114807128906e-01 5.775758624076843262e-01 6.001112982630729675e-02
6.331063508987426758e-01 3.712397813796997070e-01 7.320796698331832886e-02
5.409337282180786133e-01 6.445676088333129883e-01 5.743462592363357544e-03
5.151288509368896484e-01 4.878355264663696289e-01 -3.887786716222763062e-02
5.537425279617309570e-01 4.554904401302337646e-01 -6.273979786783456802e-03
6.268119215965270996e-01 4.002307653427124023e-01 5.555160343647003174e-02
5.857424139976501465e-01 3.909766077995300293e-01 1.586757786571979523e-02
5.760525465011596680e-01 3.909093737602233887e-01 1.249037403613328934e-02
5.426226854324340820e-01 5.622512102127075195e-01 -3.346348414197564125e-03
6.186908483505249023e-01 5.049346089363098145e-01 4.817262664437294006e-02
5.187182426452636719e-01 6.655066609382629395e-01 7.590100634843111038e-03
5.541055202484130859e-01 6.474089026451110840e-01 3.265904635190963745e-02
5.695524215698242188e-01 6.352900266647338867e-01 4.670389369130134583e-02
5.664408802986145020e-01 3.885808587074279785e-01 1.142662297934293747e-02
5.573174953460693359e-01 3.850689232349395752e-01 1.254512742161750793e-02
5.511329770088195801e-01 3.830476999282836914e-01 1.463977061212062836e-02
6.257746219635009766e-01 3.674365878105163574e-01 4.562311992049217224e-02
5.597139596939086914e-01 3.699301779270172119e-01 1.124539691954851151e-02
5.702313184738159180e-01 3.652501702308654785e-01 1.018149871379137039e-02
5.805656909942626953e-01 3.646822869777679443e-01 1.132708135992288589e-02
5.903904438018798828e-01 3.680962622165679932e-01 1.457207463681697845e-02
5.960826873779296875e-01 3.732591867446899414e-01 1.838671229779720306e-02
6.377786993980407715e-01 3.665750920772552490e-01 1.048873141407966614e-01
5.923503637313842773e-01 3.889761865139007568e-01 1.991302520036697388e-02
5.429919362068176270e-01 5.186008214950561523e-01 -1.682479679584503174e-02
5.364782214164733887e-01 4.815948903560638428e-01 -2.959482744336128235e-02
5.236169695854187012e-01 5.098023414611816406e-01 -2.829613536596298218e-02
5.731094479560852051e-01 6.165844202041625977e-01 3.217874467372894287e-02
5.577241182327270508e-01 6.306117773056030273e-01 1.953231543302536011e-02
5.201453566551208496e-01 6.540440917015075684e-01 -6.760038435459136963e-03
6.005374193191528320e-01 5.946267843246459961e-01 8.675806969404220581e-02
5.518091917037963867e-01 3.765755295753479004e-01 1.328084710985422134e-02
5.336415171623229980e-01 4.150900244712829590e-01 -2.514088153839111328e-02
5.377987027168273926e-01 6.580742597579956055e-01 1.805160008370876312e-02
6.257005929946899414e-01 5.140141844749450684e-01 8.326802402734756470e-02
5.231238007545471191e-01 5.533190965652465820e-01 -1.581433974206447601e-02
5.257260203361511230e-01 5.603481531143188477e-01 -1.778883859515190125e-02
5.279029607772827148e-01 5.690619945526123047e-01 -1.998343132436275482e-02
5.294169783592224121e-01 5.787046551704406738e-01 -1.872528344392776489e-02
5.301216244697570801e-01 5.942654013633728027e-01 -1.066698413342237473e-02
5.373557209968566895e-01 5.525118708610534668e-01 -5.694599356502294540e-03
5.400400161743164062e-01 5.519016981124877930e-01 -5.332318600267171860e-03
5.424653887748718262e-01 5.508721470832824707e-01 -5.121633876115083694e-03
5.587360858917236328e-01 5.437763929367065430e-01 -1.942466711625456810e-03
6.038914322853088379e-01 5.113126039505004883e-01 2.425602823495864868e-02
5.342419147491455078e-01 3.986400365829467773e-01 -1.410270202904939651e-02
5.412266850471496582e-01 3.661649823188781738e-01 6.142875645309686661e-03
5.474600791931152344e-01 3.691303730010986328e-01 1.117872633039951324e-02
5.349048972129821777e-01 5.529529452323913574e-01 -4.747874569147825241e-03
6.011549234390258789e-01 5.522556304931640625e-01 3.955544903874397278e-02
5.318962931632995605e-01 3.637951016426086426e-01 -8.520340546965599060e-03
5.354966521263122559e-01 6.104732155799865723e-01 -4.870458506047725677e-03
5.271503329277038574e-01 4.049378633499145508e-01 -3.282679244875907898e-02
5.390182733535766602e-01 4.430311024188995361e-01 -2.555124461650848389e-02
5.174130201339721680e-01 6.175605058670043945e-01 -1.270016003400087357e-02
5.624610781669616699e-01 5.831501483917236328e-01 9.231210686266422272e-03
5.564697980880737305e-01 4.920237958431243896e-01 -5.080463364720344543e-03
5.500840544700622559e-01 5.991721749305725098e-01 2.441230695694684982e-03
5.819798707962036133e-01 4.926878213882446289e-01 1.209994894452393055e-03
5.653057694435119629e-01 5.098772048950195312e-01 -2.907995367422699928e-03
5.883045792579650879e-01 5.211912393569946289e-01 9.938122704625129700e-03
5.198312401771545410e-01 6.373800039291381836e-01 -1.205044519156217575e-02
5.442069172859191895e-01 4.541896283626556396e-01 -1.749911904335021973e-02
5.710787177085876465e-01 5.972258448600769043e-01 1.981607638299465179e-02
5.557701587677001953e-01 6.133607029914855957e-01 1.087552960962057114e-02
5.727646350860595703e-01 5.635600090026855469e-01 1.182565372437238693e-02
6.129603385925292969e-01 5.332565903663635254e-01 5.073427036404609680e-02
5.863564014434814453e-01 5.683945417404174805e-01 2.333995141088962555e-02
6.170858144760131836e-01 5.478286147117614746e-01 7.684061676263809204e-02
5.714693069458007812e-01 5.327373743057250977e-01 2.720116870477795601e-03
5.390655994415283203e-01 4.279067218303680420e-01 -1.724150218069553375e-02
5.361755490303039551e-01 4.751023948192596436e-01 -4.289451986551284790e-02
5.414767265319824219e-01 4.811816215515136719e-01 -3.068497963249683380e-02
5.335066318511962891e-01 4.627819657325744629e-01 -5.103607103228569031e-02
5.521254539489746094e-01 3.494484126567840576e-01 3.719721222296357155e-03
5.722518563270568848e-01 3.385401368141174316e-01 3.388970624655485153e-03
5.891662240028381348e-01 3.376256823539733887e-01 5.454836413264274597e-03
6.021095514297485352e-01 3.431130647659301758e-01 1.089479867368936539e-02
6.099609136581420898e-01 3.533255159854888916e-01 1.818642020225524902e-02
6.111872196197509766e-01 3.881154656410217285e-01 3.489955514669418335e-02
6.362439393997192383e-01 4.414274096488952637e-01 8.591287583112716675e-02
6.014668941497802734e-01 4.124632775783538818e-01 2.458122372627258301e-02
5.899112224578857422e-01 4.161981642246246338e-01 1.696791686117649078e-02
5.751963853836059570e-01 4.138117730617523193e-01 1.139010116457939148e-02
5.612795352935791016e-01 4.078083038330078125e-01 8.159440010786056519e-03
5.505877733230590820e-01 4.008536934852600098e-01 7.502386346459388733e-03
5.433061122894287109e-01 3.943368196487426758e-01 6.431431975215673447e-03
6.342771649360656738e-01 4.429692924022674561e-01 1.285118907690048218e-01
5.404691696166992188e-01 4.860185086727142334e-01 -2.528702653944492340e-02
5.330922007560729980e-01 4.299664795398712158e-01 -3.447058796882629395e-02
5.293316841125488281e-01 4.743902683258056641e-01 -5.235831812024116516e-02
5.223379135131835938e-01 4.821898937225341797e-01 -4.854364320635795593e-02
5.284523963928222656e-01 4.775483608245849609e-01 -4.694431647658348083e-02
5.368580222129821777e-01 4.907271862030029297e-01 -2.199748530983924866e-02
5.204985141754150391e-01 4.832716286182403564e-01 -5.166568979620933533e-02
5.184708833694458008e-01 4.872790277004241943e-01 -3.870994225144386292e-02
5.440323352813720703e-01 3.809130489826202393e-01 1.252045761793851852e-02
5.380243062973022461e-01 3.840955495834350586e-01 5.197253543883562088e-03
5.346486568450927734e-01 3.862069845199584961e-01 -2.887766808271408081e-03
5.991106629371643066e-01 3.772972822189331055e-01 2.236247435212135315e-02
6.071591377258300781e-01 3.691942989826202393e-01 2.328160591423511505e-02
4.550022184848785400e-01 3.634115755558013916e-01 6.588871125131845474e-03
4.661892056465148926e-01 3.644762635231018066e-01 6.588871125131845474e-03
4.559946954250335693e-01 3.485833406448364258e-01 6.588871125131845474e-03
4.435634911060333252e-01 3.622692823410034180e-01 6.588871125131845474e-03
4.539274871349334717e-01 3.780042231082916260e-01 6.588871125131845474e-03
5.779434442520141602e-01 3.782287836074829102e-01 1.585368998348712921e-02
5.899848341941833496e-01 3.795200586318969727e-01 1.585368998348712921e-02
5.789328813552856445e-01 3.628351986408233643e-01 1.585368998348712921e-02
5.658216476440429688e-01 3.768365383148193359e-01 1.585368998348712921e-02
5.770010948181152344e-01 3.935629129409790039e-01 1.585368998348712921e-02
