5.052763819694519043e-01 5.341332554817199707e-01 -3.611585125327110291e-02
5.128210186958312988e-01 4.827469289302825928e-01 -6.271478533744812012e-02
5.096077322959899902e-01 5.000326633453369141e-01 -3.474211692810058594e-02
5.062745809555053711e-01 4.254032969474792480e-01 -4.595192521810531616e-02
5.144010782241821289e-01 4.651504456996917725e-01 -6.595119088888168335e-02
5.155992507934570312e-01 4.426758885383605957e-01 -6.043065339326858521e-02
5.177963376045227051e-01 3.885670006275177002e-01 -2.636597119271755219e-02
4.330619871616363525e-01 3.708390593528747559e-01 1.142663415521383286e-02
5.206719040870666504e-01 3.417403697967529297e-01 -1.579010486602783203e-02
5.225039720535278320e-01 3.187836408615112305e-01 -1.647379994392395020e-02
5.274936556816101074e-01 2.458640038967132568e-01 -6.064911140128970146e-04
5.050871968269348145e-01 5.380635857582092285e-01 -3.505495935678482056e-02
5.048106908798217773e-01 5.415821671485900879e-01 -3.175576403737068176e-02
5.046352744102478027e-01 5.436483025550842285e-01 -2.715038321912288666e-02
5.021311044692993164e-01 5.827365517616271973e-01 -2.159291878342628479e-02
5.020129084587097168e-01 5.888406038284301758e-01 -2.377474680542945862e-02
5.015186071395874023e-01 5.965178012847900391e-01 -2.612811140716075897e-02
5.009897947311401367e-01 6.042380928993225098e-01 -2.402513474225997925e-02
4.985437393188476562e-01 6.196392774581909180e-01 -1.341986563056707382e-02
5.115336179733276367e-01 4.918335080146789551e-01 -5.718546733260154724e-02
5.002024173736572266e-01 4.903987050056457520e-01 -4.250844195485115051e-02
3.919120132923126221e-01 3.045639991760253906e-01 6.540736556053161621e-02
4.640834927558898926e-01 3.904580473899841309e-01 1.330763567239046097e-03
4.519852995872497559e-01 3.910233676433563232e-01 1.298153307288885117e-03
4.408225715160369873e-01 3.884522318840026855e-01 3.721517045050859451e-03
4.273450076580047607e-01 3.761078715324401855e-01 1.237349398434162140e-02
4.749675989151000977e-01 3.864339292049407959e-01 3.848403226584196091e-03
4.531443119049072266e-01 3.337900042533874512e-01 -1.522714621387422085e-03
4.664670825004577637e-01 3.374418318271636963e-01 -2.745786332525312901e-04
4.403097927570343018e-01 3.359856009483337402e-01 1.158306724391877651e-03
4.313275218009948730e-01 3.428978621959686279e-01 4.929820541292428970e-03
4.159879088401794434e-01 3.858142495155334473e-01 1.702412590384483337e-02
4.521528482437133789e-01 6.300134658813476562e-01 -3.777809906750917435e-03
4.294412136077880859e-01 3.645881414413452148e-01 1.510496810078620911e-02
3.798813223838806152e-01 3.759348392486572266e-01 6.554475426673889160e-02
4.032195210456848145e-01 3.707663416862487793e-01 2.835285291075706482e-02
4.517150819301605225e-01 4.605106711387634277e-01 -1.359221525490283966e-02
4.896227419376373291e-01 5.297142863273620605e-01 -3.564840182662010193e-02
4.905447661876678467e-01 5.392569303512573242e-01 -3.106733411550521851e-02
4.742454886436462402e-01 5.330631732940673828e-01 -3.007987141609191895e-02
4.640304446220397949e-01 5.381751060485839844e-01 -2.171172387897968292e-02
4.783882796764373779e-01 5.396230816841125488e-01 -2.708498947322368622e-02
4.690980315208435059e-01 5.421407818794250488e-01 -1.923928782343864441e-02
4.457322359085083008e-01 5.712503194808959961e-01 -3.655296284705400467e-03
5.032773017883300781e-01 4.811006784439086914e-01 -6.227752566337585449e-02
5.031765699386596680e-01 4.639409482479095459e-01 -6.526744365692138672e-02
4.166293144226074219e-01 3.247556090354919434e-01 8.722539991140365601e-03
4.789403378963470459e-01 4.214893579483032227e-01 -1.129707507789134979e-02
4.757097959518432617e-01 4.738065004348754883e-01 -3.642332926392555237e-02
4.749492704868316650e-01 4.646903276443481445e-01 -3.281778097152709961e-02
4.162559509277343750e-01 4.535660147666931152e-01 -1.781591796316206455e-03
5.048766732215881348e-01 4.431217908859252930e-01 -5.784359574317932129e-02
4.474684298038482666e-01 3.075214028358459473e-01 -7.257480639964342117e-03
4.300057291984558105e-01 3.124635815620422363e-01 3.597250906750559807e-05
4.080561101436614990e-01 2.764482498168945312e-01 4.595115780830383301e-02
4.979553222656250000e-01 3.302234411239624023e-01 -1.404046081006526947e-02
4.773921072483062744e-01 3.472497463226318359e-01 3.465858288109302521e-03
4.393036961555480957e-01 5.506800413131713867e-01 -2.463532844558358192e-03
3.792154788970947266e-01 5.372518301010131836e-01 8.729359507560729980e-02
4.834331274032592773e-01 4.848010241985321045e-01 -3.171145915985107422e-02
4.919635653495788574e-01 4.909435510635375977e-01 -3.203198313713073730e-02
4.525489509105682373e-01 5.520417690277099609e-01 -2.931595779955387115e-03
4.558683931827545166e-01 5.521934628486633301e-01 -5.574891343712806702e-03
4.244982898235321045e-01 3.008418679237365723e-01 5.595627240836620331e-03
4.740358889102935791e-01 4.815286397933959961e-01 -3.044991567730903625e-02
4.696395397186279297e-01 3.116678595542907715e-01 -1.213569939136505127e-02
4.693360924720764160e-01 2.978981137275695801e-01 -1.385606452822685242e-02
4.604365825653076172e-01 2.441957741975784302e-01 8.204610086977481842e-03
4.164687991142272949e-01 2.918108105659484863e-01 2.320597134530544281e-02
4.652910828590393066e-01 2.737652361392974854e-01 -3.091605845838785172e-03
4.098810553550720215e-01 3.166744112968444824e-01 1.845816336572170258e-02
4.012074768543243408e-01 3.145203888416290283e-01 4.089307039976119995e-02
4.897435307502746582e-01 5.350425839424133301e-01 -3.461483865976333618e-02
4.762234091758728027e-01 5.367816090583801270e-01 -2.906421944499015808e-02
4.664551317691802979e-01 5.404197573661804199e-01 -2.138642966747283936e-02
4.856302440166473389e-01 4.883337914943695068e-01 -2.898030169308185577e-02
4.542226493358612061e-01 5.521605610847473145e-01 -4.266508389264345169e-03
4.586309194564819336e-01 5.628868937492370605e-01 -9.708425961434841156e-03
4.573330879211425781e-01 5.522078871726989746e-01 -5.713216960430145264e-03
4.900528490543365479e-01 4.796504378318786621e-01 -4.696788266301155090e-02
4.713451266288757324e-01 5.429466962814331055e-01 -1.764575019478797913e-02
4.803541302680969238e-01 5.410385727882385254e-01 -2.300865016877651215e-02
4.915428161621093750e-01 5.414280295372009277e-01 -2.676110342144966125e-02
4.814217686653137207e-01 6.157687902450561523e-01 -1.390534918755292892e-02
4.845332503318786621e-01 5.992684960365295410e-01 -2.424165606498718262e-02
4.858953654766082764e-01 5.919524431228637695e-01 -2.577429264783859253e-02
4.875478446483612061e-01 5.845987796783447266e-01 -2.323848940432071686e-02
4.892602562904357910e-01 5.792801380157470703e-01 -2.117309905588626862e-02
4.704679548740386963e-01 5.680288672447204590e-01 -1.340209506452083588e-02
4.677866399288177490e-01 5.697510242462158203e-01 -1.524267531931400299e-02
4.644741415977478027e-01 5.727370381355285645e-01 -1.701147668063640594e-02
4.618139564990997314e-01 5.762789249420166016e-01 -1.522420439869165421e-02
4.558304846286773682e-01 5.226326584815979004e-01 -1.818320341408252716e-02
3.704801797866821289e-01 4.494585394859313965e-01 1.064315661787986755e-01
5.105918645858764648e-01 4.958553016185760498e-01 -4.253681376576423645e-02
4.644240438938140869e-01 5.617226362228393555e-01 -8.407264016568660736e-03
4.614975452423095703e-01 5.620342493057250977e-01 -9.645995683968067169e-03
4.946422278881072998e-01 4.977986812591552734e-01 -3.278471156954765320e-02
4.763701558113098145e-01 4.919574260711669922e-01 -2.205597050487995148e-02
4.933857619762420654e-01 4.944617748260498047e-01 -3.262287378311157227e-02
4.655772149562835693e-01 4.293835759162902832e-01 -9.010827168822288513e-03
4.453397393226623535e-01 4.375739991664886475e-01 -7.498043123632669449e-03
4.719197452068328857e-01 4.721879065036773682e-01 -2.680251002311706543e-02
4.298715591430664062e-01 2.554665803909301758e-01 2.546579763293266296e-02
4.368163049221038818e-01 2.773677706718444824e-01 8.884551003575325012e-03
4.446972310543060303e-01 2.941341400146484375e-01 -4.947220906615257263e-03
4.540295302867889404e-01 5.879058241844177246e-01 -8.178746327757835388e-03
4.972676038742065430e-01 3.068469762802124023e-01 -1.731221750378608704e-02
4.936847388744354248e-01 2.773894071578979492e-01 -9.027251973748207092e-03
4.918026626110076904e-01 2.418608218431472778e-01 -6.606281967833638191e-04
4.318262934684753418e-01 3.837503194808959961e-01 8.059983141720294952e-03
4.014440774917602539e-01 3.965417146682739258e-01 2.193277515470981598e-02
4.824062883853912354e-01 3.822161555290222168e-01 6.066540256142616272e-03
4.186890423297882080e-01 3.497428596019744873e-01 1.376777421683073044e-02
4.883193373680114746e-01 4.115257561206817627e-01 -1.423243526369333267e-02
4.835988581180572510e-01 4.678533375263214111e-01 -4.678771644830703735e-02
3.886183202266693115e-01 4.083638489246368408e-01 3.265663236379623413e-02
4.089207351207733154e-01 4.099704623222351074e-01 1.131226122379302979e-02
4.240737855434417725e-01 4.183672070503234863e-01 1.596499932929873466e-03
4.468968808650970459e-01 4.182046353816986084e-01 -1.661598333157598972e-03
4.640412926673889160e-01 4.128095507621765137e-01 -2.664056140929460526e-03
4.775061607360839844e-01 4.059272110462188721e-01 -4.213446751236915588e-03
5.063593983650207520e-01 3.910613358020782471e-01 -2.309649437665939331e-02
3.879972994327545166e-01 4.439226090908050537e-01 2.757129445672035217e-02
4.091427326202392578e-01 3.458007574081420898e-01 1.883586682379245758e-02
5.057795643806457520e-01 4.904631078243255615e-01 -5.698425322771072388e-02
4.790282249450683594e-01 4.384129941463470459e-01 -1.728968508541584015e-02
3.736894130706787109e-01 3.741697072982788086e-01 1.019710451364517212e-01
4.882775843143463135e-01 3.977121710777282715e-01 -4.609402734786272049e-03
4.699205160140991211e-01 4.730808138847351074e-01 -1.555449049919843674e-02
4.241669774055480957e-01 3.644399940967559814e-01 1.683829165995121002e-02
4.833174943923950195e-01 4.568920135498046875e-01 -4.215807467699050903e-02
3.726850152015686035e-01 4.915034174919128418e-01 9.971014410257339478e-02
4.834797978401184082e-01 3.760822117328643799e-01 9.269239380955696106e-03
4.939986765384674072e-01 4.479084610939025879e-01 -5.211782082915306091e-02
4.047900140285491943e-01 5.826721787452697754e-01 3.169041499495506287e-02
4.017997086048126221e-01 6.028288602828979492e-01 4.975724965333938599e-02
3.743816018104553223e-01 4.471236467361450195e-01 6.707370281219482422e-02
3.917627036571502686e-01 5.572710037231445312e-01 4.382944479584693909e-02
3.900144398212432861e-01 3.429323434829711914e-01 5.657225474715232849e-02
4.484039545059204102e-01 6.462823152542114258e-01 1.275367569178342819e-03
5.061540603637695312e-01 4.946719706058502197e-01 -4.204704985022544861e-02
4.671321511268615723e-01 4.494070708751678467e-01 -1.437028869986534119e-02
3.915341198444366455e-01 3.728464543819427490e-01 3.881033509969711304e-02
4.434687495231628418e-01 3.792221844196319580e-01 5.268446635454893112e-03
4.532510936260223389e-01 3.818966746330261230e-01 3.178482176735997200e-03
4.560284316539764404e-01 5.641008615493774414e-01 -8.242822252213954926e-03
3.879698812961578369e-01 4.785774946212768555e-01 2.971434593200683594e-02
4.679631888866424561e-01 6.734305620193481445e-01 5.352756474167108536e-03
4.326794445514678955e-01 6.446498632431030273e-01 2.458168752491474152e-02
4.181802868843078613e-01 6.273461580276489258e-01 3.559801727533340454e-02
5.250961780548095703e-01 2.829902768135070801e-01 -9.241905063390731812e-03
4.933310449123382568e-01 6.800260543823242188e-01 4.120612982660531998e-03
4.634195566177368164e-01 3.813989162445068359e-01 3.619020106270909309e-03
4.734238088130950928e-01 3.789793550968170166e-01 5.994435399770736694e-03
4.800488948822021484e-01 3.776121735572814941e-01 8.874299004673957825e-03
4.001539051532745361e-01 3.415547609329223633e-01 2.997375838458538055e-02
4.736892580986022949e-01 3.606432378292083740e-01 4.825908690690994263e-03
4.636052846908569336e-01 3.536181449890136719e-01 2.523320959880948067e-03
4.533672928810119629e-01 3.515446186065673828e-01 2.251609694212675095e-03
4.430127739906311035e-01 3.536207675933837891e-01 4.145130049437284470e-03
4.363598823547363281e-01 3.579061329364776611e-01 7.122446782886981964e-03
3.808628320693969727e-01 3.355692923069000244e-01 8.629734814167022705e-02
4.371707737445831299e-01 3.751517534255981445e-01 8.474248461425304413e-03
5.081194043159484863e-01 5.130171179771423340e-01 -3.234412893652915955e-02
4.684421420097351074e-01 5.148535966873168945e-01 -2.378998883068561554e-02
4.839754998683929443e-01 4.818501472473144531e-01 -3.561739996075630188e-02
4.916131198406219482e-01 5.120075941085815430e-01 -3.239553421735763550e-02
5.188751816749572754e-01 3.658844828605651855e-01 -1.679178141057491302e-02
4.186918735504150391e-01 6.070248484611511230e-01 2.273183502256870270e-02
4.327782392501831055e-01 6.263872981071472168e-01 1.274014916270971298e-02
4.689095914363861084e-01 6.621202230453491211e-01 -8.121432736515998840e-03
3.895620107650756836e-01 5.750640034675598145e-01 6.868114322423934937e-02
4.806054830551147461e-01 3.700349330902099609e-01 7.493848446756601334e-03
4.970038831233978271e-01 4.170074462890625000e-01 -2.923936769366264343e-02
4.943837523460388184e-01 6.686927676200866699e-01 -9.101568721234798431e-03
4.486798346042633057e-01 6.607253551483154297e-01 1.273042336106300354e-02
3.758102655410766602e-01 4.857034087181091309e-01 6.376751512289047241e-02
4.788031280040740967e-01 5.741342306137084961e-01 -1.788597367703914642e-02
4.761167764663696289e-01 5.775896906852722168e-01 -1.990068517625331879e-02
4.734451770782470703e-01 5.830577015876770020e-01 -2.186436764895915985e-02
4.713625609874725342e-01 5.893974900245666504e-01 -2.035385556519031525e-02
4.654740989208221436e-01 6.036960482597351074e-01 -1.257232949137687683e-02
4.616788029670715332e-01 5.462785959243774414e-01 -1.195701770484447479e-02
4.590339064598083496e-01 5.453639626502990723e-01 -1.209201663732528687e-02
4.568245410919189453e-01 5.439435243606567383e-01 -1.226044911891222000e-02
4.458047151565551758e-01 5.346924066543579102e-01 -1.052680518478155136e-02
4.044923484325408936e-01 4.895530045032501221e-01 8.300456218421459198e-03
4.975813329219818115e-01 4.000673294067382812e-01 -1.776238344609737396e-02
4.937295913696289062e-01 3.627708852291107178e-01 2.794328611344099045e-03
4.860048294067382812e-01 3.639833331108093262e-01 6.277440581470727921e-03
4.638432860374450684e-01 5.464833378791809082e-01 -1.106586400419473648e-02
3.998845219612121582e-01 5.319307446479797363e-01 2.412825264036655426e-02
5.048465728759765625e-01 3.631081283092498779e-01 -1.072675921022891998e-02
4.584742784500122070e-01 6.154516935348510742e-01 -7.189214229583740234e-03
5.163332819938659668e-01 4.242426156997680664e-01 -4.874755814671516418e-02
5.061629414558410645e-01 4.092382788658142090e-01 -3.540292382240295410e-02
5.169934034347534180e-01 4.072193503379821777e-01 -3.707608953118324280e-02
4.867991209030151367e-01 4.425962567329406738e-01 -3.121574409306049347e-02
4.958717823028564453e-01 6.524618268013000488e-01 -1.379562169313430786e-02
4.973190128803253174e-01 6.343197226524353027e-01 -1.301531959325075150e-02
4.768979251384735107e-01 6.294943690299987793e-01 -1.198735181242227554e-02
4.349803030490875244e-01 5.755749344825744629e-01 2.023119712248444557e-03
4.585328400135040283e-01 4.849901199340820312e-01 -1.348526496440172195e-02
4.447743296623229980e-01 5.974686145782470703e-01 -2.137224655598402023e-03
4.319536387920379639e-01 4.780985116958618164e-01 -1.080639287829399109e-02
4.463464021682739258e-01 4.999632239341735840e-01 -1.238231267780065536e-02
4.204370975494384766e-01 5.042841434478759766e-01 -3.012422472238540649e-03
4.719889760017395020e-01 6.464425325393676758e-01 -1.242015883326530457e-02
4.786004126071929932e-01 4.517143368721008301e-01 -2.417906187474727631e-02
4.242689013481140137e-01 5.877622365951538086e-01 1.112825702875852585e-02
4.376021921634674072e-01 6.095710992813110352e-01 5.127087701112031937e-03
4.283813834190368652e-01 5.511099696159362793e-01 1.674245810136198997e-03
3.894167840480804443e-01 5.087659955024719238e-01 3.309061378240585327e-02
4.134132862091064453e-01 5.530481338500976562e-01 1.121306605637073517e-02
3.807794451713562012e-01 5.225099921226501465e-01 5.793422460556030273e-02
4.357809722423553467e-01 5.200039744377136230e-01 -7.701486814767122269e-03
4.882566630840301514e-01 4.275292456150054932e-01 -2.276699617505073547e-02
4.868832826614379883e-01 4.761799275875091553e-01 -4.920385032892227173e-02
4.791042804718017578e-01 4.798694550991058350e-01 -3.749681264162063599e-02
4.928733110427856445e-01 4.650449752807617188e-01 -5.643634498119354248e-02
4.861676990985870361e-01 3.435461521148681641e-01 -6.282807444222271442e-04
4.679145812988281250e-01 3.286012411117553711e-01 -3.204441862180829048e-03
4.511644542217254639e-01 3.245432972908020020e-01 -3.493887605145573616e-03
4.365087449550628662e-01 3.272491097450256348e-01 -2.403205580776557326e-04
4.254619181156158447e-01 3.352649211883544922e-01 5.579494871199131012e-03
4.151366055011749268e-01 3.673591017723083496e-01 2.093565836548805237e-02
3.753284215927124023e-01 4.107785820960998535e-01 6.652823835611343384e-02
4.218032956123352051e-01 3.942608237266540527e-01 1.111950445920228958e-02
4.333222508430480957e-01 4.009718894958496094e-01 5.085214972496032715e-03
4.489785432815551758e-01 4.030269980430603027e-01 1.463289954699575901e-03
4.643223881721496582e-01 4.006043076515197754e-01 3.493326948955655098e-04
4.767270088195800781e-01 3.957168757915496826e-01 1.526877982541918755e-03
4.856601953506469727e-01 3.908421397209167480e-01 1.610819017514586449e-03
3.712471127510070801e-01 4.112566411495208740e-01 1.079480722546577454e-01
4.784513115882873535e-01 4.846419095993041992e-01 -3.198095411062240601e-02
4.963757395744323730e-01 4.321072995662689209e-01 -3.920717537403106689e-02
4.950563609600067139e-01 4.779947996139526367e-01 -5.737375468015670776e-02
4.999595284461975098e-01 4.873370528221130371e-01 -5.260769277811050415e-02
4.945374727249145508e-01 4.810209572315216064e-01 -5.199471861124038696e-02
4.806693494319915771e-01 4.901453256607055664e-01 -2.795467153191566467e-02
5.021827816963195801e-01 4.890519976615905762e-01 -5.553219467401504517e-02
5.025517940521240234e-01 4.932160079479217529e-01 -4.224496707320213318e-02
4.875041246414184570e-01 3.767941594123840332e-01 7.942979224026203156e-03
4.932809174060821533e-01 3.817520737648010254e-01 1.475084689445793629e-03
4.971104562282562256e-01 3.849004805088043213e-01 -6.240420509129762650e-03
4.325675368309020996e-01 3.614160120487213135e-01 1.052305381745100021e-02
4.252687096595764160e-01 3.518036007881164551e-01 1.070924103260040283e-02
5.255559682846069336e-01 4.280201196670532227e-01 -4.410309717059135437e-02
5.946606993675231934e-01 3.891984522342681885e-01 2.413319423794746399e-02
5.210188031196594238e-01 4.931263923645019531e-01 -4.108634218573570251e-02
6.337493062019348145e-01 3.393395245075225830e-01 8.494929969310760498e-02
5.620056986808776855e-01 4.009998142719268799e-01 9.598669596016407013e-03
5.726048946380615234e-01 4.037137627601623535e-01 1.123266108334064484e-02
5.829541683197021484e-01 4.047581553459167480e-01 1.515401341021060944e-02
5.980317592620849609e-01 3.964869379997253418e-01 2.577756904065608978e-02
5.534015893936157227e-01 3.962959647178649902e-01 1.038843486458063126e-02
5.828019976615905762e-01 3.499111533164978027e-01 8.846636861562728882e-03
5.697967410087585449e-01 3.514484167098999023e-01 7.922021672129631042e-03
5.943198204040527344e-01 3.542042374610900879e-01 1.309657003730535507e-02
6.010869741439819336e-01 3.628975450992584229e-01 1.780169457197189331e-02
6.046503186225891113e-01 4.101384282112121582e-01 3.143176808953285217e-02
5.398566126823425293e-01 6.402038931846618652e-01 2.156159840524196625e-03
5.991123914718627930e-01 3.840857148170471191e-01 2.834862656891345978e-02
6.365553140640258789e-01 4.113367199897766113e-01 8.473402261734008789e-02
6.175614595413208008e-01 3.995446562767028809e-01 4.444795474410057068e-02
5.671009421348571777e-01 4.763725101947784424e-01 -4.908180329948663712e-03
5.204313397407531738e-01 5.335902571678161621e-01 -3.329783678054809570e-02
5.180537104606628418e-01 5.429306030273437500e-01 -2.888780273497104645e-02
5.339993834495544434e-01 5.404576659202575684e-01 -2.527742274105548859e-02
5.422417521476745605e-01 5.482412576675415039e-01 -1.515231095254421234e-02
5.289190411567687988e-01 5.462735891342163086e-01 -2.288699336349964142e-02
5.366449356079101562e-01 5.513423681259155273e-01 -1.363737788051366806e-02
5.532252788543701172e-01 5.848740339279174805e-01 4.491587635129690170e-03
5.219732522964477539e-01 4.836000502109527588e-01 -6.109266728162765503e-02
5.250601172447204590e-01 4.668779373168945312e-01 -6.386957317590713501e-02
6.164071559906005859e-01 3.510223627090454102e-01 2.390264905989170074e-02
5.469923019409179688e-01 4.307783842086791992e-01 -5.618216935545206070e-03
5.458128452301025391e-01 4.831485748291015625e-01 -3.105883300304412842e-02
5.473113656044006348e-01 4.743226170539855957e-01 -2.729110047221183777e-02
5.999361872673034668e-01 4.788813889026641846e-01 1.210935693234205246e-02
5.255872607231140137e-01 4.458745121955871582e-01 -5.603347718715667725e-02
5.938267707824707031e-01 3.289982676506042480e-01 3.506176406517624855e-03
6.079161763191223145e-01 3.363284766674041748e-01 1.334555353969335556e-02
6.261374950408935547e-01 3.083298206329345703e-01 6.338634341955184937e-02
5.447564721107482910e-01 3.425884842872619629e-01 -1.034816913306713104e-02
5.582350492477416992e-01 3.593488037586212158e-01 1.014990359544754028e-02
5.624757409095764160e-01 5.668222904205322266e-01 7.462718524038791656e-03
6.122338771820068359e-01 5.684414505958557129e-01 1.060238033533096313e-01
5.362042188644409180e-01 4.917979836463928223e-01 -2.788666635751724243e-02
5.273559689521789551e-01 4.956149160861968994e-01 -3.009042143821716309e-02
5.498940944671630859e-01 5.665332078933715820e-01 5.685748066753149033e-03
5.466361045837402344e-01 5.657529234886169434e-01 2.137524774298071861e-03
6.141105294227600098e-01 3.271522223949432373e-01 1.961528323590755463e-02
5.451724529266357422e-01 4.909148216247558594e-01 -2.518395148217678070e-02
5.736405849456787109e-01 3.299814760684967041e-01 -4.755400121212005615e-03
5.766932964324951172e-01 3.173753619194030762e-01 -6.301288027316331863e-03
5.891380906105041504e-01 2.636788785457611084e-01 1.827814429998397827e-02
6.196691989898681641e-01 3.206212520599365234e-01 3.847986087203025818e-02
5.819342732429504395e-01 2.908698916435241699e-01 5.456949118524789810e-03
6.228597760200500488e-01 3.460633158683776855e-01 3.451154753565788269e-02
6.279615163803100586e-01 3.463086485862731934e-01 5.814656242728233337e-02
5.194967389106750488e-01 5.389459133148193359e-01 -3.226203471422195435e-02
5.314377546310424805e-01 5.438921451568603516e-01 -2.455521002411842346e-02
5.395827889442443848e-01 5.500802993774414062e-01 -1.536439824849367142e-02
5.332728624343872070e-01 4.945737123489379883e-01 -2.575330063700675964e-02
5.482361316680908203e-01 5.661981105804443359e-01 3.739840351045131683e-03
5.436407923698425293e-01 5.758669376373291016e-01 -2.855099970474839211e-03
5.450778007507324219e-01 5.652912259101867676e-01 1.786872395314276218e-03
5.324758887290954590e-01 4.854269325733184814e-01 -4.328887537121772766e-02
5.341913700103759766e-01 5.515965223312377930e-01 -1.230697799474000931e-02
5.266332626342773438e-01 5.471997857093811035e-01 -1.901087909936904907e-02
5.167285203933715820e-01 5.447849631309509277e-01 -2.450437098741531372e-02
5.152396559715270996e-01 6.199064850807189941e-01 -1.180900726467370987e-02
5.167461633682250977e-01 6.043805480003356934e-01 -2.190539985895156860e-02
5.164778828620910645e-01 5.965474247932434082e-01 -2.332411520183086395e-02
5.155944228172302246e-01 5.886949300765991211e-01 -2.082039229571819305e-02
5.141885280609130859e-01 5.829053521156311035e-01 -1.886261813342571259e-02
5.319824218750000000e-01 5.773192048072814941e-01 -8.021716028451919556e-03
5.346974134445190430e-01 5.800234675407409668e-01 -9.850258007645606995e-03
5.377425551414489746e-01 5.842377543449401855e-01 -1.140627823770046234e-02
5.400574803352355957e-01 5.888261198997497559e-01 -9.287935681641101837e-03
5.533824563026428223e-01 5.356152057647705078e-01 -1.068698894232511520e-02
6.296919584274291992e-01 4.852434992790222168e-01 1.270473748445510864e-01
5.378336906433105469e-01 5.728576183319091797e-01 -1.764800632372498512e-03
5.408506989479064941e-01 5.740790963172912598e-01 -3.035876899957656860e-03
5.239387154579162598e-01 5.016074776649475098e-01 -3.081211820244789124e-02
5.406175851821899414e-01 5.003072023391723633e-01 -1.784063689410686493e-02
5.255874991416931152e-01 4.987404048442840576e-01 -3.073520772159099579e-02
5.579498410224914551e-01 4.420321285724639893e-01 -1.482245163060724735e-03
5.757702589035034180e-01 4.555861353874206543e-01 2.495037857443094254e-03
5.482926368713378906e-01 4.823453128337860107e-01 -2.108308300375938416e-02
6.126699447631835938e-01 2.826625406742095947e-01 3.968396782875061035e-02
6.054501533508300781e-01 3.016426563262939453e-01 2.124959416687488556e-02
5.985785126686096191e-01 3.171878755092620850e-01 6.312141660600900650e-03
5.438056588172912598e-01 5.990356206893920898e-01 -1.400230336003005505e-03
5.504559278488159180e-01 3.215477466583251953e-01 -1.344893220812082291e-02
5.557939410209655762e-01 2.866231799125671387e-01 -4.518595058470964432e-03
5.617323517799377441e-01 2.526307106018066406e-01 4.511258564889431000e-03
5.922219753265380859e-01 4.027384817600250244e-01 2.070773951709270477e-02
6.145442128181457520e-01 4.246073067188262939e-01 3.783240541815757751e-02
5.477787256240844727e-01 3.917137384414672852e-01 1.188208069652318954e-02
6.100689768791198730e-01 3.736924231052398682e-01 2.839881926774978638e-02
5.402304530143737793e-01 4.185957610607147217e-01 -9.729663841426372528e-03
5.405459403991699219e-01 4.756205081939697266e-01 -4.242116957902908325e-02
6.282940506935119629e-01 4.413357973098754883e-01 5.051749944686889648e-02
6.059839725494384766e-01 4.355317950248718262e-01 2.643639221787452698e-02
5.914067625999450684e-01 4.397847056388854980e-01 1.460592355579137802e-02
5.711106657981872559e-01 4.336411058902740479e-01 8.376603014767169952e-03
5.568656921386718750e-01 4.242940843105316162e-01 5.061691161245107651e-03
5.465552210807800293e-01 4.149956703186035156e-01 1.608187099918723106e-03
5.279153585433959961e-01 3.940819501876831055e-01 -2.122891880571842194e-02
6.248403191566467285e-01 4.763957858085632324e-01 4.545618221163749695e-02
6.179238557815551758e-01 3.737724423408508301e-01 3.473786637187004089e-02
5.171298980712890625e-01 4.919492602348327637e-01 -5.602660030126571655e-02
5.452486276626586914e-01 4.474199116230010986e-01 -1.171116624027490616e-02
6.372058391571044922e-01 4.110283851623535156e-01 1.233580633997917175e-01
5.390110611915588379e-01 4.049458801746368408e-01 -8.004219125723466277e-05
5.489426255226135254e-01 4.835723340511322021e-01 -9.730687364935874939e-03
6.033048033714294434e-01 3.857169747352600098e-01 3.076493181288242340e-02
5.416813492774963379e-01 4.647495746612548828e-01 -3.769959509372711182e-02
6.230247616767883301e-01 5.255358219146728516e-01 1.194449439644813538e-01
5.484439730644226074e-01 3.858250975608825684e-01 1.530515961349010468e-02
5.341777801513671875e-01 4.533213675022125244e-01 -4.890722036361694336e-02
5.884556174278259277e-01 6.060293912887573242e-01 4.502610117197036743e-02
5.862503647804260254e-01 6.256963610649108887e-01 6.409844011068344116e-02
6.329458355903625488e-01 4.822729527950286865e-01 8.627904951572418213e-02
6.032421588897705078e-01 5.850120782852172852e-01 5.943978205323219299e-02
6.326224803924560547e-01 3.767530322074890137e-01 7.495024055242538452e-02
5.406643152236938477e-01 6.565666794776916504e-01 7.653643842786550522e-03
5.150210857391357422e-01 4.958432018756866455e-01 -4.146410524845123291e-02
5.542606115341186523e-01 4.612991809844970703e-01 -7.569223176687955856e-03
6.259391903877258301e-01 4.052144885063171387e-01 5.635865777730941772e-02
5.833815336227416992e-01 3.939748704433441162e-01 1.648600399494171143e-02
5.740693211555480957e-01 3.939128518104553223e-01 1.307606324553489685e-02
5.461077094078063965e-01 5.779156684875488281e-01 -9.850016795098781586e-04
6.197503209114074707e-01 5.102030038833618164e-01 4.715739935636520386e-02
5.184106826782226562e-01 6.786185503005981445e-01 9.095313958823680878e-03
5.539393424987792969e-01 6.580188870429992676e-01 3.384317085146903992e-02
5.691041350364685059e-01 6.448587775230407715e-01 4.729193076491355896e-02
5.650805234909057617e-01 3.918833434581756592e-01 1.202483195811510086e-02
5.567841529846191406e-01 3.889651298522949219e-01 1.316242944449186325e-02
5.511872172355651855e-01 3.875015974044799805e-01 1.530070882290601730e-02
6.252074241638183594e-01 3.728321194648742676e-01 4.701939970254898071e-02
5.596770644187927246e-01 3.729848861694335938e-01 1.223267056047916412e-02
5.695459246635437012e-01 3.672011196613311768e-01 1.119274552911520004e-02
5.793654322624206543e-01 3.662614226341247559e-01 1.233803015202283859e-02
5.887241959571838379e-01 3.699271976947784424e-01 1.557326689362525940e-02
5.940921902656555176e-01 3.755989670753479004e-01 1.939072832465171814e-02
6.374638080596923828e-01 3.718013465404510498e-01 1.070716157555580139e-01
5.899587869644165039e-01 3.921072781085968018e-01 2.058029733598232269e-02
5.440895557403564453e-01 5.248439908027648926e-01 -1.804154552519321442e-02
5.366649031639099121e-01 4.889579713344573975e-01 -3.181961178779602051e-02
5.240145325660705566e-01 5.162922143936157227e-01 -3.002815879881381989e-02
5.724563002586364746e-01 6.257020235061645508e-01 3.357351571321487427e-02
5.572919845581054688e-01 6.408724784851074219e-01 2.128141373395919800e-02
5.196505188941955566e-01 6.677187681198120117e-01 -4.706995096057653427e-03
5.995625257492065430e-01 6.023070812225341797e-01 8.547881245613098145e-02
5.520981550216674805e-01 3.808436989784240723e-01 1.410877238959074020e-02
5.334579944610595703e-01 4.219992160797119141e-01 -2.617704868316650391e-02
5.377442240715026855e-01 6.700123548507690430e-01 1.951998099684715271e-02
6.264978647232055664e-01 5.195678472518920898e-01 8.234848082065582275e-02
5.240877866744995117e-01 5.808411836624145508e-01 -1.378696411848068237e-02
5.266000032424926758e-01 5.852885842323303223e-01 -1.566292904317378998e-02
5.287592411041259766e-01 5.917755365371704102e-01 -1.742672733962535858e-02
5.301349163055419922e-01 5.991138815879821777e-01 -1.576776057481765747e-02
5.314972400665283203e-01 6.116427779197692871e-01 -7.589247077703475952e-03
5.424014329910278320e-01 5.577800869941711426e-01 -5.158636253327131271e-03
5.450919270515441895e-01 5.574721097946166992e-01 -4.653018899261951447e-03
5.475921034812927246e-01 5.565623044967651367e-01 -4.421849735081195831e-03
5.597173571586608887e-01 5.498291850090026855e-01 -1.264160382561385632e-03
6.045895814895629883e-01 5.169652104377746582e-01 2.320815995335578918e-02
5.339633226394653320e-01 4.051548838615417480e-01 -1.467550359666347504e-02
5.414344668388366699e-01 3.717426061630249023e-01 6.780708674341440201e-03
5.478548407554626465e-01 3.740740716457366943e-01 1.200938876718282700e-02
5.401779413223266602e-01 5.574278235435485840e-01 -4.381159786134958267e-03
6.011799573898315430e-01 5.589238405227661133e-01 3.909400850534439087e-02
5.316932201385498047e-01 3.699195086956024170e-01 -8.228348568081855774e-03
5.361119508743286133e-01 6.246356964111328125e-01 -1.892808009870350361e-03
5.268501639366149902e-01 4.120374917984008789e-01 -3.378467261791229248e-02
5.391393303871154785e-01 4.497794806957244873e-01 -2.712603285908699036e-02
5.173833370208740234e-01 6.342155933380126953e-01 -9.540017694234848022e-03
5.627300143241882324e-01 5.918325185775756836e-01 1.138589903712272644e-02
5.570759773254394531e-01 4.981811344623565674e-01 -6.275015417486429214e-03
5.508117079734802246e-01 6.103799343109130859e-01 5.209706258028745651e-03
5.825362205505371094e-01 4.988410770893096924e-01 2.742393699008971453e-04
5.656552910804748535e-01 5.161813497543334961e-01 -3.390390193089842796e-03
5.882493257522583008e-01 5.272588729858398438e-01 9.566953405737876892e-03
5.194416642189025879e-01 6.519329547882080078e-01 -9.257390163838863373e-03
5.444850921630859375e-01 4.605732262134552002e-01 -1.906204968690872192e-02
5.708113312721252441e-01 6.060214042663574219e-01 2.158683165907859802e-02
5.558220744132995605e-01 6.237649917602539062e-01 1.316580083221197128e-02
5.727971792221069336e-01 5.702180862426757812e-01 1.295570377260446548e-02
6.135686635971069336e-01 5.390923619270324707e-01 4.979579523205757141e-02
5.862106680870056152e-01 5.757403373718261719e-01 2.400165237486362457e-02
6.172240376472473145e-01 5.541881322860717773e-01 7.573739439249038696e-02
5.714408755302429199e-01 5.384890437126159668e-01 2.812243532389402390e-03
5.390627384185791016e-01 4.345218539237976074e-01 -1.836707442998886108e-02
5.362712144851684570e-01 4.828834235668182373e-01 -4.524270445108413696e-02
5.416907072067260742e-01 4.882720708847045898e-01 -3.296613320708274841e-02
5.335140824317932129e-01 4.705629646778106689e-01 -5.344754084944725037e-02
5.518568158149719238e-01 3.552598953247070312e-01 4.811935126781463623e-03
5.710003376007080078e-01 3.437029719352722168e-01 4.629589151591062546e-03
5.872300863265991211e-01 3.423724174499511719e-01 6.752471439540386200e-03
5.997596383094787598e-01 3.476583361625671387e-01 1.216552034020423889e-02
6.075858473777770996e-01 3.578144311904907227e-01 1.944277249276638031e-02
6.091690063476562500e-01 3.923844993114471436e-01 3.571441397070884705e-02
6.363524198532104492e-01 4.465517997741699219e-01 8.624525368213653564e-02
5.982909202575683594e-01 4.165966510772705078e-01 2.479579113423824310e-02
5.865635275840759277e-01 4.202035367488861084e-01 1.706743799149990082e-02
5.723294019699096680e-01 4.176551997661590576e-01 1.139782741665840149e-02
5.592902302742004395e-01 4.117595255374908447e-01 8.284513838589191437e-03
5.494413375854492188e-01 4.052205085754394531e-01 7.545189466327428818e-03
5.427197217941284180e-01 3.990266919136047363e-01 6.524084601551294327e-03
6.336820125579833984e-01 4.477910995483398438e-01 1.292964220046997070e-01
5.407494306564331055e-01 4.928459525108337402e-01 -2.752140909433364868e-02
5.330095887184143066e-01 4.371100664138793945e-01 -3.601885959506034851e-02
5.293669104576110840e-01 4.825475215911865234e-01 -5.487031862139701843e-02
5.224012732505798340e-01 4.902789592742919922e-01 -5.114381760358810425e-02
5.285207033157348633e-01 4.856365025043487549e-01 -4.941062629222869873e-02
5.373804569244384766e-01 4.974614083766937256e-01 -2.418026886880397797e-02
5.205056071281433105e-01 4.914316236972808838e-01 -5.434365198016166687e-02
5.184550881385803223e-01 4.952453374862670898e-01 -4.125163704156875610e-02
5.443415641784667969e-01 3.859000802040100098e-01 1.303969416767358780e-02
5.379597544670104980e-01 3.891455531120300293e-01 5.386354867368936539e-03
5.339294672012329102e-01 3.912015855312347412e-01 -3.048307495191693306e-03
5.969469547271728516e-01 3.801325857639312744e-01 2.332412265241146088e-02
6.046967506408691406e-01 3.731449842453002930e-01 2.430858276784420013e-02
4.530612528324127197e-01 3.651788830757141113e-01 6.880943197757005692e-03
4.645417928695678711e-01 3.664678335189819336e-01 6.880943197757005692e-03
4.544178247451782227e-01 3.497672975063323975e-01 6.880943197757005692e-03
4.413429200649261475e-01 3.638648390769958496e-01 6.880943197757005692e-03
4.516097307205200195e-01 3.804054260253906250e-01 6.880943197757005692e-03
5.755342841148376465e-01 3.789921700954437256e-01 1.666110381484031677e-02
5.870583057403564453e-01 3.803908526897430420e-01 1.666110381484031677e-02
5.766469836235046387e-01 3.633447289466857910e-01 1.666110381484031677e-02
5.639285445213317871e-01 3.775586187839508057e-01 1.666110381484031677e-02
5.744633674621582031e-01 3.947435319423675537e-01 1.666110381484031677e-02
