5.054798126220703125e-01 5.337443947792053223e-01 -3.352297469973564148e-02
5.125731825828552246e-01 4.747700989246368408e-01 -5.987100675702095032e-02
5.097008943557739258e-01 4.923869967460632324e-01 -3.230720758438110352e-02
5.063977837562561035e-01 4.194366037845611572e-01 -4.441021755337715149e-02
5.140645503997802734e-01 4.577940702438354492e-01 -6.329052150249481201e-02
5.153349041938781738e-01 4.360442161560058594e-01 -5.828792974352836609e-02
5.178014039993286133e-01 3.836255073547363281e-01 -2.648507431149482727e-02
4.361817836761474609e-01 3.669525086879730225e-01 1.111737545579671860e-02
5.204136967658996582e-01 3.400987386703491211e-01 -1.753481291234493256e-02
5.220056176185607910e-01 3.180126547813415527e-01 -1.882804930210113525e-02
5.261971354484558105e-01 2.459909468889236450e-01 -4.467032849788665771e-03
5.053071379661560059e-01 5.389754176139831543e-01 -3.227769583463668823e-02
5.049481987953186035e-01 5.441867709159851074e-01 -2.878048829734325409e-02
5.046515464782714844e-01 5.477485656738281250e-01 -2.368605323135852814e-02
5.041025280952453613e-01 5.593756437301635742e-01 -2.071295119822025299e-02
5.037684440612792969e-01 5.680800080299377441e-01 -2.234569005668163300e-02
5.031247138977050781e-01 5.785943269729614258e-01 -2.469778247177600861e-02
5.024666786193847656e-01 5.884684920310974121e-01 -2.296283468604087830e-02
4.990773200988769531e-01 6.039876341819763184e-01 -1.267900969833135605e-02
5.114155411720275879e-01 4.836250543594360352e-01 -5.435339733958244324e-02
5.006596446037292480e-01 4.824163615703582764e-01 -3.986092284321784973e-02
3.934660553932189941e-01 3.046759963035583496e-01 6.294732540845870972e-02
4.653905928134918213e-01 3.853950202465057373e-01 1.278807176277041435e-03
4.538973569869995117e-01 3.859512209892272949e-01 1.341221155598759651e-03
4.431859552860260010e-01 3.837217092514038086e-01 3.784572472795844078e-03
4.300748705863952637e-01 3.721590340137481689e-01 1.220056973397731781e-02
4.758615493774414062e-01 3.814383149147033691e-01 3.470708150416612625e-03
4.558836519718170166e-01 3.306967616081237793e-01 -2.436674898490309715e-03
4.684762358665466309e-01 3.345605731010437012e-01 -1.315767876803874969e-03
4.434266388416290283e-01 3.324025273323059082e-01 3.300995740573853254e-04
4.344852566719055176e-01 3.390612006187438965e-01 4.217224661260843277e-03
4.181951284408569336e-01 3.821339607238769531e-01 1.692841388285160065e-02
4.543621242046356201e-01 6.199523806571960449e-01 -2.649616450071334839e-03
4.324748516082763672e-01 3.615040183067321777e-01 1.455139648169279099e-02
3.821657896041870117e-01 3.742400109767913818e-01 6.485600769519805908e-02
4.056640565395355225e-01 3.677968680858612061e-01 2.785810083150863647e-02
4.545794725418090820e-01 4.556133151054382324e-01 -1.166495401412248611e-02
4.924210309982299805e-01 5.280585289001464844e-01 -3.291359543800354004e-02
4.935355484485626221e-01 5.415892601013183594e-01 -2.803064510226249695e-02
4.795819818973541260e-01 5.317972898483276367e-01 -2.742937952280044556e-02
4.711766839027404785e-01 5.365660786628723145e-01 -1.978263445198535919e-02
4.837864041328430176e-01 5.410544276237487793e-01 -2.435502409934997559e-02
4.762296080589294434e-01 5.421231389045715332e-01 -1.723992824554443359e-02
4.494648277759552002e-01 5.634833574295043945e-01 -3.156142309308052063e-03
5.033010244369506836e-01 4.731810688972473145e-01 -5.934915319085121155e-02
5.031344294548034668e-01 4.567460417747497559e-01 -6.251240521669387817e-02
4.200612306594848633e-01 3.193431496620178223e-01 7.461031898856163025e-03
4.805712103843688965e-01 4.167385697364807129e-01 -1.058997772634029388e-02
4.772930145263671875e-01 4.674211740493774414e-01 -3.367552906274795532e-02
4.766678810119628906e-01 4.587415456771850586e-01 -3.027310594916343689e-02
4.200600683689117432e-01 4.498011767864227295e-01 -9.451060759602114558e-05
5.049101710319519043e-01 4.366166591644287109e-01 -5.559026077389717102e-02
4.504305720329284668e-01 3.001234829425811768e-01 -9.060864336788654327e-03
4.334753751754760742e-01 3.061139881610870361e-01 -1.678244676440954208e-03
4.089418649673461914e-01 2.770490050315856934e-01 4.295353591442108154e-02
4.988750219345092773e-01 3.230238556861877441e-01 -1.569193974137306213e-02
4.787186980247497559e-01 3.440668880939483643e-01 2.449674531817436218e-03
4.429655969142913818e-01 5.453844666481018066e-01 -1.380035653710365295e-03
3.827401995658874512e-01 5.332404971122741699e-01 8.962465077638626099e-02
4.849107861518859863e-01 4.777748286724090576e-01 -2.903703600168228149e-02
4.930137991905212402e-01 4.835937321186065674e-01 -2.956242114305496216e-02
4.613362252712249756e-01 5.458915233612060547e-01 -2.190102823078632355e-03
4.643810391426086426e-01 5.459668636322021484e-01 -4.931296221911907196e-03
4.280737638473510742e-01 2.952015995979309082e-01 3.725998802110552788e-03
4.759392440319061279e-01 4.752371609210968018e-01 -2.773758023977279663e-02
4.716051518917083740e-01 3.039842247962951660e-01 -1.382168382406234741e-02
4.714157283306121826e-01 2.907913923263549805e-01 -1.566094718873500824e-02
4.599671661853790283e-01 2.450505197048187256e-01 4.765252117067575455e-03
4.175022840499877930e-01 2.925227284431457520e-01 2.080609835684299469e-02
4.652800858020782471e-01 2.742013931274414062e-01 -5.728970281779766083e-03
4.131747186183929443e-01 3.126612603664398193e-01 1.696587353944778442e-02
4.027315378189086914e-01 3.148049116134643555e-01 3.892358392477035522e-02
4.927259981632232666e-01 5.355865955352783203e-01 -3.176840022206306458e-02
4.816555082798004150e-01 5.369038581848144531e-01 -2.641858533024787903e-02
4.736232161521911621e-01 5.395593643188476562e-01 -1.943600364029407501e-02
4.870990514755249023e-01 4.812924265861511230e-01 -2.649407275021076202e-02
4.629071056842803955e-01 5.459942817687988281e-01 -3.621230367571115494e-03
4.669836461544036865e-01 5.510938167572021484e-01 -9.453780017793178558e-03
4.658927917480468750e-01 5.459681749343872070e-01 -5.128336604684591293e-03
4.909629225730895996e-01 4.719734489917755127e-01 -4.412343725562095642e-02
4.781755208969116211e-01 5.437908768653869629e-01 -1.535055506974458694e-02
4.854586422443389893e-01 5.436063408851623535e-01 -1.993323862552642822e-02
4.943356215953826904e-01 5.451000332832336426e-01 -2.327724359929561615e-02
4.836917519569396973e-01 6.008082628250122070e-01 -1.315861847251653671e-02
4.877204596996307373e-01 5.835845470428466797e-01 -2.321155369281768799e-02
4.893462657928466797e-01 5.740651488304138184e-01 -2.453410439193248749e-02
4.914200007915496826e-01 5.637792348861694336e-01 -2.192735671997070312e-02
4.935379624366760254e-01 5.560192465782165527e-01 -2.030315250158309937e-02
4.778799712657928467e-01 5.495507121086120605e-01 -1.304599922150373459e-02
4.748155176639556885e-01 5.529472827911376953e-01 -1.472975499927997589e-02
4.713971018791198730e-01 5.574352145195007324e-01 -1.654657721519470215e-02
4.684503972530364990e-01 5.622866749763488770e-01 -1.485425326973199844e-02
4.590722918510437012e-01 5.174547433853149414e-01 -1.640626229345798492e-02
3.737465143203735352e-01 4.472368955612182617e-01 1.072370037436485291e-01
5.105766654014587402e-01 4.876851439476013184e-01 -3.995775803923606873e-02
4.726393818855285645e-01 5.477003455162048340e-01 -8.236526511609554291e-03
4.698866903781890869e-01 5.492743253707885742e-01 -9.390794672071933746e-03
4.955686926841735840e-01 4.904745817184448242e-01 -3.023491986095905304e-02
4.785126745700836182e-01 4.857114553451538086e-01 -1.954479143023490906e-02
4.943763911724090576e-01 4.870923161506652832e-01 -3.011596947908401489e-02
4.677245616912841797e-01 4.250002503395080566e-01 -8.029668591916561127e-03
4.481698274612426758e-01 4.335762262344360352e-01 -6.257170345634222031e-03
4.739620089530944824e-01 4.662658870220184326e-01 -2.427753433585166931e-02
4.301101565361022949e-01 2.562865614891052246e-01 2.207892760634422302e-02
4.374063611030578613e-01 2.781289815902709961e-01 6.357649341225624084e-03
4.477412998676300049e-01 2.877885103225708008e-01 -6.821614690124988556e-03
4.577193856239318848e-01 5.774345993995666504e-01 -7.798465900123119354e-03
4.983812272548675537e-01 3.001805841922760010e-01 -1.932720653712749481e-02
4.931686818599700928e-01 2.772805392742156982e-01 -1.187691278755664825e-02
4.908486008644104004e-01 2.424772977828979492e-01 -4.198070615530014038e-03
4.345035851001739502e-01 3.791804313659667969e-01 8.036453276872634888e-03
4.035511016845703125e-01 3.927917480468750000e-01 2.211175858974456787e-02
4.830935001373291016e-01 3.770336210727691650e-01 5.519113037735223770e-03
4.215071201324462891e-01 3.456731438636779785e-01 1.294585317373275757e-02
4.895442128181457520e-01 4.066292345523834229e-01 -1.375293359160423279e-02
4.846512079238891602e-01 4.610753953456878662e-01 -4.399871826171875000e-02
3.917232751846313477e-01 4.058299660682678223e-01 3.307445347309112549e-02
4.110310673713684082e-01 4.053943157196044922e-01 1.195334177464246750e-02
4.260846972465515137e-01 4.133394062519073486e-01 2.405927982181310654e-03
4.486435651779174805e-01 4.127576351165771484e-01 -1.034485409036278725e-03
4.653654098510742188e-01 4.072110950946807861e-01 -2.229813253507018089e-03
4.785892963409423828e-01 4.004015326499938965e-01 -4.033224657177925110e-03
5.066953301429748535e-01 3.862248361110687256e-01 -2.310955896973609924e-02
3.918529748916625977e-01 4.410898387432098389e-01 2.886883914470672607e-02
4.120068550109863281e-01 3.421728610992431641e-01 1.793450862169265747e-02
5.058765411376953125e-01 4.823060631752014160e-01 -5.406640842556953430e-02
4.807326793670654297e-01 4.332362115383148193e-01 -1.579859293997287750e-02
3.761352300643920898e-01 3.730075359344482422e-01 1.009187772870063782e-01
4.891158342361450195e-01 3.921675086021423340e-01 -4.690384492278099060e-03
4.723043143749237061e-01 4.674094617366790771e-01 -1.332175452262163162e-02
4.268723130226135254e-01 3.607559502124786377e-01 1.626475341618061066e-02
4.844931066036224365e-01 4.506773650646209717e-01 -3.966065123677253723e-02
3.762922883033752441e-01 4.886564016342163086e-01 1.013575121760368347e-01
4.842604994773864746e-01 3.712449073791503906e-01 8.466650731861591339e-03
4.945701956748962402e-01 4.415660202503204346e-01 -4.971953481435775757e-02
4.070386290550231934e-01 5.765346884727478027e-01 3.362467512488365173e-02
4.042366445064544678e-01 5.964286923408508301e-01 5.228118598461151123e-02
3.780311346054077148e-01 4.446826875209808350e-01 6.805841624736785889e-02
3.947510123252868652e-01 5.520185232162475586e-01 4.611896723508834839e-02
3.919974565505981445e-01 3.420843183994293213e-01 5.512315034866333008e-02
4.498549997806549072e-01 6.370453834533691406e-01 2.945791697129607201e-03
5.063090324401855469e-01 4.865329861640930176e-01 -3.941977024078369141e-02
4.694425761699676514e-01 4.444973766803741455e-01 -1.261082105338573456e-02
3.942950367927551270e-01 3.704691529273986816e-01 3.837387636303901672e-02
4.461358189582824707e-01 3.743206262588500977e-01 5.118840839713811874e-03
4.553540647029876709e-01 3.769559860229492188e-01 2.984369872137904167e-03
4.641986489295959473e-01 5.531227588653564453e-01 -7.900981232523918152e-03
3.921975195407867432e-01 4.752615094184875488e-01 3.162089735269546509e-02
4.689811468124389648e-01 6.635807156562805176e-01 7.506270892918109894e-03
4.342341125011444092e-01 6.367838978767395020e-01 2.655504085123538971e-02
4.199431836605072021e-01 6.201766729354858398e-01 3.771839290857315063e-02
5.241908431053161621e-01 2.822800278663635254e-01 -1.239437703043222427e-02
4.940134286880493164e-01 6.697142720222473145e-01 6.038894411176443100e-03
4.649321138858795166e-01 3.766506314277648926e-01 3.242075676098465919e-03
4.744094610214233398e-01 3.743437528610229492e-01 5.407420918345451355e-03
4.808240234851837158e-01 3.727916479110717773e-01 8.093606680631637573e-03
4.030932188034057617e-01 3.390546739101409912e-01 2.892024256289005280e-02
4.751247167587280273e-01 3.599107265472412109e-01 3.976907115429639816e-03
4.655276238918304443e-01 3.549818992614746094e-01 1.595292007550597191e-03
4.559276401996612549e-01 3.533586561679840088e-01 1.457861391827464104e-03
4.461662173271179199e-01 3.544397652149200439e-01 3.451632568612694740e-03
4.396523535251617432e-01 3.571352958679199219e-01 6.508663762360811234e-03
3.829545378684997559e-01 3.350131809711456299e-01 8.443789929151535034e-02
4.402182400226593018e-01 3.706896603107452393e-01 8.250439539551734924e-03
5.081114172935485840e-01 5.063037276268005371e-01 -3.001835197210311890e-02
4.710280895233154297e-01 5.091757178306579590e-01 -2.153963223099708557e-02
4.853295981884002686e-01 4.746560752391815186e-01 -3.300322219729423523e-02
4.927182495594024658e-01 5.055678486824035645e-01 -2.999685145914554596e-02
5.188664793968200684e-01 3.625452518463134766e-01 -1.773955114185810089e-02
4.204166829586029053e-01 6.000503301620483398e-01 2.424518391489982605e-02
4.343000352382659912e-01 6.186032891273498535e-01 1.428404729813337326e-02
4.701197147369384766e-01 6.514093875885009766e-01 -6.496320478618144989e-03
3.926010727882385254e-01 5.696831941604614258e-01 7.143802940845489502e-02
4.816506803035736084e-01 3.666651844978332520e-01 6.636230740696191788e-03
4.976679384708404541e-01 4.115178883075714111e-01 -2.826382778584957123e-02
4.950111508369445801e-01 6.573687791824340820e-01 -7.760054897516965866e-03
4.500286281108856201e-01 6.518325209617614746e-01 1.481413003057241440e-02
3.797909021377563477e-01 4.826061725616455078e-01 6.549295037984848022e-02
4.848182499408721924e-01 5.524175763130187988e-01 -1.719586364924907684e-02
4.816986620426177979e-01 5.580925345420837402e-01 -1.899877190589904785e-02
4.786618947982788086e-01 5.656114220619201660e-01 -2.107976935803890228e-02
4.762203991413116455e-01 5.739658474922180176e-01 -1.976541988551616669e-02
4.687847495079040527e-01 5.906170010566711426e-01 -1.212644949555397034e-02
4.702596664428710938e-01 5.439393520355224609e-01 -1.072502974420785904e-02
4.675865471363067627e-01 5.426625013351440430e-01 -1.090027578175067902e-02
4.652988910675048828e-01 5.410014390945434570e-01 -1.101368293166160583e-02
4.493357837200164795e-01 5.298067331314086914e-01 -9.199544787406921387e-03
4.085299372673034668e-01 4.853872060775756836e-01 1.037777587771415710e-02
4.983486235141754150e-01 3.951699733734130859e-01 -1.757510937750339508e-02
4.943322539329528809e-01 3.580191731452941895e-01 1.846975763328373432e-03
4.868716299533843994e-01 3.597413897514343262e-01 5.263101775199174881e-03
4.724699854850769043e-01 5.448321700096130371e-01 -9.682571515440940857e-03
4.034503996372222900e-01 5.269984602928161621e-01 2.627552486956119537e-02
5.053404569625854492e-01 3.581304848194122314e-01 -1.152787171304225922e-02
4.613436460494995117e-01 6.043258905410766602e-01 -6.536857225000858307e-03
5.161707401275634766e-01 4.181189239025115967e-01 -4.734736308455467224e-02
5.063660144805908203e-01 4.036762118339538574e-01 -3.469584137201309204e-02
5.169327259063720703e-01 4.014974534511566162e-01 -3.650029748678207397e-02
4.880409538745880127e-01 4.368884563446044922e-01 -2.940461598336696625e-02
4.964554011821746826e-01 6.399583816528320312e-01 -1.297672744840383530e-02
4.979007542133331299e-01 6.203369498252868652e-01 -1.235698536038398743e-02
4.789592623710632324e-01 6.163077354431152344e-01 -1.126245688647031784e-02
4.378488957881927490e-01 5.685982108116149902e-01 2.790631260722875595e-03
4.612663984298706055e-01 4.794577658176422119e-01 -1.140717882663011551e-02
4.477947652339935303e-01 5.885516405105590820e-01 -1.555365859530866146e-03
4.353320598602294922e-01 4.731564819812774658e-01 -8.738338947296142578e-03
4.493622481822967529e-01 4.945675730705261230e-01 -1.054219156503677368e-02
4.237899780273437500e-01 4.994413256645202637e-01 -9.154058643616735935e-04
4.736433923244476318e-01 6.346147656440734863e-01 -1.133405789732933044e-02
4.803357124328613281e-01 4.461952149868011475e-01 -2.221675403416156769e-02
4.265760183334350586e-01 5.807514786720275879e-01 1.233990769833326340e-02
4.398231208324432373e-01 6.013313531875610352e-01 6.232423707842826843e-03
4.313952922821044922e-01 5.457862615585327148e-01 3.052606945857405663e-03
3.934748470783233643e-01 5.048195123672485352e-01 3.526544198393821716e-02
4.164054989814758301e-01 5.473716855049133301e-01 1.293280348181724548e-02
3.844493031501770020e-01 5.184260606765747070e-01 6.013421714305877686e-02
4.388920068740844727e-01 5.153096914291381836e-01 -5.999824963510036469e-03
4.894427359104156494e-01 4.221179485321044922e-01 -2.155513688921928406e-02
4.878452718257904053e-01 4.687676727771759033e-01 -4.633537679910659790e-02
4.805845618247985840e-01 4.730702638626098633e-01 -3.470784425735473633e-02
4.933439195156097412e-01 4.579087495803833008e-01 -5.370333418250083923e-02
4.871165752410888672e-01 3.382484316825866699e-01 -1.833742368035018444e-03
4.698857665061950684e-01 3.233791589736938477e-01 -4.590624943375587463e-03
4.538943171501159668e-01 3.192725777626037598e-01 -4.932196345180273056e-03
4.396700561046600342e-01 3.222856521606445312e-01 -1.517833094112575054e-03
4.287264347076416016e-01 3.304064869880676270e-01 4.468916449695825577e-03
4.174114465713500977e-01 3.642511665821075439e-01 2.034067362546920776e-02
3.782513439655303955e-01 4.086694717407226562e-01 6.670502573251724243e-02
4.239436388015747070e-01 3.900083899497985840e-01 1.131816674023866653e-02
4.352836310863494873e-01 3.963984847068786621e-01 5.322211887687444687e-03
4.506218433380126953e-01 3.980133831501007080e-01 1.687447540462017059e-03
4.655468463897705078e-01 3.954494595527648926e-01 5.561968428082764149e-04
4.776805341243743896e-01 3.905348181724548340e-01 1.366973272524774075e-03
4.864006340503692627e-01 3.856693506240844727e-01 1.341629889793694019e-03
3.740000128746032715e-01 4.095777273178100586e-01 1.077325567603111267e-01
4.801335632801055908e-01 4.779817759990692139e-01 -2.927976287901401520e-02
4.970024228096008301e-01 4.262314736843109131e-01 -3.750926628708839417e-02
4.955254793167114258e-01 4.701261818408966064e-01 -5.446003377437591553e-02
5.003997683525085449e-01 4.792410135269165039e-01 -4.977188631892204285e-02
4.952121078968048096e-01 4.731090962886810303e-01 -4.915005341172218323e-02
4.824852049350738525e-01 4.835089445114135742e-01 -2.537539601325988770e-02
5.024619102478027344e-01 4.808945059776306152e-01 -5.262628942728042603e-02
5.028842091560363770e-01 4.851129353046417236e-01 -3.960949182510375977e-02
4.881379902362823486e-01 3.716051578521728516e-01 7.217793725430965424e-03
4.938886165618896484e-01 3.766202628612518311e-01 9.289217414334416389e-04
4.977320730686187744e-01 3.796343505382537842e-01 -6.630918011069297791e-03
4.357359409332275391e-01 3.594073653221130371e-01 9.935015812516212463e-03
4.282357692718505859e-01 3.478236794471740723e-01 1.008237805217504501e-02
5.252267122268676758e-01 4.218692183494567871e-01 -4.287812486290931702e-02
5.957018136978149414e-01 3.870049118995666504e-01 2.167401462793350220e-02
5.207020640373229980e-01 4.851479232311248779e-01 -3.871934488415718079e-02
6.332117319107055664e-01 3.360018432140350342e-01 7.919199019670486450e-02
5.637314319610595703e-01 3.968940973281860352e-01 8.244159631431102753e-03
5.744003653526306152e-01 3.999727666378021240e-01 9.695149958133697510e-03
5.846944451332092285e-01 4.012818634510040283e-01 1.334678288549184799e-02
5.993728041648864746e-01 3.939132392406463623e-01 2.335001900792121887e-02
5.547536015510559082e-01 3.919042646884918213e-01 8.983317762613296509e-03
5.833240151405334473e-01 3.491812348365783691e-01 6.242023780941963196e-03
5.702010393142700195e-01 3.502433300018310547e-01 5.537728313356637955e-03
5.951115489006042480e-01 3.532991409301757812e-01 1.028270460665225983e-02
6.022139787673950195e-01 3.615304529666900635e-01 1.491260621696710587e-02
6.064583063125610352e-01 4.065851271152496338e-01 2.899237722158432007e-02
5.396816134452819824e-01 6.294941902160644531e-01 2.211322775110602379e-03
5.999925136566162109e-01 3.826527297496795654e-01 2.554338425397872925e-02
6.367361545562744141e-01 4.067717790603637695e-01 8.052124083042144775e-02
6.186115145683288574e-01 3.958989977836608887e-01 4.115575179457664490e-02
5.653273463249206543e-01 4.704595208168029785e-01 -4.304465837776660919e-03
5.187131166458129883e-01 5.317711830139160156e-01 -3.098546899855136871e-02
5.159402489662170410e-01 5.450090765953063965e-01 -2.619005553424358368e-02
5.305764079093933105e-01 5.388965010643005371e-01 -2.350478805601596832e-02
5.377785563468933105e-01 5.461003780364990234e-01 -1.446168031543493271e-02
5.252283215522766113e-01 5.472059249877929688e-01 -2.088014222681522369e-02
5.321471691131591797e-01 5.504363179206848145e-01 -1.260895095765590668e-02
5.507534146308898926e-01 5.768061280250549316e-01 3.490725066512823105e-03
5.215842127799987793e-01 4.756145477294921875e-01 -5.838907137513160706e-02
5.245628356933593750e-01 4.595773220062255859e-01 -6.138588115572929382e-02
6.163398623466491699e-01 3.486298918724060059e-01 1.997913047671318054e-02
5.462388992309570312e-01 4.254136681556701660e-01 -5.772772245109081268e-03
5.449097156524658203e-01 4.764601290225982666e-01 -2.933906577527523041e-02
5.463568568229675293e-01 4.679308831691741943e-01 -2.580550126731395721e-02
5.977463126182556152e-01 4.733739793300628662e-01 1.169544365257024765e-02
5.251171588897705078e-01 4.392186999320983887e-01 -5.410824716091156006e-02
5.935754776000976562e-01 3.266611397266387939e-01 -2.690868495847098529e-05
6.076589226722717285e-01 3.342529535293579102e-01 9.416233748197555542e-03
6.253455281257629395e-01 3.055675029754638672e-01 5.741560831665992737e-02
5.447767376899719238e-01 3.380140662193298340e-01 -1.252343505620956421e-02
5.585954189300537109e-01 3.571664392948150635e-01 8.034599944949150085e-03
5.598750710487365723e-01 5.612250566482543945e-01 6.729057524353265762e-03
6.142949461936950684e-01 5.624248385429382324e-01 1.051627770066261292e-01
5.354169011116027832e-01 4.846772253513336182e-01 -2.596877329051494598e-02
5.267988443374633789e-01 4.882414340972900391e-01 -2.798301912844181061e-02
5.458320379257202148e-01 5.590745806694030762e-01 4.833238665014505386e-03
5.428978204727172852e-01 5.582157373428344727e-01 1.336055342108011246e-03
6.132107377052307129e-01 3.250086307525634766e-01 1.533774007111787796e-02
5.441746711730957031e-01 4.843840003013610840e-01 -2.347126789391040802e-02
5.735189318656921387e-01 3.266995549201965332e-01 -7.636125199496746063e-03
5.761042833328247070e-01 3.141641616821289062e-01 -9.404275566339492798e-03
5.872700810432434082e-01 2.624015808105468750e-01 1.317285280674695969e-02
6.187242269515991211e-01 3.176757097244262695e-01 3.329715505242347717e-02
5.803054571151733398e-01 2.890310287475585938e-01 1.229561166837811470e-03
6.221368908882141113e-01 3.433580994606018066e-01 3.013300150632858276e-02
6.272060275077819824e-01 3.428633809089660645e-01 5.298316478729248047e-02
5.175874233245849609e-01 5.392469167709350586e-01 -2.980763837695121765e-02
5.279130339622497559e-01 5.435838699340820312e-01 -2.270497567951679230e-02
5.351182222366333008e-01 5.484778881072998047e-01 -1.452128589153289795e-02
5.324865579605102539e-01 4.874692559242248535e-01 -2.389913052320480347e-02
5.443143844604492188e-01 5.587232112884521484e-01 2.907254034653306007e-03
5.403518080711364746e-01 5.631915926933288574e-01 -3.910712432116270065e-03
5.413534045219421387e-01 5.576856136322021484e-01 9.608839754946529865e-04
5.318562984466552734e-01 4.776135683059692383e-01 -4.118010401725769043e-02
5.298555493354797363e-01 5.514668822288513184e-01 -1.096475403755903244e-02
5.230845808982849121e-01 5.492650270462036133e-01 -1.664443872869014740e-02
5.145921707153320312e-01 5.482345223426818848e-01 -2.138048969209194183e-02
5.143878459930419922e-01 6.046136617660522461e-01 -1.134228892624378204e-02
5.169108510017395020e-01 5.888490676879882812e-01 -2.123375795781612396e-02
5.165820717811584473e-01 5.787962079048156738e-01 -2.246038615703582764e-02
5.156877636909484863e-01 5.679713487625122070e-01 -1.989087089896202087e-02
5.143082141876220703e-01 5.596819519996643066e-01 -1.834122836589813232e-02
5.296656489372253418e-01 5.582417845726013184e-01 -8.636509068310260773e-03
5.325559973716735840e-01 5.628051757812500000e-01 -1.033628266304731369e-02
5.355741977691650391e-01 5.685880184173583984e-01 -1.194245554506778717e-02
5.380313396453857422e-01 5.745165944099426270e-01 -1.001733448356389999e-02
5.509651303291320801e-01 5.299322605133056641e-01 -1.037144102156162262e-02
6.310569047927856445e-01 4.805406630039215088e-01 1.243494227528572083e-01
5.347083210945129395e-01 5.577474832534790039e-01 -2.839359221979975700e-03
5.375490784645080566e-01 5.603899955749511719e-01 -4.041269887238740921e-03
5.233432650566101074e-01 4.942367076873779297e-01 -2.863518707454204559e-02
5.393502116203308105e-01 4.939285516738891602e-01 -1.610461995005607605e-02
5.250067710876464844e-01 4.913378059864044189e-01 -2.858287841081619263e-02
5.568013787269592285e-01 4.368236660957336426e-01 -1.584223355166614056e-03
5.740104317665100098e-01 4.503856301307678223e-01 2.333031734451651573e-03
5.472077131271362305e-01 4.760223925113677979e-01 -1.960969530045986176e-02
6.113784313201904297e-01 2.804987430572509766e-01 3.392028063535690308e-02
6.042265295982360840e-01 2.991248369216918945e-01 1.646842435002326965e-02
5.977392196655273438e-01 3.149099946022033691e-01 2.514678752049803734e-03
5.415605902671813965e-01 5.879995226860046387e-01 -2.274567959830164909e-03
5.498341917991638184e-01 3.169918060302734375e-01 -1.609422825276851654e-02
5.542597174644470215e-01 2.853866815567016602e-01 -8.225176483392715454e-03
5.598202943801879883e-01 2.521150708198547363e-01 1.083571332856081426e-04
5.938014388084411621e-01 3.995737433433532715e-01 1.858527399599552155e-02
6.166830062866210938e-01 4.204580187797546387e-01 3.533254563808441162e-02
5.487757325172424316e-01 3.871115148067474365e-01 1.040274463593959808e-02
6.110557317733764648e-01 3.712641298770904541e-01 2.501800283789634705e-02
5.397017002105712891e-01 4.132169783115386963e-01 -9.931077249348163605e-03
5.397610068321228027e-01 4.685343205928802490e-01 -4.048142954707145691e-02
6.274816393852233887e-01 4.363706707954406738e-01 4.785110056400299072e-02
6.089068651199340820e-01 4.312660098075866699e-01 2.457241155207157135e-02
5.947543978691101074e-01 4.355847835540771484e-01 1.339863799512386322e-02
5.741926431655883789e-01 4.295798838138580322e-01 7.565356791019439697e-03
5.594820976257324219e-01 4.202597737312316895e-01 4.388340283185243607e-03
5.486200451850891113e-01 4.110235869884490967e-01 9.242026135325431824e-04
5.277358293533325195e-01 3.890078067779541016e-01 -2.152718789875507355e-02
6.235162615776062012e-01 4.712378680706024170e-01 4.370880499482154846e-02
6.184692382812500000e-01 3.707801103591918945e-01 3.098303265869617462e-02
5.168761014938354492e-01 4.837767481803894043e-01 -5.329052358865737915e-02
5.443632602691650391e-01 4.416599571704864502e-01 -1.115164440125226974e-02
6.376222968101501465e-01 4.069249629974365234e-01 1.188392639160156250e-01
5.406972169876098633e-01 4.009794592857360840e-01 -8.542364812456071377e-04
5.476901531219482422e-01 4.774723649024963379e-01 -8.500679396092891693e-03
6.045202016830444336e-01 3.836795985698699951e-01 2.784107066690921783e-02
5.408544540405273438e-01 4.581716954708099365e-01 -3.602697327733039856e-02
6.247589588165283203e-01 5.203714966773986816e-01 1.177062466740608215e-01
5.490223765373229980e-01 3.812001049518585205e-01 1.352694071829319000e-02
5.335360169410705566e-01 4.466882348060607910e-01 -4.709352180361747742e-02
5.896872878074645996e-01 5.983182787895202637e-01 4.449265822768211365e-02
5.882942676544189453e-01 6.178765296936035156e-01 6.419546902179718018e-02
6.329367160797119141e-01 4.771530032157897949e-01 8.375473320484161377e-02
6.042944192886352539e-01 5.778086185455322266e-01 5.884137377142906189e-02
6.321709752082824707e-01 3.726232647895812988e-01 7.012786716222763062e-02
5.413486957550048828e-01 6.467112302780151367e-01 8.125563152134418488e-03
5.148605704307556152e-01 4.877096414566040039e-01 -3.894705325365066528e-02
5.529763698577880859e-01 4.556750357151031494e-01 -6.900096777826547623e-03
6.265925765037536621e-01 4.011529684066772461e-01 5.280046910047531128e-02
5.847767591476440430e-01 3.907622098922729492e-01 1.450332719832658768e-02
5.755751729011535645e-01 3.902487456798553467e-01 1.129468623548746109e-02
5.429425239562988281e-01 5.661029815673828125e-01 -2.042761072516441345e-03
6.185173392295837402e-01 5.045362710952758789e-01 4.610722884535789490e-02
5.191863775253295898e-01 6.686394214630126953e-01 1.068035513162612915e-02
5.554289221763610840e-01 6.493936777114868164e-01 3.425255045294761658e-02
5.710116028785705566e-01 6.366947889328002930e-01 4.743734002113342285e-02
5.665137767791748047e-01 3.878236413002014160e-01 1.032608747482299805e-02
5.579043030738830566e-01 3.846057355403900146e-01 1.146240439265966415e-02
5.519853234291076660e-01 3.829293549060821533e-01 1.350734010338783264e-02
6.251200437545776367e-01 3.694325387477874756e-01 4.289073497056961060e-02
5.600594282150268555e-01 3.718794286251068115e-01 1.019362267106771469e-02
5.699944496154785156e-01 3.682398498058319092e-01 8.902931585907936096e-03
5.796968340873718262e-01 3.681277036666870117e-01 9.914825670421123505e-03
5.890281796455383301e-01 3.713819980621337891e-01 1.299495622515678406e-02
5.946121811866760254e-01 3.759763240814208984e-01 1.676237769424915314e-02
6.371528506278991699e-01 3.679825961589813232e-01 1.018062308430671692e-01
5.911456346511840820e-01 3.893250823020935059e-01 1.834383606910705566e-02
5.421241521835327148e-01 5.188019275665283203e-01 -1.689331978559494019e-02
5.359153151512145996e-01 4.816353619098663330e-01 -2.993795461952686310e-02
5.230230093002319336e-01 5.097292065620422363e-01 -2.806035242974758148e-02
5.738177895545959473e-01 6.175863146781921387e-01 3.305574879050254822e-02
5.583317279815673828e-01 6.321305036544799805e-01 2.118362300097942352e-02
5.202947854995727539e-01 6.567499637603759766e-01 -3.660073736682534218e-03
6.017287969589233398e-01 5.951706767082214355e-01 8.538538962602615356e-02
5.525624155998229980e-01 3.774047195911407471e-01 1.218546368181705475e-02
5.330115556716918945e-01 4.161549806594848633e-01 -2.570376172661781311e-02
5.387812256813049316e-01 6.606802940368652344e-01 2.046958915889263153e-02
6.266390085220336914e-01 5.139402151107788086e-01 8.066403865814208984e-02
5.228568315505981445e-01 5.589722394943237305e-01 -1.379147544503211975e-02
5.254556536674499512e-01 5.657659173011779785e-01 -1.549517922103404999e-02
5.277235507965087891e-01 5.744059681892395020e-01 -1.739689521491527557e-02
5.292484760284423828e-01 5.837159156799316406e-01 -1.599997840821743011e-02
5.296493768692016602e-01 5.980001091957092285e-01 -7.997407577931880951e-03
5.375905632972717285e-01 5.540455579757690430e-01 -5.204462911933660507e-03
5.403237342834472656e-01 5.535602569580078125e-01 -4.876036196947097778e-03
5.428276062011718750e-01 5.525159239768981934e-01 -4.690676927566528320e-03
5.571060776710510254e-01 5.445367097854614258e-01 -1.694056321866810322e-03
6.028889417648315430e-01 5.108097791671752930e-01 2.292273566126823425e-02
5.336130261421203613e-01 3.998687863349914551e-01 -1.492440979927778244e-02
5.418744683265686035e-01 3.674834072589874268e-01 5.121165886521339417e-03
5.482392907142639160e-01 3.701667189598083496e-01 1.003536581993103027e-02
5.351591110229492188e-01 5.542060732841491699e-01 -4.218027461320161819e-03
6.007061600685119629e-01 5.520896315574645996e-01 3.864998370409011841e-02
5.322307944297790527e-01 3.656260967254638672e-01 -9.444273076951503754e-03
5.350856781005859375e-01 6.128405332565307617e-01 -2.150213345885276794e-03
5.266149640083312988e-01 4.062776863574981689e-01 -3.333686292171478271e-02
5.383638739585876465e-01 4.436207711696624756e-01 -2.603987604379653931e-02
5.169471502304077148e-01 6.206473708152770996e-01 -9.228416718542575836e-03
5.617918372154235840e-01 5.842126607894897461e-01 1.044846232980489731e-02
5.555315017700195312e-01 4.920230209827423096e-01 -5.414858460426330566e-03
5.497090816497802734e-01 6.007916331291198730e-01 4.463648889213800430e-03
5.805541872978210449e-01 4.925047755241394043e-01 6.636719917878508568e-04
5.639109611511230469e-01 5.099030733108520508e-01 -3.124423325061798096e-03
5.867596268653869629e-01 5.208636522293090820e-01 9.646084159612655640e-03
5.195796489715576172e-01 6.397985219955444336e-01 -8.705523796379566193e-03
5.435505509376525879e-01 4.545309245586395264e-01 -1.802165061235427856e-02
5.709949135780334473e-01 5.980547666549682617e-01 2.086524851620197296e-02
5.557416677474975586e-01 6.146844625473022461e-01 1.277980487793684006e-02
5.715689659118652344e-01 5.641412138938903809e-01 1.234612334519624710e-02
6.129216551780700684e-01 5.329244136810302734e-01 4.907636716961860657e-02
5.857065320014953613e-01 5.686700940132141113e-01 2.347930520772933960e-02
6.179257631301879883e-01 5.478492379188537598e-01 7.468017935752868652e-02
5.697470903396606445e-01 5.328931808471679688e-01 2.697025192901492119e-03
5.384133458137512207e-01 4.286491572856903076e-01 -1.787873916327953339e-02
5.355753898620605469e-01 4.752623140811920166e-01 -4.315540567040443420e-02
5.408601164817810059e-01 4.812439382076263428e-01 -3.106486611068248749e-02
5.329053997993469238e-01 4.632335603237152100e-01 -5.130188912153244019e-02
5.521619915962219238e-01 3.518222570419311523e-01 2.620444633066654205e-03
5.713074803352355957e-01 3.416257500648498535e-01 1.921263057738542557e-03
5.876197814941406250e-01 3.407938778400421143e-01 3.682255744934082031e-03
6.003161668777465820e-01 3.460650444030761719e-01 8.810097351670265198e-03
6.083656549453735352e-01 3.558396697044372559e-01 1.594271138310432434e-02
6.104221343994140625e-01 3.894410431385040283e-01 3.261540085077285767e-02
6.365532875061035156e-01 4.416984617710113525e-01 8.285253494977951050e-02
6.004831790924072266e-01 4.129715561866760254e-01 2.279501222074031830e-02
5.889831781387329102e-01 4.163446426391601562e-01 1.543073635548353195e-02
5.746763944625854492e-01 4.136969447135925293e-01 1.011503301560878754e-02
5.613469481468200684e-01 4.076848030090332031e-01 7.284340448677539825e-03
5.510791540145874023e-01 4.009620547294616699e-01 6.450014188885688782e-03
5.440137386322021484e-01 3.946910202503204346e-01 5.473422817885875702e-03
6.347214579582214355e-01 4.434454143047332764e-01 1.255900710821151733e-01
5.398706793785095215e-01 4.860254526138305664e-01 -2.567437104880809784e-02
5.324558019638061523e-01 4.308881163597106934e-01 -3.488492220640182495e-02
5.288380980491638184e-01 4.745911359786987305e-01 -5.244474858045578003e-02
5.220123529434204102e-01 4.821915626525878906e-01 -4.859605431556701660e-02
5.279917716979980469e-01 4.776550829410552979e-01 -4.706966131925582886e-02
5.363556742668151855e-01 4.907053112983703613e-01 -2.230267412960529327e-02
5.201564431190490723e-01 4.832730889320373535e-01 -5.167276039719581604e-02
5.182078480720520020e-01 4.871694445610046387e-01 -3.880774974822998047e-02
5.450447797775268555e-01 3.812156915664672852e-01 1.144887227565050125e-02
5.388472080230712891e-01 3.847608268260955811e-01 4.204072058200836182e-03
5.351198911666870117e-01 3.871868252754211426e-01 -3.923800773918628693e-03
5.976971387863159180e-01 3.795383572578430176e-01 2.058792114257812500e-02
6.059524416923522949e-01 3.712322413921356201e-01 2.136089280247688293e-02
4.546077847480773926e-01 3.637225031852722168e-01 6.299611646682024002e-03
4.657663404941558838e-01 3.644444942474365234e-01 6.299611646682024002e-03
4.553915858268737793e-01 3.493906259536743164e-01 6.299611646682024002e-03
4.432414174079895020e-01 3.629455566406250000e-01 6.299611646682024002e-03
4.537263214588165283e-01 3.778689801692962646e-01 6.299611646682024002e-03
5.777308940887451172e-01 3.779950141906738281e-01 1.448275800794363022e-02
5.894610881805419922e-01 3.793242275714874268e-01 1.448275800794363022e-02
5.786595940589904785e-01 3.638371825218200684e-01 1.448275800794363022e-02
5.659428238868713379e-01 3.766088187694549561e-01 1.448275800794363022e-02
5.768573284149169922e-01 3.921597003936767578e-01 1.448275800794363022e-02
