4.983517527580261230e-01 5.282525420188903809e-01 -3.696496784687042236e-02
5.053184032440185547e-01 4.736902713775634766e-01 -6.263568252325057983e-02
5.036554336547851562e-01 4.922090768814086914e-01 -3.483919426798820496e-02
4.992549419403076172e-01 4.187868535518646240e-01 -4.522839188575744629e-02
5.066173076629638672e-01 4.564130902290344238e-01 -6.575565785169601440e-02
5.079256296157836914e-01 4.347944259643554688e-01 -6.017138063907623291e-02
5.109256505966186523e-01 3.829560279846191406e-01 -2.613811567425727844e-02
4.314556121826171875e-01 3.707803487777709961e-01 1.446026749908924103e-02
5.136499404907226562e-01 3.391168713569641113e-01 -1.598557271063327789e-02
5.151604413986206055e-01 3.168213963508605957e-01 -1.666344329714775085e-02
5.194544792175292969e-01 2.456796616315841675e-01 -1.002586213871836662e-04
4.981077611446380615e-01 5.323812961578369141e-01 -3.605807200074195862e-02
4.979447424411773682e-01 5.362653136253356934e-01 -3.275831788778305054e-02
4.979898333549499512e-01 5.386495590209960938e-01 -2.795905992388725281e-02
4.953998327255249023e-01 5.799030661582946777e-01 -2.081998065114021301e-02
4.950412511825561523e-01 5.857665538787841797e-01 -2.268339507281780243e-02
4.945164620876312256e-01 5.931910872459411621e-01 -2.463342994451522827e-02
4.941497445106506348e-01 6.007316708564758301e-01 -2.173944376409053802e-02
4.944640398025512695e-01 6.197085976600646973e-01 -1.015477254986763000e-02
5.044945478439331055e-01 4.829230308532714844e-01 -5.720242857933044434e-02
4.942457675933837891e-01 4.821909070014953613e-01 -4.221917688846588135e-02
3.904585242271423340e-01 3.098854422569274902e-01 7.044169306755065918e-02
4.596653580665588379e-01 3.884984850883483887e-01 3.491831943392753601e-03
4.481963515281677246e-01 3.889034986495971680e-01 3.746916539967060089e-03
4.376286566257476807e-01 3.867192566394805908e-01 6.475993432104587555e-03
4.248394370079040527e-01 3.768709301948547363e-01 1.552238967269659042e-02
4.703346490859985352e-01 3.846126496791839600e-01 5.405470263212919235e-03
4.505528807640075684e-01 3.353629112243652344e-01 9.897636482492089272e-04
4.630158245563507080e-01 3.391335606575012207e-01 1.758685684762895107e-03
4.381104707717895508e-01 3.368931710720062256e-01 3.976091276854276657e-03
4.292665421962738037e-01 3.434669375419616699e-01 7.995321415364742279e-03
4.128737449645996094e-01 3.873491287231445312e-01 2.015854790806770325e-02
4.497031569480895996e-01 6.283665895462036133e-01 -1.550321758259087801e-04
4.279122352600097656e-01 3.666065037250518799e-01 1.819502003490924835e-02
3.793099224567413330e-01 3.794621229171752930e-01 6.980527192354202271e-02
4.010387063026428223e-01 3.750321865081787109e-01 3.189193457365036011e-02
4.487974941730499268e-01 4.576233029365539551e-01 -1.125899050384759903e-02
4.840135872364044189e-01 5.242567658424377441e-01 -3.566467761993408203e-02
4.851179122924804688e-01 5.345943570137023926e-01 -3.143661096692085266e-02
4.702169299125671387e-01 5.285122394561767578e-01 -2.950194478034973145e-02
4.612043201923370361e-01 5.349390506744384766e-01 -2.079170569777488708e-02
4.743664264678955078e-01 5.356994867324829102e-01 -2.696765214204788208e-02
4.662198126316070557e-01 5.391566753387451172e-01 -1.881468296051025391e-02
4.450966715812683105e-01 5.718783736228942871e-01 -1.653694896958768368e-03
4.960746765136718750e-01 4.723103642463684082e-01 -6.188553199172019958e-02
4.957541227340698242e-01 4.556793272495269775e-01 -6.473207473754882812e-02
4.143981933593750000e-01 3.240799903869628906e-01 1.237200107425451279e-02
4.743492007255554199e-01 4.177838563919067383e-01 -9.892760775983333588e-03
4.707738459110260010e-01 4.679971039295196533e-01 -3.501075506210327148e-02
4.700852930545806885e-01 4.594358205795288086e-01 -3.133394569158554077e-02
4.150268435478210449e-01 4.530704617500305176e-01 1.203182386234402657e-03
4.975751638412475586e-01 4.356867671012878418e-01 -5.713363364338874817e-02
4.441498219966888428e-01 3.028889894485473633e-01 -4.877729341387748718e-03
4.273761808872222900e-01 3.097072243690490723e-01 2.979262266308069229e-03
4.052750468254089355e-01 2.813732326030731201e-01 5.065857991576194763e-02
4.923282265663146973e-01 3.242022097110748291e-01 -1.336260326206684113e-02
4.733607769012451172e-01 3.482016324996948242e-01 5.157050676643848419e-03
4.394564628601074219e-01 5.512272715568542480e-01 -3.564958169590681791e-04
3.812893033027648926e-01 5.397083759307861328e-01 9.139723330736160278e-02
4.785912930965423584e-01 4.783078730106353760e-01 -3.057476319372653961e-02
4.867920279502868652e-01 4.840509593486785889e-01 -3.165090456604957581e-02
4.517132937908172607e-01 5.520123243331909180e-01 -1.525493455119431019e-03
4.548741877079010010e-01 5.518758893013000488e-01 -4.415405448526144028e-03
4.221131205558776855e-01 2.995930910110473633e-01 8.945941925048828125e-03
4.695982336997985840e-01 4.763203263282775879e-01 -2.912554331123828888e-02
4.651686549186706543e-01 3.058795928955078125e-01 -1.043548528105020523e-02
4.647055268287658691e-01 2.926144003868103027e-01 -1.197273749858140945e-02
4.544775485992431641e-01 2.469564676284790039e-01 1.127723790705204010e-02
4.131402671337127686e-01 2.957390248775482178e-01 2.712674625217914581e-02
4.592668116092681885e-01 2.753702402114868164e-01 -7.262399303726851940e-04
4.079772830009460449e-01 3.188489675521850586e-01 2.244736626744270325e-02
3.990460336208343506e-01 3.187831640243530273e-01 4.527160152792930603e-02
4.841775596141815186e-01 5.299492478370666504e-01 -3.484332934021949768e-02
4.721657931804656982e-01 5.325878858566284180e-01 -2.876723930239677429e-02
4.636069536209106445e-01 5.373484492301940918e-01 -2.076568454504013062e-02
4.808778166770935059e-01 4.819339811801910400e-01 -2.824098803102970123e-02
4.532940685749053955e-01 5.519963502883911133e-01 -3.052679821848869324e-03
4.566582441329956055e-01 5.624225139617919922e-01 -8.206473663449287415e-03
4.562717378139495850e-01 5.517176985740661621e-01 -4.580983426421880722e-03
4.842097759246826172e-01 4.718157947063446045e-01 -4.594656452536582947e-02
4.684543609619140625e-01 5.399451255798339844e-01 -1.720701716840267181e-02
4.763652682304382324e-01 5.372353792190551758e-01 -2.285231277346611023e-02
4.863005280494689941e-01 5.370096564292907715e-01 -2.695726044476032257e-02
4.778629243373870850e-01 6.160301566123962402e-01 -1.032739225775003433e-02
4.791533946990966797e-01 5.965302586555480957e-01 -2.155155688524246216e-02
4.802840352058410645e-01 5.892858505249023438e-01 -2.361850999295711517e-02
4.819303452968597412e-01 5.821447372436523438e-01 -2.150103822350502014e-02
4.837840795516967773e-01 5.769519209861755371e-01 -1.978921890258789062e-02
4.673387110233306885e-01 5.668085217475891113e-01 -1.181935425847768784e-02
4.646512866020202637e-01 5.687167644500732422e-01 -1.338400784879922867e-02
4.614531099796295166e-01 5.718559026718139648e-01 -1.493545528501272202e-02
4.589635729789733887e-01 5.755411982536315918e-01 -1.303540915250778198e-02
4.543336629867553711e-01 5.201824903488159180e-01 -1.687945798039436340e-02
3.720699250698089600e-01 4.536236524581909180e-01 1.110604554414749146e-01
5.040305256843566895e-01 4.872090220451354980e-01 -4.267068952322006226e-02
4.622183144092559814e-01 5.608537793159484863e-01 -7.009723223745822906e-03
4.593645036220550537e-01 5.613700151443481445e-01 -8.158306591212749481e-03
4.893901348114013672e-01 4.908539354801177979e-01 -3.229305520653724670e-02
4.724424779415130615e-01 4.870353341102600098e-01 -2.098885737359523773e-02
4.881619811058044434e-01 4.875151813030242920e-01 -3.223512321710586548e-02
4.615208506584167480e-01 4.264042675495147705e-01 -7.245427928864955902e-03
4.422887563705444336e-01 4.356354475021362305e-01 -5.258275661617517471e-03
4.675152897834777832e-01 4.674338102340698242e-01 -2.531352825462818146e-02
4.256234765052795410e-01 2.595692873001098633e-01 2.941291965544223785e-02
4.322239756584167480e-01 2.804598808288574219e-01 1.215163897722959518e-02
4.413828253746032715e-01 2.908176779747009277e-01 -2.148785628378391266e-03
4.524262547492980957e-01 5.880601406097412109e-01 -5.649984348565340042e-03
4.914121627807617188e-01 3.011301159858703613e-01 -1.645786873996257782e-02
4.865944087505340576e-01 2.774367332458496094e-01 -7.644171826541423798e-03
4.845816493034362793e-01 2.432200759649276733e-01 1.218524994328618050e-03
4.292142689228057861e-01 3.827864229679107666e-01 1.106922887265682220e-02
3.985591530799865723e-01 3.987613320350646973e-01 2.537561766803264618e-02
4.777756333351135254e-01 3.799398541450500488e-01 7.450583856552839279e-03
4.162277281284332275e-01 3.508683443069458008e-01 1.722324453294277191e-02
4.832367002964019775e-01 4.072872102260589600e-01 -1.310469675809144974e-02
4.778095185756683350e-01 4.609735906124114990e-01 -4.554196447134017944e-02
3.876529932022094727e-01 4.100982844829559326e-01 3.642559051513671875e-02
4.051399528980255127e-01 4.094238877296447754e-01 1.462574861943721771e-02
4.194169938564300537e-01 4.159097671508789062e-01 4.537433851510286331e-03
4.419469535350799561e-01 4.152671098709106445e-01 5.560275167226791382e-04
4.590437114238739014e-01 4.099988639354705811e-01 -8.811781881377100945e-04
4.727213084697723389e-01 4.028768539428710938e-01 -2.854455262422561646e-03
4.999543130397796631e-01 3.859173655509948730e-01 -2.246955037117004395e-02
3.877403736114501953e-01 4.453156590461730957e-01 3.126310184597969055e-02
4.069102406501770020e-01 3.484548330307006836e-01 2.269936352968215942e-02
4.990173578262329102e-01 4.817220866680145264e-01 -5.674437806010246277e-02
4.743739366531372070e-01 4.340795278549194336e-01 -1.581949740648269653e-02
3.742147386074066162e-01 3.793881535530090332e-01 1.068525761365890503e-01
4.833906292915344238e-01 3.937921226024627686e-01 -3.587675979360938072e-03
4.659813940525054932e-01 4.688740968704223633e-01 -1.404611580073833466e-02
4.218000769615173340e-01 3.659908771514892578e-01 2.003150247037410736e-02
4.776733815670013428e-01 4.507480859756469727e-01 -4.086570814251899719e-02
3.745189309120178223e-01 4.947870969772338867e-01 1.041360348463058472e-01
4.792405664920806885e-01 3.741727471351623535e-01 1.072599831968545914e-02
4.874667227268218994e-01 4.410762190818786621e-01 -5.107531696557998657e-02
4.053570628166198730e-01 5.826158523559570312e-01 3.529879450798034668e-02
4.025990068912506104e-01 6.028690934181213379e-01 5.353146046400070190e-02
3.751394152641296387e-01 4.497115612030029297e-01 7.109118252992630005e-02
3.932444155216217041e-01 5.580569505691528320e-01 4.752641543745994568e-02
3.886962234973907471e-01 3.467646539211273193e-01 6.096788123250007629e-02
4.457934796810150146e-01 6.446057558059692383e-01 4.945708904415369034e-03
4.997916817665100098e-01 4.861909747123718262e-01 -4.201874509453773499e-02
4.632180929183959961e-01 4.458205401897430420e-01 -1.258575543761253357e-02
3.903808891773223877e-01 3.796153664588928223e-01 4.275778308510780334e-02
4.409603774547576904e-01 3.764818012714385986e-01 7.989992387592792511e-03
4.498539865016937256e-01 3.791362047195434570e-01 5.605653394013643265e-03
4.542558789253234863e-01 5.638033151626586914e-01 -6.696677766740322113e-03
3.885718882083892822e-01 4.796919822692871094e-01 3.328055143356323242e-02
4.647209644317626953e-01 6.715416312217712402e-01 8.936816826462745667e-03
4.307730793952941895e-01 6.434196233749389648e-01 2.840240672230720520e-02
4.173745512962341309e-01 6.265281438827514648e-01 3.934697061777114868e-02
5.172886252403259277e-01 2.816897034645080566e-01 -8.988729678094387054e-03
4.901638627052307129e-01 6.779494285583496094e-01 6.830687634646892548e-03
4.593019783496856689e-01 3.792546987533569336e-01 5.679360590875148773e-03
4.688472151756286621e-01 3.773514628410339355e-01 7.705527357757091522e-03
4.754896461963653564e-01 3.758293390274047852e-01 1.038828864693641663e-02
3.985888361930847168e-01 3.472852408885955811e-01 3.409282863140106201e-02
4.700864553451538086e-01 3.656057417392730713e-01 6.702759768813848495e-03
4.604791104793548584e-01 3.622144162654876709e-01 4.538476932793855667e-03
4.512450695037841797e-01 3.607706427574157715e-01 4.640073049813508987e-03
4.417544007301330566e-01 3.613819777965545654e-01 6.867395713925361633e-03
4.352435767650604248e-01 3.633299767971038818e-01 1.004458684474229813e-02
3.804805874824523926e-01 3.408623933792114258e-01 9.128838777542114258e-02
4.353177845478057861e-01 3.734958171844482422e-01 1.137509569525718689e-02
5.026639699935913086e-01 5.062270760536193848e-01 -3.251569718122482300e-02
4.654639661312103271e-01 5.109238624572753906e-01 -2.263393253087997437e-02
4.788692891597747803e-01 4.749762713909149170e-01 -3.461150452494621277e-02
4.869278073310852051e-01 5.060096383094787598e-01 -3.182804584503173828e-02
5.121433734893798828e-01 3.618162572383880615e-01 -1.668153889477252960e-02
4.178901314735412598e-01 6.063711643218994141e-01 2.620488964021205902e-02
4.310224652290344238e-01 6.251997947692871094e-01 1.631353981792926788e-02
4.657060801982879639e-01 6.601606607437133789e-01 -4.624261986464262009e-03
3.913958668708801270e-01 5.763887763023376465e-01 7.254060357809066772e-02
4.766275286674499512e-01 3.704489767551422119e-01 9.120531380176544189e-03
4.909426569938659668e-01 4.115417599678039551e-01 -2.827810682356357574e-02
4.909297525882720947e-01 6.664860248565673828e-01 -6.356500554829835892e-03
4.459453225135803223e-01 6.591013669967651367e-01 1.662923768162727356e-02
3.770127892494201660e-01 4.878434240818023682e-01 6.768552213907241821e-02
4.745045602321624756e-01 5.723719596862792969e-01 -1.629641279578208923e-02
4.717680513858795166e-01 5.759140253067016602e-01 -1.794705912470817566e-02
4.691917002201080322e-01 5.814221501350402832e-01 -1.953268051147460938e-02
4.672696292400360107e-01 5.878865718841552734e-01 -1.776971295475959778e-02
4.627729654312133789e-01 6.038300991058349609e-01 -9.492196142673492432e-03
4.598737955093383789e-01 5.445345044136047363e-01 -1.117458380758762360e-02
4.572654366493225098e-01 5.437009334564208984e-01 -1.116004958748817444e-02
4.550991654396057129e-01 5.421997904777526855e-01 -1.115526724606752396e-02
4.455467462539672852e-01 5.338876843452453613e-01 -8.834319189190864563e-03
4.049094021320343018e-01 4.894758164882659912e-01 1.157329510897397995e-02
4.918107092380523682e-01 3.953344225883483887e-01 -1.691976003348827362e-02
4.888826310634613037e-01 3.603081703186035156e-01 3.868373809382319450e-03
4.818157553672790527e-01 3.629235625267028809e-01 7.595682982355356216e-03
4.620292782783508301e-01 5.445654392242431641e-01 -1.028961781412363052e-02
4.011591076850891113e-01 5.322245359420776367e-01 2.765823900699615479e-02
4.991739392280578613e-01 3.588914275169372559e-01 -9.971066378057003021e-03
4.560791254043579102e-01 6.143932342529296875e-01 -3.672372316941618919e-03
5.089495182037353516e-01 4.171875417232513428e-01 -4.847740009427070618e-02
4.994230568408966064e-01 4.032600224018096924e-01 -3.472785651683807373e-02
5.098814368247985840e-01 4.007901251316070557e-01 -3.679366409778594971e-02
4.813632667064666748e-01 4.371146559715270996e-01 -3.003774955868721008e-02
4.921995401382446289e-01 6.502112746238708496e-01 -1.079779304563999176e-02
4.934726953506469727e-01 6.329582333564758301e-01 -9.816815145313739777e-03
4.736088514328002930e-01 6.283102035522460938e-01 -8.325407281517982483e-03
4.341702461242675781e-01 5.753593444824218750e-01 4.664420615881681442e-03
4.556640982627868652e-01 4.815690815448760986e-01 -1.156927458941936493e-02
4.431460201740264893e-01 5.967631936073303223e-01 9.409112390130758286e-04
4.307227134704589844e-01 4.762561917304992676e-01 -7.847952656447887421e-03
4.448581337928771973e-01 4.974695742130279541e-01 -1.017570402473211288e-02
4.206780791282653809e-01 5.033156275749206543e-01 2.173077227780595422e-04
4.687832891941070557e-01 6.444568037986755371e-01 -8.774161338806152344e-03
4.738311171531677246e-01 4.468787908554077148e-01 -2.279242128133773804e-02
4.234598875045776367e-01 5.871602296829223633e-01 1.432077493518590927e-02
4.358385503292083740e-01 6.084110140800476074e-01 8.537842892110347748e-03
4.284380674362182617e-01 5.511031746864318848e-01 4.442804958671331406e-03
3.906085491180419922e-01 5.097019672393798828e-01 3.665925189852714539e-02
4.139553606510162354e-01 5.528805851936340332e-01 1.448947098106145859e-02
3.822993040084838867e-01 5.241242647171020508e-01 6.175637245178222656e-02
4.357142746448516846e-01 5.190522670745849609e-01 -5.224743857979774475e-03
4.829244613647460938e-01 4.225679934024810791e-01 -2.156575396656990051e-02
4.810106754302978516e-01 4.685747921466827393e-01 -4.807974398136138916e-02
4.741207957267761230e-01 4.735119342803955078e-01 -3.631460666656494141e-02
4.861823618412017822e-01 4.572623968124389648e-01 -5.552654340863227844e-02
4.813883900642395020e-01 3.407253623008728027e-01 8.359913481399416924e-04
4.639413952827453613e-01 3.261380195617675781e-01 -1.284423051401972771e-03
4.479013681411743164e-01 3.221997618675231934e-01 -1.187693211250007153e-03
4.337166249752044678e-01 3.256697356700897217e-01 2.545229857787489891e-03
4.229988455772399902e-01 3.344627618789672852e-01 8.789615705609321594e-03
4.124953448772430420e-01 3.702516257762908936e-01 2.423178777098655701e-02
3.754823505878448486e-01 4.138037860393524170e-01 7.072994112968444824e-02
4.182635545730590820e-01 3.941382169723510742e-01 1.421713363379240036e-02
4.292143881320953369e-01 3.996288776397705078e-01 7.813556119799613953e-03
4.444682896137237549e-01 4.011729359626770020e-01 3.725457470864057541e-03
4.596246778964996338e-01 3.988074958324432373e-01 2.347439527511596680e-03
4.721343815326690674e-01 3.937560915946960449e-01 2.881295513361692429e-03
4.810714423656463623e-01 3.883349597454071045e-01 2.771984785795211792e-03
3.722890615463256836e-01 4.161051511764526367e-01 1.127949580550193787e-01
4.738133549690246582e-01 4.787690639495849609e-01 -3.086077421903610229e-02
4.900511801242828369e-01 4.259915053844451904e-01 -3.818896785378456116e-02
4.884609580039978027e-01 4.695258736610412598e-01 -5.663586780428886414e-02
4.937230646610260010e-01 4.788020849227905273e-01 -5.223751813173294067e-02
4.883747696876525879e-01 4.726870059967041016e-01 -5.126151442527770996e-02
4.762870073318481445e-01 4.844769537448883057e-01 -2.702730149030685425e-02
4.956648647785186768e-01 4.804013669490814209e-01 -5.522986501455307007e-02
4.964120388031005859e-01 4.848768115043640137e-01 -4.208091646432876587e-02
4.830458164215087891e-01 3.742311894893646240e-01 9.141386486589908600e-03
4.885863661766052246e-01 3.787096440792083740e-01 2.396238502115011215e-03
4.919596910476684570e-01 3.806538581848144531e-01 -5.532964598387479782e-03
4.312298893928527832e-01 3.650132417678833008e-01 1.352632511407136917e-02
4.230098426342010498e-01 3.525524437427520752e-01 1.395495422184467316e-02
5.182024836540222168e-01 4.208519458770751953e-01 -4.433365911245346069e-02
5.894947052001953125e-01 3.882382512092590332e-01 2.066361904144287109e-02
5.141295790672302246e-01 4.844112098217010498e-01 -4.155778512358665466e-02
6.311259865760803223e-01 3.366989493370056152e-01 7.910023629665374756e-02
5.585812330245971680e-01 3.972250223159790039e-01 7.599573582410812378e-03
5.691039562225341797e-01 4.004589319229125977e-01 8.682742714881896973e-03
5.793638229370117188e-01 4.016706347465515137e-01 1.205319538712501526e-02
5.939486622810363770e-01 3.947926759719848633e-01 2.201159670948982239e-02
5.496478080749511719e-01 3.917258679866790771e-01 8.706944063305854797e-03
5.773537755012512207e-01 3.494431376457214355e-01 5.964057054370641708e-03
5.647285580635070801e-01 3.503416776657104492e-01 5.697962827980518341e-03
5.889674425125122070e-01 3.535380661487579346e-01 9.681225754320621490e-03
5.962573885917663574e-01 3.618306219577789307e-01 1.416348107159137726e-02
6.022071838378906250e-01 4.070075154304504395e-01 2.726203948259353638e-02
5.369143486022949219e-01 6.370106339454650879e-01 2.580203348770737648e-03
5.939566493034362793e-01 3.844516575336456299e-01 2.464146167039871216e-02
6.350123882293701172e-01 4.073945283889770508e-01 7.906378805637359619e-02
6.151674985885620117e-01 3.951367735862731934e-01 3.970520198345184326e-02
5.609121918678283691e-01 4.701087176799774170e-01 -7.040468044579029083e-03
5.131601095199584961e-01 5.274853706359863281e-01 -3.467345610260963440e-02
5.110066533088684082e-01 5.376402139663696289e-01 -3.052218258380889893e-02
5.269385576248168945e-01 5.349158644676208496e-01 -2.742450498044490814e-02
5.353425741195678711e-01 5.435447692871093750e-01 -1.791512221097946167e-02
5.219663977622985840e-01 5.413079261779785156e-01 -2.519985102117061615e-02
5.298634171485900879e-01 5.469676852226257324e-01 -1.638727821409702301e-02
5.491273403167724609e-01 5.828658938407897949e-01 1.983560388907790184e-03
5.144533514976501465e-01 4.743865132331848145e-01 -6.131644919514656067e-02
5.172969102859497070e-01 4.580676853656768799e-01 -6.405687332153320312e-02
6.118032932281494141e-01 3.444520533084869385e-01 1.960539817810058594e-02
5.410007238388061523e-01 4.251397848129272461e-01 -7.145929150283336639e-03
5.393039584159851074e-01 4.755099117755889893e-01 -3.253412991762161255e-02
5.409655570983886719e-01 4.670853316783905029e-01 -2.878135815262794495e-02
5.938575863838195801e-01 4.730459749698638916e-01 8.066460490226745605e-03
5.179033875465393066e-01 4.378712177276611328e-01 -5.625607445836067200e-02
5.881643891334533691e-01 3.205763697624206543e-01 5.189094226807355881e-04
6.024677157402038574e-01 3.290506005287170410e-01 9.450245648622512817e-03
6.222667098045349121e-01 3.056142926216125488e-01 5.829421803355216980e-02
5.387104749679565430e-01 3.329897224903106689e-01 -1.137072034180164337e-02
5.534337759017944336e-01 3.569368720054626465e-01 8.386551402509212494e-03
5.576196312904357910e-01 5.640454292297363281e-01 4.188010003417730331e-03
6.127138733863830566e-01 5.649858117103576660e-01 9.995587170124053955e-02
5.297280550003051758e-01 4.839728474617004395e-01 -2.900428324937820435e-02
5.208858847618103027e-01 4.877367913722991943e-01 -3.083943575620651245e-02
5.433529615402221680e-01 5.640356540679931641e-01 2.350325929000973701e-03
5.402742028236389160e-01 5.630911588668823242e-01 -9.687286801636219025e-04
6.086238622665405273e-01 3.189050555229187012e-01 1.562554202973842621e-02
5.389276742935180664e-01 4.837979972362518311e-01 -2.669897861778736115e-02
5.678822994232177734e-01 3.204532563686370850e-01 -6.788625847548246384e-03
5.702662467956542969e-01 3.072356879711151123e-01 -8.310886099934577942e-03
5.819346904754638672e-01 2.615432739257812500e-01 1.583826541900634766e-02
6.150100231170654297e-01 3.172482848167419434e-01 3.427538648247718811e-02
5.745118260383605957e-01 2.878873348236083984e-01 3.339844755828380585e-03
6.183668375015258789e-01 3.388521969318389893e-01 3.001881577074527740e-02
6.243854761123657227e-01 3.429745435714721680e-01 5.337882414460182190e-02
5.122861862182617188e-01 5.331383943557739258e-01 -3.384684026241302490e-02
5.243923068046569824e-01 5.386297702789306641e-01 -2.684352174401283264e-02
5.326821208000183105e-01 5.455598831176757812e-01 -1.815278269350528717e-02
5.268123745918273926e-01 4.869365692138671875e-01 -2.677164971828460693e-02
5.417725443840026855e-01 5.636366605758666992e-01 5.136615363880991936e-04
5.368626117706298828e-01 5.729424953460693359e-01 -5.175924859941005707e-03
5.387743115425109863e-01 5.625401139259338379e-01 -1.239299890585243702e-03
5.255230665206909180e-01 4.765594005584716797e-01 -4.424422606825828552e-02
5.276357531547546387e-01 5.472585558891296387e-01 -1.487484294921159744e-02
5.198574066162109375e-01 5.424517393112182617e-01 -2.115631289780139923e-02
5.099223256111145020e-01 5.397980213165283203e-01 -2.601841650903224945e-02
5.114811658859252930e-01 6.196113824844360352e-01 -9.432638995349407196e-03
5.095703601837158203e-01 6.004279851913452148e-01 -2.057259902358055115e-02
5.091830492019653320e-01 5.928882360458374023e-01 -2.261708490550518036e-02
5.084347128868103027e-01 5.854148268699645996e-01 -2.051204070448875427e-02
5.073608160018920898e-01 5.798879861831665039e-01 -1.882917433977127075e-02
5.254908204078674316e-01 5.743023157119750977e-01 -9.466984309256076813e-03
5.278786420822143555e-01 5.768810510635375977e-01 -1.102892775088548660e-02
5.306327342987060547e-01 5.808182954788208008e-01 -1.239885948598384857e-02
5.328105688095092773e-01 5.851818919181823730e-01 -1.033480744808912277e-02
5.476992130279541016e-01 5.304201245307922363e-01 -1.350939460098743439e-02
6.304618716239929199e-01 4.821201860904693604e-01 1.207122951745986938e-01
5.315801501274108887e-01 5.699868202209472656e-01 -4.074004013091325760e-03
5.342783927917480469e-01 5.712035894393920898e-01 -5.254405550658702850e-03
5.177240967750549316e-01 4.938834011554718018e-01 -3.143147379159927368e-02
5.343661308288574219e-01 4.936866760253906250e-01 -1.901355385780334473e-02
5.192061066627502441e-01 4.909133613109588623e-01 -3.144235163927078247e-02
5.521040558815002441e-01 4.364375174045562744e-01 -3.510633250698447227e-03
5.697119235992431641e-01 4.498862922191619873e-01 -2.619781007524579763e-04
5.422249436378479004e-01 4.754896759986877441e-01 -2.266032807528972626e-02
6.072032451629638672e-01 2.800429463386535645e-01 3.567716479301452637e-02
5.995996594429016113e-01 2.983178794384002686e-01 1.796758733689785004e-02
5.925231575965881348e-01 3.081907629966735840e-01 3.300457494333386421e-03
5.399587154388427734e-01 5.971235036849975586e-01 -2.588439034298062325e-03
5.432879924774169922e-01 3.109831809997558594e-01 -1.444647088646888733e-02
5.478023290634155273e-01 2.842258512973785400e-01 -5.472320131957530975e-03
5.536439418792724609e-01 2.512475848197937012e-01 3.601403208449482918e-03
5.883658528327941895e-01 4.000453948974609375e-01 1.715820282697677612e-02
6.132218241691589355e-01 4.203670322895050049e-01 3.312115743756294250e-02
5.436826348304748535e-01 3.865290582180023193e-01 1.037154439836740494e-02
6.061017513275146484e-01 3.704286217689514160e-01 2.431000955402851105e-02
5.340101122856140137e-01 4.128908216953277588e-01 -1.092931348830461502e-02
5.335144996643066406e-01 4.672505855560302734e-01 -4.351738095283508301e-02
6.248053312301635742e-01 4.362797439098358154e-01 4.513199254870414734e-02
6.050195693969726562e-01 4.313546419143676758e-01 2.203639037907123566e-02
5.904536843299865723e-01 4.356150329113006592e-01 1.097688451409339905e-02
5.696485638618469238e-01 4.296450614929199219e-01 5.615524481981992722e-03
5.547933578491210938e-01 4.202831089496612549e-01 3.016900736838579178e-03
5.436355471611022949e-01 4.109069108963012695e-01 -7.539674243162153289e-06
5.211543440818786621e-01 3.882607221603393555e-01 -2.155696973204612732e-02
6.205753087997436523e-01 4.710840880870819092e-01 4.000245034694671631e-02
6.144228577613830566e-01 3.686750531196594238e-01 3.021216765046119690e-02
5.100380182266235352e-01 4.829591214656829834e-01 -5.627861246466636658e-02
5.391317605972290039e-01 4.411850273609161377e-01 -1.314248330891132355e-02
6.369806528091430664e-01 4.083894789218902588e-01 1.168262809514999390e-01
5.353541374206542969e-01 4.006725549697875977e-01 -1.341257477179169655e-03
5.430191159248352051e-01 4.771681129932403564e-01 -1.118558272719383240e-02
5.991749167442321777e-01 3.845210671424865723e-01 2.688324078917503357e-02
5.348232388496398926e-01 4.570167958736419678e-01 -3.878292813897132874e-02
6.239149570465087891e-01 5.221207141876220703e-01 1.132409423589706421e-01
5.441070199012756348e-01 3.807649612426757812e-01 1.376671716570854187e-02
5.268489718437194824e-01 4.454029202461242676e-01 -4.955578222870826721e-02
5.859751701354980469e-01 6.015464067459106445e-01 4.156259819865226746e-02
5.854710936546325684e-01 6.217489242553710938e-01 6.000852212309837341e-02
6.310245394706726074e-01 4.775422215461730957e-01 8.032532781362533569e-02
6.006840467453002930e-01 5.802845954895019531e-01 5.484825372695922852e-02
6.299837827682495117e-01 3.730586469173431396e-01 6.965708732604980469e-02
5.382266044616699219e-01 6.534352302551269531e-01 7.894968613982200623e-03
5.083008408546447754e-01 4.871240556240081787e-01 -4.175120219588279724e-02
5.482873916625976562e-01 4.551922380924224854e-01 -9.324776940047740936e-03
6.240054368972778320e-01 4.000552892684936523e-01 5.119201913475990295e-02
5.787270069122314453e-01 3.913931548595428467e-01 1.355057861655950546e-02
5.698454976081848145e-01 3.908865749835968018e-01 1.051275897771120071e-02
5.392307639122009277e-01 5.749402642250061035e-01 -3.512186463922262192e-03
6.153903007507324219e-01 5.047114491462707520e-01 4.176082462072372437e-02
5.159549713134765625e-01 6.762573122978210449e-01 1.053590048104524612e-02
5.528423190116882324e-01 6.548823118209838867e-01 3.237940743565559387e-02
5.683565735816955566e-01 6.413211822509765625e-01 4.451326653361320496e-02
5.610697865486145020e-01 3.883313238620758057e-01 9.863172657787799835e-03
5.526959896087646484e-01 3.846643269062042236e-01 1.130840927362442017e-02
5.469991564750671387e-01 3.825410604476928711e-01 1.360886730253696442e-02
6.220657229423522949e-01 3.669365048408508301e-01 4.218664392828941345e-02
5.547435283660888672e-01 3.741465806961059570e-01 1.025373581796884537e-02
5.644091963768005371e-01 3.724387884140014648e-01 8.721451275050640106e-03
5.734889507293701172e-01 3.730300664901733398e-01 9.476583451032638550e-03
5.823590755462646484e-01 3.757971525192260742e-01 1.233662758022546768e-02
5.879896283149719238e-01 3.793159425258636475e-01 1.601600460708141327e-02
6.358455419540405273e-01 3.691195249557495117e-01 1.007851660251617432e-01
5.849161148071289062e-01 3.901588916778564453e-01 1.730486750602722168e-02
5.383554697036743164e-01 5.188525319099426270e-01 -2.006139792501926422e-02
5.300470590591430664e-01 4.807783961296081543e-01 -3.287536278367042542e-02
5.183258652687072754e-01 5.095297098159790039e-01 -3.082565218210220337e-02
5.706219077110290527e-01 6.218710541725158691e-01 3.122399561107158661e-02
5.552387833595275879e-01 6.373864412307739258e-01 2.020430937409400940e-02
5.168690681457519531e-01 6.651165485382080078e-01 -3.092919243499636650e-03
5.992220640182495117e-01 5.985858440399169922e-01 8.002131432294845581e-02
5.475153326988220215e-01 3.778061568737030029e-01 1.235691457986831665e-02
5.266681909561157227e-01 4.154825210571289062e-01 -2.679811231791973114e-02
5.359669327735900879e-01 6.672113537788391113e-01 1.950382627546787262e-02
6.245033740997314453e-01 5.147497057914733887e-01 7.656874507665634155e-02
5.173519849777221680e-01 5.777292251586914062e-01 -1.453823503106832504e-02
5.195097923278808594e-01 5.819173455238342285e-01 -1.611671596765518188e-02
5.214313864707946777e-01 5.880432724952697754e-01 -1.757942512631416321e-02
5.227463245391845703e-01 5.950242280960083008e-01 -1.572050526738166809e-02
5.278117060661315918e-01 6.103860735893249512e-01 -7.267533801496028900e-03
5.358889698982238770e-01 5.541533231735229492e-01 -8.311851881444454193e-03
5.384353995323181152e-01 5.538576245307922363e-01 -7.960602641105651855e-03
5.408738255500793457e-01 5.528514981269836426e-01 -7.762836758047342300e-03
5.542046427726745605e-01 5.457963943481445312e-01 -4.617012571543455124e-03
5.988714694976806641e-01 5.110214948654174805e-01 1.873062923550605774e-02
5.274495482444763184e-01 3.993401229381561279e-01 -1.545191463083028793e-02
5.364203453063964844e-01 3.661058545112609863e-01 5.683360621333122253e-03
5.430234074592590332e-01 3.695747852325439453e-01 1.046215556561946869e-02
5.338426232337951660e-01 5.537179708480834961e-01 -7.316788192838430405e-03
5.968196988105773926e-01 5.535944104194641113e-01 3.474723920226097107e-02
5.260066390037536621e-01 3.638359308242797852e-01 -8.716341108083724976e-03
5.327962040901184082e-01 6.220759153366088867e-01 -1.262613805010914803e-03
5.198000073432922363e-01 4.054594635963439941e-01 -3.394548967480659485e-02
5.325432419776916504e-01 4.428236484527587891e-01 -2.810932882130146027e-02
5.138962864875793457e-01 6.323712468147277832e-01 -7.231922354549169540e-03
5.593213438987731934e-01 5.886157155036926270e-01 8.930897340178489685e-03
5.511707067489624023e-01 4.919861555099487305e-01 -8.210749365389347076e-03
5.476844310760498047e-01 6.074672937393188477e-01 4.276240244507789612e-03
5.760239362716674805e-01 4.925428628921508789e-01 -2.479023067280650139e-03
5.597043633460998535e-01 5.102334022521972656e-01 -6.005422212183475494e-03
5.820952653884887695e-01 5.212934017181396484e-01 6.253767758607864380e-03
5.163127183914184570e-01 6.492418050765991211e-01 -7.366252597421407700e-03
5.382884144783020020e-01 4.538486897945404053e-01 -2.038034982979297638e-02
5.680332183837890625e-01 6.021868586540222168e-01 1.911256648600101471e-02
5.530882477760314941e-01 6.202855110168457031e-01 1.220060046762228012e-02
5.683367848396301270e-01 5.663643479347229004e-01 9.622909128665924072e-03
6.096326112747192383e-01 5.337159633636474609e-01 4.467070102691650391e-02
5.819414258003234863e-01 5.710268020629882812e-01 2.043734490871429443e-02
6.151410937309265137e-01 5.493919849395751953e-01 7.019838690757751465e-02
5.656817555427551270e-01 5.335143804550170898e-01 -4.330655210651457310e-04
5.326197147369384766e-01 4.281150996685028076e-01 -1.944278553128242493e-02
5.292426943778991699e-01 4.740817546844482422e-01 -4.624430090188980103e-02
5.351361632347106934e-01 4.803270399570465088e-01 -3.424648568034172058e-02
5.260311365127563477e-01 4.617816507816314697e-01 -5.428538843989372253e-02
5.467802882194519043e-01 3.493752181529998779e-01 3.345567733049392700e-03
5.656886100769042969e-01 3.389739394187927246e-01 2.489783801138401031e-03
5.816515088081359863e-01 3.383860588073730469e-01 3.927514888346195221e-03
5.943106412887573242e-01 3.439679741859436035e-01 8.649028837680816650e-03
6.027386784553527832e-01 3.541554212570190430e-01 1.556789036840200424e-02
6.060418486595153809e-01 3.894224166870117188e-01 3.146110475063323975e-02
6.347484588623046875e-01 4.421015679836273193e-01 8.023254573345184326e-02
5.959609150886535645e-01 4.133678376674652100e-01 2.094509266316890717e-02
5.844279527664184570e-01 4.165657758712768555e-01 1.374271232634782791e-02
5.699596405029296875e-01 4.139267802238464355e-01 8.681864477694034576e-03
5.565415620803833008e-01 4.078607559204101562e-01 6.326742470264434814e-03
5.461338758468627930e-01 4.007696509361267090e-01 5.903779529035091400e-03
5.388898253440856934e-01 3.942419886589050293e-01 5.241393111646175385e-03
6.342922449111938477e-01 4.450697302818298340e-01 1.227272301912307739e-01
5.343935489654541016e-01 4.853456914424896240e-01 -2.881431952118873596e-02
5.259322524070739746e-01 4.299588501453399658e-01 -3.666841611266136169e-02
5.219966173171997070e-01 4.733329415321350098e-01 -5.543997138738632202e-02
5.153135657310485840e-01 4.813237786293029785e-01 -5.153276771306991577e-02
5.214034318923950195e-01 4.765655100345611572e-01 -5.003796890377998352e-02
5.310179591178894043e-01 4.903085529804229736e-01 -2.528891153633594513e-02
5.134046673774719238e-01 4.824025630950927734e-01 -5.466465651988983154e-02
5.116575360298156738e-01 4.865331053733825684e-01 -4.163369536399841309e-02
5.399661064147949219e-01 3.804564476013183594e-01 1.170876808464527130e-02
5.334993600845336914e-01 3.839998245239257812e-01 4.374238662421703339e-03
5.293806195259094238e-01 3.865171968936920166e-01 -3.946929238736629486e-03
5.913707017898559570e-01 3.820640444755554199e-01 1.976892724633216858e-02
6.003510355949401855e-01 3.715054988861083984e-01 2.053789980709552765e-02
4.509721398353576660e-01 3.677969574928283691e-01 9.222834371030330658e-03
4.622019827365875244e-01 3.686378002166748047e-01 9.222834371030330658e-03
4.518433511257171631e-01 3.541184663772583008e-01 9.222834371030330658e-03
4.395723640918731689e-01 3.668056428432464600e-01 9.222834371030330658e-03
4.500093162059783936e-01 3.811495304107666016e-01 9.222834371030330658e-03
5.722449421882629395e-01 3.792056441307067871e-01 1.400941889733076096e-02
5.832874178886413574e-01 3.808076679706573486e-01 1.400941889733076096e-02
5.735399127006530762e-01 3.653940856456756592e-01 1.400941889733076096e-02
5.612165927886962891e-01 3.775810301303863525e-01 1.400941889733076096e-02
5.709872841835021973e-01 3.930120170116424561e-01 1.400941889733076096e-02
