5.038565397262573242e-01 5.371242761611938477e-01 -3.351348638534545898e-02
5.117710232734680176e-01 4.779386520385742188e-01 -6.059344112873077393e-02
5.085517764091491699e-01 4.956806302070617676e-01 -3.268303349614143372e-02
5.058212280273437500e-01 4.213766753673553467e-01 -4.504436254501342773e-02
5.134084224700927734e-01 4.606040418148040771e-01 -6.409515440464019775e-02
5.147920250892639160e-01 4.383508265018463135e-01 -5.906660482287406921e-02
5.174387693405151367e-01 3.850485682487487793e-01 -2.691861055791378021e-02
4.330521523952484131e-01 3.705443739891052246e-01 1.127518340945243835e-02
5.203386545181274414e-01 3.413652181625366211e-01 -1.765280589461326599e-02
5.221344828605651855e-01 3.191017210483551025e-01 -1.896834559738636017e-02
5.271614193916320801e-01 2.460730522871017456e-01 -4.701091907918453217e-03
5.035769939422607422e-01 5.431114435195922852e-01 -3.216586261987686157e-02
5.031440258026123047e-01 5.491597652435302734e-01 -2.862827293574810028e-02
5.027912855148315430e-01 5.534250140190124512e-01 -2.358910255134105682e-02
5.024706721305847168e-01 5.579186677932739258e-01 -2.172269485890865326e-02
5.020418763160705566e-01 5.674566030502319336e-01 -2.359638549387454987e-02
5.013257265090942383e-01 5.787795782089233398e-01 -2.624680660665035248e-02
5.005522370338439941e-01 5.897564291954040527e-01 -2.500928938388824463e-02
4.969629049301147461e-01 6.039142608642578125e-01 -1.511153206229209900e-02
5.104959011077880859e-01 4.870015382766723633e-01 -5.499082803726196289e-02
4.995062053203582764e-01 4.856129586696624756e-01 -4.033476114273071289e-02
3.933809995651245117e-01 3.043001890182495117e-01 6.322249770164489746e-02
4.641809463500976562e-01 3.885568976402282715e-01 1.364433905109763145e-03
4.521093368530273438e-01 3.893706798553466797e-01 1.403261674568057060e-03
4.409553408622741699e-01 3.871706128120422363e-01 3.864489495754241943e-03
4.275604188442230225e-01 3.754835128784179688e-01 1.241281442344188690e-02
4.750030338764190674e-01 3.844766616821289062e-01 3.601632779464125633e-03
4.526343643665313721e-01 3.336376249790191650e-01 -2.464581746608018875e-03
4.659396409988403320e-01 3.372177481651306152e-01 -1.297930488362908363e-03
4.398091435432434082e-01 3.356934785842895508e-01 3.391488862689584494e-04
4.308896660804748535e-01 3.425264954566955566e-01 4.277096595615148544e-03
4.164310097694396973e-01 3.848177194595336914e-01 1.731789670884609222e-02
4.519583284854888916e-01 6.226009130477905273e-01 -4.446149338036775589e-03
4.294042587280273438e-01 3.646981120109558105e-01 1.477653346955776215e-02
3.815473914146423340e-01 3.750919699668884277e-01 6.572594493627548218e-02
4.043036103248596191e-01 3.699155747890472412e-01 2.834779955446720123e-02
4.528933167457580566e-01 4.575082361698150635e-01 -1.182015612721443176e-02
4.909311532974243164e-01 5.314224958419799805e-01 -3.302216529846191406e-02
4.918206334114074707e-01 5.466434955596923828e-01 -2.786963433027267456e-02
4.780936241149902344e-01 5.358118414878845215e-01 -2.746085450053215027e-02
4.696827828884124756e-01 5.408939123153686523e-01 -1.970938593149185181e-02
4.821357429027557373e-01 5.460603833198547363e-01 -2.412638813257217407e-02
4.745340943336486816e-01 5.468102097511291504e-01 -1.692022196948528290e-02
4.465546607971191406e-01 5.636799931526184082e-01 -3.471021540462970734e-03
5.024230480194091797e-01 4.763029217720031738e-01 -6.009393185377120972e-02
5.024180412292480469e-01 4.594566524028778076e-01 -6.332725286483764648e-02
4.166252613067626953e-01 3.227786421775817871e-01 7.506279740482568741e-03
4.795077145099639893e-01 4.184534251689910889e-01 -1.060492265969514847e-02
4.760569930076599121e-01 4.698907136917114258e-01 -3.413894772529602051e-02
4.755098223686218262e-01 4.609668552875518799e-01 -3.068422712385654449e-02
4.180921018123626709e-01 4.512637853622436523e-01 1.775969139998778701e-04
5.042836070060729980e-01 4.388681650161743164e-01 -5.636875703930854797e-02
4.463856816291809082e-01 3.050138354301452637e-01 -9.167741052806377411e-03
4.294120073318481445e-01 3.102290928363800049e-01 -1.720800762996077538e-03
4.094185829162597656e-01 2.765015363693237305e-01 4.294565320014953613e-02
4.968692362308502197e-01 3.269626498222351074e-01 -1.583380810916423798e-02
4.769383370876312256e-01 3.466383814811706543e-01 2.556242048740386963e-03
4.398136436939239502e-01 5.455687046051025391e-01 -1.459319028072059155e-03
3.808765411376953125e-01 5.348873734474182129e-01 9.069240093231201172e-02
4.835210144519805908e-01 4.804553985595703125e-01 -2.939721755683422089e-02
4.916799664497375488e-01 4.864859879016876221e-01 -2.991390600800514221e-02
4.597047269344329834e-01 5.495064854621887207e-01 -1.962549285963177681e-03
4.625725448131561279e-01 5.495870709419250488e-01 -4.666140768676996231e-03
4.242112338542938232e-01 2.985596060752868652e-01 3.706668503582477570e-03
4.746097028255462646e-01 4.776355028152465820e-01 -2.810565195977687836e-02
4.682402610778808594e-01 3.088268041610717773e-01 -1.399336382746696472e-02
4.679337441921234131e-01 2.950998544692993164e-01 -1.591354608535766602e-02
4.611790180206298828e-01 2.446890622377395630e-01 4.406665917485952377e-03
4.176604151725769043e-01 2.923707962036132812e-01 2.094657532870769501e-02
4.660798311233520508e-01 2.741714715957641602e-01 -5.891048815101385117e-03
4.103717505931854248e-01 3.149891495704650879e-01 1.710509322583675385e-02
4.024169147014617920e-01 3.148606419563293457e-01 3.929831832647323608e-02
4.911379218101501465e-01 5.398722290992736816e-01 -3.172744810581207275e-02
4.800912439823150635e-01 5.413902401924133301e-01 -2.629496902227401733e-02
4.720347225666046143e-01 5.439888238906860352e-01 -1.921898685395717621e-02
4.857046008110046387e-01 4.840134680271148682e-01 -2.684216387569904327e-02
4.612042605876922607e-01 5.496094822883605957e-01 -3.347902558743953705e-03
4.652944803237915039e-01 5.537679791450500488e-01 -9.639567695558071136e-03
4.640666842460632324e-01 5.495958328247070312e-01 -4.887249320745468140e-03
4.898046553134918213e-01 4.748437404632568359e-01 -4.471315070986747742e-02
4.762938320636749268e-01 5.488092899322509766e-01 -1.505867950618267059e-02
4.836503267288208008e-01 5.491130352020263672e-01 -1.970919594168663025e-02
4.925099611282348633e-01 5.508025884628295898e-01 -2.315039560198783875e-02
4.815433323383331299e-01 6.007848978042602539e-01 -1.544010080397129059e-02
4.859538674354553223e-01 5.852262377738952637e-01 -2.509810030460357666e-02
4.876738786697387695e-01 5.745776891708374023e-01 -2.606021612882614136e-02
4.897935986518859863e-01 5.635351538658142090e-01 -2.313227951526641846e-02
4.920406341552734375e-01 5.549923181533813477e-01 -2.125871554017066956e-02
4.760541319847106934e-01 5.507488846778869629e-01 -1.353953219950199127e-02
4.729645848274230957e-01 5.544774532318115234e-01 -1.542926300317049026e-02
4.696992635726928711e-01 5.592184662818908691e-01 -1.739689707756042480e-02
4.668209552764892578e-01 5.644910335540771484e-01 -1.571880839765071869e-02
4.566770792007446289e-01 5.189644694328308105e-01 -1.633831299841403961e-02
3.723250627517700195e-01 4.483944475650787354e-01 1.084235906600952148e-01
5.095713734626770020e-01 4.911305308341979980e-01 -4.039419814944267273e-02
4.706354737281799316e-01 5.500110387802124023e-01 -8.348838426172733307e-03
4.680387079715728760e-01 5.517920851707458496e-01 -9.580838494002819061e-03
4.942954778671264648e-01 4.934963583946228027e-01 -3.066441975533962250e-02
4.771379232406616211e-01 4.881166517734527588e-01 -1.982708647847175598e-02
4.930700063705444336e-01 4.900568723678588867e-01 -3.049226291477680206e-02
4.664639234542846680e-01 4.267643988132476807e-01 -7.974922657012939453e-03
4.466108977794647217e-01 4.352670311927795410e-01 -6.155720911920070648e-03
4.727002382278442383e-01 4.684416651725769043e-01 -2.458702586591243744e-02
4.310647249221801758e-01 2.557977437973022461e-01 2.189103327691555023e-02
4.379617571830749512e-01 2.779805660247802734e-01 6.325101479887962341e-03
4.436784982681274414e-01 2.917692363262176514e-01 -6.977446842938661575e-03
4.551900029182434082e-01 5.777792334556579590e-01 -8.712765760719776154e-03
4.960725009441375732e-01 3.038848638534545898e-01 -1.956319808959960938e-02
4.939596354961395264e-01 2.773671150207519531e-01 -1.207604166120290756e-02
4.920539557933807373e-01 2.422702312469482422e-01 -4.570770077407360077e-03
4.320245087146759033e-01 3.827354907989501953e-01 8.186860941350460052e-03
4.022293388843536377e-01 3.952662944793701172e-01 2.260311692953109741e-02
4.823664426803588867e-01 3.802110254764556885e-01 5.671680904924869537e-03
4.187832474708557129e-01 3.488555550575256348e-01 1.314064115285873413e-02
4.886346459388732910e-01 4.082788228988647461e-01 -1.383635494858026505e-02
4.835951626300811768e-01 4.636375010013580322e-01 -4.460578784346580505e-02
3.906650841236114502e-01 4.069528877735137939e-01 3.371986746788024902e-02
4.091473817825317383e-01 4.081457555294036865e-01 1.231940556317567825e-02
4.238185286521911621e-01 4.161059260368347168e-01 2.666928805410861969e-03
4.466394782066345215e-01 4.156721234321594238e-01 -8.639903971925377846e-04
4.638727903366088867e-01 4.102540612220764160e-01 -2.100702375173568726e-03
4.773077070713043213e-01 4.034970998764038086e-01 -3.948373720049858093e-03
5.061955451965332031e-01 3.876754641532897949e-01 -2.348150871694087982e-02
3.903328776359558105e-01 4.423067867755889893e-01 2.952720783650875092e-02
4.097276628017425537e-01 3.446537554264068604e-01 1.818048954010009766e-02
5.048893094062805176e-01 4.856347739696502686e-01 -5.471880361437797546e-02
4.796330034732818604e-01 4.351233243942260742e-01 -1.592124812304973602e-02
3.753096461296081543e-01 3.734105825424194336e-01 1.018661856651306152e-01
4.879408478736877441e-01 3.954176008701324463e-01 -4.635853692889213562e-03
4.709458053112030029e-01 4.695077240467071533e-01 -1.348799932748079300e-02
4.242026805877685547e-01 3.640927374362945557e-01 1.653826981782913208e-02
4.835231900215148926e-01 4.529708623886108398e-01 -4.019887745380401611e-02
3.747204542160034180e-01 4.902109503746032715e-01 1.025052219629287720e-01
4.834725260734558105e-01 3.743292093276977539e-01 8.648591116070747375e-03
4.937887787818908691e-01 4.438268542289733887e-01 -5.041486024856567383e-02
4.049699902534484863e-01 5.785318017005920410e-01 3.353500738739967346e-02
4.022767543792724609e-01 5.988203287124633789e-01 5.245087295770645142e-02
3.767510950565338135e-01 4.460356831550598145e-01 6.908409297466278076e-02
3.927241861820220947e-01 5.536714196205139160e-01 4.652399197220802307e-02
3.914961218833923340e-01 3.425647020339965820e-01 5.577434599399566650e-02
4.475901126861572266e-01 6.401261091232299805e-01 1.198909361846745014e-03
5.052586197853088379e-01 4.899032413959503174e-01 -3.985892608761787415e-02
4.681152701377868652e-01 4.464244246482849121e-01 -1.270036492496728897e-02
3.934370875358581543e-01 3.721370100975036621e-01 3.895951434969902039e-02
4.434640407562255859e-01 3.781966269016265869e-01 5.198238417506217957e-03
4.532937705516815186e-01 3.805262446403503418e-01 3.052867949008941650e-03
4.626495242118835449e-01 5.560722351074218750e-01 -8.034265600144863129e-03
3.903172910213470459e-01 4.766152203083038330e-01 3.228908404707908630e-02
4.666360020637512207e-01 6.669278740882873535e-01 5.294539034366607666e-03
4.322670102119445801e-01 6.401848793029785156e-01 2.534176409244537354e-02
4.180682003498077393e-01 6.232358217239379883e-01 3.718334063887596130e-02
5.247971415519714355e-01 2.825906574726104736e-01 -1.251035835593938828e-02
4.913806319236755371e-01 6.728580594062805176e-01 3.759135259315371513e-03
4.634493589401245117e-01 3.797793388366699219e-01 3.350071609020233154e-03
4.734381139278411865e-01 3.772253096103668213e-01 5.559793207794427872e-03
4.800570607185363770e-01 3.757573366165161133e-01 8.275701664388179779e-03
4.014617204666137695e-01 3.405890464782714844e-01 2.928361855447292328e-02
4.734137654304504395e-01 3.609571158885955811e-01 4.104739520698785782e-03
4.631482958793640137e-01 3.550855815410614014e-01 1.706928946077823639e-03
4.529406726360321045e-01 3.534231781959533691e-01 1.513083116151392460e-03
4.427390694618225098e-01 3.552512526512145996e-01 3.512893570587038994e-03
4.361639320850372314e-01 3.589686155319213867e-01 6.615779828280210495e-03
3.824718892574310303e-01 3.349778056144714355e-01 8.508985489606857300e-02
4.371808171272277832e-01 3.745205700397491455e-01 8.382793515920639038e-03
5.067862868309020996e-01 5.095907449722290039e-01 -3.033281676471233368e-02
4.692423343658447266e-01 5.113132596015930176e-01 -2.167966030538082123e-02
4.839856624603271484e-01 4.773980379104614258e-01 -3.343442454934120178e-02
4.912600815296173096e-01 5.085636377334594727e-01 -3.040823154151439667e-02
5.185958147048950195e-01 3.637744784355163574e-01 -1.798354834318161011e-02
4.183927178382873535e-01 6.025664210319519043e-01 2.363702096045017242e-02
4.322540163993835449e-01 6.214781999588012695e-01 1.308962982147932053e-02
4.676867723464965820e-01 6.543163657188415527e-01 -8.708870969712734222e-03
3.905892372131347656e-01 5.714677572250366211e-01 7.220103591680526733e-02
4.804778695106506348e-01 3.689990341663360596e-01 6.797375623136758804e-03
4.969277381896972656e-01 4.132754206657409668e-01 -2.864070795476436615e-02
4.924284219741821289e-01 6.600890159606933594e-01 -1.001871377229690552e-02
4.478947520256042480e-01 6.553195118904113770e-01 1.297685224562883377e-02
3.783972561359405518e-01 4.841151535511016846e-01 6.644009798765182495e-02
4.832039475440979004e-01 5.523489117622375488e-01 -1.795279048383235931e-02
4.799636602401733398e-01 5.586820840835571289e-01 -2.001830004155635834e-02
4.769955277442932129e-01 5.666862726211547852e-01 -2.231529168784618378e-02
4.745641946792602539e-01 5.758613348007202148e-01 -2.116653695702552795e-02
4.665460586547851562e-01 5.907787084579467773e-01 -1.368759758770465851e-02
4.685420691967010498e-01 5.481196641921997070e-01 -1.038962136954069138e-02
4.660259783267974854e-01 5.467978715896606445e-01 -1.060072239488363266e-02
4.638267457485198975e-01 5.451708436012268066e-01 -1.078020874410867691e-02
4.463373422622680664e-01 5.306026339530944824e-01 -9.118834510445594788e-03
4.061004519462585449e-01 4.869017004966735840e-01 1.067591458559036255e-02
4.976477324962615967e-01 3.967183828353881836e-01 -1.776755601167678833e-02
4.933056235313415527e-01 3.609285056591033936e-01 1.960730180144309998e-03
4.857823550701141357e-01 3.626272082328796387e-01 5.409280303865671158e-03
4.706722795963287354e-01 5.491934418678283691e-01 -9.354907087981700897e-03
4.009428024291992188e-01 5.285284519195556641e-01 2.651160396635532379e-02
5.041753053665161133e-01 3.609058260917663574e-01 -1.167431008070707321e-02
4.590061306953430176e-01 6.059471368789672852e-01 -8.310492150485515594e-03
5.156960487365722656e-01 4.200935065746307373e-01 -4.800722748041152954e-02
5.058183670043945312e-01 4.053837358951568604e-01 -3.522711992263793945e-02
5.165026187896728516e-01 4.032109975814819336e-01 -3.705873340368270874e-02
4.870651662349700928e-01 4.389228522777557373e-01 -2.975583076477050781e-02
4.939859509468078613e-01 6.423405408859252930e-01 -1.545305177569389343e-02
4.955891370773315430e-01 6.216487288475036621e-01 -1.489754859358072281e-02
4.766097366809844971e-01 6.177400946617126465e-01 -1.371631678193807602e-02
4.353062212467193604e-01 5.699095129966735840e-01 2.250403398647904396e-03
4.595167338848114014e-01 4.814836978912353516e-01 -1.157329138368368149e-02
4.454509019851684570e-01 5.901917219161987305e-01 -2.695459406822919846e-03
4.329955875873565674e-01 4.748321175575256348e-01 -8.942247368395328522e-03
4.469996988773345947e-01 4.963009655475616455e-01 -1.066400296986103058e-02
4.208842813968658447e-01 5.010259151458740234e-01 -1.050658640451729298e-03
4.711444377899169922e-01 6.371538043022155762e-01 -1.372874807566404343e-02
4.792245328426361084e-01 4.482287168502807617e-01 -2.247371524572372437e-02
4.242624640464782715e-01 5.828104615211486816e-01 1.173931639641523361e-02
4.376589059829711914e-01 6.037958860397338867e-01 5.011728033423423767e-03
4.285518527030944824e-01 5.468249917030334473e-01 2.817344851791858673e-03
3.913784921169281006e-01 5.062575936317443848e-01 3.584516420960426331e-02
4.138260185718536377e-01 5.488970279693603516e-01 1.278188917785882950e-02
3.827702105045318604e-01 5.199781060218811035e-01 6.095264106988906860e-02
4.358934164047241211e-01 5.165318250656127930e-01 -6.100143305957317352e-03
4.885133206844329834e-01 4.239549040794372559e-01 -2.177176624536514282e-02
4.867064058780670166e-01 4.715408980846405029e-01 -4.697242751717567444e-02
4.792763590812683105e-01 4.757176637649536133e-01 -3.517625853419303894e-02
4.924717843532562256e-01 4.605706930160522461e-01 -5.441900715231895447e-02
4.854148328304290771e-01 3.416302204132080078e-01 -1.794338109903037548e-03
4.670509696006774902e-01 3.270978331565856934e-01 -4.621721804141998291e-03
4.503364861011505127e-01 3.232347369194030762e-01 -4.990618210285902023e-03
4.358462989330291748e-01 3.260666131973266602e-01 -1.538428827188909054e-03
4.251144528388977051e-01 3.341212272644042969e-01 4.502011928707361221e-03
4.155412912368774414e-01 3.667459785938262939e-01 2.071014419198036194e-02
3.772185742855072021e-01 4.098366200923919678e-01 6.768629699945449829e-02
4.219652414321899414e-01 3.929831385612487793e-01 1.159590203315019608e-02
4.333329498767852783e-01 3.993368148803710938e-01 5.510631017386913300e-03
4.489569067955017090e-01 4.010213613510131836e-01 1.819309894926846027e-03
4.643405079841613770e-01 3.984359502792358398e-01 6.663461681455373764e-04
4.767173826694488525e-01 3.935241997241973877e-01 1.498278812505304813e-03
4.855368435382843018e-01 3.886958062648773193e-01 1.459208666346967220e-03
3.728754222393035889e-01 4.103770852088928223e-01 1.088771000504493713e-01
4.787629246711730957e-01 4.805585443973541260e-01 -2.966450899839401245e-02
4.962381720542907715e-01 4.282205104827880859e-01 -3.801034018397331238e-02
4.945247769355773926e-01 4.731351137161254883e-01 -5.517478659749031067e-02
4.992914795875549316e-01 4.824679493904113770e-01 -5.039355531334877014e-02
4.940904378890991211e-01 4.761388003826141357e-01 -4.978632926940917969e-02
4.811195433139801025e-01 4.860802292823791504e-01 -2.570247463881969452e-02
5.014240145683288574e-01 4.841799736022949219e-01 -5.327797308564186096e-02
5.017656683921813965e-01 4.884219169616699219e-01 -4.007633030414581299e-02
4.873977899551391602e-01 3.748697340488433838e-01 7.381992880254983902e-03
4.930409491062164307e-01 3.797065913677215576e-01 1.026132609695196152e-03
4.966497719287872314e-01 3.827939629554748535e-01 -6.641997955739498138e-03
4.323900938034057617e-01 3.619891703128814697e-01 1.009616442024707794e-02
4.250660240650177002e-01 3.513339161872863770e-01 1.024464704096317291e-02
5.247408747673034668e-01 4.239043295383453369e-01 -4.342517629265785217e-02
5.930848121643066406e-01 3.867150843143463135e-01 2.252318896353244781e-02
5.198369622230529785e-01 4.884732067584991455e-01 -3.911954164505004883e-02
6.317173242568969727e-01 3.372092843055725098e-01 8.113351464271545410e-02
5.613381862640380859e-01 3.982317745685577393e-01 8.705481886863708496e-03
5.716393589973449707e-01 4.011619091033935547e-01 1.023908052593469620e-02
5.816712975502014160e-01 4.023334383964538574e-01 1.401385199278593063e-02
5.964769124984741211e-01 3.938142061233520508e-01 2.428230829536914825e-02
5.528682470321655273e-01 3.934074342250823975e-01 9.407131001353263855e-03
5.813184380531311035e-01 3.478079438209533691e-01 6.778434384614229202e-03
5.685419440269470215e-01 3.494120538234710693e-01 5.995565094053745270e-03
5.927152633666992188e-01 3.519598841667175293e-01 1.095817331224679947e-02
5.994603633880615234e-01 3.605059385299682617e-01 1.571329683065414429e-02
6.031231880187988281e-01 4.075875282287597656e-01 3.012622334063053131e-02
5.371908545494079590e-01 6.321451067924499512e-01 7.556182681582868099e-04
5.974805355072021484e-01 3.814832866191864014e-01 2.650296688079833984e-02
6.343796253204345703e-01 4.084084331989288330e-01 8.251831680536270142e-02
6.159739494323730469e-01 3.968345820903778076e-01 4.258041083812713623e-02
5.644674897193908691e-01 4.730630218982696533e-01 -4.051213152706623077e-03
5.168963670730590820e-01 5.347065329551696777e-01 -3.100432455539703369e-02
5.138946771621704102e-01 5.496799945831298828e-01 -2.595876902341842651e-02
5.283774733543395996e-01 5.420041680335998535e-01 -2.334661595523357391e-02
5.352718234062194824e-01 5.492264032363891602e-01 -1.410335209220647812e-02
5.229281187057495117e-01 5.514674782752990723e-01 -2.049590833485126495e-02
5.296898484230041504e-01 5.541247129440307617e-01 -1.208570692688226700e-02
5.497674345970153809e-01 5.776972174644470215e-01 3.551381872966885567e-03
5.208044648170471191e-01 4.787812530994415283e-01 -5.906905606389045715e-02
5.239176154136657715e-01 4.623490571975708008e-01 -6.212632730603218079e-02
6.141248941421508789e-01 3.481107950210571289e-01 2.099160291254520416e-02
5.454832911491394043e-01 4.275233149528503418e-01 -5.547734443098306656e-03
5.439848899841308594e-01 4.793361425399780273e-01 -2.951756678521633148e-02
5.454069375991821289e-01 4.706182181835174561e-01 -2.593089826405048370e-02
5.968003273010253906e-01 4.758061170578002930e-01 1.265633292496204376e-02
5.245915055274963379e-01 4.415765702724456787e-01 -5.478726327419281006e-02
5.915504097938537598e-01 3.261734843254089355e-01 5.318184266798198223e-04
6.054829955101013184e-01 3.334386348724365234e-01 1.022422220557928085e-02
6.243011355400085449e-01 3.066024780273437500e-01 5.895070731639862061e-02
5.436863899230957031e-01 3.403557538986206055e-01 -1.244171429425477982e-02
5.572484731674194336e-01 3.572271764278411865e-01 8.474399335682392120e-03
5.594334006309509277e-01 5.622985959053039551e-01 7.174205034971237183e-03
6.103498339653015137e-01 5.644147396087646484e-01 1.076580733060836792e-01
5.345393419265747070e-01 4.877034723758697510e-01 -2.616132237017154694e-02
5.259181261062622070e-01 4.914212524890899658e-01 -2.823065407574176788e-02
5.430899262428283691e-01 5.610849261283874512e-01 5.460909567773342133e-03
5.402823090553283691e-01 5.603483319282531738e-01 1.937463064678013325e-03
6.116466522216796875e-01 3.241721987724304199e-01 1.621736027300357819e-02
5.432183742523193359e-01 4.872109591960906982e-01 -2.357715182006359100e-02
5.717780590057373047e-01 3.275540769100189209e-01 -7.361785043030977249e-03
5.746396183967590332e-01 3.150778114795684814e-01 -9.193493984639644623e-03
5.875166654586791992e-01 2.630491852760314941e-01 1.367939170449972153e-02
6.180366277694702148e-01 3.189100623130798340e-01 3.442110121250152588e-02
5.805017352104187012e-01 2.899695634841918945e-01 1.631839666515588760e-03
6.205972433090209961e-01 3.431849777698516846e-01 3.128189593553543091e-02
6.261453032493591309e-01 3.442205786705017090e-01 5.445154011249542236e-02
5.156196355819702148e-01 5.431205034255981445e-01 -2.968667820096015930e-02
5.256435275077819824e-01 5.472459197044372559e-01 -2.241869829595088959e-02
5.326050519943237305e-01 5.518042445182800293e-01 -1.407532952725887299e-02
5.316192507743835449e-01 4.905274808406829834e-01 -2.406556345522403717e-02
5.416437983512878418e-01 5.607765913009643555e-01 3.536730073392391205e-03
5.377147793769836426e-01 5.643653869628906250e-01 -3.832938149571418762e-03
5.387865900993347168e-01 5.599016547203063965e-01 1.508773188106715679e-03
5.309813022613525391e-01 4.807477295398712158e-01 -4.156949371099472046e-02
5.275647640228271484e-01 5.556255578994750977e-01 -1.048925518989562988e-02
5.208946466445922852e-01 5.541276335716247559e-01 -1.627931557595729828e-02
5.125479698181152344e-01 5.536189675331115723e-01 -2.119847573339939117e-02
5.121790766716003418e-01 6.046958565711975098e-01 -1.356278266757726669e-02
5.147109031677246094e-01 5.900046229362487793e-01 -2.310732007026672363e-02
5.144622325897216797e-01 5.788162946701049805e-01 -2.396855130791664124e-02
5.137029290199279785e-01 5.672073960304260254e-01 -2.108437567949295044e-02
5.124018192291259766e-01 5.580657720565795898e-01 -1.927712745964527130e-02
5.274959206581115723e-01 5.581315159797668457e-01 -8.948251605033874512e-03
5.303472280502319336e-01 5.630662441253662109e-01 -1.087924186140298843e-02
5.331454873085021973e-01 5.690705776214599609e-01 -1.261920947581529617e-02
5.354415774345397949e-01 5.754582881927490234e-01 -1.068682037293910980e-02
5.502103567123413086e-01 5.322051048278808594e-01 -9.987437166273593903e-03
6.274908185005187988e-01 4.824563264846801758e-01 1.270883828401565552e-01
5.324537158012390137e-01 5.587120056152343750e-01 -2.700070384889841080e-03
5.351056456565856934e-01 5.614720582962036133e-01 -3.987596835941076279e-03
5.223192572593688965e-01 4.974723458290100098e-01 -2.894030511379241943e-02
5.383636355400085449e-01 4.967526495456695557e-01 -1.617954112589359283e-02
5.240620970726013184e-01 4.945569038391113281e-01 -2.885222434997558594e-02
5.559898614883422852e-01 4.390944838523864746e-01 -1.204230822622776031e-03
5.732178688049316406e-01 4.527659416198730469e-01 2.852233592420816422e-03
5.462116003036499023e-01 4.786902666091918945e-01 -1.964892819523811340e-02
6.108833551406860352e-01 2.813793420791625977e-01 3.497290983796119690e-02
6.039065718650817871e-01 3.002502918243408203e-01 1.723360270261764526e-02
5.961575508117675781e-01 3.144659996032714844e-01 3.075269283726811409e-03
5.399919748306274414e-01 5.888153314590454102e-01 -2.907840069383382797e-03
5.490524768829345703e-01 3.195593357086181641e-01 -1.608644984662532806e-02
5.547444224357604980e-01 2.859978377819061279e-01 -8.117444813251495361e-03
5.605496168136596680e-01 2.525003552436828613e-01 1.910843711812049150e-04
5.907726287841796875e-01 4.002628922462463379e-01 1.939381100237369537e-02
6.129835844039916992e-01 4.221006631851196289e-01 3.668269142508506775e-02
5.472491383552551270e-01 3.887298405170440674e-01 1.081133726984262466e-02
6.082629561424255371e-01 3.710460364818572998e-01 2.610341459512710571e-02
5.390587449073791504e-01 4.151544570922851562e-01 -9.827071800827980042e-03
5.389379262924194336e-01 4.714353978633880615e-01 -4.084930568933486938e-02
6.255781054496765137e-01 4.382539093494415283e-01 4.948384314775466919e-02
6.043219566345214844e-01 4.331062138080596924e-01 2.573844417929649353e-02
5.898197293281555176e-01 4.374423325061798096e-01 1.429453305900096893e-02
5.699804425239562988e-01 4.310496747493743896e-01 8.175484836101531982e-03
5.561291575431823730e-01 4.214993715286254883e-01 4.852792713791131973e-03
5.460027456283569336e-01 4.122326076030731201e-01 1.251683570444583893e-03
5.273387432098388672e-01 3.905666768550872803e-01 -2.180392295122146606e-02
6.216473579406738281e-01 4.733158648014068604e-01 4.533199965953826904e-02
6.159788370132446289e-01 3.710632026195526123e-01 3.219758346676826477e-02
5.159546732902526855e-01 4.871275722980499268e-01 -5.389123037457466125e-02
5.434979200363159180e-01 4.440038204193115234e-01 -1.101465057581663132e-02
6.350251436233520508e-01 4.084911346435546875e-01 1.214328333735466003e-01
5.385416150093078613e-01 4.023304283618927002e-01 -5.908692837692797184e-04
5.466795563697814941e-01 4.800952970981597900e-01 -8.385094814002513885e-03
6.016594767570495605e-01 3.828980922698974609e-01 2.890172600746154785e-02
5.400381088256835938e-01 4.608365595340728760e-01 -3.634165599942207336e-02
6.207904815673828125e-01 5.224906802177429199e-01 1.203818172216415405e-01
5.479412078857421875e-01 3.827966749668121338e-01 1.396436151117086411e-02
5.328816175460815430e-01 4.491657614707946777e-01 -4.762382805347442627e-02
5.869854688644409180e-01 6.005427241325378418e-01 4.526161402463912964e-02
5.847484469413757324e-01 6.202409863471984863e-01 6.554043292999267578e-02
6.299968957901000977e-01 4.790688455104827881e-01 8.586394786834716797e-02
6.014639735221862793e-01 5.798359513282775879e-01 6.022090464830398560e-02
6.305052042007446289e-01 3.741839230060577393e-01 7.189828902482986450e-02
5.384864807128906250e-01 6.496130824089050293e-01 6.781581789255142212e-03
5.139191746711730957e-01 4.911424815654754639e-01 -3.936020657420158386e-02
5.520549416542053223e-01 4.581423401832580566e-01 -6.676004733890295029e-03
6.245656013488769531e-01 4.024302959442138672e-01 5.440271645784378052e-02
5.820558071136474609e-01 3.915855288505554199e-01 1.515614334493875504e-02
5.730513930320739746e-01 3.914536833763122559e-01 1.184453628957271576e-02
5.401498675346374512e-01 5.675153732299804688e-01 -1.886208076030015945e-03
6.165156960487365723e-01 5.068180561065673828e-01 4.771793633699417114e-02
5.161123871803283691e-01 6.717607975006103516e-01 8.744817227125167847e-03
5.519595742225646973e-01 6.524292826652526855e-01 3.381340950727462769e-02
5.674536824226379395e-01 6.394465565681457520e-01 4.786293581128120422e-02
5.643308162689208984e-01 3.892417848110198975e-01 1.081827282905578613e-02
5.561661720275878906e-01 3.861560225486755371e-01 1.191162690520286560e-02
5.506356954574584961e-01 3.845489919185638428e-01 1.395487785339355469e-02
6.233471632003784180e-01 3.700496256351470947e-01 4.428063333034515381e-02
5.590155720710754395e-01 3.713413178920745850e-01 1.065811887383460999e-02
5.687553286552429199e-01 3.661599159240722656e-01 9.425124153494834900e-03
5.782278776168823242e-01 3.654095828533172607e-01 1.049010548740625381e-02
5.872556567192077637e-01 3.687541782855987549e-01 1.366250775754451752e-02
5.924873948097229004e-01 3.738757073879241943e-01 1.752576418220996857e-02
6.352167725563049316e-01 3.694055080413818359e-01 1.041133850812911987e-01
5.884624719619750977e-01 3.896958827972412109e-01 1.910755969583988190e-02
5.410757660865783691e-01 5.215089321136474609e-01 -1.679143868386745453e-02
5.350440740585327148e-01 4.847125113010406494e-01 -3.016530536115169525e-02
5.218019485473632812e-01 5.129607319831848145e-01 -2.837538532912731171e-02
5.709108710289001465e-01 6.200391650199890137e-01 3.314531594514846802e-02
5.554265379905700684e-01 6.348721981048583984e-01 2.054208889603614807e-02
5.174479484558105469e-01 6.595188379287719727e-01 -5.647787358611822128e-03
5.980320572853088379e-01 5.971757173538208008e-01 8.745076507329940796e-02
5.515006780624389648e-01 3.783683180809020996e-01 1.263663824647665024e-02
5.324614048004150391e-01 4.181281328201293945e-01 -2.593345381319522858e-02
5.354540944099426270e-01 6.638516187667846680e-01 1.920927315950393677e-02
6.234142780303955078e-01 5.158907771110534668e-01 8.269667625427246094e-02
5.208049416542053223e-01 5.578814148902893066e-01 -1.444179471582174301e-02
5.233848094940185547e-01 5.653870105743408203e-01 -1.643154770135879517e-02
5.254398584365844727e-01 5.745125412940979004e-01 -1.854568161070346832e-02
5.268579125404357910e-01 5.846815109252929688e-01 -1.727869175374507904e-02
5.276606678962707520e-01 5.984571576118469238e-01 -9.393779560923576355e-03
5.349370241165161133e-01 5.569791197776794434e-01 -4.612071905285120010e-03
5.375658273696899414e-01 5.563107728958129883e-01 -4.263147711753845215e-03
5.400063991546630859e-01 5.552203059196472168e-01 -4.092518705874681473e-03
5.566867589950561523e-01 5.462405085563659668e-01 -1.155500765889883041e-03
6.016840338706970215e-01 5.134048461914062500e-01 2.398042008280754089e-02
5.331025719642639160e-01 4.016123116016387939e-01 -1.499416027218103409e-02
5.408992171287536621e-01 3.691973686218261719e-01 5.447808187454938889e-03
5.471978187561035156e-01 3.714533448219299316e-01 1.046427898108959198e-02
5.325669050216674805e-01 5.574809312820434570e-01 -3.650597995147109032e-03
5.989529490470886230e-01 5.544916987419128418e-01 3.974821045994758606e-02
5.310941934585571289e-01 3.676144182682037354e-01 -9.441414847970008850e-03
5.328329205513000488e-01 6.146249771118164062e-01 -3.678370499983429909e-03
5.261808037757873535e-01 4.080801606178283691e-01 -3.379279002547264099e-02
5.375781059265136719e-01 4.460220336914062500e-01 -2.620182558894157410e-02
5.145834684371948242e-01 6.221297979354858398e-01 -1.154806558042764664e-02
5.601553916931152344e-01 5.859192013740539551e-01 1.042362581938505173e-02
5.545962452888488770e-01 4.946452081203460693e-01 -5.269171670079231262e-03
5.476131439208984375e-01 6.026576757431030273e-01 3.697891253978013992e-03
5.798466801643371582e-01 4.951151609420776367e-01 1.026631449349224567e-03
5.631691217422485352e-01 5.124299526214599609e-01 -2.793446183204650879e-03
5.860711932182312012e-01 5.235037207603454590e-01 1.020882930606603622e-02
5.170096755027770996e-01 6.422922611236572266e-01 -1.090312749147415161e-02
5.426173806190490723e-01 4.570529460906982422e-01 -1.803550310432910919e-02
5.687683224678039551e-01 6.002972126007080078e-01 2.090979740023612976e-02
5.532619357109069824e-01 6.171686053276062012e-01 1.204845216125249863e-02
5.705452561378479004e-01 5.658872127532958984e-01 1.273334864526987076e-02
6.107549667358398438e-01 5.352258682250976562e-01 5.058005079627037048e-02
5.841307044029235840e-01 5.708720684051513672e-01 2.406413294374942780e-02
6.147277355194091797e-01 5.497842431068420410e-01 7.652338594198226929e-02
5.692795515060424805e-01 5.350931882858276367e-01 3.126681549474596977e-03
5.377097129821777344e-01 4.308189749717712402e-01 -1.789325661957263947e-02
5.347416400909423828e-01 4.783348441123962402e-01 -4.357103258371353149e-02
5.399441123008728027e-01 4.842582643032073975e-01 -3.127872198820114136e-02
5.321936607360839844e-01 4.660701453685760498e-01 -5.187355726957321167e-02
5.509455204010009766e-01 3.530312776565551758e-01 2.980886027216911316e-03
5.695268511772155762e-01 3.415355086326599121e-01 2.353203715756535530e-03
5.853648185729980469e-01 3.400156795978546143e-01 4.221107345074415207e-03
5.976929068565368652e-01 3.452672362327575684e-01 9.529739618301391602e-03
6.055473089218139648e-01 3.551943004131317139e-01 1.684383302927017212e-02
6.075723767280578613e-01 3.896360099315643311e-01 3.381958231329917908e-02
6.338801980018615723e-01 4.434828460216522217e-01 8.495792746543884277e-02
5.967400074005126953e-01 4.140895605087280273e-01 2.378749288618564606e-02
5.851913690567016602e-01 4.178164899349212646e-01 1.621554233133792877e-02
5.712990760803222656e-01 4.150519073009490967e-01 1.071764156222343445e-02
5.585992932319641113e-01 4.089654982089996338e-01 7.769875228404998779e-03
5.489574670791625977e-01 4.023397266864776611e-01 6.864923518151044846e-03
5.423175692558288574e-01 3.961769938468933105e-01 5.832615308463573456e-03
6.316018700599670410e-01 4.451463520526885986e-01 1.283194422721862793e-01
5.389400720596313477e-01 4.889742732048034668e-01 -2.582473307847976685e-02
5.318699479103088379e-01 4.330843091011047363e-01 -3.523491695523262024e-02
5.280468463897705078e-01 4.777013659477233887e-01 -5.302033200860023499e-02
5.211439132690429688e-01 4.854711890220642090e-01 -4.912832006812095642e-02
5.271356105804443359e-01 4.808290600776672363e-01 -4.756734520196914673e-02
5.354260206222534180e-01 4.936539232730865479e-01 -2.244251593947410583e-02
5.192698836326599121e-01 4.866087138652801514e-01 -5.224346369504928589e-02
5.173032879829406738e-01 4.905536174774169922e-01 -3.921723365783691406e-02
5.438821911811828613e-01 3.829047083854675293e-01 1.184712816029787064e-02
5.375889539718627930e-01 3.863773643970489502e-01 4.502117168158292770e-03
5.334871411323547363e-01 3.887465894222259521e-01 -3.780856728553771973e-03
5.953221321105957031e-01 3.779143989086151123e-01 2.144584991037845612e-02
6.030350327491760254e-01 3.704718351364135742e-01 2.228111773729324341e-02
4.528251588344573975e-01 3.648712038993835449e-01 6.429171189665794373e-03
4.645201265811920166e-01 3.657082319259643555e-01 6.429171189665794373e-03
4.538064301013946533e-01 3.500987291336059570e-01 6.429171189665794373e-03
4.409393072128295898e-01 3.640372753143310547e-01 6.429171189665794373e-03
4.517505168914794922e-01 3.795015811920166016e-01 6.429171189665794373e-03
5.757372975349426270e-01 3.783493936061859131e-01 1.510172709822654724e-02
5.872994661331176758e-01 3.799130320549011230e-01 1.510172709822654724e-02
5.768640041351318359e-01 3.629828095436096191e-01 1.510172709822654724e-02
5.641100406646728516e-01 3.767244219779968262e-01 1.510172709822654724e-02
5.746172666549682617e-01 3.937833309173583984e-01 1.510172709822654724e-02
