5.050920844078063965e-01 5.365738868713378906e-01 -3.119790554046630859e-02
5.145932435989379883e-01 4.776914119720458984e-01 -6.009541079401969910e-02
5.111773014068603516e-01 4.944691061973571777e-01 -3.152956068515777588e-02
5.085146427154541016e-01 4.208586215972900391e-01 -4.607911407947540283e-02
5.162544250488281250e-01 4.605948626995086670e-01 -6.400504708290100098e-02
5.176649093627929688e-01 4.382055997848510742e-01 -5.957032367587089539e-02
5.202440619468688965e-01 3.840600848197937012e-01 -2.928905561566352844e-02
4.342663884162902832e-01 3.692973852157592773e-01 8.894251659512519836e-03
5.230017900466918945e-01 3.425734043121337891e-01 -2.141463570296764374e-02
5.247290134429931641e-01 3.209710121154785156e-01 -2.344785444438457489e-02
5.294927358627319336e-01 2.465449422597885132e-01 -1.140354946255683899e-02
5.049400925636291504e-01 5.420869588851928711e-01 -2.955320477485656738e-02
5.046457648277282715e-01 5.475358366966247559e-01 -2.583215013146400452e-02
5.043956041336059570e-01 5.515010952949523926e-01 -2.040676958858966827e-02
5.042713284492492676e-01 5.534282326698303223e-01 -1.977919042110443115e-02
5.039047002792358398e-01 5.625268220901489258e-01 -2.135857753455638885e-02
5.032461881637573242e-01 5.734927654266357422e-01 -2.392804995179176331e-02
5.025334358215332031e-01 5.843337178230285645e-01 -2.268736250698566437e-02
4.991016387939453125e-01 5.994560718536376953e-01 -1.258825138211250305e-02
5.132917761802673340e-01 4.863874614238739014e-01 -5.429532751441001892e-02
5.017327666282653809e-01 4.845903813838958740e-01 -3.952892497181892395e-02
3.946826159954071045e-01 3.022474646568298340e-01 5.775238573551177979e-02
4.658276736736297607e-01 3.866460919380187988e-01 -3.548905951902270317e-04
4.539186358451843262e-01 3.873476386070251465e-01 -4.102769307792186737e-04
4.427243471145629883e-01 3.854023218154907227e-01 1.912158564664423466e-03
4.288141727447509766e-01 3.741292357444763184e-01 1.012452505528926849e-02
4.764103889465332031e-01 3.828997611999511719e-01 1.676329760812222958e-03
4.534484446048736572e-01 3.348101079463958740e-01 -5.604835227131843567e-03
4.667700529098510742e-01 3.382536172866821289e-01 -4.308382049202919006e-03
4.406895637512207031e-01 3.366785645484924316e-01 -2.813557162880897522e-03
4.318091869354248047e-01 3.431037068367004395e-01 1.263915677554905415e-03
4.177460074424743652e-01 3.836297988891601562e-01 1.511397492140531540e-02
4.536978900432586670e-01 6.198418736457824707e-01 -9.654922178015112877e-04
4.302872121334075928e-01 3.638026118278503418e-01 1.215751096606254578e-02
3.828359842300415039e-01 3.721807897090911865e-01 6.316488236188888550e-02
4.054245054721832275e-01 3.697187900543212891e-01 2.562198974192142487e-02
4.548452496528625488e-01 4.551993310451507568e-01 -1.153446361422538757e-02
4.923638701438903809e-01 5.313536524772644043e-01 -3.090745769441127777e-02
4.935342073440551758e-01 5.452739000320434570e-01 -2.516956254839897156e-02
4.799709618091583252e-01 5.356392860412597656e-01 -2.529151923954486847e-02
4.717862308025360107e-01 5.407549142837524414e-01 -1.749267987906932831e-02
4.841041266918182373e-01 5.451434254646301270e-01 -2.150944620370864868e-02
4.767142534255981445e-01 5.462992191314697266e-01 -1.434887293726205826e-02
4.476276934146881104e-01 5.605495572090148926e-01 -9.714162442833185196e-04
5.050043463706970215e-01 4.760653674602508545e-01 -5.963094905018806458e-02
5.050204396247863770e-01 4.594151973724365234e-01 -6.327616423368453979e-02
4.177708923816680908e-01 3.246238231658935547e-01 3.272574860602617264e-03
4.816977083683013916e-01 4.160743951797485352e-01 -1.164014544337987900e-02
4.775864183902740479e-01 4.682258963584899902e-01 -3.365077078342437744e-02
4.771296381950378418e-01 4.591040909290313721e-01 -3.036348894238471985e-02
4.199759066104888916e-01 4.487965703010559082e-01 -1.074377632903633639e-05
5.069392919540405273e-01 4.386523663997650146e-01 -5.687899887561798096e-02
4.474378228187561035e-01 3.071919977664947510e-01 -1.385646779090166092e-02
4.305398762226104736e-01 3.124762773513793945e-01 -6.450605578720569611e-03
4.109305441379547119e-01 2.755568921566009521e-01 3.661109134554862976e-02
4.981825947761535645e-01 3.281229436397552490e-01 -1.978842169046401978e-02
4.777932167053222656e-01 3.471416234970092773e-01 -1.576946378918364644e-04
4.405655860900878906e-01 5.429863929748535156e-01 8.690831600688397884e-04
3.812594413757324219e-01 5.297734737396240234e-01 9.319409728050231934e-02
4.851195514202117920e-01 4.787071943283081055e-01 -2.858408354222774506e-02
4.936176538467407227e-01 4.848121702671051025e-01 -2.905689738690853119e-02
4.625183045864105225e-01 5.494399070739746094e-01 4.124183906242251396e-04
4.653214514255523682e-01 5.494039058685302734e-01 -2.270072931423783302e-03
4.253456592559814453e-01 3.016319274902343750e-01 -1.281909295357763767e-03
4.761121273040771484e-01 4.755018353462219238e-01 -2.739463746547698975e-02
4.692914187908172607e-01 3.107438683509826660e-01 -1.837145164608955383e-02
4.689121246337890625e-01 2.977935969829559326e-01 -2.067525871098041534e-02
4.633180201053619385e-01 2.452023923397064209e-01 -2.426589140668511391e-03
4.195033013820648193e-01 2.928979992866516113e-01 1.555315498262643814e-02
4.685116708278656006e-01 2.755508422851562500e-01 -1.156957820057868958e-02
4.113921225070953369e-01 3.174085915088653564e-01 1.260746084153652191e-02
4.040358066558837891e-01 3.142814040184020996e-01 3.457173332571983337e-02
4.927304089069366455e-01 5.391065478324890137e-01 -2.932266145944595337e-02
4.820352494716644287e-01 5.408377051353454590e-01 -2.386566437780857086e-02
4.741990566253662109e-01 5.436605215072631836e-01 -1.680510304868221283e-02
4.873711168766021729e-01 4.821292757987976074e-01 -2.607599459588527679e-02
4.639766514301300049e-01 5.494859218597412109e-01 -9.813418146222829819e-04
4.680633544921875000e-01 5.527512431144714355e-01 -7.344630546867847443e-03
4.668237566947937012e-01 5.493413805961608887e-01 -2.544840564951300621e-03
4.917502701282501221e-01 4.738737642765045166e-01 -4.425647482275962830e-02
4.784990251064300537e-01 5.481500625610351562e-01 -1.223600748926401138e-02
4.856450557708740234e-01 5.479690432548522949e-01 -1.675222814083099365e-02
4.942635595798492432e-01 5.491358041763305664e-01 -2.007746137678623199e-02
4.836387932300567627e-01 5.964972376823425293e-01 -1.298194564878940582e-02
4.883022308349609375e-01 5.803214311599731445e-01 -2.289382368326187134e-02
4.899128675460815430e-01 5.697640776634216309e-01 -2.396202273666858673e-02
4.918946921825408936e-01 5.590554475784301758e-01 -2.107551135122776031e-02
4.940619170665740967e-01 5.509207248687744141e-01 -1.945406943559646606e-02
4.784061312675476074e-01 5.488425493240356445e-01 -1.164241228252649307e-02
4.754489660263061523e-01 5.524557828903198242e-01 -1.335420180112123489e-02
4.723328351974487305e-01 5.570619702339172363e-01 -1.517596375197172165e-02
4.695617854595184326e-01 5.622935295104980469e-01 -1.337995752692222595e-02
4.580780863761901855e-01 5.167384743690490723e-01 -1.457154285162687302e-02
3.732705116271972656e-01 4.437891244888305664e-01 1.083208993077278137e-01
5.123223066329956055e-01 4.902068078517913818e-01 -3.943692892789840698e-02
4.731057286262512207e-01 5.490345954895019531e-01 -6.285552401095628738e-03
4.706810414791107178e-01 5.507868528366088867e-01 -7.379374466836452484e-03
4.964938163757324219e-01 4.919644296169281006e-01 -2.954197116196155548e-02
4.787375926971435547e-01 4.856986105442047119e-01 -1.876809820532798767e-02
4.951356947422027588e-01 4.884574115276336670e-01 -2.953898534178733826e-02
4.687100648880004883e-01 4.242332279682159424e-01 -8.734105154871940613e-03
4.488093852996826172e-01 4.329306483268737793e-01 -6.853720638900995255e-03
4.743127226829528809e-01 4.662168622016906738e-01 -2.403480187058448792e-02
4.329814612865447998e-01 2.557402551174163818e-01 1.510488428175449371e-02
4.402112662792205811e-01 2.792362272739410400e-01 7.027596002444624901e-04
4.446877539157867432e-01 2.948315739631652832e-01 -1.192604377865791321e-02
4.566972553730010986e-01 5.742332935333251953e-01 -6.139749661087989807e-03
4.972137808799743652e-01 3.061692118644714355e-01 -2.414943650364875793e-02
4.963733255863189697e-01 2.783973813056945801e-01 -1.767383702099323273e-02
4.942985773086547852e-01 2.429096400737762451e-01 -1.127659715712070465e-02
4.335469007492065430e-01 3.811036646366119385e-01 6.067823618650436401e-03
4.034933745861053467e-01 3.939052820205688477e-01 2.069710381329059601e-02
4.835813343524932861e-01 3.788733482360839844e-01 3.638232359662652016e-03
4.198522865772247314e-01 3.492414057254791260e-01 9.940676391124725342e-03
4.908947944641113281e-01 4.062555432319641113e-01 -1.522323489189147949e-02
4.854522645473480225e-01 4.626965820789337158e-01 -4.434208571910858154e-02
3.921707570552825928e-01 4.042318463325500488e-01 3.215541318058967590e-02
4.107723832130432129e-01 4.061190485954284668e-01 1.090507581830024719e-02
4.257808327674865723e-01 4.137458205223083496e-01 1.523634302429854870e-03
4.487754106521606445e-01 4.131606817245483398e-01 -2.064387081190943718e-03
4.659847915172576904e-01 4.078464210033416748e-01 -3.321554977446794510e-03
4.793412685394287109e-01 4.013837873935699463e-01 -5.382035393267869949e-03
5.088031888008117676e-01 3.865349292755126953e-01 -2.576426416635513306e-02
3.918134570121765137e-01 4.393218457698822021e-01 2.911583334207534790e-02
4.108258187770843506e-01 3.455322384834289551e-01 1.469179894775152206e-02
5.074838995933532715e-01 4.850361645221710205e-01 -5.403513461351394653e-02
4.816185534000396729e-01 4.329518079757690430e-01 -1.625292934477329254e-02
3.764639794826507568e-01 3.695062696933746338e-01 9.892436116933822632e-02
4.899106919765472412e-01 3.936555087566375732e-01 -6.366905290633440018e-03
4.726044535636901855e-01 4.669370949268341064e-01 -1.276481244713068008e-02
4.251784086227416992e-01 3.632642626762390137e-01 1.384579855948686600e-02
4.853963255882263184e-01 4.517465531826019287e-01 -4.017608240246772766e-02
3.754596710205078125e-01 4.853479862213134766e-01 1.037260740995407104e-01
4.843565821647644043e-01 3.732577562332153320e-01 6.426416337490081787e-03
4.961019456386566162e-01 4.432212114334106445e-01 -5.072054639458656311e-02
4.054062962532043457e-01 5.749067664146423340e-01 3.686072304844856262e-02
4.025942981243133545e-01 5.945960879325866699e-01 5.630788207054138184e-02
3.779002428054809570e-01 4.424106478691101074e-01 6.894254684448242188e-02
3.930872082710266113e-01 5.496554374694824219e-01 4.945609718561172485e-02
3.930031657218933105e-01 3.406174182891845703e-01 5.201624706387519836e-02
4.491579532623291016e-01 6.376709342002868652e-01 5.306509323418140411e-03
5.078217983245849609e-01 4.889803826808929443e-01 -3.891493752598762512e-02
4.701103568077087402e-01 4.440407156944274902e-01 -1.265489775687456131e-02
3.946419358253479004e-01 3.720363974571228027e-01 3.630576655268669128e-02
4.450258612632751465e-01 3.765224516391754150e-01 3.083173884078860283e-03
4.548726081848144531e-01 3.787435889244079590e-01 1.001451164484024048e-03
4.655046463012695312e-01 5.550978183746337891e-01 -5.647060461342334747e-03
3.915437757968902588e-01 4.733863770961761475e-01 3.308441489934921265e-02
4.685743451118469238e-01 6.642744541168212891e-01 9.964539669454097748e-03
4.334044456481933594e-01 6.371380090713500977e-01 2.953256480395793915e-02
4.187279343605041504e-01 6.196966767311096191e-01 4.123700037598609924e-02
5.271458625793457031e-01 2.833291888236999512e-01 -1.801584474742412567e-02
4.937141835689544678e-01 6.700617074966430664e-01 8.557337336242198944e-03
4.648492336273193359e-01 3.781763613224029541e-01 1.256431685760617256e-03
4.746171832084655762e-01 3.759069144725799561e-01 3.388981567695736885e-03
4.810630977153778076e-01 3.745702207088470459e-01 6.035852711647748947e-03
4.025256037712097168e-01 3.418917357921600342e-01 2.560941502451896667e-02
4.743947684764862061e-01 3.611721098423004150e-01 1.608894672244787216e-03
4.641994535923004150e-01 3.558695614337921143e-01 -1.102064154110848904e-03
4.539847075939178467e-01 3.542904555797576904e-01 -1.331381266936659813e-03
4.437448084354400635e-01 3.557554185390472412e-01 6.760651012882590294e-04
4.371342957019805908e-01 3.589088320732116699e-01 3.871716093271970749e-03
3.837428390979766846e-01 3.319031596183776855e-01 8.070026338100433350e-02
4.386209249496459961e-01 3.730491399765014648e-01 6.100862286984920502e-03
5.091940164566040039e-01 5.081433057785034180e-01 -2.885350957512855530e-02
4.709255397319793701e-01 5.091259479522705078e-01 -2.013961039483547211e-02
4.856023788452148438e-01 4.759171903133392334e-01 -3.287478536367416382e-02
4.933533072471618652e-01 5.069599151611328125e-01 -2.900889515876770020e-02
5.213314890861511230e-01 3.634276986122131348e-01 -2.099355496466159821e-02
4.191276133060455322e-01 5.993748307228088379e-01 2.728786505758762360e-02
4.333192706108093262e-01 6.187860369682312012e-01 1.701360940933227539e-02
4.696872532367706299e-01 6.517410278320312500e-01 -4.487108904868364334e-03
3.908112049102783203e-01 5.665886402130126953e-01 7.551144063472747803e-02
4.813867807388305664e-01 3.684534728527069092e-01 4.407484550029039383e-03
4.993307292461395264e-01 4.120724201202392578e-01 -2.990300580859184265e-02
4.947928488254547119e-01 6.573694944381713867e-01 -5.646978039294481277e-03
4.494565129280090332e-01 6.526120305061340332e-01 1.739634573459625244e-02
3.793255090713500977e-01 4.801676571369171143e-01 6.753692775964736938e-02
4.853670597076416016e-01 5.492743253707885742e-01 -1.613461598753929138e-02
4.822204113006591797e-01 5.553560256958007812e-01 -1.800009608268737793e-02
4.794293045997619629e-01 5.631288290023803711e-01 -2.018489874899387360e-02
4.771298468112945557e-01 5.721585750579833984e-01 -1.890780590474605560e-02
4.683905839920043945e-01 5.868285298347473145e-01 -1.119377184659242630e-02
4.710447192192077637e-01 5.478494763374328613e-01 -7.944999262690544128e-03
4.685172736644744873e-01 5.466299057006835938e-01 -8.244013413786888123e-03
4.662883281707763672e-01 5.451166033744812012e-01 -8.494779467582702637e-03
4.473325908184051514e-01 5.282611846923828125e-01 -7.159089203923940659e-03
4.074304699897766113e-01 4.840542972087860107e-01 1.162961684167385101e-02
5.000861883163452148e-01 3.952012062072753906e-01 -1.964207738637924194e-02
4.946052134037017822e-01 3.606014847755432129e-01 -5.761627689935266972e-04
4.867787063121795654e-01 3.622283041477203369e-01 2.823570044711232185e-03
4.732279181480407715e-01 5.488474369049072266e-01 -6.742858327925205231e-03
4.016413986682891846e-01 5.251513123512268066e-01 2.868663705885410309e-02
5.059714317321777344e-01 3.607415854930877686e-01 -1.444054301828145981e-02
4.608103930950164795e-01 6.026331186294555664e-01 -5.377569701522588730e-03
5.185661315917968750e-01 4.196319580078125000e-01 -4.911091923713684082e-02
5.084582567214965820e-01 4.045073390007019043e-01 -3.695182502269744873e-02
5.193452239036560059e-01 4.024030268192291260e-01 -3.883063420653343201e-02
4.891446530818939209e-01 4.374431669712066650e-01 -3.014893643558025360e-02
4.963403344154357910e-01 6.392916440963745117e-01 -1.183774136006832123e-02
4.978397190570831299e-01 6.178890466690063477e-01 -1.187543291598558426e-02
4.787233471870422363e-01 6.141666173934936523e-01 -1.071913819760084152e-02
4.362755417823791504e-01 5.669754147529602051e-01 4.917936399579048157e-03
4.611291885375976562e-01 4.788572788238525391e-01 -1.068722642958164215e-02
4.469013214111328125e-01 5.870911478996276855e-01 1.776572316884994507e-04
4.346489012241363525e-01 4.724951982498168945e-01 -8.271961472928524017e-03
4.484274089336395264e-01 4.938396215438842773e-01 -9.430791251361370087e-03
4.220817685127258301e-01 4.984873533248901367e-01 3.730847383849322796e-04
4.732490479946136475e-01 6.342388391494750977e-01 -1.017970312386751175e-02
4.810433089733123779e-01 4.461979866027832031e-01 -2.246777154505252838e-02
4.251711368560791016e-01 5.798239707946777344e-01 1.482808589935302734e-02
4.389095306396484375e-01 6.010699272155761719e-01 8.416143245995044708e-03
4.292871356010437012e-01 5.441650748252868652e-01 5.137062165886163712e-03
3.922492861747741699e-01 5.027883052825927734e-01 3.757099062204360962e-02
4.145224690437316895e-01 5.458366870880126953e-01 1.524994708597660065e-02
3.833552598953247070e-01 5.158056020736694336e-01 6.311763823032379150e-02
4.368629753589630127e-01 5.141538381576538086e-01 -4.514899104833602905e-03
4.906662404537200928e-01 4.222386479377746582e-01 -2.255855314433574677e-02
4.886094927787780762e-01 4.706526398658752441e-01 -4.662690311670303345e-02
4.808105528354644775e-01 4.741469323635101318e-01 -3.455696627497673035e-02
4.947031140327453613e-01 4.602017998695373535e-01 -5.438334122300148010e-02
4.864288270473480225e-01 3.422012627124786377e-01 -4.768149927258491516e-03
4.679973721504211426e-01 3.284066915512084961e-01 -8.154038339853286743e-03
4.512881338596343994e-01 3.247144222259521484e-01 -8.804137818515300751e-03
4.368891716003417969e-01 3.274755775928497314e-01 -5.312318447977304459e-03
4.261782765388488770e-01 3.351677954196929932e-01 8.978205733001232147e-04
4.166052937507629395e-01 3.663361668586730957e-01 1.793722808361053467e-02
3.784418702125549316e-01 4.065426588058471680e-01 6.633263081312179565e-02
4.235004186630249023e-01 3.913397192955017090e-01 9.738695807754993439e-03
4.351511001586914062e-01 3.974636197090148926e-01 3.795203287154436111e-03
4.508773088455200195e-01 3.988758325576782227e-01 2.609756484162062407e-04
4.661842882633209229e-01 3.963194191455841064e-01 -7.184914429672062397e-04
4.784284830093383789e-01 3.916479945182800293e-01 -1.892775762826204300e-04
4.871701598167419434e-01 3.870791792869567871e-01 -2.942586143035441637e-04
3.739437162876129150e-01 4.059860706329345703e-01 1.072856411337852478e-01
4.802983403205871582e-01 4.786292612552642822e-01 -2.892404235899448395e-02
4.986670017242431641e-01 4.273301959037780762e-01 -3.875254839658737183e-02
4.967865943908691406e-01 4.727065861225128174e-01 -5.478751659393310547e-02
5.015891194343566895e-01 4.817276597023010254e-01 -4.975228011608123779e-02
4.962425231933593750e-01 4.754423797130584717e-01 -4.932000860571861267e-02
4.827359914779663086e-01 4.839372634887695312e-01 -2.482070215046405792e-02
5.038771033287048340e-01 4.835507571697235107e-01 -5.259187147021293640e-02
5.041351318359375000e-01 4.874237179756164551e-01 -3.920554369688034058e-02
4.884732961654663086e-01 3.738003969192504883e-01 5.214779637753963470e-03
4.945942759513854980e-01 3.785080015659332275e-01 -1.097233267500996590e-03
4.985397458076477051e-01 3.815814256668090820e-01 -8.824744261801242828e-03
4.333036243915557861e-01 3.615063428878784180e-01 7.374629843980073929e-03
4.260216951370239258e-01 3.513278365135192871e-01 7.416764739900827408e-03
5.276865959167480469e-01 4.232105612754821777e-01 -4.437566548585891724e-02
5.944985747337341309e-01 3.879628777503967285e-01 2.092132717370986938e-02
5.229857563972473145e-01 4.872891306877136230e-01 -3.822821378707885742e-02
6.324645280838012695e-01 3.330053091049194336e-01 7.721136510372161865e-02
5.634920001029968262e-01 3.969342708587646484e-01 7.551250047981739044e-03
5.737241506576538086e-01 4.001170694828033447e-01 9.090023115277290344e-03
5.836823582649230957e-01 4.014884829521179199e-01 1.279200799763202667e-02
5.981262922286987305e-01 3.944791555404663086e-01 2.286261133849620819e-02
5.549253225326538086e-01 3.920066952705383301e-01 7.936485111713409424e-03
5.834868550300598145e-01 3.506421446800231934e-01 4.323164466768503189e-03
5.708723068237304688e-01 3.515146672725677490e-01 3.538948483765125275e-03
5.946846604347229004e-01 3.549515604972839355e-01 8.563036099076271057e-03
6.013038158416748047e-01 3.632298707962036133e-01 1.350283343344926834e-02
6.050903797149658203e-01 4.066649377346038818e-01 2.893234416842460632e-02
5.398842096328735352e-01 6.284127235412597656e-01 4.647145047783851624e-03
5.988320112228393555e-01 3.836023807525634766e-01 2.471744641661643982e-02
6.356151103973388672e-01 4.030567407608032227e-01 8.118163794279098511e-02
6.176458597183227539e-01 3.962599933147430420e-01 4.093453660607337952e-02
5.668038129806518555e-01 4.697833657264709473e-01 -3.176780417561531067e-03
5.180615782737731934e-01 5.347248315811157227e-01 -2.868880704045295715e-02
5.155535936355590820e-01 5.483764410018920898e-01 -2.303161658346652985e-02
5.299019813537597656e-01 5.420467257499694824e-01 -2.077648602426052094e-02
5.374033451080322266e-01 5.492979288101196289e-01 -1.136760134249925613e-02
5.248200893402099609e-01 5.506698489189147949e-01 -1.747720874845981598e-02
5.319858789443969727e-01 5.537166595458984375e-01 -8.989607915282249451e-03
5.517647266387939453e-01 5.737391114234924316e-01 6.721256300806999207e-03
5.238108634948730469e-01 4.783381223678588867e-01 -5.857618898153305054e-02
5.269617438316345215e-01 4.621145725250244141e-01 -6.202952563762664795e-02
6.159585118293762207e-01 3.502825200557708740e-01 1.778686232864856720e-02
5.479624271392822266e-01 4.246137142181396484e-01 -6.200277712196111679e-03
5.473216772079467773e-01 4.773137271404266357e-01 -2.876297570765018463e-02
5.485827326774597168e-01 4.683621525764465332e-01 -2.531741932034492493e-02
5.987768769264221191e-01 4.716221988201141357e-01 1.354185212403535843e-02
5.276035666465759277e-01 4.412041902542114258e-01 -5.522509291768074036e-02
5.939651131629943848e-01 3.288171887397766113e-01 -3.436233382672071457e-03
6.075789928436279297e-01 3.361401259899139404e-01 6.378577090799808502e-03
6.252351403236389160e-01 3.037743270397186279e-01 5.402116477489471436e-02
5.463749170303344727e-01 3.402958512306213379e-01 -1.615272089838981628e-02
5.595670342445373535e-01 3.582668900489807129e-01 6.192530039697885513e-03
5.615113377571105957e-01 5.587402582168579102e-01 1.023109443485736847e-02
6.122239828109741211e-01 5.569913983345031738e-01 1.115318685770034790e-01
5.378697514533996582e-01 4.857718348503112793e-01 -2.517286129295825958e-02
5.291014909744262695e-01 4.897164702415466309e-01 -2.726321667432785034e-02
5.461526513099670410e-01 5.609108805656433105e-01 8.528134785592556000e-03
5.433290600776672363e-01 5.600731372833251953e-01 4.997934680432081223e-03
6.135804057121276855e-01 3.270221948623657227e-01 1.216329261660575867e-02
5.464875102043151855e-01 4.847996532917022705e-01 -2.260175719857215881e-02
5.744314193725585938e-01 3.291914165019989014e-01 -1.130208093672990799e-02
5.771931409835815430e-01 3.170960545539855957e-01 -1.352388598024845123e-02
5.892866849899291992e-01 2.624678611755371094e-01 7.513151969760656357e-03
6.193232536315917969e-01 3.172798156738281250e-01 3.001177683472633362e-02
5.823853015899658203e-01 2.900682091712951660e-01 -3.616844769567251205e-03
6.222845315933227539e-01 3.451158106327056885e-01 2.786079794168472290e-02
6.272732019424438477e-01 3.412531614303588867e-01 5.090633779764175415e-02
5.170395970344543457e-01 5.424256920814514160e-01 -2.706645801663398743e-02
5.273444056510925293e-01 5.468567609786987305e-01 -1.959550194442272186e-02
5.348294973373413086e-01 5.516315102577209473e-01 -1.114165224134922028e-02
5.349287390708923340e-01 4.885376095771789551e-01 -2.317653596401214600e-02
5.446838140487670898e-01 5.605490207672119141e-01 6.591404322534799576e-03
5.402953028678894043e-01 5.631486773490905762e-01 -9.437093394808471203e-04
5.418608784675598145e-01 5.595592856407165527e-01 4.498355090618133545e-03
5.342273712158203125e-01 4.794906377792358398e-01 -4.094703122973442078e-02
5.299054384231567383e-01 5.550550818443298340e-01 -7.175784558057785034e-03
5.229050517082214355e-01 5.531072020530700684e-01 -1.293120253831148148e-02
5.143741965293884277e-01 5.520213246345520020e-01 -1.789131574332714081e-02
5.142506957054138184e-01 6.001091599464416504e-01 -1.084137894213199615e-02
5.165529847145080566e-01 5.849284529685974121e-01 -2.061237953603267670e-02
5.163164734840393066e-01 5.738941431045532227e-01 -2.153179980814456940e-02
5.155817866325378418e-01 5.626785755157470703e-01 -1.871750876307487488e-02
5.142823457717895508e-01 5.539827346801757812e-01 -1.717378012835979462e-02
5.298068523406982422e-01 5.561227798461914062e-01 -6.522221025079488754e-03
5.325885415077209473e-01 5.608577728271484375e-01 -8.269306272268295288e-03
5.353300571441650391e-01 5.666421651840209961e-01 -9.843429550528526306e-03
5.375891923904418945e-01 5.728957653045654297e-01 -7.806790992617607117e-03
5.523971319198608398e-01 5.293060541152954102e-01 -7.736688945442438126e-03
6.287236213684082031e-01 4.754784405231475830e-01 1.284061521291732788e-01
5.350975394248962402e-01 5.575732588768005371e-01 -4.589077434502542019e-05
5.377037525177001953e-01 5.602999925613403320e-01 -1.170734758488833904e-03
5.251998305320739746e-01 4.959058165550231934e-01 -2.771145477890968323e-02
5.414658784866333008e-01 4.942073225975036621e-01 -1.491129584610462189e-02
5.271092057228088379e-01 4.929403960704803467e-01 -2.780073508620262146e-02
5.582482218742370605e-01 4.358260929584503174e-01 -1.397519255988299847e-03
5.753219723701477051e-01 4.492720961570739746e-01 2.965436782687902451e-03
5.492913722991943359e-01 4.760937988758087158e-01 -1.878198608756065369e-02
6.121832728385925293e-01 2.797752618789672852e-01 2.932723984122276306e-02
6.054118275642395020e-01 2.996808290481567383e-01 1.235925965011119843e-02
5.984526276588439941e-01 3.173688054084777832e-01 -1.171437441371381283e-03
5.419422984123229980e-01 5.845186114311218262e-01 2.292880672030150890e-04
5.516151785850524902e-01 3.202887773513793945e-01 -2.046639472246170044e-02
5.568728446960449219e-01 2.863265275955200195e-01 -1.353741064667701721e-02
5.626431107521057129e-01 2.525190114974975586e-01 -6.257939618080854416e-03
5.925744175910949707e-01 3.999844789505004883e-01 1.808981597423553467e-02
6.149178147315979004e-01 4.200105667114257812e-01 3.588283807039260864e-02
5.492599606513977051e-01 3.874348402023315430e-01 9.166214615106582642e-03
6.100104451179504395e-01 3.726645112037658691e-01 2.381549961864948273e-02
5.416439771652221680e-01 4.126930236816406250e-01 -1.088398881256580353e-02
5.422191023826599121e-01 4.700998663902282715e-01 -4.037583991885185242e-02
6.272480487823486328e-01 4.332254528999328613e-01 4.914893954992294312e-02
6.067794561386108398e-01 4.303173720836639404e-01 2.534958906471729279e-02
5.927413702011108398e-01 4.341143667697906494e-01 1.410526130348443985e-02
5.729647874832153320e-01 4.279274344444274902e-01 7.747756317257881165e-03
5.589632987976074219e-01 4.187935888767242432e-01 4.230848513543605804e-03
5.487173795700073242e-01 4.099210202693939209e-01 2.435451606288552284e-04
5.301432609558105469e-01 3.892457783222198486e-01 -2.398148179054260254e-02
6.233580112457275391e-01 4.680376946926116943e-01 4.613766819238662720e-02
6.177523732185363770e-01 3.720062077045440674e-01 2.974247559905052185e-02
5.188915133476257324e-01 4.864023625850677490e-01 -5.316710844635963440e-02
5.461897850036621094e-01 4.413973689079284668e-01 -1.102135144174098969e-02
6.359415054321289062e-01 4.023159742355346680e-01 1.199911162257194519e-01
5.411844253540039062e-01 4.004545211791992188e-01 -2.007922390475869179e-03
5.495895147323608398e-01 4.771373271942138672e-01 -7.337299175560474396e-03
6.032531261444091797e-01 3.845801949501037598e-01 2.708788588643074036e-02
5.432261228561401367e-01 4.592610299587249756e-01 -3.609023615717887878e-02
6.222933530807495117e-01 5.151945948600769043e-01 1.229787319898605347e-01
5.498105883598327637e-01 3.819174170494079590e-01 1.210316736251115799e-02
5.359817743301391602e-01 4.482492208480834961e-01 -4.776579141616821289e-02
5.896155238151550293e-01 5.947787761688232422e-01 4.940301924943923950e-02
5.872682929039001465e-01 6.141144037246704102e-01 7.036073505878448486e-02
6.314965486526489258e-01 4.728334248065948486e-01 8.696965128183364868e-02
6.038429737091064453e-01 5.733876228332519531e-01 6.413129717111587524e-02
6.316664218902587891e-01 3.698293864727020264e-01 6.937475502490997314e-02
5.413752198219299316e-01 6.461365222930908203e-01 1.127812918275594711e-02
5.168533325195312500e-01 4.901580214500427246e-01 -3.838763758540153503e-02
5.545864701271057129e-01 4.551419615745544434e-01 -6.211968604475259781e-03
6.258960962295532227e-01 4.011194109916687012e-01 5.292619019746780396e-02
5.837680101394653320e-01 3.916684389114379883e-01 1.374632492661476135e-02
5.749385952949523926e-01 3.910764753818511963e-01 1.043581403791904449e-02
5.427053570747375488e-01 5.663045048713684082e-01 1.129910349845886230e-03
6.183555722236633301e-01 5.011736154556274414e-01 4.973856732249259949e-02
5.188084244728088379e-01 6.687793731689453125e-01 1.371577847748994827e-02
5.548385977745056152e-01 6.483300924301147461e-01 3.867683559656143188e-02
5.702044367790222168e-01 6.344526410102844238e-01 5.270470306277275085e-02
5.663021206855773926e-01 3.885307908058166504e-01 9.291446767747402191e-03
5.580734014511108398e-01 3.852110207080841064e-01 1.024662144482135773e-02
5.525068640708923340e-01 3.835155367851257324e-01 1.212685741484165192e-02
6.249572038650512695e-01 3.705272376537322998e-01 4.177302494645118713e-02
5.610221028327941895e-01 3.725182116031646729e-01 8.612523786723613739e-03
5.707946419715881348e-01 3.687610626220703125e-01 7.186348550021648407e-03
5.800617337226867676e-01 3.687753677368164062e-01 8.296575397253036499e-03
5.888071060180664062e-01 3.721767961978912354e-01 1.155519671738147736e-02
5.939268469810485840e-01 3.768695890903472900e-01 1.557238772511482239e-02
6.360036730766296387e-01 3.641040027141571045e-01 1.012856736779212952e-01
5.899904370307922363e-01 3.903152346611022949e-01 1.758588291704654694e-02
5.434703230857849121e-01 5.189508199691772461e-01 -1.489029731601476669e-02
5.384179353713989258e-01 4.829628765583038330e-01 -2.941991947591304779e-02
5.243253707885742188e-01 5.112031698226928711e-01 -2.680082991719245911e-02
5.737276077270507812e-01 6.150851249694824219e-01 3.746763616800308228e-02
5.583226680755615234e-01 6.307657957077026367e-01 2.500173635780811310e-02
5.201849341392517090e-01 6.564031243324279785e-01 -1.172000542283058167e-03
6.003152728080749512e-01 5.901874303817749023e-01 9.201575070619583130e-02
5.534112453460693359e-01 3.781856596469879150e-01 1.065567508339881897e-02
5.353056788444519043e-01 4.166004061698913574e-01 -2.701475284993648529e-02
5.383295416831970215e-01 6.604990363121032715e-01 2.411410957574844360e-02
6.250890493392944336e-01 5.092548131942749023e-01 8.497944474220275879e-02
5.228738784790039062e-01 5.547684431076049805e-01 -1.218255423009395599e-02
5.254007577896118164e-01 5.619450211524963379e-01 -1.397490408271551132e-02
5.273827314376831055e-01 5.707326531410217285e-01 -1.591912098228931427e-02
5.287666916847229004e-01 5.806280374526977539e-01 -1.455752737820148468e-02
5.296515822410583496e-01 5.939254164695739746e-01 -6.426630541682243347e-03
5.376876592636108398e-01 5.567339062690734863e-01 -1.573612680658698082e-03
5.403082370758056641e-01 5.561985969543457031e-01 -1.292241038754582405e-03
5.427286624908447266e-01 5.552205443382263184e-01 -1.216360949911177158e-03
5.587925910949707031e-01 5.430163145065307617e-01 1.440827501937747002e-03
6.037697196006774902e-01 5.084816217422485352e-01 2.605691924691200256e-02
5.358160138130187988e-01 3.997595310211181641e-01 -1.660476438701152802e-02
5.431932210922241211e-01 3.685703277587890625e-01 3.108259988948702812e-03
5.493083596229553223e-01 3.711685538291931152e-01 8.228990249335765839e-03
5.352367758750915527e-01 5.570868253707885742e-01 -4.277928674127906561e-04
6.012703180313110352e-01 5.488925576210021973e-01 4.290586337447166443e-02
5.336093306541442871e-01 3.667195737361907959e-01 -1.208737399429082870e-02
5.351754426956176758e-01 6.105228662490844727e-01 -3.312455664854496717e-04
5.290821790695190430e-01 4.070082604885101318e-01 -3.541365265846252441e-02
5.405305027961730957e-01 4.441846311092376709e-01 -2.635776065289974213e-02
5.168986320495605469e-01 6.181375980377197266e-01 -8.373187854886054993e-03
5.625558495521545410e-01 5.818299651145935059e-01 1.377686113119125366e-02
5.572277307510375977e-01 4.914113581180572510e-01 -3.926637582480907440e-03
5.499345064163208008e-01 5.985633134841918945e-01 7.132023107260465622e-03
5.821102857589721680e-01 4.913147687911987305e-01 2.493884647265076637e-03
5.655404329299926758e-01 5.089600086212158203e-01 -1.000168151222169399e-03
5.884597301483154297e-01 5.192264914512634277e-01 1.252551935613155365e-02
5.196131467819213867e-01 6.388692259788513184e-01 -7.103161420673131943e-03
5.455399155616760254e-01 4.546509385108947754e-01 -1.775083690881729126e-02
5.714360475540161133e-01 5.957880020141601562e-01 2.468193136155605316e-02
5.559217333793640137e-01 6.131627559661865234e-01 1.600166223943233490e-02
5.729715824127197266e-01 5.619050860404968262e-01 1.588706299662590027e-02
6.127824187278747559e-01 5.293094515800476074e-01 5.341091752052307129e-02
5.866284370422363281e-01 5.659587383270263672e-01 2.740100026130676270e-02
6.167303919792175293e-01 5.429970026016235352e-01 7.982704788446426392e-02
5.716361403465270996e-01 5.314860343933105469e-01 5.475587677210569382e-03
5.404952168464660645e-01 4.287206530570983887e-01 -1.842594146728515625e-02
5.380454063415527344e-01 4.770950376987457275e-01 -4.304071888327598572e-02
5.433263778686523438e-01 4.823641479015350342e-01 -3.044888935983181000e-02
5.353925824165344238e-01 4.653515219688415527e-01 -5.169883742928504944e-02
5.533980131149291992e-01 3.534333109855651855e-01 2.612456446513533592e-04
5.720228552818298340e-01 3.434124588966369629e-01 -7.260915008373558521e-04
5.876865386962890625e-01 3.426800370216369629e-01 1.097067142836749554e-03
5.997904539108276367e-01 3.480336666107177734e-01 6.522814277559518814e-03
6.074445843696594238e-01 3.576923310756683350e-01 1.408764999359846115e-02
6.092786192893981934e-01 3.900848925113677979e-01 3.200059011578559875e-02
6.352639794349670410e-01 4.376336634159088135e-01 8.488490432500839233e-02
5.989108085632324219e-01 4.126960039138793945e-01 2.289800532162189484e-02
5.876280069351196289e-01 4.157524704933166504e-01 1.534044183790683746e-02
5.737872123718261719e-01 4.129453003406524658e-01 9.837435558438301086e-03
5.610657334327697754e-01 4.069561064243316650e-01 6.933223921805620193e-03
5.513279438018798828e-01 4.004323780536651611e-01 5.594970658421516418e-03
5.446469187736511230e-01 3.944705426692962646e-01 4.407098982483148575e-03
6.326375007629394531e-01 4.384717345237731934e-01 1.282549053430557251e-01
5.422621965408325195e-01 4.868106544017791748e-01 -2.487082406878471375e-02
5.348373055458068848e-01 4.318938553333282471e-01 -3.580753132700920105e-02
5.311958789825439453e-01 4.769336581230163574e-01 -5.254131183028221130e-02
5.242310166358947754e-01 4.844768643379211426e-01 -4.841738939285278320e-02
5.303082466125488281e-01 4.798053503036499023e-01 -4.699227586388587952e-02
5.386610031127929688e-01 4.914004802703857422e-01 -2.136300131678581238e-02
5.222831368446350098e-01 4.857631921768188477e-01 -5.152109637856483459e-02
5.203453898429870605e-01 4.894416332244873047e-01 -3.828056529164314270e-02
5.458816289901733398e-01 3.818515837192535400e-01 9.972641244530677795e-03
5.398945808410644531e-01 3.850465714931488037e-01 2.645179862156510353e-03
5.360292792320251465e-01 3.873876333236694336e-01 -5.741317290812730789e-03
5.967392325401306152e-01 3.804940879344940186e-01 1.954551041126251221e-02
6.047484278678894043e-01 3.727015852928161621e-01 2.025552652776241302e-02
4.540916681289672852e-01 3.652236759662628174e-01 3.990642260760068893e-03
4.660492539405822754e-01 3.659669160842895508e-01 3.990642260760068893e-03
4.548157155513763428e-01 3.510298132896423340e-01 3.990642260760068893e-03
4.419557452201843262e-01 3.644542098045349121e-01 3.990642260760068893e-03
4.532765150070190430e-01 3.792406320571899414e-01 3.990642260760068893e-03
5.775209069252014160e-01 3.791830241680145264e-01 1.328744366765022278e-02
5.886651277542114258e-01 3.808915913105010986e-01 1.328744366765022278e-02
5.787868499755859375e-01 3.647390305995941162e-01 1.328744366765022278e-02
5.663455128669738770e-01 3.774010539054870605e-01 1.328744366765022278e-02
5.762833952903747559e-01 3.936392068862915039e-01 1.328744366765022278e-02
