5.036186575889587402e-01 5.152070522308349609e-01 -4.130618646740913391e-02
5.095819830894470215e-01 4.565688967704772949e-01 -6.367671489715576172e-02
5.070713758468627930e-01 4.765783548355102539e-01 -3.785879537463188171e-02
5.037507414817810059e-01 4.051297903060913086e-01 -4.299889132380485535e-02
5.111007690429687500e-01 4.397192001342773438e-01 -6.580766290426254272e-02
5.125340223312377930e-01 4.197249412536621094e-01 -5.900092795491218567e-02
5.156322121620178223e-01 3.728738427162170410e-01 -2.153197675943374634e-02
4.325734674930572510e-01 3.629983663558959961e-01 1.954487897455692291e-02
5.186730027198791504e-01 3.333446085453033447e-01 -8.703957311809062958e-03
5.204880833625793457e-01 3.120481967926025391e-01 -7.496234960854053497e-03
5.257661342620849609e-01 2.440012395381927490e-01 1.460662577301263809e-02
5.034400820732116699e-01 5.192605257034301758e-01 -4.085737839341163635e-02
5.031924843788146973e-01 5.236442089080810547e-01 -3.811601176857948303e-02
5.030225515365600586e-01 5.265631079673767090e-01 -3.411905840039253235e-02
4.992839992046356201e-01 5.912752747535705566e-01 -2.537765167653560638e-02
4.992472529411315918e-01 5.964499711990356445e-01 -2.806133590638637543e-02
4.989589750766754150e-01 6.026260256767272949e-01 -3.063004836440086365e-02
4.985685050487518311e-01 6.088616251945495605e-01 -2.836299687623977661e-02
4.954249560832977295e-01 6.127573251724243164e-01 -1.856472715735435486e-02
5.085222125053405762e-01 4.664029777050018311e-01 -5.882430821657180786e-02
4.977602064609527588e-01 4.662868082523345947e-01 -4.426964744925498962e-02
3.959981501102447510e-01 3.082588315010070801e-01 7.876949757337570190e-02
4.626098871231079102e-01 3.776588439941406250e-01 8.198832161724567413e-03
4.511906504631042480e-01 3.784277141094207764e-01 8.305916562676429749e-03
4.404327869415283203e-01 3.770401477813720703e-01 1.088696718215942383e-02
4.262989461421966553e-01 3.686801791191101074e-01 2.005936205387115479e-02
4.730441272258758545e-01 3.740404248237609863e-01 1.012554019689559937e-02
4.526650905609130859e-01 3.298736214637756348e-01 7.458798587322235107e-03
4.651558697223663330e-01 3.334357738494873047e-01 8.539525792002677917e-03
4.400528073310852051e-01 3.310567736625671387e-01 1.011346932500600815e-02
4.308912754058837891e-01 3.370844721794128418e-01 1.392565015703439713e-02
4.157832562923431396e-01 3.782557249069213867e-01 2.395789138972759247e-02
4.483803510665893555e-01 6.215068101882934570e-01 -9.917637333273887634e-03
4.286555647850036621e-01 3.596742749214172363e-01 2.341459505259990692e-02
3.831035792827606201e-01 3.756197392940521240e-01 7.365194708108901978e-02
4.043959081172943115e-01 3.671920597553253174e-01 3.629866987466812134e-02
4.507406949996948242e-01 4.437242448329925537e-01 -1.185739971697330475e-02
4.870192706584930420e-01 5.111659169197082520e-01 -4.002757370471954346e-02
4.883440732955932617e-01 5.220004320144653320e-01 -3.677328675985336304e-02
4.707930386066436768e-01 5.166456103324890137e-01 -3.397435694932937622e-02
4.602636694908142090e-01 5.242396593093872070e-01 -2.480140328407287598e-02
4.759156703948974609e-01 5.241046547889709473e-01 -3.193715214729309082e-02
4.664880633354187012e-01 5.287917256355285645e-01 -2.330972626805305481e-02
4.425603747367858887e-01 5.585781335830688477e-01 -6.949532311409711838e-03
5.001870989799499512e-01 4.552144706249237061e-01 -6.291125714778900146e-02
5.000677108764648438e-01 4.389928281307220459e-01 -6.477060914039611816e-02
4.170040786266326904e-01 3.193917274475097656e-01 1.915680058300495148e-02
4.778326153755187988e-01 4.063779711723327637e-01 -7.527453824877738953e-03
4.731803834438323975e-01 4.515904486179351807e-01 -3.618467971682548523e-02
4.725915491580963135e-01 4.436911046504974365e-01 -3.198729828000068665e-02
4.165740609169006348e-01 4.395624995231628418e-01 7.379442104138433933e-04
5.020534396171569824e-01 4.204834401607513428e-01 -5.603493005037307739e-02
4.471240639686584473e-01 2.990390062332153320e-01 3.070670878514647484e-03
4.301703572273254395e-01 3.057866394519805908e-01 1.039467286318540573e-02
4.117481708526611328e-01 2.794528007507324219e-01 6.138038635253906250e-02
4.955783188343048096e-01 3.177965283393859863e-01 -5.887488834559917450e-03
4.754748344421386719e-01 3.414970338344573975e-01 1.172894705086946487e-02
4.368678629398345947e-01 5.360534191131591797e-01 -4.923089407384395599e-03
3.813574314117431641e-01 5.363435149192810059e-01 8.203872293233871460e-02
4.809619784355163574e-01 4.619665741920471191e-01 -3.231720253825187683e-02
4.894881546497344971e-01 4.681127667427062988e-01 -3.418140858411788940e-02
4.492070972919464111e-01 5.457791090011596680e-01 -5.628238897770643234e-03
4.528359174728393555e-01 5.463827252388000488e-01 -8.316525258123874664e-03
4.250998198986053467e-01 2.965275347232818604e-01 1.731561683118343353e-02
4.717001318931579590e-01 4.599350392818450928e-01 -3.089204430580139160e-02
4.682776331901550293e-01 3.013290762901306152e-01 -2.449714113026857376e-03
4.678401052951812744e-01 2.887514233589172363e-01 -2.940623089671134949e-03
4.617854952812194824e-01 2.445925623178482056e-01 2.514272369444370270e-02
4.192703962326049805e-01 2.921440303325653076e-01 3.724488988518714905e-02
4.661818742752075195e-01 2.709424197673797607e-01 1.138673163950443268e-02
4.107702076435089111e-01 3.147083520889282227e-01 2.983428165316581726e-02
4.043628573417663574e-01 3.155615329742431641e-01 5.391830950975418091e-02
4.872702658176422119e-01 5.167760848999023438e-01 -3.959750384092330933e-02
4.731890261173248291e-01 5.205137729644775391e-01 -3.341433405876159668e-02
4.631808698177337646e-01 5.265355110168457031e-01 -2.499429881572723389e-02
4.831977784633636475e-01 4.657275080680847168e-01 -3.034107200801372528e-02
4.510259032249450684e-01 5.461959242820739746e-01 -7.049997802823781967e-03
4.543378949165344238e-01 5.603011846542358398e-01 -1.228411309421062469e-02
4.543410241603851318e-01 5.464248061180114746e-01 -8.497969247400760651e-03
4.874383211135864258e-01 4.554175138473510742e-01 -4.703090339899063110e-02
4.690431952476501465e-01 5.296100974082946777e-01 -2.215828560292720795e-02
4.782568216323852539e-01 5.259321331977844238e-01 -2.842505089938640594e-02
4.896076917648315430e-01 5.249795317649841309e-01 -3.301302343606948853e-02
4.773783683776855469e-01 6.081739664077758789e-01 -1.862244494259357452e-02
4.798129200935363770e-01 6.027242541313171387e-01 -2.795637585222721100e-02
4.811524152755737305e-01 5.970907211303710938e-01 -2.936445549130439758e-02
4.829384982585906982e-01 5.912770628929138184e-01 -2.662941254675388336e-02
4.849338829517364502e-01 5.867474079132080078e-01 -2.421546354889869690e-02
4.661250710487365723e-01 5.705026388168334961e-01 -1.561376824975013733e-02
4.632149636745452881e-01 5.713371038436889648e-01 -1.758926361799240112e-02
4.595694243907928467e-01 5.728113651275634766e-01 -1.940117217600345612e-02
4.566516280174255371e-01 5.748534202575683594e-01 -1.776148006319999695e-02
4.531078338623046875e-01 5.037114620208740234e-01 -2.026605606079101562e-02
3.743658065795898438e-01 4.513681828975677490e-01 1.074628010392189026e-01
5.078252553939819336e-01 4.714226126670837402e-01 -4.509418085217475891e-02
4.603236019611358643e-01 5.610339045524597168e-01 -1.069925911724567413e-02
4.572570621967315674e-01 5.605427026748657227e-01 -1.210591848939657211e-02
4.919851124286651611e-01 4.749265611171722412e-01 -3.541574999690055847e-02
4.741188585758209229e-01 4.707718491554260254e-01 -2.354118786752223969e-02
4.908318519592285156e-01 4.716027677059173584e-01 -3.505115211009979248e-02
4.646495580673217773e-01 4.143651723861694336e-01 -5.713392514735460281e-03
4.449233412742614746e-01 4.226441681385040283e-01 -4.596337210386991501e-03
4.697197079658508301e-01 4.517162442207336426e-01 -2.651702240109443665e-02
4.327872097492218018e-01 2.573848664760589600e-01 4.194994643330574036e-02
4.389766156673431396e-01 2.766010165214538574e-01 2.340489998459815979e-02
4.444447457790374756e-01 2.877515256404876709e-01 6.977964658290147781e-03
4.500613808631896973e-01 5.769671201705932617e-01 -1.169755030423402786e-02
4.945768713951110840e-01 2.960274517536163330e-01 -7.327865809202194214e-03
4.931938350200653076e-01 2.728529870510101318e-01 4.840101581066846848e-03
4.915485680103302002e-01 2.410471439361572266e-01 1.571294479072093964e-02
4.313296079635620117e-01 3.738142848014831543e-01 1.542823761701583862e-02
4.022990465164184570e-01 3.888469934463500977e-01 2.847890183329582214e-02
4.802468717098236084e-01 3.697263598442077637e-01 1.237599737942218781e-02
4.182514250278472900e-01 3.442718386650085449e-01 2.301851287484169006e-02
4.871500134468078613e-01 3.964631855487823486e-01 -1.016002614051103592e-02
4.810156822204589844e-01 4.446738660335540771e-01 -4.614005982875823975e-02
3.907306790351867676e-01 4.020478129386901855e-01 3.842955827713012695e-02
4.087567031383514404e-01 3.983798623085021973e-01 1.704406179487705231e-02
4.229756891727447510e-01 4.040527939796447754e-01 6.764050107449293137e-03
4.455468058586120605e-01 4.032678008079528809e-01 2.771269762888550758e-03
4.626567065715789795e-01 3.982085287570953369e-01 1.835342263802886009e-03
4.762269854545593262e-01 3.914382159709930420e-01 3.417144762352108955e-04
5.045381188392639160e-01 3.756922483444213867e-01 -1.803161762654781342e-02
3.894100487232208252e-01 4.351633787155151367e-01 3.098510392010211945e-02
4.097546339035034180e-01 3.422328829765319824e-01 2.859879471361637115e-02
5.029099583625793457e-01 4.652025401592254639e-01 -5.836492031812667847e-02
4.772774279117584229e-01 4.211806356906890869e-01 -1.467261370271444321e-02
3.780765533447265625e-01 3.781273365020751953e-01 1.090425327420234680e-01
4.867600202560424805e-01 3.827722966670989990e-01 2.497296663932502270e-04
4.679895937442779541e-01 4.536173939704895020e-01 -1.523819006979465485e-02
4.228171408176422119e-01 3.587127327919006348e-01 2.511591091752052307e-02
4.809303283691406250e-01 4.352425336837768555e-01 -4.084179550409317017e-02
3.756960630416870117e-01 4.918626844882965088e-01 9.762039035558700562e-02
4.811203479766845703e-01 3.646046221256256104e-01 1.619593985378742218e-02
4.915065467357635498e-01 4.258964359760284424e-01 -5.041205510497093201e-02
4.035159945487976074e-01 5.751988291740417480e-01 2.673481032252311707e-02
4.007469117641448975e-01 5.986519455909729004e-01 4.198201373219490051e-02
3.766477406024932861e-01 4.438106715679168701e-01 6.956029683351516724e-02
3.919267058372497559e-01 5.510754585266113281e-01 3.940993174910545349e-02
3.933694958686828613e-01 3.434078991413116455e-01 6.736797839403152466e-02
4.441018104553222656e-01 6.399600505828857422e-01 -6.476884707808494568e-03
5.034739375114440918e-01 4.703489840030670166e-01 -4.444082826375961304e-02
4.657207429409027100e-01 4.323668777942657471e-01 -1.234298199415206909e-02
3.943670988082885742e-01 3.717781305313110352e-01 4.693832993507385254e-02
4.431349635124206543e-01 3.672510683536529541e-01 1.302376296371221542e-02
4.524074196815490723e-01 3.689796626567840576e-01 1.064558420330286026e-02
4.516178667545318604e-01 5.604190230369567871e-01 -1.102107856422662735e-02
3.887887895107269287e-01 4.694572985172271729e-01 3.036664240062236786e-02
4.632327854633331299e-01 6.700830459594726562e-01 -5.029394757002592087e-03
4.284445643424987793e-01 6.401467919349670410e-01 1.587637886404991150e-02
4.150483608245849609e-01 6.225794553756713867e-01 2.747820131480693817e-02
5.232511758804321289e-01 2.775470316410064697e-01 3.444314002990722656e-03
4.896390140056610107e-01 6.773594617843627930e-01 -7.206624373793601990e-03
4.617920517921447754e-01 3.687750101089477539e-01 1.076561398804187775e-02
4.710783064365386963e-01 3.670839965343475342e-01 1.289221271872520447e-02
4.775366187095642090e-01 3.658666908740997314e-01 1.572022959589958191e-02
4.019667208194732666e-01 3.414627015590667725e-01 4.013013839721679688e-02
4.719940721988677979e-01 3.592512011528015137e-01 1.281720027327537537e-02
4.624970555305480957e-01 3.574160933494567871e-01 1.064642332494258881e-02
4.534020125865936279e-01 3.562518358230590820e-01 1.070222351700067520e-02
4.437071084976196289e-01 3.562740087509155273e-01 1.272886898368597031e-02
4.367834925651550293e-01 3.574097752571105957e-01 1.573726907372474670e-02
3.851899206638336182e-01 3.394582569599151611e-01 9.675422310829162598e-02
4.369538128376007080e-01 3.650527298450469971e-01 1.637986674904823303e-02
5.055560469627380371e-01 4.897348880767822266e-01 -3.610751032829284668e-02
4.654120802879333496e-01 4.941326975822448730e-01 -2.624665945768356323e-02
4.813830256462097168e-01 4.585728347301483154e-01 -3.592661023139953613e-02
4.885713756084442139e-01 4.890654385089874268e-01 -3.549074009060859680e-02
5.169360637664794922e-01 3.543309867382049561e-01 -1.072545535862445831e-02
4.159019589424133301e-01 5.995389819145202637e-01 1.670276746153831482e-02
4.290998280048370361e-01 6.194181442260742188e-01 5.752253811806440353e-03
4.646253287792205811e-01 6.561644673347473145e-01 -1.677427813410758972e-02
3.903897702693939209e-01 5.726049542427062988e-01 6.145351752638816833e-02
4.784417450428009033e-01 3.620722293853759766e-01 1.491002459079027176e-02
4.951028227806091309e-01 3.993580341339111328e-01 -2.541515789926052094e-02
4.907018840312957764e-01 6.636055111885070801e-01 -1.860640756785869598e-02
4.438291490077972412e-01 6.566570997238159180e-01 3.377932356670498848e-03
3.773742914199829102e-01 4.816679656505584717e-01 6.339096277952194214e-02
4.741829037666320801e-01 5.795058608055114746e-01 -2.041972242295742035e-02
4.711165130138397217e-01 5.820736289024353027e-01 -2.252583764493465424e-02
4.681284725666046143e-01 5.860273838043212891e-01 -2.444266341626644135e-02
4.658893048763275146e-01 5.906242728233337402e-01 -2.309809811413288116e-02
4.610383212566375732e-01 5.946245789527893066e-01 -1.652247458696365356e-02
4.586676061153411865e-01 5.359845757484436035e-01 -1.531487423926591873e-02
4.556005597114562988e-01 5.347301363945007324e-01 -1.511601731181144714e-02
4.530237615108489990e-01 5.330345034599304199e-01 -1.493413373827934265e-02
4.433432519435882568e-01 5.176604390144348145e-01 -1.223979890346527100e-02
4.047861099243164062e-01 4.769538342952728271e-01 8.519968017935752869e-03
4.961520731449127197e-01 3.848997652530670166e-01 -1.319051440805196762e-02
4.917219579219818115e-01 3.516519367694854736e-01 9.946425445377826691e-03
4.841386377811431885e-01 3.544377684593200684e-01 1.371795870363712311e-02
4.610449671745300293e-01 5.359175205230712891e-01 -1.470145490020513535e-02
3.997786939144134521e-01 5.219595432281494141e-01 2.189915254712104797e-02
5.027271509170532227e-01 3.500633835792541504e-01 -4.046699497848749161e-03
4.546206295490264893e-01 6.060321927070617676e-01 -1.221738569438457489e-02
5.135715603828430176e-01 4.037021100521087646e-01 -4.610250517725944519e-02
5.039854645729064941e-01 3.911535739898681641e-01 -3.117241710424423218e-02
5.145207643508911133e-01 3.888689279556274414e-01 -3.311371058225631714e-02
4.847032427787780762e-01 4.232223033905029297e-01 -2.893749065697193146e-02
4.923125505447387695e-01 6.453914642333984375e-01 -2.153536863625049591e-02
4.939983189105987549e-01 6.268736720085144043e-01 -1.936176605522632599e-02
4.730966091156005859e-01 6.212358474731445312e-01 -1.771324314177036285e-02
4.323557913303375244e-01 5.633502006530761719e-01 -1.483979984186589718e-03
4.571109116077423096e-01 4.664505124092102051e-01 -1.347200945019721985e-02
4.413361549377441406e-01 5.866299867630004883e-01 -6.486545782536268234e-03
4.315155744552612305e-01 4.620772302150726318e-01 -9.677910245954990387e-03
4.451693296432495117e-01 4.824699461460113525e-01 -1.272447966039180756e-02
4.203039407730102539e-01 4.895629286766052246e-01 -2.869856776669621468e-03
4.680866897106170654e-01 6.384820938110351562e-01 -1.936285011470317841e-02
4.765419065952301025e-01 4.326671361923217773e-01 -2.248764969408512115e-02
4.217751026153564453e-01 5.775299072265625000e-01 6.663999520242214203e-03
4.342260956764221191e-01 6.003307104110717773e-01 -4.074528405908495188e-04
4.266979694366455078e-01 5.374352931976318359e-01 -7.028518593870103359e-04
3.898510336875915527e-01 5.001744031906127930e-01 3.168841823935508728e-02
4.122112691402435303e-01 5.416500568389892578e-01 8.683179505169391632e-03
3.818902373313903809e-01 5.177906751632690430e-01 5.497166514396667480e-02
4.346809387207031250e-01 5.037636160850524902e-01 -8.654871955513954163e-03
4.864990711212158203e-01 4.101503491401672363e-01 -1.956444606184959412e-02
4.842207133769989014e-01 4.520169198513031006e-01 -4.891293123364448547e-02
4.764888882637023926e-01 4.569652378559112549e-01 -3.784326463937759399e-02
4.901348650455474854e-01 4.408027529716491699e-01 -5.594184994697570801e-02
4.839265048503875732e-01 3.338017463684082031e-01 7.957419380545616150e-03
4.664075970649719238e-01 3.206054568290710449e-01 6.082006730139255524e-03
4.502575695514678955e-01 3.169540762901306152e-01 5.969576537609100342e-03
4.359558224678039551e-01 3.202126622200012207e-01 9.335000067949295044e-03
4.249481558799743652e-01 3.286132812500000000e-01 1.527489814907312393e-02
4.147329032421112061e-01 3.626332283020019531e-01 2.898031286895275116e-02
3.782101869583129883e-01 4.088740050792694092e-01 7.194536179304122925e-02
4.210886061191558838e-01 3.843825757503509521e-01 1.776078529655933380e-02
4.325029850006103516e-01 3.891254663467407227e-01 1.119443494826555252e-02
4.478249251842498779e-01 3.901449441909790039e-01 7.110131438821554184e-03
4.629135727882385254e-01 3.876220881938934326e-01 6.149712484329938889e-03
4.752545654773712158e-01 3.827969729900360107e-01 6.853673141449689865e-03
4.840819239616394043e-01 3.776477575302124023e-01 7.076206617057323456e-03
3.755169510841369629e-01 4.145431518554687500e-01 1.121262013912200928e-01
4.760217666625976562e-01 4.622823596000671387e-01 -3.272414579987525940e-02
4.941451847553253174e-01 4.123365581035614014e-01 -3.643198311328887939e-02
4.923107922077178955e-01 4.527643322944641113e-01 -5.750892311334609985e-02
4.974943995475769043e-01 4.626470208168029785e-01 -5.379362031817436218e-02
4.920374453067779541e-01 4.563481211662292480e-01 -5.234741419553756714e-02
4.782932698726654053e-01 4.681751728057861328e-01 -2.930217236280441284e-02
4.995026588439941406e-01 4.640165865421295166e-01 -5.686318501830101013e-02
5.000032782554626465e-01 4.689953625202178955e-01 -4.432811960577964783e-02
4.853770732879638672e-01 3.644748330116271973e-01 1.443438604474067688e-02
4.915207922458648682e-01 3.685967922210693359e-01 7.362978532910346985e-03
4.952830672264099121e-01 3.703784048557281494e-01 -1.050055841915309429e-03
4.323274195194244385e-01 3.585471212863922119e-01 1.896851882338523865e-02
4.243299067020416260e-01 3.458290398120880127e-01 1.958002708852291107e-02
5.227352976799011230e-01 4.076055884361267090e-01 -4.211088642477989197e-02
5.944460630416870117e-01 3.845819234848022461e-01 2.548874728381633759e-02
5.183156728744506836e-01 4.690213799476623535e-01 -4.360956698656082153e-02
6.348742842674255371e-01 3.393386006355285645e-01 8.802675455808639526e-02
5.636560320854187012e-01 3.884352147579193115e-01 1.213811244815587997e-02
5.738607645034790039e-01 3.919012248516082764e-01 1.304635498672723770e-02
5.839999914169311523e-01 3.939318656921386719e-01 1.628692075610160828e-02
5.989816784858703613e-01 3.910529613494873047e-01 2.630684897303581238e-02
5.552178621292114258e-01 3.831179141998291016e-01 1.323987357318401337e-02
5.817238092422485352e-01 3.478698730468750000e-01 1.230888720601797104e-02
5.696771740913391113e-01 3.479669690132141113e-01 1.238941773772239685e-02
5.932447910308837891e-01 3.520014882087707520e-01 1.566860452294349670e-02
6.005867123603820801e-01 3.600832223892211914e-01 1.990105770528316498e-02
6.065015196800231934e-01 4.016986787319183350e-01 3.070947714149951935e-02
5.386612415313720703e-01 6.322113275527954102e-01 -7.077474612742662430e-03
5.988008975982666016e-01 3.831219971179962158e-01 2.958169020712375641e-02
6.380809545516967773e-01 4.079241752624511719e-01 8.225342631340026855e-02
6.183410882949829102e-01 3.922065496444702148e-01 4.366881027817726135e-02
5.652660131454467773e-01 4.589897096157073975e-01 -7.545738480985164642e-03
5.200997591018676758e-01 5.148345828056335449e-01 -3.886400908231735229e-02
5.173681974411010742e-01 5.256270766258239746e-01 -3.567871823906898499e-02
5.350674390792846680e-01 5.235199332237243652e-01 -3.161907941102981567e-02
5.438342094421386719e-01 5.342330932617187500e-01 -2.150981500744819641e-02
5.287973284721374512e-01 5.304943323135375977e-01 -2.984836883842945099e-02
5.368162989616394043e-01 5.378509163856506348e-01 -2.046098746359348297e-02
5.535775423049926758e-01 5.724792480468750000e-01 -2.800171030685305595e-03
5.188145637512207031e-01 4.576694667339324951e-01 -6.233329698443412781e-02
5.217404961585998535e-01 4.418318569660186768e-01 -6.411696970462799072e-02
6.158246397972106934e-01 3.435034155845642090e-01 2.608706429600715637e-02
5.452014803886413574e-01 4.152265489101409912e-01 -4.788261372596025467e-03
5.444815158843994141e-01 4.609441757202148438e-01 -3.369242697954177856e-02
5.460921525955200195e-01 4.532010257244110107e-01 -2.940951846539974213e-02
5.983004570007324219e-01 4.637799263000488281e-01 7.455990184098482132e-03
5.224914550781250000e-01 4.230908751487731934e-01 -5.516358092427253723e-02
5.924139618873596191e-01 3.190428912639617920e-01 8.175551891326904297e-03
6.067484617233276367e-01 3.281147778034210205e-01 1.659643463790416718e-02
6.260051131248474121e-01 3.075748682022094727e-01 6.955775618553161621e-02
5.433306694030761719e-01 3.264780044555664062e-01 -4.032291006296873093e-03
5.589647293090820312e-01 3.527958095073699951e-01 1.490127947181463242e-02
5.625568628311157227e-01 5.523017644882202148e-01 1.796257565729320049e-04
6.148551702499389648e-01 5.661666989326477051e-01 9.132139384746551514e-02
5.347245931625366211e-01 4.691039323806762695e-01 -3.064050897955894470e-02
5.253626108169555664e-01 4.728635251522064209e-01 -3.330182284116744995e-02
5.501335263252258301e-01 5.612051486968994141e-01 -1.171145704574882984e-03
5.465185642242431641e-01 5.606007575988769531e-01 -4.307891707867383957e-03
6.124864816665649414e-01 3.187988400459289551e-01 2.370586991310119629e-02
5.441183447837829590e-01 4.693721234798431396e-01 -2.842343784868717194e-02
5.723213553428649902e-01 3.171204924583435059e-01 1.050403690896928310e-03
5.746914148330688477e-01 3.042192459106445312e-01 5.915999645367264748e-04
5.866048336029052734e-01 2.612484693527221680e-01 3.002586029469966888e-02
6.184915304183959961e-01 3.175266087055206299e-01 4.401398450136184692e-02
5.789201259613037109e-01 2.856535017490386963e-01 1.526782382279634476e-02
6.217424869537353516e-01 3.388524949550628662e-01 3.701297566294670105e-02
6.278092861175537109e-01 3.439155220985412598e-01 6.155147030949592590e-02
5.191026926040649414e-01 5.205876827239990234e-01 -3.842731937766075134e-02
5.319765210151672363e-01 5.273842215538024902e-01 -3.119809366762638092e-02
5.405736565589904785e-01 5.361492037773132324e-01 -2.197344601154327393e-02
5.317116379737854004e-01 4.721226692199707031e-01 -2.883508428931236267e-02
5.482926368713378906e-01 5.610053539276123047e-01 -2.898365259170532227e-03
5.444982051849365234e-01 5.743414759635925293e-01 -8.748500607907772064e-03
5.450135469436645508e-01 5.600053668022155762e-01 -4.621552769094705582e-03
5.302385687828063965e-01 4.612144827842712402e-01 -4.530962556600570679e-02
5.341022610664367676e-01 5.378969907760620117e-01 -1.941573061048984528e-02
5.260973572731018066e-01 5.317613482475280762e-01 -2.642054855823516846e-02
5.157951712608337402e-01 5.282546877861022949e-01 -3.187379986047744751e-02
5.136917829513549805e-01 6.125187873840332031e-01 -1.756467856466770172e-02
5.169030427932739258e-01 6.084832549095153809e-01 -2.678292803466320038e-02
5.163377523422241211e-01 6.022887825965881348e-01 -2.815934829413890839e-02
5.150223374366760254e-01 5.959557294845581055e-01 -2.542126923799514771e-02
5.131465196609497070e-01 5.908999443054199219e-01 -2.306330390274524689e-02
5.321033000946044922e-01 5.807088613510131836e-01 -1.283481623977422714e-02
5.351408720016479492e-01 5.826821923255920410e-01 -1.482382789254188538e-02
5.387334823608398438e-01 5.854386091232299805e-01 -1.648200862109661102e-02
5.414916276931762695e-01 5.885934233665466309e-01 -1.469743158668279648e-02
5.528471469879150391e-01 5.167005062103271484e-01 -1.654375344514846802e-02
6.329570412635803223e-01 4.848020076751708984e-01 1.176646873354911804e-01
5.381741523742675781e-01 5.730562210083007812e-01 -7.227997295558452606e-03
5.414653420448303223e-01 5.735414624214172363e-01 -8.688954636454582214e-03
5.219663977622985840e-01 4.787579476833343506e-01 -3.447236493229866028e-02
5.395062565803527832e-01 4.792414605617523193e-01 -2.153666876256465912e-02
5.235921144485473633e-01 4.759323000907897949e-01 -3.417584300041198730e-02
5.562738776206970215e-01 4.264561235904693604e-01 -2.003483008593320847e-03
5.738427639007568359e-01 4.398097395896911621e-01 2.877531223930418491e-04
5.472877025604248047e-01 4.617891907691955566e-01 -2.381132170557975769e-02
6.111674308776855469e-01 2.809434533119201660e-01 4.870256036520004272e-02
6.032699346542358398e-01 2.976127266883850098e-01 2.893553674221038818e-02
5.966664552688598633e-01 3.072683215141296387e-01 1.219056732952594757e-02
5.439815521240234375e-01 5.884515643119812012e-01 -8.223536424338817596e-03
5.479297041893005371e-01 3.052230477333068848e-01 -5.456058774143457413e-03
5.530066490173339844e-01 2.808359265327453613e-01 6.900456268340349197e-03
5.591491460800170898e-01 2.502629458904266357e-01 1.824625022709369659e-02
5.931490063667297363e-01 3.940737545490264893e-01 2.133338153362274170e-02
6.166097521781921387e-01 4.141394495964050293e-01 3.580038622021675110e-02
5.497487187385559082e-01 3.778869807720184326e-01 1.511726994067430496e-02
6.104027628898620605e-01 3.685409426689147949e-01 2.975141815841197968e-02
5.381596684455871582e-01 4.031399488449096680e-01 -7.997127249836921692e-03
5.383498072624206543e-01 4.523390531539916992e-01 -4.409698769450187683e-02
6.282752156257629395e-01 4.327755868434906006e-01 4.661132395267486572e-02
6.094223856925964355e-01 4.226499795913696289e-01 2.412643469870090485e-02
5.957143902778625488e-01 4.248848855495452881e-01 1.297728531062602997e-02
5.749834179878234863e-01 4.185975492000579834e-01 7.672715466469526291e-03
5.599580407142639160e-01 4.094107449054718018e-01 5.621669813990592957e-03
5.487332344055175781e-01 3.999786078929901123e-01 3.143926383927464485e-03
5.256165266036987305e-01 3.784858882427215576e-01 -1.712967269122600555e-02
6.247574090957641602e-01 4.659093618392944336e-01 3.924421966075897217e-02
6.180550456047058105e-01 3.673013150691986084e-01 3.576732426881790161e-02
5.140867233276367188e-01 4.666610658168792725e-01 -5.790044367313385010e-02
5.438424348831176758e-01 4.298834204673767090e-01 -1.196384523063898087e-02
6.400447487831115723e-01 4.116405844688415527e-01 1.196333318948745728e-01
5.406253933906555176e-01 3.895686268806457520e-01 2.422396093606948853e-03
5.481114983558654785e-01 4.639866948127746582e-01 -1.236831862479448318e-02
6.041435599327087402e-01 3.827365636825561523e-01 3.163325786590576172e-02
5.396943688392639160e-01 4.429286420345306396e-01 -3.874122351408004761e-02
6.263131499290466309e-01 5.241132378578186035e-01 1.073408722877502441e-01
5.501747131347656250e-01 3.729888498783111572e-01 1.904368214309215546e-02
5.313810110092163086e-01 4.311001896858215332e-01 -4.888241738080978394e-02
5.889332890510559082e-01 5.982090234756469727e-01 3.295613825321197510e-02
5.874398350715637207e-01 6.212427020072937012e-01 4.920238256454467773e-02
6.347711086273193359e-01 4.766898751258850098e-01 7.822792232036590576e-02
6.039531826972961426e-01 5.778267383575439453e-01 4.660556465387344360e-02
6.332254409790039062e-01 3.739383816719055176e-01 7.551042735576629639e-02
5.397897362709045410e-01 6.508908271789550781e-01 -3.514851443469524384e-03
5.122268795967102051e-01 4.714727699756622314e-01 -4.416503384709358215e-02
5.528604984283447266e-01 4.438558816909790039e-01 -9.025263600051403046e-03
6.264158487319946289e-01 3.977730870246887207e-01 5.488908663392066956e-02
5.836025476455688477e-01 3.840916454792022705e-01 1.832982152700424194e-02
5.747647881507873535e-01 3.824902772903442383e-01 1.531833317130804062e-02
5.472022891044616699e-01 5.754308104515075684e-01 -7.335967849940061569e-03
6.200288534164428711e-01 4.996869862079620361e-01 3.855564445257186890e-02
5.164679884910583496e-01 6.759894490242004395e-01 -3.145986236631870270e-03
5.545513629913330078e-01 6.543221473693847656e-01 2.054948732256889343e-02
5.702296495437622070e-01 6.405469179153442383e-01 3.338947519659996033e-02
5.663135051727294922e-01 3.799459934234619141e-01 1.473612524569034576e-02
5.584239959716796875e-01 3.766800165176391602e-01 1.625121757388114929e-02
5.531173944473266602e-01 3.745558857917785645e-01 1.871932484209537506e-02
6.248839497566223145e-01 3.665071129798889160e-01 4.779262840747833252e-02
5.591495633125305176e-01 3.711757063865661621e-01 1.627053320407867432e-02
5.679607391357421875e-01 3.724746406078338623e-01 1.473196875303983688e-02
5.764517188072204590e-01 3.741776943206787109e-01 1.544545684009790421e-02
5.854250788688659668e-01 3.767831921577453613e-01 1.805227622389793396e-02
5.916632413864135742e-01 3.794616460800170898e-01 2.151951938867568970e-02
6.394210457801818848e-01 3.721175789833068848e-01 1.068379357457160950e-01
5.897824168205261230e-01 3.846499919891357422e-01 2.205410040915012360e-02
5.433915257453918457e-01 5.041632056236267090e-01 -2.342060580849647522e-02
5.350868105888366699e-01 4.657901823520660400e-01 -3.416495397686958313e-02
5.222710967063903809e-01 4.934031963348388672e-01 -3.434244170784950256e-02
5.730440020561218262e-01 6.184357404708862305e-01 2.178982831537723541e-02
5.573409199714660645e-01 6.344107389450073242e-01 9.724970906972885132e-03
5.174834132194519043e-01 6.622660756111145020e-01 -1.520166732370853424e-02
6.012128591537475586e-01 5.988587141036987305e-01 6.975897401571273804e-02
5.530844926834106445e-01 3.716862499713897705e-01 1.799201406538486481e-02
5.310530662536621094e-01 4.040863215923309326e-01 -2.393785677850246429e-02
5.373293757438659668e-01 6.668647527694702148e-01 6.781166885048151016e-03
6.284703016281127930e-01 5.136474370956420898e-01 7.187576591968536377e-02
5.238971710205078125e-01 5.869371891021728516e-01 -1.834406144917011261e-02
5.268976092338562012e-01 5.905765891075134277e-01 -2.036811225116252899e-02
5.295909643173217773e-01 5.955427885055541992e-01 -2.218316309154033661e-02
5.314673781394958496e-01 6.012636423110961914e-01 -2.076471224427223206e-02
5.311965346336364746e-01 6.029196381568908691e-01 -1.395308319479227066e-02
5.428659915924072266e-01 5.476138591766357422e-01 -1.188696734607219696e-02
5.460574626922607422e-01 5.471624135971069336e-01 -1.132844761013984680e-02
5.490670800209045410e-01 5.460049510002136230e-01 -1.099659502506256104e-02
5.594453215599060059e-01 5.328705310821533203e-01 -7.552783936262130737e-03
6.036515831947326660e-01 5.033830404281616211e-01 1.570141874253749847e-02
5.317041873931884766e-01 3.896371722221374512e-01 -1.172316540032625198e-02
5.419303774833679199e-01 3.581760525703430176e-01 1.178993284702301025e-02
5.487343072891235352e-01 3.626282215118408203e-01 1.644605025649070740e-02
5.404949188232421875e-01 5.467229485511779785e-01 -1.124381087720394135e-02
6.010267734527587891e-01 5.481659770011901855e-01 2.901835925877094269e-02
5.311992764472961426e-01 3.544072508811950684e-01 -2.799361711367964745e-03
5.352206230163574219e-01 6.155961155891418457e-01 -9.584894403815269470e-03
5.242704153060913086e-01 3.937815427780151367e-01 -3.039235621690750122e-02
5.371708869934082031e-01 4.301740229129791260e-01 -2.699564211070537567e-02
5.153208971023559570e-01 6.262245178222656250e-01 -1.656008511781692505e-02
5.626950263977050781e-01 5.797920227050781250e-01 3.241675440222024918e-03
5.557836294174194336e-01 4.793567061424255371e-01 -9.929192252457141876e-03
5.506528615951538086e-01 5.999224781990051270e-01 -2.801266498863697052e-03
5.805377364158630371e-01 4.821584224700927734e-01 -4.140056669712066650e-03
5.640867352485656738e-01 4.983663260936737061e-01 -8.227496407926082611e-03
5.865374207496643066e-01 5.119591355323791504e-01 3.419569926336407661e-03
5.171120762825012207e-01 6.443480849266052246e-01 -1.790558919310569763e-02
5.432313680648803711e-01 4.413026869297027588e-01 -2.005114778876304626e-02
5.708252787590026855e-01 5.959961414337158203e-01 1.174317859113216400e-02
5.554595589637756348e-01 6.149277091026306152e-01 3.477346384897828102e-03
5.723348259925842285e-01 5.564908385276794434e-01 4.987701773643493652e-03
6.140344142913818359e-01 5.293065905570983887e-01 3.955641016364097595e-02
5.858463644981384277e-01 5.640524029731750488e-01 1.492683310061693192e-02
6.187170743942260742e-01 5.479472875595092773e-01 6.314990669488906860e-02
5.701668858528137207e-01 5.220227837562561035e-01 -3.360149916261434555e-03
5.371285676956176758e-01 4.168589115142822266e-01 -1.744264364242553711e-02
5.340408682823181152e-01 4.587274193763732910e-01 -4.706496000289916992e-02
5.402618646621704102e-01 4.654210507869720459e-01 -3.574182465672492981e-02
5.306242704391479492e-01 4.462292492389678955e-01 -5.463430285453796387e-02
5.521137714385986328e-01 3.436736166477203369e-01 1.047137379646301270e-02
5.706639289855957031e-01 3.354966044425964355e-01 9.771540760993957520e-03
5.864331722259521484e-01 3.357580900192260742e-01 1.083849649876356125e-02
5.990541577339172363e-01 3.417270779609680176e-01 1.514077279716730118e-02
6.074528694152832031e-01 3.523119688034057617e-01 2.172162570059299469e-02
6.102074980735778809e-01 3.868039846420288086e-01 3.585220500826835632e-02
6.380411386489868164e-01 4.419169127941131592e-01 8.081932365894317627e-02
6.007586717605590820e-01 4.065985083580017090e-01 2.421011216938495636e-02
5.893523693084716797e-01 4.078302085399627686e-01 1.689613610506057739e-02
5.750125050544738770e-01 4.045777916908264160e-01 1.188901998102664948e-02
5.616517663002014160e-01 3.984465599060058594e-01 1.000876817852258682e-02
5.513855814933776855e-01 3.913126289844512939e-01 9.758560918271541595e-03
5.443236827850341797e-01 3.845733404159545898e-01 9.439622983336448669e-03
6.369280815124511719e-01 4.481798112392425537e-01 1.227282956242561340e-01
5.394651293754577637e-01 4.705840349197387695e-01 -3.061841614544391632e-02
5.304279923439025879e-01 4.171023368835449219e-01 -3.491760417819023132e-02
5.264798402786254883e-01 4.572819769382476807e-01 -5.632055550813674927e-02
5.194782614707946777e-01 4.656223654747009277e-01 -5.309587344527244568e-02
5.258073210716247559e-01 4.609934985637664795e-01 -5.112593248486518860e-02
5.360624790191650391e-01 4.756338596343994141e-01 -2.752129174768924713e-02
5.174973011016845703e-01 4.663902521133422852e-01 -5.630154535174369812e-02
5.157113671302795410e-01 4.710172712802886963e-01 -4.385547339916229248e-02
5.460385680198669434e-01 3.718821108341217041e-01 1.683732308447360992e-02
5.390435457229614258e-01 3.743974566459655762e-01 9.267778135836124420e-03
5.347868204116821289e-01 3.757496178150177002e-01 4.887477261945605278e-04
5.956866741180419922e-01 3.814972341060638428e-01 2.496417984366416931e-02
6.050895452499389648e-01 3.698867857456207275e-01 2.591994963586330414e-02
4.537959694862365723e-01 3.609546720981597900e-01 1.469332631677389145e-02
4.651182889938354492e-01 3.615847229957580566e-01 1.469332631677389145e-02
4.545747339725494385e-01 3.483129143714904785e-01 1.469332631677389145e-02
4.423766732215881348e-01 3.602362871170043945e-01 1.469332631677389145e-02
4.530061185359954834e-01 3.732223510742187500e-01 1.469332631677389145e-02
5.772536396980285645e-01 3.776338696479797363e-01 1.928118616342544556e-02
5.888116955757141113e-01 3.797628879547119141e-01 1.928118616342544556e-02
5.788107514381408691e-01 3.643825352191925049e-01 1.928118616342544556e-02
5.655427575111389160e-01 3.753964304924011230e-01 1.928118616342544556e-02
5.756753087043762207e-01 3.906729221343994141e-01 1.928118616342544556e-02
