5.071828961372375488e-01 5.481891036033630371e-01 -3.256974741816520691e-02
5.127740502357482910e-01 4.947537183761596680e-01 -6.079330667853355408e-02
5.097392797470092773e-01 5.113695263862609863e-01 -3.231770172715187073e-02
5.068229436874389648e-01 4.368832409381866455e-01 -4.604516178369522095e-02
5.144714117050170898e-01 4.773544073104858398e-01 -6.456875056028366089e-02
5.159070491790771484e-01 4.546511173248291016e-01 -5.985390394926071167e-02
5.187450647354125977e-01 3.994989395141601562e-01 -2.830361202359199524e-02
4.361394643783569336e-01 3.800381124019622803e-01 9.700082242488861084e-03
5.221143364906311035e-01 3.524361848831176758e-01 -1.950367726385593414e-02
5.241004228591918945e-01 3.293021321296691895e-01 -2.130002155900001526e-02
5.295271277427673340e-01 2.554941177368164062e-01 -8.754724636673927307e-03
5.067946910858154297e-01 5.530629158020019531e-01 -3.111282363533973694e-02
5.061193704605102539e-01 5.576487779617309570e-01 -2.748847939074039459e-02
5.055149793624877930e-01 5.602493286132812500e-01 -2.255422249436378479e-02
5.040490031242370605e-01 5.795865058898925781e-01 -2.034837752580642700e-02
5.037614107131958008e-01 5.855023264884948730e-01 -2.223752997815608978e-02
5.030761957168579102e-01 5.928737521171569824e-01 -2.460364811122417450e-02
5.021519660949707031e-01 6.005337834358215332e-01 -2.294034138321876526e-02
4.987676739692687988e-01 6.185901165008544922e-01 -1.240158360451459885e-02
5.115013718605041504e-01 5.035027265548706055e-01 -5.500925704836845398e-02
5.003038644790649414e-01 5.015381574630737305e-01 -4.023599624633789062e-02
3.935900330543518066e-01 3.106475472450256348e-01 6.130711361765861511e-02
4.649174809455871582e-01 4.008796215057373047e-01 -1.995499478653073311e-04
4.533239006996154785e-01 4.009149372577667236e-01 -3.045332778128795326e-05
4.427546858787536621e-01 3.978394567966461182e-01 2.513564191758632660e-03
4.303203225135803223e-01 3.850317597389221191e-01 1.106245350092649460e-02
4.755854606628417969e-01 3.973804414272308350e-01 2.148176310583949089e-03
4.565723538398742676e-01 3.437786996364593506e-01 -4.220579750835895538e-03
4.690263867378234863e-01 3.482487797737121582e-01 -3.195334458723664284e-03
4.441646039485931396e-01 3.452143669128417969e-01 -1.288397936150431633e-03
4.352718591690063477e-01 3.517204523086547852e-01 2.663895022124052048e-03
4.185066223144531250e-01 3.944468498229980469e-01 1.621706224977970123e-02
4.530694782733917236e-01 6.331952810287475586e-01 -8.285642834380269051e-04
4.328737854957580566e-01 3.739116191864013672e-01 1.323976740241050720e-02
3.820158541202545166e-01 3.818072676658630371e-01 6.440415978431701660e-02
4.064152240753173828e-01 3.791490793228149414e-01 2.705940417945384979e-02
4.530091285705566406e-01 4.702951312065124512e-01 -1.201103534549474716e-02
4.924233257770538330e-01 5.432420372962951660e-01 -3.210474550724029541e-02
4.926477670669555664e-01 5.551009178161621094e-01 -2.670622058212757111e-02
4.773848652839660645e-01 5.463998317718505859e-01 -2.632363699376583099e-02
4.672297239303588867e-01 5.506445765495300293e-01 -1.820404268801212311e-02
4.809957444667816162e-01 5.546425580978393555e-01 -2.281842567026615143e-02
4.718861877918243408e-01 5.557587146759033203e-01 -1.531848497688770294e-02
4.473760724067687988e-01 5.761056542396545410e-01 -7.516812765970826149e-04
5.032823085784912109e-01 4.928658306598663330e-01 -6.029713898897171021e-02
5.032705664634704590e-01 4.758841693401336670e-01 -6.381776183843612671e-02
4.212764203548431396e-01 3.320174217224121094e-01 5.833150818943977356e-03
4.801543951034545898e-01 4.317155182361602783e-01 -1.149315014481544495e-02
4.762660861015319824e-01 4.846163988113403320e-01 -3.442399576306343079e-02
4.756793677806854248e-01 4.753839969635009766e-01 -3.111593425273895264e-02
4.178018867969512939e-01 4.622216224670410156e-01 2.658186422195285559e-04
5.052092075347900391e-01 4.548778831958770752e-01 -5.714514851570129395e-02
4.515276551246643066e-01 3.146592974662780762e-01 -1.085891202092170715e-02
4.346759617328643799e-01 3.194087147712707520e-01 -3.248360706493258476e-03
4.095149338245391846e-01 2.832356691360473633e-01 4.051419347524642944e-02
4.993659257888793945e-01 3.402193188667297363e-01 -1.769342832267284393e-02
4.791186153888702393e-01 3.586472272872924805e-01 5.859484663233160973e-04
4.404953420162200928e-01 5.575402379035949707e-01 7.998598739504814148e-04
3.815949261188507080e-01 5.407770872116088867e-01 9.344814717769622803e-02
4.838539361953735352e-01 4.955830276012420654e-01 -2.960159629583358765e-02
4.922087192535400391e-01 5.018458962440490723e-01 -2.966663427650928497e-02
4.549643993377685547e-01 5.600454807281494141e-01 2.488202881067991257e-04
4.581163525581359863e-01 5.604602098464965820e-01 -2.518584718927741051e-03
4.295508861541748047e-01 3.076239824295043945e-01 1.719821710139513016e-03
4.745987951755523682e-01 4.920606911182403564e-01 -2.822647988796234131e-02
4.725902080535888672e-01 3.198649585247039795e-01 -1.589617133140563965e-02
4.726676344871520996e-01 3.060004711151123047e-01 -1.818119175732135773e-02
4.620751142501831055e-01 2.525719404220581055e-01 1.014701789245009422e-03
4.179050028324127197e-01 2.993298172950744629e-01 1.823602057993412018e-02
4.667395353317260742e-01 2.826331257820129395e-01 -9.195806458592414856e-03
4.146519005298614502e-01 3.239830136299133301e-01 1.509207673370838165e-02
4.027861654758453369e-01 3.214560151100158691e-01 3.676549345254898071e-02
4.922938048839569092e-01 5.498192310333251953e-01 -3.066834993660449982e-02
4.791423678398132324e-01 5.509176254272460938e-01 -2.504417672753334045e-02
4.694895446300506592e-01 5.533607006072998047e-01 -1.764864847064018250e-02
4.859942197799682617e-01 4.990910887718200684e-01 -2.676536701619625092e-02
4.565757513046264648e-01 5.602706670761108398e-01 -1.143552712164819241e-03
4.614130258560180664e-01 5.672118663787841797e-01 -7.318862248212099075e-03
4.596320092678070068e-01 5.606704950332641602e-01 -2.721110591664910316e-03
4.903399944305419922e-01 4.907144904136657715e-01 -4.499183222651481628e-02
4.737877547740936279e-01 5.572394132614135742e-01 -1.351209357380867004e-02
4.825873076915740967e-01 5.567822456359863281e-01 -1.847472600638866425e-02
4.932353496551513672e-01 5.579028129577636719e-01 -2.207952924072742462e-02
4.827246069908142090e-01 6.151445508003234863e-01 -1.262909080833196640e-02
4.867633581161499023e-01 5.962789058685302734e-01 -2.297091111540794373e-02
4.883797764778137207e-01 5.887693166732788086e-01 -2.429534867405891418e-02
4.901294708251953125e-01 5.817135572433471680e-01 -2.170372009277343750e-02
4.918112158775329590e-01 5.765043497085571289e-01 -1.983326114714145660e-02
4.731211066246032715e-01 5.689495801925659180e-01 -1.167755573987960815e-02
4.704992175102233887e-01 5.708608031272888184e-01 -1.351339370012283325e-02
4.673447012901306152e-01 5.740597248077392578e-01 -1.527910958975553513e-02
4.646463096141815186e-01 5.779876708984375000e-01 -1.337981689721345901e-02
4.570345282554626465e-01 5.321130752563476562e-01 -1.506826281547546387e-02
3.730966448783874512e-01 4.540316760540008545e-01 1.093659102916717529e-01
5.106204748153686523e-01 5.072255134582519531e-01 -4.017363488674163818e-02
4.669398069381713867e-01 5.654857158660888672e-01 -6.202474236488342285e-03
4.642298519611358643e-01 5.660613775253295898e-01 -7.378757931292057037e-03
4.950086474418640137e-01 5.088375806808471680e-01 -3.027390502393245697e-02
4.770311415195465088e-01 5.024065971374511719e-01 -1.970692351460456848e-02
4.936962127685546875e-01 5.054253935813903809e-01 -3.016966395080089569e-02
4.668882787227630615e-01 4.394559264183044434e-01 -8.595636114478111267e-03
4.467572569847106934e-01 4.473067224025726318e-01 -6.410448346287012100e-03
4.727119505405426025e-01 4.826065599918365479e-01 -2.487196400761604309e-02
4.313806593418121338e-01 2.629621028900146484e-01 1.902201212942600250e-02
4.382519721984863281e-01 2.853918969631195068e-01 3.294407390058040619e-03
4.491466581821441650e-01 3.012462854385375977e-01 -9.217021055519580841e-03
4.559981226921081543e-01 5.906810760498046875e-01 -5.811025854200124741e-03
4.992064833641052246e-01 3.166933655738830566e-01 -2.185943163931369781e-02
4.951920211315155029e-01 2.870117127895355225e-01 -1.550145260989665985e-02
4.936308264732360840e-01 2.509190142154693604e-01 -8.371128700673580170e-03
4.343535304069519043e-01 3.927397131919860840e-01 6.880522705614566803e-03
4.039099812507629395e-01 4.045762121677398682e-01 2.162603847682476044e-02
4.830249547958374023e-01 3.934875726699829102e-01 4.120896104723215103e-03
4.226036071777343750e-01 3.581877946853637695e-01 1.159168314188718796e-02
4.894261062145233154e-01 4.218956232070922852e-01 -1.484243478626012802e-02
4.840092062950134277e-01 4.790361821651458740e-01 -4.503905028104782104e-02
3.907633125782012939e-01 4.154303073883056641e-01 3.304876759648323059e-02
4.108931720256805420e-01 4.179044961929321289e-01 1.153627876192331314e-02
4.253939688205718994e-01 4.265747666358947754e-01 1.936155720613896847e-03
4.476815164089202881e-01 4.273282885551452637e-01 -1.499522710219025612e-03
4.645693600177764893e-01 4.227636754512786865e-01 -2.962124766781926155e-03
4.779666364192962646e-01 4.164242148399353027e-01 -4.951837472617626190e-03
5.073395967483520508e-01 4.017730355262756348e-01 -2.480569109320640564e-02
3.901665806770324707e-01 4.511151909828186035e-01 2.949957177042961121e-02
4.131819009780883789e-01 3.538981974124908447e-01 1.653566770255565643e-02
5.058094263076782227e-01 5.020173788070678711e-01 -5.475920811295509338e-02
4.801302552223205566e-01 4.488384425640106201e-01 -1.669319719076156616e-02
3.760793209075927734e-01 3.789839446544647217e-01 1.012769043445587158e-01
4.887006282806396484e-01 4.085227251052856445e-01 -5.817340221256017685e-03
4.708801507949829102e-01 4.832573235034942627e-01 -1.376251690089702606e-02
4.276412129402160645e-01 3.732941448688507080e-01 1.509145926684141159e-02
4.839147925376892090e-01 4.679592847824096680e-01 -4.079881310462951660e-02
3.754696249961853027e-01 4.959427714347839355e-01 1.043292284011840820e-01
4.842653572559356689e-01 3.875204324722290039e-01 6.943101063370704651e-03
4.944504499435424805e-01 4.593369960784912109e-01 -5.111610516905784607e-02
4.063392877578735352e-01 5.865042209625244141e-01 3.642502427101135254e-02
4.039393365383148193e-01 6.053328514099121094e-01 5.616390705108642578e-02
3.771786689758300781e-01 4.529026746749877930e-01 6.925525516271591187e-02
3.934228420257568359e-01 5.612638592720031738e-01 4.894515126943588257e-02
3.919064700603485107e-01 3.492707610130310059e-01 5.378990992903709412e-02
4.494104981422424316e-01 6.490200161933898926e-01 5.220321938395500183e-03
5.062072873115539551e-01 5.059625506401062012e-01 -3.965095803141593933e-02
4.683669805526733398e-01 4.596027135848999023e-01 -1.325280312448740005e-02
3.949283361434936523e-01 3.810402452945709229e-01 3.763829544186592102e-02
4.456251263618469238e-01 3.885810673236846924e-01 3.622959135100245476e-03
4.547551572322845459e-01 3.917913734912872314e-01 1.475891214795410633e-03
4.588028788566589355e-01 5.688357353210449219e-01 -5.602484103292226791e-03
3.900909125804901123e-01 4.853675961494445801e-01 3.304227069020271301e-02
4.686242043972015381e-01 6.748516559600830078e-01 9.618495590984821320e-03
4.345479011535644531e-01 6.471018195152282715e-01 2.961844578385353088e-02
4.202805459499359131e-01 6.299332976341247559e-01 4.124742001295089722e-02
5.268075466156005859e-01 2.931956648826599121e-01 -1.597119495272636414e-02
4.930987358093261719e-01 6.812613010406494141e-01 7.938088849186897278e-03
4.644701480865478516e-01 3.918404877185821533e-01 1.770462142303586006e-03
4.741607010364532471e-01 3.899776935577392578e-01 3.957451786845922470e-03
4.807184338569641113e-01 3.888900876045227051e-01 6.653746124356985092e-03
4.042231440544128418e-01 3.495030403137207031e-01 2.750991843640804291e-02
4.748838543891906738e-01 3.733290135860443115e-01 2.234091283753514290e-03
4.653930366039276123e-01 3.666325211524963379e-01 -4.490431820158846676e-05
4.559327661991119385e-01 3.640840649604797363e-01 -2.152490924345329404e-04
4.461957812309265137e-01 3.651354908943176270e-01 1.843500765971839428e-03
4.397651851177215576e-01 3.683864176273345947e-01 4.951447714120149612e-03
3.829468190670013428e-01 3.409863412380218506e-01 8.376321941614151001e-02
4.398827850818634033e-01 3.843176066875457764e-01 6.825604010373353958e-03
5.082350373268127441e-01 5.247636437416076660e-01 -2.973043918609619141e-02
4.695790410041809082e-01 5.251587033271789551e-01 -2.076771110296249390e-02
4.844051301479339600e-01 4.927284717559814453e-01 -3.365611657500267029e-02
4.922094345092773438e-01 5.234361886978149414e-01 -2.972124516963958740e-02
5.201038122177124023e-01 3.765762448310852051e-01 -1.969039067625999451e-02
4.202449321746826172e-01 6.107060909271240234e-01 2.713844738900661469e-02
4.341381490230560303e-01 6.297751665115356445e-01 1.693108305335044861e-02
4.693691134452819824e-01 6.641867160797119141e-01 -4.462368320673704147e-03
3.916632831096649170e-01 5.777224302291870117e-01 7.553388923406600952e-02
4.815088212490081787e-01 3.819538652896881104e-01 5.039523355662822723e-03
4.977915287017822266e-01 4.278514087200164795e-01 -2.973683364689350128e-02
4.942402541637420654e-01 6.705105900764465332e-01 -5.781134590506553650e-03
4.500686228275299072e-01 6.627237796783447266e-01 1.730545796453952789e-02
3.786484003067016602e-01 4.910203218460083008e-01 6.743101775646209717e-02
4.815549254417419434e-01 5.726985335350036621e-01 -1.635845750570297241e-02
4.789483249187469482e-01 5.763019919395446777e-01 -1.837361417710781097e-02
4.763327538967132568e-01 5.817338824272155762e-01 -2.039885893464088440e-02
4.741072058677673340e-01 5.883439779281616211e-01 -1.891586184501647949e-02
4.674338698387145996e-01 6.044176816940307617e-01 -1.075588259845972061e-02
4.644781947135925293e-01 5.577932000160217285e-01 -8.430814370512962341e-03
4.619699120521545410e-01 5.564680695533752441e-01 -8.637724444270133972e-03
4.599103033542633057e-01 5.548847913742065430e-01 -8.896309882402420044e-03
4.468516111373901367e-01 5.430697798728942871e-01 -7.432506419718265533e-03
4.058137536048889160e-01 4.970755577087402344e-01 1.157655101269483566e-02
4.986174702644348145e-01 4.106165468692779541e-01 -1.894962228834629059e-02
4.944676756858825684e-01 3.741054832935333252e-01 6.847879558335989714e-05
4.870259165763854980e-01 3.755685091018676758e-01 3.587648738175630569e-03
4.666195213794708252e-01 5.586743950843811035e-01 -7.428156677633523941e-03
4.012450873851776123e-01 5.376774668693542480e-01 2.830876223742961884e-02
5.055113434791564941e-01 3.743836283683776855e-01 -1.345863845199346542e-02
4.598196148872375488e-01 6.179839968681335449e-01 -4.955846816301345825e-03
5.168571472167968750e-01 4.358946084976196289e-01 -4.903509095311164856e-02
5.068865418434143066e-01 4.203288853168487549e-01 -3.643314540386199951e-02
5.177320241928100586e-01 4.185045957565307617e-01 -3.829266130924224854e-02
4.876340925693511963e-01 4.534713029861450195e-01 -3.056110255420207977e-02
4.957771301269531250e-01 6.544615626335144043e-01 -1.160299964249134064e-02
4.973789453506469727e-01 6.351500153541564941e-01 -1.160978246480226517e-02
4.776753783226013184e-01 6.307452917098999023e-01 -1.032542437314987183e-02
4.362899363040924072e-01 5.809670090675354004e-01 5.134163424372673035e-03
4.595255851745605469e-01 4.947251677513122559e-01 -1.138743199408054352e-02
4.463837146759033203e-01 6.015439629554748535e-01 5.448985029943287373e-04
4.329606890678405762e-01 4.869005382061004639e-01 -8.548951707780361176e-03
4.471878111362457275e-01 5.090274214744567871e-01 -9.843733161687850952e-03
4.210370182991027832e-01 5.121797323226928711e-01 -8.949662878876551986e-05
4.723918735980987549e-01 6.487517356872558594e-01 -9.874735027551651001e-03
4.795779287815093994e-01 4.623041749000549316e-01 -2.310209907591342926e-02
4.256014823913574219e-01 5.924468040466308594e-01 1.484622154384851456e-02
4.389077425003051758e-01 6.136130690574645996e-01 8.491935208439826965e-03
4.293407201766967773e-01 5.578531026840209961e-01 5.095362663269042969e-03
3.913585543632507324e-01 5.148349404335021973e-01 3.723780438303947449e-02
4.146026968955993652e-01 5.586988925933837891e-01 1.499454025179147720e-02
3.830690383911132812e-01 5.271074175834655762e-01 6.275936216115951538e-02
4.363017380237579346e-01 5.283960700035095215e-01 -4.682308528572320938e-03
4.891910552978515625e-01 4.381251335144042969e-01 -2.270870842039585114e-02
4.872040748596191406e-01 4.873140156269073486e-01 -4.732172936201095581e-02
4.795818626880645752e-01 4.907304346561431885e-01 -3.536024689674377441e-02
4.930859208106994629e-01 4.765783846378326416e-01 -5.477897077798843384e-02
4.875932037830352783e-01 3.542119264602661133e-01 -3.879593685269355774e-03
4.706249237060546875e-01 3.380787670612335205e-01 -6.488448008894920349e-03
4.548534154891967773e-01 3.331009745597839355e-01 -6.587292533367872238e-03
4.406975507736206055e-01 3.354787230491638184e-01 -3.042457159608602524e-03
4.297984242439270020e-01 3.433349132537841797e-01 2.998720621690154076e-03
4.183427095413208008e-01 3.761895596981048584e-01 1.939213834702968597e-02
3.777839541435241699e-01 4.166310131549835205e-01 6.707975268363952637e-02
4.240212440490722656e-01 4.028931558132171631e-01 1.053950376808643341e-02
4.349336922168731689e-01 4.100218117237091064e-01 4.567726515233516693e-03
4.500369429588317871e-01 4.126954376697540283e-01 8.626556955277919769e-04
4.649737775325775146e-01 4.109328091144561768e-01 -6.030476652085781097e-04
4.772745668888092041e-01 4.065319895744323730e-01 2.932202769443392754e-04
4.861204326152801514e-01 4.019103348255157471e-01 9.838454570854082704e-05
3.736595511436462402e-01 4.157765507698059082e-01 1.089881956577301025e-01
4.789207577705383301e-01 4.953235387802124023e-01 -2.975764870643615723e-02
4.970206618309020996e-01 4.432772994041442871e-01 -3.894433751702308655e-02
4.951994717121124268e-01 4.893882274627685547e-01 -5.545124784111976624e-02
5.000964999198913574e-01 4.985812008380889893e-01 -5.043647065758705139e-02
4.947381019592285156e-01 4.921984374523162842e-01 -5.001239851117134094e-02
4.811661839485168457e-01 5.007700324058532715e-01 -2.565870992839336395e-02
5.022639632225036621e-01 5.004427433013916016e-01 -5.330185592174530029e-02
5.026304125785827637e-01 5.044025182723999023e-01 -3.990164026618003845e-02
4.881993532180786133e-01 3.882277905941009521e-01 5.693102721124887466e-03
4.937416911125183105e-01 3.930495381355285645e-01 -5.332654109224677086e-04
4.975431561470031738e-01 3.960356414318084717e-01 -7.958761416375637054e-03
4.359916150569915771e-01 3.712240159511566162e-01 8.513865992426872253e-03
4.291089773178100586e-01 3.604560792446136475e-01 8.636894635856151581e-03
5.260314345359802246e-01 4.397963583469390869e-01 -4.443117976188659668e-02
5.966449975967407227e-01 4.015570282936096191e-01 2.073176205158233643e-02
5.210630893707275391e-01 5.045622587203979492e-01 -3.899329900741577148e-02
6.357010006904602051e-01 3.490585982799530029e-01 7.748427987098693848e-02
5.633183121681213379e-01 4.129831790924072266e-01 6.964625790715217590e-03
5.744763612747192383e-01 4.162016510963439941e-01 8.589959703385829926e-03
5.851082205772399902e-01 4.170992970466613770e-01 1.244221441447734833e-02
5.998259782791137695e-01 4.083167314529418945e-01 2.269490621984004974e-02
5.540965795516967773e-01 4.073708057403564453e-01 7.809138391166925430e-03
5.849234461784362793e-01 3.601100742816925049e-01 4.769425373524427414e-03
5.711764097213745117e-01 3.613883554935455322e-01 3.894118824973702431e-03
5.968468785285949707e-01 3.648175001144409180e-01 9.086456149816513062e-03
6.037128567695617676e-01 3.739579021930694580e-01 1.384656131267547607e-02
6.067339777946472168e-01 4.215025007724761963e-01 2.876395359635353088e-02
5.388970375061035156e-01 6.444433927536010742e-01 4.259373992681503296e-03
6.009621024131774902e-01 3.961079120635986328e-01 2.475486323237419128e-02
6.371361017227172852e-01 4.213494658470153809e-01 8.117566257715225220e-02
6.189874410629272461e-01 4.099888503551483154e-01 4.111474007368087769e-02
5.667949914932250977e-01 4.876017868518829346e-01 -4.527738783508539200e-03
5.217027664184570312e-01 5.472281575202941895e-01 -3.008073382079601288e-02
5.185936689376831055e-01 5.589467883110046387e-01 -2.482857927680015564e-02
5.345231890678405762e-01 5.538762211799621582e-01 -2.216896601021289825e-02
5.421034693717956543e-01 5.609589815139770508e-01 -1.259428076446056366e-02
5.288310050964355469e-01 5.614964962005615234e-01 -1.922211609780788422e-02
5.361925363540649414e-01 5.650449395179748535e-01 -1.053023431450128555e-02
5.523605942726135254e-01 5.910437107086181641e-01 6.165524013340473175e-03
5.219314098358154297e-01 4.956704676151275635e-01 -5.926458165049552917e-02
5.251111388206481934e-01 4.791618287563323975e-01 -6.259591132402420044e-02
6.183559298515319824e-01 3.601426780223846436e-01 1.904276013374328613e-02
5.473161339759826660e-01 4.419873356819152832e-01 -6.542390212416648865e-03
5.458176732063293457e-01 4.948417246341705322e-01 -2.973117120563983917e-02
5.473008751869201660e-01 4.858789443969726562e-01 -2.630545198917388916e-02
5.994057655334472656e-01 4.900344908237457275e-01 1.228895410895347595e-02
5.258477926254272461e-01 4.579546451568603516e-01 -5.556632205843925476e-02
5.968174934387207031e-01 3.362808525562286377e-01 -1.490082126110792160e-03
6.104480624198913574e-01 3.446066677570343018e-01 8.323706686496734619e-03
6.285795569419860840e-01 3.184328973293304443e-01 5.494224280118942261e-02
5.469266176223754883e-01 3.491716384887695312e-01 -1.449303701519966125e-02
5.588468313217163086e-01 3.692497014999389648e-01 6.364578381180763245e-03
5.620220303535461426e-01 5.752637386322021484e-01 9.198607876896858215e-03
6.115247011184692383e-01 5.751222968101501465e-01 1.088823080062866211e-01
5.363110899925231934e-01 5.032394528388977051e-01 -2.628068625926971436e-02
5.275170207023620605e-01 5.069188475608825684e-01 -2.798261307179927826e-02
5.496147274971008301e-01 5.748483538627624512e-01 7.556459400802850723e-03
5.465658307075500488e-01 5.741268396377563477e-01 4.012894351035356522e-03
6.162251830101013184e-01 3.352739810943603516e-01 1.394531130790710449e-02
5.452010035514831543e-01 5.023284554481506348e-01 -2.363599464297294617e-02
5.767467021942138672e-01 3.364750444889068604e-01 -9.498368948698043823e-03
5.797981619834899902e-01 3.238021135330200195e-01 -1.162519678473472595e-02
5.914007425308227539e-01 2.739729583263397217e-01 9.295171126723289490e-03
6.217608451843261719e-01 3.315080702304840088e-01 3.158024698495864868e-02
5.838420987129211426e-01 3.017370402812957764e-01 -1.749192131683230400e-03
6.242102980613708496e-01 3.549579381942749023e-01 2.909536473453044891e-02
6.297325491905212402e-01 3.569588065147399902e-01 5.185591802000999451e-02
5.204768776893615723e-01 5.538780689239501953e-01 -2.863608486950397491e-02
5.317226052284240723e-01 5.582170486450195312e-01 -2.116440422832965851e-02
5.393418073654174805e-01 5.632155537605285645e-01 -1.250100973993539810e-02
5.333959460258483887e-01 5.059276223182678223e-01 -2.396481484174728394e-02
5.480623841285705566e-01 5.745164155960083008e-01 5.638719536364078522e-03
5.433539748191833496e-01 5.803391933441162109e-01 -1.488623791374266148e-03
5.449998974800109863e-01 5.737804174423217773e-01 3.634106134995818138e-03
5.324811339378356934e-01 4.970780611038208008e-01 -4.178890213370323181e-02
5.335822701454162598e-01 5.658109784126281738e-01 -8.949034847319126129e-03
5.263324975967407227e-01 5.630714297294616699e-01 -1.504564657807350159e-02
5.169124603271484375e-01 5.614058971405029297e-01 -2.012994140386581421e-02
5.144144296646118164e-01 6.195512413978576660e-01 -1.083070039749145508e-02
5.168012380599975586e-01 6.012873649597167969e-01 -2.095040678977966309e-02
5.169776082038879395e-01 5.934218168258666992e-01 -2.217059955000877380e-02
5.165125131607055664e-01 5.859841108322143555e-01 -1.960700191557407379e-02
5.154554247856140137e-01 5.804021954536437988e-01 -1.783733069896697998e-02
5.324153900146484375e-01 5.784739255905151367e-01 -7.091774605214595795e-03
5.348595976829528809e-01 5.813633203506469727e-01 -8.895523846149444580e-03
5.374734997749328613e-01 5.856365561485290527e-01 -1.046585198491811752e-02
5.394161343574523926e-01 5.904449224472045898e-01 -8.291687816381454468e-03
5.527909398078918457e-01 5.461596846580505371e-01 -8.654815144836902618e-03
6.295229196548461914e-01 4.935922324657440186e-01 1.264007538557052612e-01
5.379679799079895020e-01 5.766723155975341797e-01 -5.705435760319232941e-04
5.407534241676330566e-01 5.782544612884521484e-01 -1.764836837537586689e-03
5.239061117172241211e-01 5.129482746124267578e-01 -2.857293002307415009e-02
5.404568910598754883e-01 5.115411877632141113e-01 -1.603133417665958405e-02
5.256308317184448242e-01 5.100520849227905273e-01 -2.853542752563953400e-02
5.580601692199707031e-01 4.533911347389221191e-01 -2.069449517875909805e-03
5.755662322044372559e-01 4.670951366424560547e-01 2.226749202236533165e-03
5.482460856437683105e-01 4.936604499816894531e-01 -1.988638564944267273e-02
6.151766777038574219e-01 2.929285168647766113e-01 3.078251145780086517e-02
6.076025962829589844e-01 3.125759363174438477e-01 1.409413572400808334e-02
6.013951301574707031e-01 3.245381414890289307e-01 5.855331546626985073e-04
5.425304174423217773e-01 6.027202606201171875e-01 -4.454365262063220143e-05
5.528401136398315430e-01 3.275744020938873291e-01 -1.853127591311931610e-02
5.575178861618041992e-01 2.972469329833984375e-01 -1.159127149730920792e-02
5.638093352317810059e-01 2.626578807830810547e-01 -4.130613524466753006e-03
5.942673683166503906e-01 4.149012863636016846e-01 1.785666868090629578e-02
6.167759299278259277e-01 4.358747601509094238e-01 3.549722954630851746e-02
5.479933619499206543e-01 4.021402299404144287e-01 9.158300235867500305e-03
6.120299696922302246e-01 3.843607008457183838e-01 2.431584894657135010e-02
5.407503843307495117e-01 4.297620058059692383e-01 -1.092476677149534225e-02
5.405358672142028809e-01 4.875684976577758789e-01 -4.122547805309295654e-02
6.280283927917480469e-01 4.520536661148071289e-01 4.862888902425765991e-02
6.090760827064514160e-01 4.472132325172424316e-01 2.471498772501945496e-02
5.949558615684509277e-01 4.517965912818908691e-01 1.325852051377296448e-02
5.741815567016601562e-01 4.455947577953338623e-01 7.213044911623001099e-03
5.592176914215087891e-01 4.359672665596008301e-01 3.745457623153924942e-03
5.483223199844360352e-01 4.264138638973236084e-01 1.182168416562490165e-04
5.288044214248657227e-01 4.051593840122222900e-01 -2.319601550698280334e-02
6.239773631095886230e-01 4.869816005229949951e-01 4.509060829877853394e-02
6.195406317710876465e-01 3.836362063884735107e-01 3.040489740669727325e-02
5.170776844024658203e-01 5.036642551422119141e-01 -5.391475930809974670e-02
5.453721284866333008e-01 4.586914777755737305e-01 -1.184259168803691864e-02
6.378540396690368652e-01 4.198213517665863037e-01 1.190130934119224548e-01
5.404596328735351562e-01 4.161975085735321045e-01 -1.873244182206690311e-03
5.488374829292297363e-01 4.946852028369903564e-01 -8.668926544487476349e-03
6.049621701240539551e-01 3.972740471363067627e-01 2.720853313803672791e-02
5.417364835739135742e-01 4.765832126140594482e-01 -3.690147027373313904e-02
6.223983168601989746e-01 5.334575772285461426e-01 1.206194981932640076e-01
5.483021736145019531e-01 3.959419429302215576e-01 1.216519065201282501e-02
5.343537926673889160e-01 4.653332829475402832e-01 -4.832665249705314636e-02
5.873567461967468262e-01 6.121282577514648438e-01 4.792391508817672729e-02
5.845845937728881836e-01 6.302402019500732422e-01 6.794226169586181641e-02
6.318518519401550293e-01 4.918014109134674072e-01 8.599639683961868286e-02
6.022889018058776855e-01 5.917913913726806641e-01 6.246021389961242676e-02
6.338368654251098633e-01 3.869790434837341309e-01 6.986584514379501343e-02
5.394936203956604004e-01 6.604210734367370605e-01 1.072427630424499512e-02
5.150356888771057129e-01 5.072566270828247070e-01 -3.914512693881988525e-02
5.541769266128540039e-01 4.725960791110992432e-01 -7.356395944952964783e-03
6.265824437141418457e-01 4.152463674545288086e-01 5.296024307608604431e-02
5.854333639144897461e-01 4.068022072315216064e-01 1.337191089987754822e-02
5.758407115936279297e-01 4.067141115665435791e-01 1.006740145385265350e-02
5.456131696701049805e-01 5.828126668930053711e-01 5.478690727613866329e-04
6.186677217483520508e-01 5.201205015182495117e-01 4.821093380451202393e-02
5.172625184059143066e-01 6.804916858673095703e-01 1.268782746046781540e-02
5.519712567329406738e-01 6.615797281265258789e-01 3.719920292496681213e-02
5.671053528785705566e-01 6.489458680152893066e-01 5.082365125417709351e-02
5.663439631462097168e-01 4.041416645050048828e-01 9.050336666405200958e-03
5.573399066925048828e-01 4.002632498741149902e-01 1.016150042414665222e-02
5.512589812278747559e-01 3.980448246002197266e-01 1.221998222172260284e-02
6.260863542556762695e-01 3.822509348392486572e-01 4.239854589104652405e-02
5.602836608886718750e-01 3.845503926277160645e-01 8.627220056951045990e-03
5.708555579185485840e-01 3.796255290508270264e-01 7.451204117387533188e-03
5.811352729797363281e-01 3.791143596172332764e-01 8.535286411643028259e-03
5.907568931579589844e-01 3.828338980674743652e-01 1.176868192851543427e-02
5.961452126502990723e-01 3.883044123649597168e-01 1.561992149800062180e-02
6.387005448341369629e-01 3.810671865940093994e-01 1.009673476219177246e-01
5.920373797416687012e-01 4.046970307826995850e-01 1.733541674911975861e-02
5.434153676033020020e-01 5.358918309211730957e-01 -1.581950113177299500e-02
5.367262959480285645e-01 5.005133152008056641e-01 -3.033183701336383820e-02
5.236916542053222656e-01 5.280358195304870605e-01 -2.767299115657806396e-02
5.712025165557861328e-01 6.312671899795532227e-01 3.647702187299728394e-02
5.559545159339904785e-01 6.457380056381225586e-01 2.427575178444385529e-02
5.189233422279357910e-01 6.704129576683044434e-01 -1.536141848191618919e-03
5.984970927238464355e-01 6.076346635818481445e-01 8.937067538499832153e-02
5.521793961524963379e-01 3.914420306682586670e-01 1.075757388025522232e-02
5.339978933334350586e-01 4.334010183811187744e-01 -2.707617543637752533e-02
5.360101461410522461e-01 6.727951169013977051e-01 2.286418713629245758e-02
6.250531673431396484e-01 5.283539295196533203e-01 8.362034708261489868e-02
5.248969197273254395e-01 5.797654986381530762e-01 -1.282514631748199463e-02
5.269945263862609863e-01 5.842173695564270020e-01 -1.471446268260478973e-02
5.286644101142883301e-01 5.904302597045898438e-01 -1.656686514616012573e-02
5.295899510383605957e-01 5.977692008018493652e-01 -1.497039478272199631e-02
5.301091074943542480e-01 6.129124164581298828e-01 -6.499447394162416458e-03
5.418452620506286621e-01 5.692139863967895508e-01 -2.683845581486821175e-03
5.446615815162658691e-01 5.686866044998168945e-01 -2.346246037632226944e-03
5.471550822257995605e-01 5.676489472389221191e-01 -2.253939397633075714e-03
5.593734383583068848e-01 5.595728158950805664e-01 4.636213707271963358e-04
6.040141582489013672e-01 5.271149873733520508e-01 2.444178424775600433e-02
5.346875786781311035e-01 4.162865281105041504e-01 -1.626373827457427979e-02
5.419169068336486816e-01 3.812050819396972656e-01 3.535519586876034737e-03
5.478999614715576172e-01 3.838648796081542969e-01 8.569509722292423248e-03
5.393293499946594238e-01 5.693043470382690430e-01 -1.733746146783232689e-03
6.005292534828186035e-01 5.672599673271179199e-01 4.121237993240356445e-02
5.327991843223571777e-01 3.794175386428833008e-01 -1.127816177904605865e-02
5.349676609039306641e-01 6.279598474502563477e-01 -4.261460562702268362e-04
5.275409817695617676e-01 4.234675765037536621e-01 -3.502888604998588562e-02
5.393086671829223633e-01 4.613497853279113770e-01 -2.700233459472656250e-02
5.167391300201416016e-01 6.358854174613952637e-01 -8.240053430199623108e-03
5.619394779205322266e-01 5.988047719001770020e-01 1.308640185743570328e-02
5.568811297416687012e-01 5.091345906257629395e-01 -5.163993220776319504e-03
5.495634675025939941e-01 6.156489849090576172e-01 6.806286051869392395e-03
5.823100805282592773e-01 5.095862746238708496e-01 9.473141399212181568e-04
5.655803680419921875e-01 5.267359614372253418e-01 -2.157778013497591019e-03
5.883262157440185547e-01 5.373213887214660645e-01 1.066630706191062927e-02
5.188992619514465332e-01 6.548440456390380859e-01 -7.173369638621807098e-03
5.445238947868347168e-01 4.719506800174713135e-01 -1.864236779510974884e-02
5.698552727699279785e-01 6.125321388244628906e-01 2.376514673233032227e-02
5.546324849128723145e-01 6.292322874069213867e-01 1.536860410124063492e-02
5.724106431007385254e-01 5.787767171859741211e-01 1.466668024659156799e-02
6.125507950782775879e-01 5.480868816375732422e-01 5.170234665274620056e-02
5.855116844177246094e-01 5.835328698158264160e-01 2.591412328183650970e-02
6.159947514533996582e-01 5.619916915893554688e-01 7.827892154455184937e-02
5.716489553451538086e-01 5.485945343971252441e-01 4.247844219207763672e-03
5.394017100334167480e-01 4.458370208740234375e-01 -1.886466890573501587e-02
5.362724065780639648e-01 4.946939647197723389e-01 -4.386175796389579773e-02
5.417198538780212402e-01 4.999182820320129395e-01 -3.140012919902801514e-02
5.335644483566284180e-01 4.827063679695129395e-01 -5.219523236155509949e-02
5.529811382293701172e-01 3.637697100639343262e-01 8.379057398997247219e-04
5.730788111686706543e-01 3.524163365364074707e-01 2.818047069013118744e-04
5.898200273513793945e-01 3.515949249267578125e-01 2.296506892889738083e-03
6.024121046066284180e-01 3.575615286827087402e-01 7.733724080026149750e-03
6.099668145179748535e-01 3.680724501609802246e-01 1.505707297474145889e-02
6.107967495918273926e-01 4.033158421516418457e-01 3.225841745734214783e-02
6.360768079757690430e-01 4.564174115657806396e-01 8.432523161172866821e-02
6.007510423660278320e-01 4.282938241958618164e-01 2.243272587656974792e-02
5.892640948295593262e-01 4.321939945220947266e-01 1.496916171163320541e-02
5.746662616729736328e-01 4.297013282775878906e-01 9.495941922068595886e-03
5.609640479087829590e-01 4.234422445297241211e-01 6.286526098847389221e-03
5.505247712135314941e-01 4.162659347057342529e-01 5.519236903637647629e-03
5.434546470642089844e-01 4.097529351711273193e-01 4.364805761724710464e-03
6.340059041976928711e-01 4.562544226646423340e-01 1.266800910234451294e-01
5.408312678337097168e-01 5.042978525161743164e-01 -2.586461417376995087e-02
5.333709716796875000e-01 4.488178789615631104e-01 -3.617127612233161926e-02
5.293433666229248047e-01 4.945117235183715820e-01 -5.326760187745094299e-02
5.223846435546875000e-01 5.018870830535888672e-01 -4.915945231914520264e-02
5.285322070121765137e-01 4.973449707031250000e-01 -4.775996878743171692e-02
5.373697876930236816e-01 5.087674260139465332e-01 -2.235714346170425415e-02
5.204566717147827148e-01 5.031113624572753906e-01 -5.225292965769767761e-02
5.184759497642517090e-01 5.066540241241455078e-01 -3.905026614665985107e-02
5.442625880241394043e-01 3.958737552165985107e-01 1.011636108160018921e-02
5.383977293968200684e-01 3.994987010955810547e-01 2.878795145079493523e-03
5.350340604782104492e-01 4.020303189754486084e-01 -5.189163610339164734e-03
5.989462733268737793e-01 3.924807012081146240e-01 1.961616240441799164e-02
6.068928837776184082e-01 3.843482732772827148e-01 2.047040313482284546e-02
4.550073146820068359e-01 3.776383697986602783e-01 4.781958647072315216e-03
4.664379954338073730e-01 3.790368437767028809e-01 4.781958647072315216e-03
4.563922286033630371e-01 3.626263141632080078e-01 4.781958647072315216e-03
4.433638453483581543e-01 3.761876821517944336e-01 4.781958647072315216e-03
4.535515010356903076e-01 3.924821913242340088e-01 4.781958647072315216e-03
5.782229304313659668e-01 3.934327363967895508e-01 1.326465047895908356e-02
5.897481441497802734e-01 3.948408961296081543e-01 1.326465047895908356e-02
5.791315436363220215e-01 3.779894709587097168e-01 1.326465047895908356e-02
5.666447281837463379e-01 3.919352293014526367e-01 1.326465047895908356e-02
5.773507952690124512e-01 4.088915884494781494e-01 1.326465047895908356e-02
