5.058034062385559082e-01 5.188558101654052734e-01 -3.761999309062957764e-02
5.112939476966857910e-01 4.631620645523071289e-01 -6.151453033089637756e-02
5.086732506752014160e-01 4.823862612247467041e-01 -3.456897661089897156e-02
5.047745108604431152e-01 4.087310135364532471e-01 -4.349721595644950867e-02
5.127580165863037109e-01 4.459581375122070312e-01 -6.437283009290695190e-02
5.139610171318054199e-01 4.246191978454589844e-01 -5.842689052224159241e-02
5.163545608520507812e-01 3.741700947284698486e-01 -2.337113767862319946e-02
4.350643754005432129e-01 3.609583675861358643e-01 1.499061752110719681e-02
5.190524458885192871e-01 3.307894468307495117e-01 -1.236983388662338257e-02
5.207142233848571777e-01 3.085879087448120117e-01 -1.258588302880525589e-02
5.251131653785705566e-01 2.395348250865936279e-01 5.879845004528760910e-03
5.055362582206726074e-01 5.232957601547241211e-01 -3.667150065302848816e-02
5.050928592681884766e-01 5.278459787368774414e-01 -3.332730382680892944e-02
5.047515630722045898e-01 5.308716297149658203e-01 -2.853620611131191254e-02
5.025631785392761230e-01 5.659863948822021484e-01 -2.534952573478221893e-02
5.022811293601989746e-01 5.726767778396606445e-01 -2.747811749577522278e-02
5.016875863075256348e-01 5.809734463691711426e-01 -3.015519678592681885e-02
5.009762644767761230e-01 5.893154144287109375e-01 -2.863861992955207825e-02
4.986208081245422363e-01 5.990694761276245117e-01 -1.857825554907321930e-02
5.101644992828369141e-01 4.725915491580963135e-01 -5.622442811727523804e-02
4.992536008358001709e-01 4.719950854778289795e-01 -4.164929687976837158e-02
3.934641480445861816e-01 3.013474941253662109e-01 7.116968184709548950e-02
4.642176628112792969e-01 3.791896402835845947e-01 4.430717788636684418e-03
4.525498747825622559e-01 3.795948326587677002e-01 4.479156807065010071e-03
4.417472481727600098e-01 3.773987293243408203e-01 7.018355652689933777e-03
4.286970496177673340e-01 3.664585947990417480e-01 1.582745648920536041e-02
4.749085009098052979e-01 3.753560781478881836e-01 6.822479888796806335e-03
4.548684060573577881e-01 3.241639733314514160e-01 2.120568882673978806e-03
4.675279259681701660e-01 3.279650807380676270e-01 3.324220888316631317e-03
4.422990083694458008e-01 3.259537518024444580e-01 4.825857933610677719e-03
4.333006143569946289e-01 3.328228592872619629e-01 8.621992543339729309e-03
4.165005683898925781e-01 3.767710924148559570e-01 2.026477642357349396e-02
4.523266255855560303e-01 6.151893734931945801e-01 -9.449368342757225037e-03
4.314753413200378418e-01 3.559533357620239258e-01 1.867179013788700104e-02
3.818694055080413818e-01 3.704612255096435547e-01 6.913670152425765991e-02
4.043956398963928223e-01 3.630946874618530273e-01 3.191301971673965454e-02
4.525499641895294189e-01 4.475154280662536621e-01 -1.189390476793050766e-02
4.910352528095245361e-01 5.151868462562561035e-01 -3.682499378919601440e-02
4.917557835578918457e-01 5.265397429466247559e-01 -3.248245641589164734e-02
4.760218262672424316e-01 5.203680396080017090e-01 -3.138095885515213013e-02
4.659813344478607178e-01 5.267602801322937012e-01 -2.376600727438926697e-02
4.802995920181274414e-01 5.282187461853027344e-01 -2.870042808353900909e-02
4.713829159736633301e-01 5.316665172576904297e-01 -2.151075936853885651e-02
4.482180178165435791e-01 5.582845211029052734e-01 -8.063772693276405334e-03
5.017931461334228516e-01 4.616475701332092285e-01 -6.096690893173217773e-02
5.015487670898437500e-01 4.450463056564331055e-01 -6.356839090585708618e-02
4.187291264533996582e-01 3.126338124275207520e-01 1.320050098001956940e-02
4.784095883369445801e-01 4.084605574607849121e-01 -8.949164301156997681e-03
4.748823642730712891e-01 4.575217664241790771e-01 -3.482607007026672363e-02
4.741591215133666992e-01 4.491457045078277588e-01 -3.107398003339767456e-02
4.180990457534790039e-01 4.427649974822998047e-01 2.497135428711771965e-04
5.032828450202941895e-01 4.253202080726623535e-01 -5.568699166178703308e-02
4.487348198890686035e-01 2.916619777679443359e-01 -2.855574246495962143e-03
4.319265782833099365e-01 2.984535396099090576e-01 4.528960213065147400e-03
4.085832536220550537e-01 2.726937532424926758e-01 5.230264365673065186e-02
4.976338744163513184e-01 3.130301833152770996e-01 -1.027766615152359009e-02
4.779584705829620361e-01 3.374888896942138672e-01 6.900840904563665390e-03
4.417393803596496582e-01 5.397204160690307617e-01 -5.645937286317348480e-03
3.812386989593505859e-01 5.303584933280944824e-01 8.660124987363815308e-02
4.827876389026641846e-01 4.678978919982910156e-01 -3.050422482192516327e-02
4.912948012351989746e-01 4.738847613334655762e-01 -3.133257478475570679e-02
4.549398422241210938e-01 5.416148304939270020e-01 -6.482962984591722488e-03
4.583401978015899658e-01 5.418506860733032227e-01 -9.261131286621093750e-03
4.266665279865264893e-01 2.877900898456573486e-01 1.054151821881532669e-02
4.735270142555236816e-01 4.659728407859802246e-01 -2.914365753531455994e-02
4.698838889598846436e-01 2.943782210350036621e-01 -7.932995446026325226e-03
4.696623682975769043e-01 2.809469997882843018e-01 -9.193879552185535431e-03
4.590291380882263184e-01 2.390121370553970337e-01 1.506889518350362778e-02
4.162969589233398438e-01 2.858642339706420898e-01 2.876416780054569244e-02
4.637052714824676514e-01 2.662776112556457520e-01 2.699802629649639130e-03
4.121610224246978760e-01 3.064127564430236816e-01 2.323654480278491974e-02
4.019795060157775879e-01 3.092261254787445068e-01 4.612044990062713623e-02
4.910508394241333008e-01 5.211766362190246582e-01 -3.597987815737724304e-02
4.780145883560180664e-01 5.246160030364990234e-01 -3.062444739043712616e-02
4.685051143169403076e-01 5.293933153152465820e-01 -2.360808849334716797e-02
4.851084947586059570e-01 4.716427028179168701e-01 -2.800467237830162048e-02
4.566401243209838867e-01 5.418010950088500977e-01 -7.916332222521305084e-03
4.604896008968353271e-01 5.508169531822204590e-01 -1.408259570598602295e-02
4.598908424377441406e-01 5.418643951416015625e-01 -9.456109255552291870e-03
4.889728724956512451e-01 4.612160325050354004e-01 -4.545063525438308716e-02
4.737318456172943115e-01 5.327734351158142090e-01 -1.981181837618350983e-02
4.822803139686584473e-01 5.302304029464721680e-01 -2.453201264142990112e-02
4.926547408103942871e-01 5.295649766921997070e-01 -2.802440151572227478e-02
4.827343821525573730e-01 5.957679152488708496e-01 -1.896814815700054169e-02
4.846901297569274902e-01 5.850576162338256836e-01 -2.873721532523632050e-02
4.862808883190155029e-01 5.769590139389038086e-01 -2.977554872632026672e-02
4.882005155086517334e-01 5.689285993576049805e-01 -2.687077410519123077e-02
4.901035130023956299e-01 5.631480216979980469e-01 -2.479469589889049530e-02
4.722095429897308350e-01 5.540728569030761719e-01 -1.733932644128799438e-02
4.693320989608764648e-01 5.560731291770935059e-01 -1.931986212730407715e-02
4.657383263111114502e-01 5.594530701637268066e-01 -2.142050862312316895e-02
4.627909362316131592e-01 5.634416937828063965e-01 -1.987107843160629272e-02
4.576007127761840820e-01 5.096397399902343750e-01 -1.965762488543987274e-02
3.732016086578369141e-01 4.448802769184112549e-01 1.083052828907966614e-01
5.093879699707031250e-01 4.771749973297119141e-01 -4.195529967546463013e-02
4.665310382843017578e-01 5.491099357604980469e-01 -1.249562017619609833e-02
4.635151028633117676e-01 5.497102737426757812e-01 -1.388666126877069473e-02
4.940805435180664062e-01 4.808542132377624512e-01 -3.249616548418998718e-02
4.763524532318115234e-01 4.769226312637329102e-01 -2.133260853588581085e-02
4.927637875080108643e-01 4.774428009986877441e-01 -3.207925334572792053e-02
4.654255509376525879e-01 4.170326590538024902e-01 -6.761733442544937134e-03
4.460197389125823975e-01 4.258917868137359619e-01 -5.222749896347522736e-03
4.714715778827667236e-01 4.571856558322906494e-01 -2.530688606202602386e-02
4.294179081916809082e-01 2.510328888893127441e-01 3.203054144978523254e-02
4.358828961849212646e-01 2.706726491451263428e-01 1.464802678674459457e-02
4.460645914077758789e-01 2.792887985706329346e-01 2.608347494970075786e-05
4.564212262630462646e-01 5.721978545188903809e-01 -1.309988927096128464e-02
4.970475435256958008e-01 2.896185517311096191e-01 -1.305365841835737228e-02
4.917609095573425293e-01 2.693572938442230225e-01 -3.460322273895144463e-03
4.898295998573303223e-01 2.361082285642623901e-01 6.119035650044679642e-03
4.330685734748840332e-01 3.730990588665008545e-01 1.144393719732761383e-02
4.017565250396728516e-01 3.880293071269989014e-01 2.503154054284095764e-02
4.822842776775360107e-01 3.709166049957275391e-01 9.082417935132980347e-03
4.201993346214294434e-01 3.398149013519287109e-01 1.759701035916805267e-02
4.875271916389465332e-01 3.980397582054138184e-01 -1.174158044159412384e-02
4.824584722518920898e-01 4.503951072692871094e-01 -4.500590264797210693e-02
3.903532028198242188e-01 4.004571139812469482e-01 3.550104051828384399e-02
4.087219238281250000e-01 3.997350335121154785e-01 1.415004953742027283e-02
4.236131310462951660e-01 4.068973064422607422e-01 4.226170014590024948e-03
4.466019868850708008e-01 4.062017798423767090e-01 8.010546443983912468e-04
4.637419581413269043e-01 4.007722735404968262e-01 -2.457167720422148705e-04
4.773571491241455078e-01 3.938460052013397217e-01 -1.723255380056798458e-03
5.050407648086547852e-01 3.769068717956542969e-01 -2.005741931498050690e-02
3.901999592781066895e-01 4.354291856288909912e-01 2.964442968368530273e-02
4.107866883277893066e-01 3.365420103073120117e-01 2.294065617024898529e-02
5.045368075370788574e-01 4.713037312030792236e-01 -5.593117326498031616e-02
4.785252809524536133e-01 4.244568645954132080e-01 -1.514058746397495270e-02
3.764374256134033203e-01 3.710312843322753906e-01 1.058658137917518616e-01
4.880594611167907715e-01 3.852558135986328125e-01 -1.954605337232351303e-03
4.698529243469238281e-01 4.588612020015716553e-01 -1.425612717866897583e-02
4.256167113780975342e-01 3.552173078060150146e-01 2.039998769760131836e-02
4.822239279747009277e-01 4.404001533985137939e-01 -4.018110781908035278e-02
3.752602040767669678e-01 4.859233498573303223e-01 1.004229485988616943e-01
4.836601614952087402e-01 3.652107417583465576e-01 1.241946313530206680e-02
4.926603436470031738e-01 4.306797683238983154e-01 -4.999379441142082214e-02
4.048521816730499268e-01 5.721353292465209961e-01 2.853869833052158356e-02
4.019197821617126465e-01 5.931135416030883789e-01 4.658582061529159546e-02
3.769828379154205322e-01 4.403914809226989746e-01 6.891192495822906494e-02
3.928686082363128662e-01 5.476621985435485840e-01 4.204807057976722717e-02
3.916214406490325928e-01 3.376630842685699463e-01 6.106366217136383057e-02
4.476243257522583008e-01 6.328865289688110352e-01 -4.635585937649011612e-03
5.050343871116638184e-01 4.760764539241790771e-01 -4.140128195285797119e-02
4.672023057937622070e-01 4.361681342124938965e-01 -1.243073586374521255e-02
3.934519588947296143e-01 3.668654263019561768e-01 4.246179386973381042e-02
4.449494481086730957e-01 3.677591681480407715e-01 8.693232201039791107e-03
4.542172253131866455e-01 3.703870475292205811e-01 6.499049719423055649e-03
4.576985239982604980e-01 5.523070096969604492e-01 -1.260911580175161362e-02
3.904432058334350586e-01 4.696490466594696045e-01 3.077007830142974854e-02
4.672235846519470215e-01 6.603485941886901855e-01 -9.817617246881127357e-04
4.315721690654754639e-01 6.334471702575683594e-01 1.933846995234489441e-02
4.173071384429931641e-01 6.168463230133056641e-01 3.119092620909214020e-02
5.230108499526977539e-01 2.744866311550140381e-01 -3.990387078374624252e-03
4.931886196136474609e-01 6.666035652160644531e-01 -2.687180181965231895e-03
4.639070630073547363e-01 3.702933490276336670e-01 6.828544195741415024e-03
4.735223054885864258e-01 3.682439923286437988e-01 9.133295156061649323e-03
4.800813794136047363e-01 3.667511940002441406e-01 1.200536359101533890e-02
4.022146463394165039e-01 3.342232108116149902e-01 3.425048664212226868e-02
4.743628799915313721e-01 3.545955717563629150e-01 8.191021159291267395e-03
4.645936787128448486e-01 3.500496149063110352e-01 5.900600925087928772e-03
4.549934864044189453e-01 3.484363853931427002e-01 5.758622661232948303e-03
4.452567100524902344e-01 3.493521511554718018e-01 7.706173229962587357e-03
4.387241005897521973e-01 3.518381118774414062e-01 1.069302856922149658e-02
3.832488656044006348e-01 3.324905037879943848e-01 9.123028069734573364e-02
4.390566349029541016e-01 3.643761277198791504e-01 1.197040174156427383e-02
5.074111223220825195e-01 4.963798522949218750e-01 -3.284099698066711426e-02
4.693412482738494873e-01 5.005986690521240234e-01 -2.443825453519821167e-02
4.831800758838653564e-01 4.644429981708526611e-01 -3.422899544239044189e-02
4.915923476219177246e-01 4.959014058113098145e-01 -3.284731879830360413e-02
5.174266099929809570e-01 3.536502718925476074e-01 -1.354372967034578323e-02
4.179655313491821289e-01 5.957300066947937012e-01 1.814136281609535217e-02
4.318292737007141113e-01 6.143812537193298340e-01 7.380283903330564499e-03
4.684050679206848145e-01 6.473007798194885254e-01 -1.455795392394065857e-02
3.907048404216766357e-01 5.665584802627563477e-01 6.687804311513900757e-02
4.809882044792175293e-01 3.608424067497253418e-01 1.075791008770465851e-02
4.958314895629882812e-01 4.018107056617736816e-01 -2.665533684194087982e-02
4.941864311695098877e-01 6.535205245018005371e-01 -1.598584838211536407e-02
4.476932287216186523e-01 6.485095024108886719e-01 6.897374987602233887e-03
3.784067630767822266e-01 4.782415926456451416e-01 6.457161158323287964e-02
4.801106452941894531e-01 5.590276718139648438e-01 -2.156554907560348511e-02
4.771752357482910156e-01 5.628836154937744141e-01 -2.372686192393302917e-02
4.741694331169128418e-01 5.688891410827636719e-01 -2.609515562653541565e-02
4.717799127101898193e-01 5.758718848228454590e-01 -2.501740492880344391e-02
4.675546586513519287e-01 5.854586958885192871e-01 -1.769862882792949677e-02
4.641301631927490234e-01 5.361400842666625977e-01 -1.495913602411746979e-02
4.612647891044616699e-01 5.349899530410766602e-01 -1.509106624871492386e-02
4.589097201824188232e-01 5.333002805709838867e-01 -1.510708406567573547e-02
4.481212794780731201e-01 5.230341553688049316e-01 -1.280595920979976654e-02
4.067741930484771729e-01 4.789708852767944336e-01 9.109188802540302277e-03
4.964969158172607422e-01 3.861807286739349365e-01 -1.498656440526247025e-02
4.936117529869079590e-01 3.507990241050720215e-01 6.092852447181940079e-03
4.862592518329620361e-01 3.532877862453460693e-01 9.563925676047801971e-03
4.665116369724273682e-01 5.365145206451416016e-01 -1.401875354349613190e-02
4.016274809837341309e-01 5.215970873832702637e-01 2.320973947644233704e-02
5.043517351150512695e-01 3.499103188514709473e-01 -7.347908336669206619e-03
4.596619009971618652e-01 5.992853641510009766e-01 -1.264341175556182861e-02
5.147641897201538086e-01 4.073081612586975098e-01 -4.641487449407577515e-02
5.047293305397033691e-01 3.936100900173187256e-01 -3.262998163700103760e-02
5.155023336410522461e-01 3.913407623767852783e-01 -3.438680991530418396e-02
4.859338700771331787e-01 4.271289110183715820e-01 -2.904244326055049896e-02
4.957614541053771973e-01 6.355320215225219727e-01 -2.043832466006278992e-02
4.973226189613342285e-01 6.155768036842346191e-01 -1.902757957577705383e-02
4.776842296123504639e-01 6.113536953926086426e-01 -1.783232390880584717e-02
4.361089766025543213e-01 5.632578730583190918e-01 -2.275844337418675423e-03
4.591206908226013184e-01 4.713306128978729248e-01 -1.272826828062534332e-02
4.459680020809173584e-01 5.834500789642333984e-01 -7.251502946019172668e-03
4.335528612136840820e-01 4.654961526393890381e-01 -9.648505598306655884e-03
4.476616382598876953e-01 4.868073761463165283e-01 -1.255462784320116043e-02
4.221401512622833252e-01 4.925347864627838135e-01 -2.940509933978319168e-03
4.721156060695648193e-01 6.299114823341369629e-01 -1.865092478692531586e-02
4.779703021049499512e-01 4.369929432868957520e-01 -2.226019091904163361e-02
4.243641793727874756e-01 5.757721662521362305e-01 6.868852768093347549e-03
4.376135468482971191e-01 5.965396165847778320e-01 -5.823850005981512368e-05
4.297842979431152344e-01 5.399764180183410645e-01 -1.095521845854818821e-03
3.916594386100769043e-01 4.995280802249908447e-01 3.311601653695106506e-02
4.144635498523712158e-01 5.418809056282043457e-01 8.935550227761268616e-03
3.827899396419525146e-01 5.141322612762451172e-01 5.751758441329002380e-02
4.374895095825195312e-01 5.083916187286376953e-01 -8.784829638898372650e-03
4.874045550823211670e-01 4.128747582435607910e-01 -2.043842338025569916e-02
4.857620596885681152e-01 4.579256474971771240e-01 -4.754358902573585510e-02
4.783116579055786133e-01 4.629917144775390625e-01 -3.609663248062133789e-02
4.914498329162597656e-01 4.466202855110168457e-01 -5.467407032847404480e-02
4.862082004547119141e-01 3.302118182182312012e-01 2.976341638714075089e-03
4.686186313629150391e-01 3.153007030487060547e-01 6.282041431404650211e-04
4.524918496608734131e-01 3.115090131759643555e-01 3.605696256272494793e-04
4.381944239139556885e-01 3.150123357772827148e-01 3.653580555692315102e-03
4.273013174533843994e-01 3.237707614898681641e-01 9.544432163238525391e-03
4.161280393600463867e-01 3.589428365230560303e-01 2.446073107421398163e-02
3.776251971721649170e-01 4.046480059623718262e-01 6.923678517341613770e-02
4.221183955669403076e-01 3.841914534568786621e-01 1.424300577491521835e-02
4.334555268287658691e-01 3.901261389255523682e-01 8.006227202713489532e-03
4.489857256412506104e-01 3.916872441768646240e-01 4.203217104077339172e-03
4.642119109630584717e-01 3.892541825771331787e-01 3.091453807428479195e-03
4.766505360603332520e-01 3.843516707420349121e-01 4.223820287734270096e-03
4.855511188507080078e-01 3.793005347251892090e-01 4.383271094411611557e-03
3.739246129989624023e-01 4.075849056243896484e-01 1.108646169304847717e-01
4.778742194175720215e-01 4.684019982814788818e-01 -3.075278922915458679e-02
4.951534271240234375e-01 4.158950746059417725e-01 -3.682592883706092834e-02
4.937767088413238525e-01 4.588350653648376465e-01 -5.588667094707489014e-02
4.989649653434753418e-01 4.684529304504394531e-01 -5.150687694549560547e-02
4.934893548488616943e-01 4.621594548225402832e-01 -5.059270933270454407e-02
4.803756177425384521e-01 4.742588400840759277e-01 -2.702943608164787292e-02
5.010470151901245117e-01 4.699739515781402588e-01 -5.446754395961761475e-02
5.015390515327453613e-01 4.747014343738555908e-01 -4.148186370730400085e-02
4.874818325042724609e-01 3.653282225131988525e-01 1.103344094008207321e-02
4.931641817092895508e-01 3.698816299438476562e-01 4.467192105948925018e-03
4.968010187149047852e-01 3.723033070564270020e-01 -3.327237907797098160e-03
4.347470104694366455e-01 3.539372384548187256e-01 1.409319229423999786e-02
4.269742369651794434e-01 3.418598771095275879e-01 1.439177058637142181e-02
5.240492224693298340e-01 4.112546443939208984e-01 -4.197054728865623474e-02
5.938999652862548828e-01 3.793398439884185791e-01 2.553171478211879730e-02
5.195988416671752930e-01 4.746628999710083008e-01 -4.048325121402740479e-02
6.312246918678283691e-01 3.333903849124908447e-01 8.707139641046524048e-02
5.631765127182006836e-01 3.886225819587707520e-01 1.132337003946304321e-02
5.732741355895996094e-01 3.918252587318420410e-01 1.276682969182729721e-02
5.832091569900512695e-01 3.934290111064910889e-01 1.652771607041358948e-02
5.977537631988525391e-01 3.866910636425018311e-01 2.694063819944858551e-02
5.547468662261962891e-01 3.835730552673339844e-01 1.227880548685789108e-02
5.821108818054199219e-01 3.403426706790924072e-01 1.069977134466171265e-02
5.696321725845336914e-01 3.414874076843261719e-01 1.009846478700637817e-02
5.935039520263671875e-01 3.445819616317749023e-01 1.470541022717952728e-02
6.005034446716308594e-01 3.531909286975860596e-01 1.928025856614112854e-02
6.048555970191955566e-01 4.000944793224334717e-01 3.225320950150489807e-02
5.401350259780883789e-01 6.249647140502929688e-01 -4.621504340320825577e-03
5.983000993728637695e-01 3.753252029418945312e-01 2.965457364916801453e-02
6.348201632499694824e-01 4.035400152206420898e-01 8.502998203039169312e-02
6.174837350845336914e-01 3.894365429878234863e-01 4.524901509284973145e-02
5.651420354843139648e-01 4.623239040374755859e-01 -4.724567756056785583e-03
5.204675197601318359e-01 5.178331136703491211e-01 -3.494819626212120056e-02
5.176962018013000488e-01 5.291185379028320312e-01 -3.075321577489376068e-02
5.338221192359924316e-01 5.253335237503051758e-01 -2.752011641860008240e-02
5.419011712074279785e-01 5.339809656143188477e-01 -1.852754503488540649e-02
5.280488133430480957e-01 5.326833128929138184e-01 -2.537256665527820587e-02
5.355580449104309082e-01 5.379937291145324707e-01 -1.705302670598030090e-02
5.519158244132995605e-01 5.710366964340209961e-01 -1.531184418126940727e-03
5.205239057540893555e-01 4.641251564025878906e-01 -5.997920781373977661e-02
5.235183238983154297e-01 4.479234814643859863e-01 -6.242774799466133118e-02
6.148158907890319824e-01 3.388579487800598145e-01 2.570938318967819214e-02
5.456917285919189453e-01 4.173206388950347900e-01 -4.229332786053419113e-03
5.449250936508178711e-01 4.665609300136566162e-01 -3.043268248438835144e-02
5.464166402816772461e-01 4.583461582660675049e-01 -2.654260024428367615e-02
5.973103046417236328e-01 4.663600921630859375e-01 1.174029521644115448e-02
5.240130424499511719e-01 4.279730618000030518e-01 -5.419825389981269836e-02
5.918524861335754395e-01 3.147947192192077637e-01 6.038063671439886093e-03
6.058973073959350586e-01 3.232469558715820312e-01 1.549728680402040482e-02
6.235966682434082031e-01 3.020710945129394531e-01 6.643630564212799072e-02
5.437456369400024414e-01 3.275600671768188477e-01 -7.214722689241170883e-03
5.585990548133850098e-01 3.484150171279907227e-01 1.245615910738706589e-02
5.610222220420837402e-01 5.548670887947082520e-01 2.336551900953054428e-03
6.137121915817260742e-01 5.602331757545471191e-01 1.019306480884552002e-01
5.352140665054321289e-01 4.747234880924224854e-01 -2.737988717854022980e-02
5.261471271514892578e-01 4.783503413200378418e-01 -2.975110709667205811e-02
5.490227341651916504e-01 5.524911880493164062e-01 4.170207248535007238e-04
5.457493662834167480e-01 5.517731308937072754e-01 -3.119084984064102173e-03
6.118108630180358887e-01 3.136509060859680176e-01 2.206929959356784821e-02
5.442286729812622070e-01 4.749963879585266113e-01 -2.482326515018939972e-02
5.719713568687438965e-01 3.151796162128448486e-01 -1.833118847571313381e-03
5.745372176170349121e-01 3.019402623176574707e-01 -2.961896825581789017e-03
5.860431194305419922e-01 2.569800615310668945e-01 2.326745539903640747e-02
6.175411939620971680e-01 3.124593496322631836e-01 4.130490869283676147e-02
5.794194936752319336e-01 2.821982204914093018e-01 9.732915088534355164e-03
6.210875511169433594e-01 3.339471220970153809e-01 3.645496815443038940e-02
6.257314085960388184e-01 3.385734856128692627e-01 6.031842902302742004e-02
5.194133520126342773e-01 5.239654183387756348e-01 -3.409114107489585876e-02
5.309623479843139648e-01 5.295054316520690918e-01 -2.701781690120697021e-02
5.389144420623779297e-01 5.362395644187927246e-01 -1.881717145442962646e-02
5.321202278137207031e-01 4.776922464370727539e-01 -2.535839192569255829e-02
5.473231673240661621e-01 5.522116422653198242e-01 -1.523453276604413986e-03
5.430389642715454102e-01 5.606185793876647949e-01 -8.636355400085449219e-03
5.441368818283081055e-01 5.513458251953125000e-01 -3.487470792606472969e-03
5.313534140586853027e-01 4.668883085250854492e-01 -4.243837296962738037e-02
5.328603982925415039e-01 5.385057330131530762e-01 -1.555957272648811340e-02
5.255113244056701660e-01 5.342416763305664062e-01 -2.137252502143383026e-02
5.161477327346801758e-01 5.318408012390136719e-01 -2.622101455926895142e-02
5.144863128662109375e-01 5.996043682098388672e-01 -1.732449978590011597e-02
5.166048407554626465e-01 5.890687704086303711e-01 -2.690915763378143311e-02
5.164831876754760742e-01 5.806024670600891113e-01 -2.788317948579788208e-02
5.157067179679870605e-01 5.721583366394042969e-01 -2.497477084398269653e-02
5.143709182739257812e-01 5.659542679786682129e-01 -2.298719435930252075e-02
5.315516591072082520e-01 5.609483718872070312e-01 -1.308876648545265198e-02
5.342661738395690918e-01 5.638483762741088867e-01 -1.505385059863328934e-02
5.373824238777160645e-01 5.682834982872009277e-01 -1.695901900529861450e-02
5.397289991378784180e-01 5.731716156005859375e-01 -1.514649670571088791e-02
5.517091751098632812e-01 5.216540098190307617e-01 -1.362947281450033188e-02
6.296731829643249512e-01 4.787546396255493164e-01 1.252314597368240356e-01
5.371863842010498047e-01 5.572642087936401367e-01 -7.219900377094745636e-03
5.401658415794372559e-01 5.586465597152709961e-01 -8.642998524010181427e-03
5.227220654487609863e-01 4.844438135623931885e-01 -3.089534118771553040e-02
5.392182469367980957e-01 4.849044680595397949e-01 -1.787192746996879578e-02
5.243439078330993652e-01 4.814968109130859375e-01 -3.053278662264347076e-02
5.564695596694946289e-01 4.290301799774169922e-01 -4.944321117363870144e-04
5.736904740333557129e-01 4.427966177463531494e-01 3.077595727518200874e-03
5.473498106002807617e-01 4.668546020984649658e-01 -2.059820480644702911e-02
6.098772287368774414e-01 2.761021852493286133e-01 4.359847679734230042e-02
6.032447814941406250e-01 2.931611537933349609e-01 2.479478158056735992e-02
5.961440205574035645e-01 3.025903105735778809e-01 9.304152801632881165e-03
5.425184965133666992e-01 5.824750065803527832e-01 -7.693963125348091125e-03
5.486653447151184082e-01 3.056210279464721680e-01 -9.858104400336742401e-03
5.532792210578918457e-01 2.779374718666076660e-01 2.436117938486859202e-04
5.587110519409179688e-01 2.460160702466964722e-01 1.032709330320358276e-02
5.921546220779418945e-01 3.920740187168121338e-01 2.194913104176521301e-02
6.147580742835998535e-01 4.146499931812286377e-01 3.823418915271759033e-02
5.491311550140380859e-01 3.786854147911071777e-01 1.393205765634775162e-02
6.095182299613952637e-01 3.633214831352233887e-01 2.970638126134872437e-02
5.389298200607299805e-01 4.048347771167755127e-01 -8.002523332834243774e-03
5.393857359886169434e-01 4.579432010650634766e-01 -4.142607375979423523e-02
6.262475848197937012e-01 4.314289689064025879e-01 5.033879354596138000e-02
6.066132187843322754e-01 4.251805543899536133e-01 2.672780863940715790e-02
5.923614501953125000e-01 4.288144707679748535e-01 1.505653560161590576e-02
5.723534226417541504e-01 4.220670163631439209e-01 9.178701788187026978e-03
5.582354068756103516e-01 4.122613370418548584e-01 6.203304510563611984e-03
5.477232336997985840e-01 4.026131033897399902e-01 3.124790964648127556e-03
5.265321135520935059e-01 3.798204064369201660e-01 -1.851770654320716858e-02
6.225771903991699219e-01 4.658361375331878662e-01 4.449915513396263123e-02
6.171899437904357910e-01 3.629210889339447021e-01 3.606784716248512268e-02
5.157239437103271484e-01 4.727661013603210449e-01 -5.513648688793182373e-02
5.439883470535278320e-01 4.329782426357269287e-01 -1.052165962755680084e-02
6.355334520339965820e-01 4.054048359394073486e-01 1.234049499034881592e-01
5.399891138076782227e-01 3.921533823013305664e-01 1.817056094296276569e-03
5.478185415267944336e-01 4.687775373458862305e-01 -9.436609223484992981e-03
6.029546260833740234e-01 3.763465285301208496e-01 3.197054564952850342e-02
5.405334234237670898e-01 4.479678273200988770e-01 -3.651116415858268738e-02
6.237326264381408691e-01 5.183655619621276855e-01 1.166364327073097229e-01
5.497946739196777344e-01 3.728727102279663086e-01 1.745843514800071716e-02
5.327581167221069336e-01 4.359139502048492432e-01 -4.734589904546737671e-02
5.897515416145324707e-01 5.941882133483886719e-01 3.948379307985305786e-02
5.883095860481262207e-01 6.149856448173522949e-01 5.834590271115303040e-02
6.315262317657470703e-01 4.733276963233947754e-01 8.482914417982101440e-02
6.039358377456665039e-01 5.737930536270141602e-01 5.490420758724212646e-02
6.304095983505249023e-01 3.690140843391418457e-01 7.622783631086349487e-02
5.416634082794189453e-01 6.429070234298706055e-01 5.923123098909854889e-04
5.137118697166442871e-01 4.772047400474548340e-01 -4.092203453183174133e-02
5.527794361114501953e-01 4.473574757575988770e-01 -6.811113096773624420e-03
6.258447170257568359e-01 3.951449096202850342e-01 5.698858574032783508e-02
5.832343101501464844e-01 3.824349343776702881e-01 1.803969405591487885e-02
5.745175480842590332e-01 3.817130327224731445e-01 1.474693417549133301e-02
5.455772876739501953e-01 5.629114508628845215e-01 -6.859302520751953125e-03
6.178101301193237305e-01 4.992086887359619141e-01 4.522535204887390137e-02
5.190460085868835449e-01 6.655883789062500000e-01 2.041843254119157791e-03
5.558129549026489258e-01 6.464276313781738281e-01 2.688793092966079712e-02
5.713159441947937012e-01 6.337337493896484375e-01 4.075688123703002930e-02
5.660404562950134277e-01 3.792983889579772949e-01 1.383799035102128983e-02
5.580486655235290527e-01 3.762029707431793213e-01 1.511710230261087418e-02
5.525585412979125977e-01 3.745692074298858643e-01 1.737692765891551971e-02
6.244356036186218262e-01 3.620426058769226074e-01 4.831086471676826477e-02
5.603522062301635742e-01 3.643186986446380615e-01 1.434494834393262863e-02
5.697615146636962891e-01 3.610445261001586914e-01 1.310876384377479553e-02
5.787843465805053711e-01 3.609575927257537842e-01 1.413884945213794708e-02
5.875934958457946777e-01 3.640919625759124756e-01 1.718266494572162628e-02
5.929397940635681152e-01 3.685808181762695312e-01 2.088590711355209351e-02
6.349810957908630371e-01 3.660116791725158691e-01 1.082254573702812195e-01
5.893863439559936523e-01 3.813238739967346191e-01 2.203140966594219208e-02
5.425825119018554688e-01 5.098696947097778320e-01 -1.980298757553100586e-02
5.356941223144531250e-01 4.714166224002838135e-01 -3.111567161977291107e-02
5.228355526924133301e-01 4.999266862869262695e-01 -3.094168007373809814e-02
5.742231607437133789e-01 6.135739684104919434e-01 2.701662853360176086e-02
5.588150024414062500e-01 6.282817721366882324e-01 1.434394158422946930e-02
5.201627016067504883e-01 6.528615355491638184e-01 -1.178531721234321594e-02
6.014254689216613770e-01 5.926141738891601562e-01 8.062116056680679321e-02
5.532160401344299316e-01 3.693330883979797363e-01 1.625698059797286987e-02
5.320702195167541504e-01 4.066093862056732178e-01 -2.411278709769248962e-02
5.390255451202392578e-01 6.576527953147888184e-01 1.240521483123302460e-02
6.255645751953125000e-01 5.100575089454650879e-01 7.996453344821929932e-02
5.239435434341430664e-01 5.640057921409606934e-01 -1.834674738347530365e-02
5.263954997062683105e-01 5.687325596809387207e-01 -2.038406766951084137e-02
5.285625457763671875e-01 5.755992531776428223e-01 -2.259507775306701660e-02
5.298936367034912109e-01 5.833454728126525879e-01 -2.140198461711406708e-02
5.302758216857910156e-01 5.927505493164062500e-01 -1.375504955649375916e-02
5.413934588432312012e-01 5.442925691604614258e-01 -9.578939527273178101e-03
5.443841814994812012e-01 5.438076853752136230e-01 -9.175737388432025909e-03
5.471426248550415039e-01 5.426349043846130371e-01 -8.868717588484287262e-03
5.580471158027648926e-01 5.370989441871643066e-01 -5.334283690899610519e-03
6.024596691131591797e-01 5.044664740562438965e-01 2.138300240039825439e-02
5.326171517372131348e-01 3.910792469978332520e-01 -1.242302265018224716e-02
5.418915152549743652e-01 3.583176136016845703e-01 9.389437735080718994e-03
5.486024618148803711e-01 3.614906370639801025e-01 1.432499568909406662e-02
5.388810038566589355e-01 5.440399050712585449e-01 -8.702695369720458984e-03
6.004967093467712402e-01 5.468248128890991211e-01 3.551223129034042358e-02
5.314703583717346191e-01 3.559723496437072754e-01 -5.288875196129083633e-03
5.356311798095703125e-01 6.078521013259887695e-01 -8.382824249565601349e-03
5.254254937171936035e-01 3.963163495063781738e-01 -3.128801658749580383e-02
5.378506779670715332e-01 4.339759647846221924e-01 -2.566534839570522308e-02
5.170235633850097656e-01 6.157951354980468750e-01 -1.587259210646152496e-02
5.626597404479980469e-01 5.786115527153015137e-01 5.271644797176122665e-03
5.557027459144592285e-01 4.837043881416320801e-01 -6.819968577474355698e-03
5.505433678627014160e-01 5.955933928489685059e-01 -1.340863876976072788e-03
5.803777575492858887e-01 4.848078787326812744e-01 -5.547724431380629539e-04
5.641934275627136230e-01 5.019192695617675781e-01 -5.249949172139167786e-03
5.866911411285400391e-01 5.138850808143615723e-01 7.325026206672191620e-03
5.195797085762023926e-01 6.352505683898925781e-01 -1.609970256686210632e-02
5.433987975120544434e-01 4.453763365745544434e-01 -1.804415509104728699e-02
5.716536045074462891e-01 5.931236743927001953e-01 1.535001955926418304e-02
5.564390420913696289e-01 6.100634336471557617e-01 6.466038059443235397e-03
5.723158717155456543e-01 5.579499602317810059e-01 8.008451201021671295e-03
6.124212741851806641e-01 5.279059410095214844e-01 4.690315946936607361e-02
5.860379934310913086e-01 5.631461143493652344e-01 1.934350281953811646e-02
6.171699762344360352e-01 5.439766645431518555e-01 7.223354279994964600e-02
5.702040791511535645e-01 5.255564451217651367e-01 -2.974379458464682102e-04
5.377573966979980469e-01 4.195579886436462402e-01 -1.678003743290901184e-02
5.351492166519165039e-01 4.644870460033416748e-01 -4.430180042982101440e-02
5.407860875129699707e-01 4.711644947528839111e-01 -3.238765522837638855e-02
5.321519970893859863e-01 4.520346522331237793e-01 -5.223833769559860229e-02
5.517926812171936035e-01 3.423482179641723633e-01 7.461686618626117706e-03
5.701949596405029297e-01 3.317334353923797607e-01 7.099381648004055023e-03
5.859291553497314453e-01 3.307479619979858398e-01 8.857452310621738434e-03
5.983775258064270020e-01 3.363355994224548340e-01 1.392296887934207916e-02
6.065362095832824707e-01 3.467935621738433838e-01 2.101216278970241547e-02
6.090468168258666992e-01 3.825366795063018799e-01 3.673005849123001099e-02
6.348263025283813477e-01 4.381492435932159424e-01 8.558175712823867798e-02
5.986815094947814941e-01 4.061923027038574219e-01 2.561904303729534149e-02
5.872295498847961426e-01 4.091130197048187256e-01 1.796482317149639130e-02
5.732983350753784180e-01 4.059706032276153564e-01 1.249013841152191162e-02
5.605190396308898926e-01 3.996411859989166260e-01 9.708438068628311157e-03
5.507231950759887695e-01 3.926882445812225342e-01 9.232770651578903198e-03
5.438694357872009277e-01 3.861224055290222168e-01 8.471128530800342560e-03
6.329429149627685547e-01 4.419284760951995850e-01 1.283765137195587158e-01
5.398048162460327148e-01 4.763332903385162354e-01 -2.709598653018474579e-02
5.315623283386230469e-01 4.206978678703308105e-01 -3.419807925820350647e-02
5.280206799507141113e-01 4.633759856224060059e-01 -5.382094532251358032e-02
5.209280848503112793e-01 4.714102447032928467e-01 -5.029525607824325562e-02
5.271908044815063477e-01 4.667513668537139893e-01 -4.846474155783653259e-02
5.361188650131225586e-01 4.812791049480438232e-01 -2.393146231770515442e-02
5.190673470497131348e-01 4.723398983478546143e-01 -5.348474532365798950e-02
5.170993208885192871e-01 4.766884744167327881e-01 -4.067826643586158752e-02
5.456227064132690430e-01 3.726455569267272949e-01 1.528573408722877502e-02
5.388497114181518555e-01 3.758534491062164307e-01 7.724086754024028778e-03
5.345431566238403320e-01 3.779585063457489014e-01 -6.775396177545189857e-04
5.959849357604980469e-01 3.721606135368347168e-01 2.469982020556926727e-02
6.042779684066772461e-01 3.633628189563751221e-01 2.568859793245792389e-02
4.538353085517883301e-01 3.577259778976440430e-01 1.026951894164085388e-02
4.649779498577117920e-01 3.584416210651397705e-01 1.026951894164085388e-02
4.545044302940368652e-01 3.437300324440002441e-01 1.026951894164085388e-02
4.424439370632171631e-01 3.569340407848358154e-01 1.026951894164085388e-02
4.530400931835174561e-01 3.714570403099060059e-01 1.026951894164085388e-02
5.775435566902160645e-01 3.701269030570983887e-01 1.840079575777053833e-02
5.885923504829406738e-01 3.717288970947265625e-01 1.840079575777053833e-02
5.787676572799682617e-01 3.561074137687683105e-01 1.840079575777053833e-02
5.664945840835571289e-01 3.685137331485748291e-01 1.840079575777053833e-02
5.763537287712097168e-01 3.842031061649322510e-01 1.840079575777053833e-02
