5.065434575080871582e-01 5.337266325950622559e-01 -3.536415472626686096e-02
5.131489634513854980e-01 4.801672995090484619e-01 -6.088426709175109863e-02
5.101759433746337891e-01 4.977354407310485840e-01 -3.340648487210273743e-02
5.068178772926330566e-01 4.242453575134277344e-01 -4.454112052917480469e-02
5.147098302841186523e-01 4.630465507507324219e-01 -6.410869956016540527e-02
5.159978270530700684e-01 4.410946667194366455e-01 -5.871959403157234192e-02
5.183514356613159180e-01 3.880383968353271484e-01 -2.552185393869876862e-02
4.346046447753906250e-01 3.710775375366210938e-01 1.141254976391792297e-02
5.210559964179992676e-01 3.425075113773345947e-01 -1.581221632659435272e-02
5.227174162864685059e-01 3.198217749595642090e-01 -1.674026995897293091e-02
5.266105532646179199e-01 2.481964379549026489e-01 -8.811381994746625423e-04
5.064963698387145996e-01 5.374933481216430664e-01 -3.422771766781806946e-02
5.063353776931762695e-01 5.411791801452636719e-01 -3.075857646763324738e-02
5.062457919120788574e-01 5.435581207275390625e-01 -2.570536732673645020e-02
5.046253800392150879e-01 5.780256390571594238e-01 -2.215964160859584808e-02
5.045505762100219727e-01 5.845229625701904297e-01 -2.389469929039478302e-02
5.041410923004150391e-01 5.926378965377807617e-01 -2.627767436206340790e-02
5.037190914154052734e-01 6.004637479782104492e-01 -2.442406490445137024e-02
4.990812242031097412e-01 6.114662885665893555e-01 -1.403562352061271667e-02
5.119367837905883789e-01 4.890820980072021484e-01 -5.542917177081108093e-02
5.008119344711303711e-01 4.878110885620117188e-01 -4.095938429236412048e-02
3.912736773490905762e-01 3.076665997505187988e-01 6.479463726282119751e-02
4.644330441951751709e-01 3.908192813396453857e-01 1.501742051914334297e-03
4.525423049926757812e-01 3.914864361286163330e-01 1.477454323321580887e-03
4.416468739509582520e-01 3.888850808143615723e-01 3.900845069438219070e-03
4.289096593856811523e-01 3.762480020523071289e-01 1.242037955671548843e-02
4.752617180347442627e-01 3.864591717720031738e-01 3.959171473979949951e-03
4.542279839515686035e-01 3.344718813896179199e-01 -1.924110227264463902e-03
4.671367406845092773e-01 3.382188081741333008e-01 -5.957410903647542000e-04
4.416846632957458496e-01 3.363382816314697266e-01 8.131336071528494358e-04
4.328956007957458496e-01 3.430539369583129883e-01 4.668762907385826111e-03
4.170438945293426514e-01 3.865228295326232910e-01 1.700611598789691925e-02
4.537029862403869629e-01 6.257996559143066406e-01 -4.958352074027061462e-03
4.312540292739868164e-01 3.649775981903076172e-01 1.497781649231910706e-02
3.804574608802795410e-01 3.776479065418243408e-01 6.528321653604507446e-02
4.045165479183197021e-01 3.717544674873352051e-01 2.820127271115779877e-02
4.537702500820159912e-01 4.602856338024139404e-01 -1.258982252329587936e-02
4.918585419654846191e-01 5.291190147399902344e-01 -3.479137271642684937e-02
4.932852387428283691e-01 5.390236377716064453e-01 -3.010272048413753510e-02
4.776399135589599609e-01 5.329269170761108398e-01 -2.944677509367465973e-02
4.683918654918670654e-01 5.385581851005554199e-01 -2.186785824596881866e-02
4.822643995285034180e-01 5.397979617118835449e-01 -2.649710699915885925e-02
4.739263951778411865e-01 5.427400469779968262e-01 -1.938557811081409454e-02
4.493392109870910645e-01 5.700826644897460938e-01 -5.354597233235836029e-03
5.036720633506774902e-01 4.785540997982025146e-01 -6.043352559208869934e-02
5.035641193389892578e-01 4.619475603103637695e-01 -6.342174857854843140e-02
4.182256162166595459e-01 3.238739073276519775e-01 8.451515808701515198e-03
4.800337553024291992e-01 4.211771190166473389e-01 -1.063148956745862961e-02
4.768293797969818115e-01 4.723992049694061279e-01 -3.484228253364562988e-02
4.761816859245300293e-01 4.636215269565582275e-01 -3.131722286343574524e-02
4.187982082366943359e-01 4.542956948280334473e-01 -1.119145890697836876e-03
5.053431987762451172e-01 4.416245818138122559e-01 -5.613148212432861328e-02
4.479631185531616211e-01 3.052287399768829346e-01 -7.690036669373512268e-03
4.312250614166259766e-01 3.108781874179840088e-01 -3.724004782270640135e-04
4.064825177192687988e-01 2.795728445053100586e-01 4.517404362559318542e-02
4.972908794879913330e-01 3.278605043888092041e-01 -1.421362347900867462e-02
4.778125286102294922e-01 3.478302955627441406e-01 3.217598423361778259e-03
4.429944157600402832e-01 5.517331957817077637e-01 -3.583057783544063568e-03
3.819967508316040039e-01 5.368456840515136719e-01 8.747624605894088745e-02
4.845899939537048340e-01 4.829241335391998291e-01 -3.019681945443153381e-02
4.929747879505157471e-01 4.888293147087097168e-01 -3.061042539775371552e-02
4.583710730075836182e-01 5.528206825256347656e-01 -4.392932634800672531e-03
4.617695510387420654e-01 5.527964830398559570e-01 -7.105924189090728760e-03
4.257323443889617920e-01 2.995372116565704346e-01 5.227978806942701340e-03
4.754735529422760010e-01 4.802187383174896240e-01 -2.894417941570281982e-02
4.693448841571807861e-01 3.091247677803039551e-01 -1.243278849869966507e-02
4.689739048480987549e-01 2.954908907413482666e-01 -1.408513914793729782e-02
4.584814012050628662e-01 2.469083964824676514e-01 7.463570684194564819e-03
4.151279926300048828e-01 2.945947051048278809e-01 2.265279926359653473e-02
4.638966321945190430e-01 2.760060727596282959e-01 -3.545334562659263611e-03
4.114142656326293945e-01 3.165754675865173340e-01 1.814732328057289124e-02
4.005478918552398682e-01 3.172888755798339844e-01 4.039736464619636536e-02
4.922411739826202393e-01 5.345215797424316406e-01 -3.377515450119972229e-02
4.798388779163360596e-01 5.367994904518127441e-01 -2.853013016283512115e-02
4.709843397140502930e-01 5.408934950828552246e-01 -2.157538570463657379e-02
4.868582189083099365e-01 4.864203631877899170e-01 -2.754005789756774902e-02
4.600994586944580078e-01 5.528766512870788574e-01 -5.795559380203485489e-03
4.641087055206298828e-01 5.611408948898315430e-01 -1.154048368334770203e-02
4.632844328880310059e-01 5.526953339576721191e-01 -7.265357300639152527e-03
4.908191263675689697e-01 4.772799611091613770e-01 -4.524885863065719604e-02
4.764305651187896729e-01 5.436509251594543457e-01 -1.751341857016086578e-02
4.844173192977905273e-01 5.414284467697143555e-01 -2.209907397627830505e-02
4.944073557853698730e-01 5.415217280387878418e-01 -2.539144270122051239e-02
4.833865165710449219e-01 6.080884337425231934e-01 -1.464832667261362076e-02
4.877346158027648926e-01 5.952981114387512207e-01 -2.477501891553401947e-02
4.891270697116851807e-01 5.879146456718444824e-01 -2.613916434347629547e-02
4.908427596092224121e-01 5.800841450691223145e-01 -2.352514117956161499e-02
4.925469756126403809e-01 5.744012594223022461e-01 -2.180996164679527283e-02
4.755052626132965088e-01 5.640744566917419434e-01 -1.481757219880819321e-02
4.727076888084411621e-01 5.661506056785583496e-01 -1.654133200645446777e-02
4.692718386650085449e-01 5.693852901458740234e-01 -1.845945604145526886e-02
4.663954675197601318e-01 5.730108618736267090e-01 -1.683122292160987854e-02
4.589841365814208984e-01 5.228343009948730469e-01 -1.828931085765361786e-02
3.727316856384277344e-01 4.508249163627624512e-01 1.066252440214157104e-01
5.110588073730468750e-01 4.931524991989135742e-01 -4.101889953017234802e-02
4.700355231761932373e-01 5.592945218086242676e-01 -1.019133999943733215e-02
4.670737981796264648e-01 5.600165724754333496e-01 -1.140859443694353104e-02
4.956681132316589355e-01 4.957315623760223389e-01 -3.144657611846923828e-02
4.781032800674438477e-01 4.907113909721374512e-01 -2.072048187255859375e-02
4.944037795066833496e-01 4.923562705516815186e-01 -3.121724352240562439e-02
4.669324755668640137e-01 4.294163286685943604e-01 -8.334698155522346497e-03
4.471369981765747070e-01 4.380083680152893066e-01 -6.766227073967456818e-03
4.734235703945159912e-01 4.711730778217315674e-01 -2.537462301552295685e-02
4.278356134891510010e-01 2.583193182945251465e-01 2.452585846185684204e-02
4.352431297302246094e-01 2.798985242843627930e-01 8.364083245396614075e-03
4.450793266296386719e-01 2.922115921974182129e-01 -5.282069090753793716e-03
4.574343562126159668e-01 5.841675996780395508e-01 -9.877035394310951233e-03
4.964399635791778564e-01 3.046773970127105713e-01 -1.757119037210941315e-02
4.926786124706268311e-01 2.795076668262481689e-01 -9.467395022511482239e-03
4.902609586715698242e-01 2.444644272327423096e-01 -1.153366523794829845e-03
4.330595731735229492e-01 3.839501142501831055e-01 8.187946863472461700e-03
4.024374783039093018e-01 3.975767791271209717e-01 2.196543291211128235e-02
4.827367961406707764e-01 3.819431364536285400e-01 6.135577335953712463e-03
4.202599227428436279e-01 3.497490882873535156e-01 1.352601312100887299e-02
4.892416000366210938e-01 4.110813438892364502e-01 -1.357145328074693680e-02
4.844013750553131104e-01 4.661600291728973389e-01 -4.507204517722129822e-02
3.901219666004180908e-01 4.096840322017669678e-01 3.270368278026580811e-02
4.097816348075866699e-01 4.106319844722747803e-01 1.152406632900238037e-02
4.247829616069793701e-01 4.187103211879730225e-01 1.918378518894314766e-03
4.475038647651672363e-01 4.180447757244110107e-01 -1.279848976992070675e-03
4.644584059715270996e-01 4.123448729515075684e-01 -2.287621842697262764e-03
4.778799116611480713e-01 4.053044319152832031e-01 -3.818484954535961151e-03
5.069742202758789062e-01 3.905940055847167969e-01 -2.233529090881347656e-02
3.904813230037689209e-01 4.451594054698944092e-01 2.786101959645748138e-02
4.105995893478393555e-01 3.460616469383239746e-01 1.857430487871170044e-02
5.062534213066101074e-01 4.877418577671051025e-01 -5.521427094936370850e-02
4.802711308002471924e-01 4.378378987312316895e-01 -1.624590903520584106e-02
3.745615780353546143e-01 3.764294683933258057e-01 1.017615199089050293e-01
4.885430932044982910e-01 3.969507515430450439e-01 -4.232237115502357483e-03
4.717286825180053711e-01 4.722537994384765625e-01 -1.433620508760213852e-02
4.258865118026733398e-01 3.644953668117523193e-01 1.670051179826259613e-02
4.842255413532257080e-01 4.555936455726623535e-01 -4.055089503526687622e-02
3.753932714462280273e-01 4.921889901161193848e-01 1.000123172998428345e-01
4.839590489864349365e-01 3.759254217147827148e-01 9.182923473417758942e-03
4.946675598621368408e-01 4.465207457542419434e-01 -5.043179169297218323e-02
4.064900875091552734e-01 5.809074640274047852e-01 3.110799007117748260e-02
4.035519361495971680e-01 6.004303097724914551e-01 4.939730465412139893e-02
3.768801987171173096e-01 4.482951164245605469e-01 6.723564863204956055e-02
3.942642807960510254e-01 5.560314655303955078e-01 4.380214959383010864e-02
3.900588452816009521e-01 3.451098203659057617e-01 5.616428703069686890e-02
4.490298330783843994e-01 6.426736116409301758e-01 3.545906220097094774e-04
5.066619515419006348e-01 4.919960498809814453e-01 -4.051220417022705078e-02
4.687283337116241455e-01 4.490830004215240479e-01 -1.330830529332160950e-02
3.930575549602508545e-01 3.745598495006561279e-01 3.867173939943313599e-02
4.442877769470214844e-01 3.796502947807312012e-01 5.315253976732492447e-03
4.537258148193359375e-01 3.825773596763610840e-01 3.225167747586965561e-03
4.613176286220550537e-01 5.625030398368835449e-01 -1.006538607180118561e-02
3.911205828189849854e-01 4.793790578842163086e-01 3.009999915957450867e-02
4.679024219512939453e-01 6.696295738220214844e-01 4.742185585200786591e-03
4.331196248531341553e-01 6.417120099067687988e-01 2.365325577557086945e-02
4.190221726894378662e-01 6.245988607406616211e-01 3.478952869772911072e-02
5.246651172637939453e-01 2.847802042961120605e-01 -9.607227519154548645e-03
4.932822585105895996e-01 6.760966777801513672e-01 3.545776009559631348e-03
4.637277424335479736e-01 3.820807039737701416e-01 3.617721609771251678e-03
4.736451506614685059e-01 3.793534934520721436e-01 5.941310897469520569e-03
4.803413748741149902e-01 3.776287436485290527e-01 8.781298995018005371e-03
4.016287326812744141e-01 3.425754904747009277e-01 2.967967651784420013e-02
4.742733538150787354e-01 3.627917170524597168e-01 4.579763859510421753e-03
4.642757773399353027e-01 3.570893406867980957e-01 2.148054772987961769e-03
4.543171525001525879e-01 3.553140163421630859e-01 1.929095597006380558e-03
4.444078505039215088e-01 3.567004501819610596e-01 3.870752640068531036e-03
4.380424618721008301e-01 3.598287701606750488e-01 6.876702886074781418e-03
3.810440897941589355e-01 3.382759690284729004e-01 8.587662875652313232e-02
4.384038746356964111e-01 3.754142522811889648e-01 8.489256724715232849e-03
5.087231397628784180e-01 5.111911892890930176e-01 -3.130358085036277771e-02
4.709266424179077148e-01 5.142780542373657227e-01 -2.319010160863399506e-02
4.849987626075744629e-01 4.798410832881927490e-01 -3.406890109181404114e-02
4.929777681827545166e-01 5.104348063468933105e-01 -3.142234310507774353e-02
5.193792581558227539e-01 3.661319613456726074e-01 -1.640169136226177216e-02
4.196922779083251953e-01 6.048032641410827637e-01 2.163964323699474335e-02
4.335439205169677734e-01 6.237059831619262695e-01 1.167100481688976288e-02
4.694314897060394287e-01 6.575499176979064941e-01 -8.934420533478260040e-03
3.919443786144256592e-01 5.734569430351257324e-01 6.880090385675430298e-02
4.811367690563201904e-01 3.706392049789428711e-01 7.338106632232666016e-03
4.977342486381530762e-01 4.161451458930969238e-01 -2.819233760237693787e-02
4.947000741958618164e-01 6.638581156730651855e-01 -9.964455850422382355e-03
4.488380551338195801e-01 6.573463678359985352e-01 1.190649345517158508e-02
3.788671791553497314e-01 4.862331748008728027e-01 6.409729272127151489e-02
4.829841554164886475e-01 5.693988204002380371e-01 -1.883837021887302399e-02
4.802649915218353271e-01 5.731991529464721680e-01 -2.068297006189823151e-02
4.774059653282165527e-01 5.789602994918823242e-01 -2.284663543105125427e-02
4.751341938972473145e-01 5.853855609893798828e-01 -2.156798541545867920e-02
4.684005975723266602e-01 5.976397395133972168e-01 -1.394334807991981506e-02
4.671872556209564209e-01 5.471317768096923828e-01 -1.286078710108995438e-02
4.643227756023406982e-01 5.462448000907897949e-01 -1.305527705699205399e-02
4.619497656822204590e-01 5.447689294815063477e-01 -1.317631360143423080e-02
4.494096040725708008e-01 5.356540083885192871e-01 -1.124792359769344330e-02
4.076716303825378418e-01 4.899193346500396729e-01 8.810929954051971436e-03
4.983345866203308105e-01 3.995915651321411133e-01 -1.708062738180160522e-02
4.937676489353179932e-01 3.623525798320770264e-01 2.803190611302852631e-03
4.863920807838439941e-01 3.640346825122833252e-01 6.131894886493682861e-03
4.695942997932434082e-01 5.473397970199584961e-01 -1.185449585318565369e-02
4.028534889221191406e-01 5.314659476280212402e-01 2.423370629549026489e-02
5.046306252479553223e-01 3.623868525028228760e-01 -1.045944634824991226e-02
4.608661830425262451e-01 6.105933785438537598e-01 -8.541964925825595856e-03
5.168087482452392578e-01 4.229717552661895752e-01 -4.732527583837509155e-02
5.067359209060668945e-01 4.083161354064941406e-01 -3.432720527052879333e-02
5.175368189811706543e-01 4.061802029609680176e-01 -3.598625957965850830e-02
4.878041148185729980e-01 4.416361749172210693e-01 -2.991211414337158203e-02
4.963331222534179688e-01 6.465724110603332520e-01 -1.484755240380764008e-02
4.978631436824798584e-01 6.273092627525329590e-01 -1.395740266889333725e-02
4.786120653152465820e-01 6.229927539825439453e-01 -1.303459797054529190e-02
4.374944865703582764e-01 5.743942260742187500e-01 5.306911771185696125e-04
4.606674909591674805e-01 4.843816161155700684e-01 -1.258721947669982910e-02
4.473027288913726807e-01 5.944673418998718262e-01 -3.750679315999150276e-03
4.345505237579345703e-01 4.780022501945495605e-01 -9.985726326704025269e-03
4.489229619503021240e-01 4.997308552265167236e-01 -1.206521503627300262e-02
4.231826364994049072e-01 5.044143795967102051e-01 -2.616212470456957817e-03
4.731765985488891602e-01 6.408962607383728027e-01 -1.346012204885482788e-02
4.798721075057983398e-01 4.509227871894836426e-01 -2.292234078049659729e-02
4.259219765663146973e-01 5.860013961791992188e-01 9.921816177666187286e-03
4.391897022724151611e-01 6.067856550216674805e-01 3.838581265881657600e-03
4.311279058456420898e-01 5.514171123504638672e-01 8.578257402405142784e-04
3.926520347595214844e-01 5.089560151100158691e-01 3.341159224510192871e-02
4.158554375171661377e-01 5.523723363876342773e-01 1.072123087942600250e-02
3.837663531303405762e-01 5.221565961837768555e-01 5.820717662572860718e-02
4.386964440345764160e-01 5.207749605178833008e-01 -7.807705085724592209e-03
4.892230629920959473e-01 4.267379939556121826e-01 -2.175247296690940857e-02
4.876434206962585449e-01 4.740138947963714600e-01 -4.745002835988998413e-02
4.801699519157409668e-01 4.781556427478790283e-01 -3.589086234569549561e-02
4.934224188327789307e-01 4.630898237228393555e-01 -5.464671552181243896e-02
4.861030578613281250e-01 3.426103591918945312e-01 -8.055968792177736759e-04
4.682402908802032471e-01 3.277319967746734619e-01 -3.543779719620943069e-03
4.519814252853393555e-01 3.237228393554687500e-01 -3.968880511820316315e-03
4.377553164958953857e-01 3.266426324844360352e-01 -6.758511299267411232e-04
4.270317256450653076e-01 3.347603082656860352e-01 5.261594429612159729e-03
4.164731502532958984e-01 3.680249452590942383e-01 2.074220776557922363e-02
3.768569231033325195e-01 4.122279286384582520e-01 6.646277755498886108e-02
4.227439761161804199e-01 3.947372436523437500e-01 1.125056296586990356e-02
4.339799880981445312e-01 4.014456868171691895e-01 5.267670378088951111e-03
4.494505822658538818e-01 4.032804071903228760e-01 1.703280257061123848e-03
4.646635651588439941e-01 4.006230831146240234e-01 6.305374554358422756e-04
4.770749807357788086e-01 3.954440653324127197e-01 1.761303748935461044e-03
4.859543740749359131e-01 3.903986513614654541e-01 1.848343526944518089e-03
3.727238476276397705e-01 4.130773544311523438e-01 1.079236716032028198e-01
4.797507822513580322e-01 4.830463230609893799e-01 -3.045724518597126007e-02
4.971094131469726562e-01 4.310145974159240723e-01 -3.782950341701507568e-02
4.956303536891937256e-01 4.754726886749267578e-01 -5.555873736739158630e-02
5.005834698677062988e-01 4.846562147140502930e-01 -5.089136585593223572e-02
4.952430427074432373e-01 4.784789085388183594e-01 -5.025001242756843567e-02
4.821687638759613037e-01 4.885607063770294189e-01 -2.652770094573497772e-02
5.027391314506530762e-01 4.863300323486328125e-01 -5.377836152911186218e-02
5.031369924545288086e-01 4.905514717102050781e-01 -4.070343077182769775e-02
4.879124462604522705e-01 3.763614892959594727e-01 7.971537299454212189e-03
4.935066699981689453e-01 3.812505304813385010e-01 1.677359803579747677e-03
4.972185790538787842e-01 3.842191100120544434e-01 -5.861602723598480225e-03
4.343400895595550537e-01 3.624373674392700195e-01 1.033330988138914108e-02
4.269640445709228516e-01 3.517350256443023682e-01 1.053243596106767654e-02
5.259917974472045898e-01 4.267157018184661865e-01 -4.271585494279861450e-02
5.954230427742004395e-01 3.920542001724243164e-01 2.415801398456096649e-02
5.213919281959533691e-01 4.905511140823364258e-01 -3.957173600792884827e-02
6.346174478530883789e-01 3.397332727909088135e-01 8.495616167783737183e-02
5.632711648941040039e-01 4.020842313766479492e-01 9.860397316515445709e-03
5.739306211471557617e-01 4.055995345115661621e-01 1.150393765419721603e-02
5.842209458351135254e-01 4.067663550376892090e-01 1.540004182606935501e-02
5.989730358123779297e-01 3.985373973846435547e-01 2.587226219475269318e-02
5.543765425682067871e-01 3.964235782623291016e-01 1.059019658714532852e-02
5.837853550910949707e-01 3.509698510169982910e-01 8.535417728126049042e-03
5.705966353416442871e-01 3.520786166191101074e-01 7.664009463042020798e-03
5.953881740570068359e-01 3.555786311626434326e-01 1.281860470771789551e-02
6.022461652755737305e-01 3.645311295986175537e-01 1.757081411778926849e-02
6.059535741806030273e-01 4.111054539680480957e-01 3.153219446539878845e-02
5.398256778717041016e-01 6.354687213897705078e-01 7.309543434530496597e-04
5.998267531394958496e-01 3.867580890655517578e-01 2.825248241424560547e-02
6.375001668930053711e-01 4.112790226936340332e-01 8.435263484716415405e-02
6.185519099235534668e-01 3.996625840663909912e-01 4.429120942950248718e-02
5.662364363670349121e-01 4.750536978244781494e-01 -3.969633486121892929e-03
5.208638906478881836e-01 5.325332880020141602e-01 -3.259975835680961609e-02
5.184612274169921875e-01 5.423082113265991211e-01 -2.807886712253093719e-02
5.338799953460693359e-01 5.396489500999450684e-01 -2.496797963976860046e-02
5.417066216468811035e-01 5.479058027267456055e-01 -1.578638702630996704e-02
5.285761952400207520e-01 5.457067489624023438e-01 -2.261617965996265411e-02
5.357946157455444336e-01 5.509725809097290039e-01 -1.420820411294698715e-02
5.515109896659851074e-01 5.832395553588867188e-01 2.233955077826976776e-03
5.222907662391662598e-01 4.810281395912170410e-01 -5.928243324160575867e-02
5.253744125366210938e-01 4.648349583148956299e-01 -6.206745654344558716e-02
6.166643500328063965e-01 3.512953519821166992e-01 2.359361201524734497e-02
5.470165014266967773e-01 4.298620522022247314e-01 -4.917551297694444656e-03
5.459479093551635742e-01 4.814100861549377441e-01 -2.964195422828197479e-02
5.473326444625854492e-01 4.727733433246612549e-01 -2.594518288969993591e-02
5.985407829284667969e-01 4.777892827987670898e-01 1.273956615477800369e-02
5.259356498718261719e-01 4.442711472511291504e-01 -5.437066033482551575e-02
5.941643714904785156e-01 3.288134336471557617e-01 3.118462860584259033e-03
6.080984473228454590e-01 3.363999128341674805e-01 1.293872855603694916e-02
6.272336244583129883e-01 3.089056015014648438e-01 6.318452209234237671e-02
5.453603267669677734e-01 3.414903581142425537e-01 -1.044703274965286255e-02
5.587936043739318848e-01 3.596359491348266602e-01 9.968147613108158112e-03
5.606174468994140625e-01 5.672310590744018555e-01 5.710211116820573807e-03
6.128267645835876465e-01 5.662863254547119141e-01 1.065729111433029175e-01
5.363284945487976074e-01 4.897583127021789551e-01 -2.651372179388999939e-02
5.275571346282958984e-01 4.934594929218292236e-01 -2.873897366225719452e-02
5.485343337059020996e-01 5.662404298782348633e-01 3.613791661337018013e-03
5.452023744583129883e-01 5.652384161949157715e-01 -2.941856837423983961e-05
6.140004992485046387e-01 3.270496726036071777e-01 1.921760663390159607e-02
5.451242923736572266e-01 4.892954528331756592e-01 -2.384716272354125977e-02
5.742040872573852539e-01 3.294323086738586426e-01 -5.018397234380245209e-03
5.768991708755493164e-01 3.169377446174621582e-01 -6.530099082738161087e-03
5.892229676246643066e-01 2.649995088577270508e-01 1.799719966948032379e-02
6.208575367927551270e-01 3.207721710205078125e-01 3.783092647790908813e-02
5.824636816978454590e-01 2.916018962860107422e-01 4.959043115377426147e-03
6.229196190834045410e-01 3.459185659885406494e-01 3.412978351116180420e-02
6.288843154907226562e-01 3.463131785392761230e-01 5.753646418452262878e-02
5.199496150016784668e-01 5.380332469940185547e-01 -3.157914057374000549e-02
5.312471985816955566e-01 5.432010889053344727e-01 -2.433506399393081665e-02
5.389306545257568359e-01 5.497365593910217285e-01 -1.601696200668811798e-02
5.333398580551147461e-01 4.925262629985809326e-01 -2.443777211010456085e-02
5.468251109123229980e-01 5.658180713653564453e-01 1.606956822797656059e-03
5.434080362319946289e-01 5.738132596015930176e-01 -5.270594265311956406e-03
5.436098575592041016e-01 5.646313428878784180e-01 -3.802944556809961796e-04
5.327702164649963379e-01 4.829119145870208740e-01 -4.170357808470726013e-02
5.332582592964172363e-01 5.511378645896911621e-01 -1.262261904776096344e-02
5.262500047683715820e-01 5.467129349708557129e-01 -1.845423318445682526e-02
5.171251893043518066e-01 5.444441437721252441e-01 -2.330663986504077911e-02
5.146663784980773926e-01 6.119904518127441406e-01 -1.270664762705564499e-02
5.189248323440551758e-01 6.009625792503356934e-01 -2.265611477196216583e-02
5.184802412986755371e-01 5.929247140884399414e-01 -2.393130213022232056e-02
5.174034833908081055e-01 5.844764709472656250e-01 -2.135001495480537415e-02
5.158741474151611328e-01 5.782580375671386719e-01 -1.973444595932960510e-02
5.322164297103881836e-01 5.735746026039123535e-01 -9.903425350785255432e-03
5.351339578628540039e-01 5.767127275466918945e-01 -1.164935342967510223e-02
5.384702682495117188e-01 5.813713073730468750e-01 -1.334549486637115479e-02
5.410801172256469727e-01 5.862228870391845703e-01 -1.141113229095935822e-02
5.520794987678527832e-01 5.351087450981140137e-01 -1.128147076815366745e-02
6.306230425834655762e-01 4.849795401096343994e-01 1.278146058320999146e-01
5.373692512512207031e-01 5.700659751892089844e-01 -4.110159818083047867e-03
5.404365658760070801e-01 5.717168450355529785e-01 -5.354553461074829102e-03
5.241214036941528320e-01 4.995174705982208252e-01 -2.955530770123004913e-02
5.402725338935852051e-01 4.988234639167785645e-01 -1.665479689836502075e-02
5.257675647735595703e-01 4.965947866439819336e-01 -2.939507924020290375e-02
5.576539039611816406e-01 4.412504136562347412e-01 -7.289499626494944096e-04
5.749574899673461914e-01 4.548235535621643066e-01 3.325271420180797577e-03
5.481424331665039062e-01 4.808718562126159668e-01 -1.980895176529884338e-02
6.135630607604980469e-01 2.834503948688507080e-01 3.934346511960029602e-02
6.066095829010009766e-01 3.019371926784515381e-01 2.067258208990097046e-02
5.985760092735290527e-01 3.170226812362670898e-01 5.970015656203031540e-03
5.422627925872802734e-01 5.947049260139465332e-01 -3.619142342358827591e-03
5.506668090820312500e-01 3.206527233123779297e-01 -1.368349790573120117e-02
5.557343959808349609e-01 2.879837155342102051e-01 -4.984516184777021408e-03
5.611609220504760742e-01 2.544814944267272949e-01 4.234963096678256989e-03
5.933534502983093262e-01 4.048622846603393555e-01 2.089005708694458008e-02
6.159391403198242188e-01 4.249279201030731201e-01 3.791139647364616394e-02
5.484421849250793457e-01 3.912843167781829834e-01 1.202944479882717133e-02
6.109210252761840820e-01 3.747750222682952881e-01 2.816569060087203979e-02
5.404539108276367188e-01 4.176845550537109375e-01 -9.023264050483703613e-03
5.407789945602416992e-01 4.736274778842926025e-01 -4.084261134266853333e-02
6.281644105911254883e-01 4.408661127090454102e-01 5.055557191371917725e-02
6.078370809555053711e-01 4.361447691917419434e-01 2.666590176522731781e-02
5.935531258583068848e-01 4.404344558715820312e-01 1.498978305608034134e-02
5.731821656227111816e-01 4.341141879558563232e-01 8.885421790182590485e-03
5.587109923362731934e-01 4.244843125343322754e-01 5.553794093430042267e-03
5.480856895446777344e-01 4.150547385215759277e-01 2.078300341963768005e-03
5.284329056739807129e-01 3.934286236763000488e-01 -2.044702135026454926e-02
6.238173842430114746e-01 4.756132066249847412e-01 4.568272083997726440e-02
6.186535954475402832e-01 3.740222454071044922e-01 3.444189578294754028e-02
5.175060629844665527e-01 4.892410039901733398e-01 -5.428833886981010437e-02
5.451286435127258301e-01 4.462362825870513916e-01 -1.072084531188011169e-02
6.381179094314575195e-01 4.113211035728454590e-01 1.238031387329101562e-01
5.402705073356628418e-01 4.050520956516265869e-01 3.568069369066506624e-04
5.485260486602783203e-01 4.822376072406768799e-01 -8.650414645671844482e-03
6.041761040687561035e-01 3.876941502094268799e-01 3.067207336425781250e-02
5.418061614036560059e-01 4.630827605724334717e-01 -3.619271144270896912e-02
6.238607764244079590e-01 5.245208740234375000e-01 1.202579438686370850e-01
5.488532185554504395e-01 3.853336870670318604e-01 1.531985681504011154e-02
5.344416499137878418e-01 4.516961872577667236e-01 -4.729258641600608826e-02
5.887496471405029297e-01 6.027945876121520996e-01 4.408313706517219543e-02
5.867139101028442383e-01 6.220040321350097656e-01 6.391822546720504761e-02
6.327537298202514648e-01 4.815561473369598389e-01 8.627890795469284058e-02
6.030439734458923340e-01 5.819157958030700684e-01 5.905798822641372681e-02
6.334843635559082031e-01 3.766511082649230957e-01 7.443339377641677856e-02
5.412009358406066895e-01 6.526095867156982422e-01 6.507483310997486115e-03
5.154367089271545410e-01 4.931775927543640137e-01 -3.994879126548767090e-02
5.538046956062316895e-01 4.602227807044982910e-01 -6.559824105352163315e-03
6.268603801727294922e-01 4.045739769935607910e-01 5.617943778634071350e-02
5.843473672866821289e-01 3.968984484672546387e-01 1.661931537091732025e-02
5.751121640205383301e-01 3.963900804519653320e-01 1.322964113205671310e-02
5.460945963859558105e-01 5.761170387268066406e-01 -3.402465023100376129e-03
6.183780431747436523e-01 5.087733268737792969e-01 4.737026989459991455e-02
5.186746120452880859e-01 6.750014424324035645e-01 8.484782651066780090e-03
5.546253323554992676e-01 6.546061038970947266e-01 3.296479955315589905e-02
5.698378682136535645e-01 6.413414478302001953e-01 4.657836258411407471e-02
5.660850405693054199e-01 3.934490680694580078e-01 1.214228011667728424e-02
5.575050711631774902e-01 3.894596099853515625e-01 1.323860976845026016e-02
5.516999363899230957e-01 3.872915804386138916e-01 1.533392164856195450e-02
6.257873773574829102e-01 3.724350035190582275e-01 4.666949808597564697e-02
5.604132413864135742e-01 3.744255900382995605e-01 1.210493315011262894e-02
5.705947875976562500e-01 3.698921203613281250e-01 1.094765309244394302e-02
5.803665518760681152e-01 3.697358667850494385e-01 1.212724111974239349e-02
5.895867347717285156e-01 3.735193014144897461e-01 1.538650132715702057e-02
5.949030518531799316e-01 3.789027929306030273e-01 1.924173161387443542e-02
6.381552219390869141e-01 3.720859885215759277e-01 1.073158085346221924e-01
5.908063054084777832e-01 3.950407505035400391e-01 2.066164650022983551e-02
5.432086586952209473e-01 5.237892866134643555e-01 -1.779008470475673676e-02
5.368901491165161133e-01 4.867621064186096191e-01 -3.039504960179328918e-02
5.239508152008056641e-01 5.146231651306152344e-01 -2.917295321822166443e-02
5.732343792915344238e-01 6.225410103797912598e-01 3.214117884635925293e-02
5.579605102539062500e-01 6.374528408050537109e-01 1.989124715328216553e-02
5.201742649078369141e-01 6.631193161010742188e-01 -5.621339660137891769e-03
5.999619364738464355e-01 5.990225672721862793e-01 8.587116003036499023e-02
5.525465011596679688e-01 3.810193538665771484e-01 1.405729353427886963e-02
5.337864160537719727e-01 4.208110868930816650e-01 -2.512995153665542603e-02
5.382361412048339844e-01 6.665629148483276367e-01 1.872058957815170288e-02
6.259895563125610352e-01 5.181393623352050781e-01 8.242595195770263672e-02
5.250704884529113770e-01 5.764743089675903320e-01 -1.512073539197444916e-02
5.277298092842102051e-01 5.814143419265747070e-01 -1.685130596160888672e-02
5.302146673202514648e-01 5.884213447570800781e-01 -1.881883479654788971e-02
5.318710207939147949e-01 5.960552096366882324e-01 -1.742210239171981812e-02
5.301961898803710938e-01 6.051160097122192383e-01 -9.382361546158790588e-03
5.411709547042846680e-01 5.574496984481811523e-01 -6.637587212026119232e-03
5.440651178359985352e-01 5.572693943977355957e-01 -6.233126856386661530e-03
5.467572212219238281e-01 5.563881993293762207e-01 -5.952354986220598221e-03
5.580325126647949219e-01 5.500348806381225586e-01 -2.591913565993309021e-03
6.030267477035522461e-01 5.151112079620361328e-01 2.353694289922714233e-02
5.343417525291442871e-01 4.043243527412414551e-01 -1.392524503171443939e-02
5.420101284980773926e-01 3.712607920169830322e-01 6.794114131480455399e-03
5.482805371284484863e-01 3.737267851829528809e-01 1.191493030637502670e-02
5.388085246086120605e-01 5.569256544113159180e-01 -5.717784631997346878e-03
6.001827716827392578e-01 5.563657283782958984e-01 3.886509314179420471e-02
5.322149991989135742e-01 3.693922162055969238e-01 -7.949203252792358398e-03
5.354054570198059082e-01 6.191647052764892578e-01 -3.548611653968691826e-03
5.273501873016357422e-01 4.109643995761871338e-01 -3.271319717168807983e-02
5.391995310783386230e-01 4.483710527420043945e-01 -2.586934715509414673e-02
5.171118378639221191e-01 6.274446249008178711e-01 -1.071160752326250076e-02
5.622176527976989746e-01 5.899277329444885254e-01 9.350856766104698181e-03
5.564360618591308594e-01 4.968401789665222168e-01 -5.575695540755987167e-03
5.501449108123779297e-01 6.067515611648559570e-01 3.167518880218267441e-03
5.813083052635192871e-01 4.971197545528411865e-01 9.303246624767780304e-04
5.648108124732971191e-01 5.148304700851440430e-01 -3.423232119530439377e-03
5.871425271034240723e-01 5.254878997802734375e-01 9.633468464016914368e-03
5.196564793586730957e-01 6.462293863296508789e-01 -1.039131358265876770e-02
5.443661808967590332e-01 4.592211544513702393e-01 -1.789632812142372131e-02
5.710073709487915039e-01 6.033419370651245117e-01 1.991719752550125122e-02
5.558384656906127930e-01 6.202489137649536133e-01 1.150946132838726044e-02
5.720235109329223633e-01 5.695234537124633789e-01 1.156731974333524704e-02
6.123958230018615723e-01 5.370764732360839844e-01 4.982231929898262024e-02
5.856207609176635742e-01 5.735020637512207031e-01 2.305274829268455505e-02
6.168186664581298828e-01 5.518969297409057617e-01 7.568201422691345215e-02
5.704471468925476074e-01 5.379506349563598633e-01 2.215007785707712173e-03
5.391791462898254395e-01 4.332611560821533203e-01 -1.736574247479438782e-02
5.365514159202575684e-01 4.804989695549011230e-01 -4.362450540065765381e-02
5.418859720230102539e-01 4.862835109233856201e-01 -3.152110427618026733e-02
5.338158607482910156e-01 4.684553146362304688e-01 -5.175032466650009155e-02
5.524916052818298340e-01 3.549692034721374512e-01 4.605180583894252777e-03
5.717753171920776367e-01 3.439477086067199707e-01 4.320884123444557190e-03
5.879704356193542480e-01 3.429858088493347168e-01 6.379766855388879776e-03
6.004502773284912109e-01 3.486142456531524658e-01 1.178170647472143173e-02
6.082985401153564453e-01 3.589156270027160645e-01 1.912921108305454254e-02
6.101852655410766602e-01 3.933536410331726074e-01 3.558187931776046753e-02
6.368152499198913574e-01 4.462353289127349854e-01 8.605028688907623291e-02
5.997839570045471191e-01 4.177396595478057861e-01 2.501516044139862061e-02
5.882408022880554199e-01 4.212965369224548340e-01 1.733968034386634827e-02
5.739784240722656250e-01 4.186054766178131104e-01 1.174408011138439178e-02
5.608034133911132812e-01 4.122557938098907471e-01 8.657996542751789093e-03
5.507168173789978027e-01 4.051194190979003906e-01 7.850054651498794556e-03
5.437664985656738281e-01 3.987202644348144531e-01 6.822378374636173248e-03
6.347255110740661621e-01 4.479610025882720947e-01 1.298698186874389648e-01
5.408161878585815430e-01 4.910262227058410645e-01 -2.614134736359119415e-02
5.332846641540527344e-01 4.356995522975921631e-01 -3.468697145581245422e-02
5.296870470046997070e-01 4.799827337265014648e-01 -5.313089117407798767e-02
5.227297544479370117e-01 4.876241385936737061e-01 -4.947184398770332336e-02
5.288355350494384766e-01 4.830275774002075195e-01 -4.774125292897224426e-02
5.372381806373596191e-01 4.956874847412109375e-01 -2.287367545068264008e-02
5.208463668823242188e-01 4.887296259403228760e-01 -5.262678116559982300e-02
5.188314318656921387e-01 4.926127493381500244e-01 -3.973318263888359070e-02
5.448366403579711914e-01 3.852415680885314941e-01 1.312297489494085312e-02
5.387461185455322266e-01 3.887656331062316895e-01 5.636849440634250641e-03
5.348461270332336426e-01 3.912791907787322998e-01 -2.618420403450727463e-03
5.977377891540527344e-01 3.830855190753936768e-01 2.318420633673667908e-02
6.057042479515075684e-01 3.748331367969512939e-01 2.415783889591693878e-02
4.542393088340759277e-01 3.677255213260650635e-01 6.751193199306726456e-03
4.657908678054809570e-01 3.686613142490386963e-01 6.751193199306726456e-03
4.551577568054199219e-01 3.530583679676055908e-01 6.751193199306726456e-03
4.424837231636047363e-01 3.667768836021423340e-01 6.751193199306726456e-03
4.532188177108764648e-01 3.822586238384246826e-01 6.751193199306726456e-03
5.772997140884399414e-01 3.834821581840515137e-01 1.662533357739448547e-02
5.889531373977661133e-01 3.847424089908599854e-01 1.662533357739448547e-02
5.782094597816467285e-01 3.685662448406219482e-01 1.662533357739448547e-02
5.656170845031738281e-01 3.821748495101928711e-01 1.662533357739448547e-02
5.764539837837219238e-01 3.984186351299285889e-01 1.662533357739448547e-02
