5.051401257514953613e-01 5.397853851318359375e-01 -3.383920714259147644e-02
5.125705599784851074e-01 4.855726659297943115e-01 -6.223285570740699768e-02
5.097346901893615723e-01 5.027685761451721191e-01 -3.348422050476074219e-02
5.064444541931152344e-01 4.284248352050781250e-01 -4.685819149017333984e-02
5.142086148262023926e-01 4.681557714939117432e-01 -6.590821593999862671e-02
5.156151056289672852e-01 4.457336366176605225e-01 -6.098247319459915161e-02
5.183537602424621582e-01 3.916859626770019531e-01 -2.868190594017505646e-02
4.351730048656463623e-01 3.744668662548065186e-01 9.904524311423301697e-03
5.212956070899963379e-01 3.471347689628601074e-01 -1.966155134141445160e-02
5.230597853660583496e-01 3.247039914131164551e-01 -2.126266062259674072e-02
5.279743075370788574e-01 2.512785792350769043e-01 -7.580557838082313538e-03
5.048871636390686035e-01 5.441795587539672852e-01 -3.247268125414848328e-02
5.045474767684936523e-01 5.479912757873535156e-01 -2.892516367137432098e-02
5.043494105339050293e-01 5.500073432922363281e-01 -2.396373823285102844e-02
5.025351643562316895e-01 5.793621540069580078e-01 -1.988213881850242615e-02
5.023210048675537109e-01 5.849428772926330566e-01 -2.179459109902381897e-02
5.017616748809814453e-01 5.922436714172363281e-01 -2.411177381873130798e-02
5.011249780654907227e-01 6.002946496009826660e-01 -2.212821878492832184e-02
4.985943138599395752e-01 6.162161827087402344e-01 -1.129576377570629120e-02
5.113646388053894043e-01 4.944944977760314941e-01 -5.645444989204406738e-02
5.001282691955566406e-01 4.928245544433593750e-01 -4.150947928428649902e-02
3.929181694984436035e-01 3.090948760509490967e-01 6.212756782770156860e-02
4.649339020252227783e-01 3.937307000160217285e-01 1.094128401746274903e-05
4.531206488609313965e-01 3.942528665065765381e-01 6.114033749327063560e-05
4.422147274017333984e-01 3.916687369346618652e-01 2.536321058869361877e-03
4.292242228984832764e-01 3.793509006500244141e-01 1.113336998969316483e-02
4.757339954376220703e-01 3.897661864757537842e-01 2.291086362674832344e-03
4.550593197345733643e-01 3.380973935127258301e-01 -4.002146422863006592e-03
4.678891301155090332e-01 3.420532345771789551e-01 -2.864422509446740150e-03
4.424645602703094482e-01 3.397729098796844482e-01 -1.145495451055467129e-03
4.335455000400543213e-01 3.463481068611145020e-01 2.824351657181978226e-03
4.172953963279724121e-01 3.889833986759185791e-01 1.612870022654533386e-02
4.524074792861938477e-01 6.295688748359680176e-01 -1.786734501365572214e-04
4.316342175006866455e-01 3.685730099678039551e-01 1.344506163150072098e-02
3.815851807594299316e-01 3.791940212249755859e-01 6.491381675004959106e-02
4.051108956336975098e-01 3.739982843399047852e-01 2.715294063091278076e-02
4.526283442974090576e-01 4.634050130844116211e-01 -1.250585820525884628e-02
4.900706708431243896e-01 5.354481339454650879e-01 -3.330277279019355774e-02
4.906712770462036133e-01 5.457770824432373047e-01 -2.808948419988155365e-02
4.752608537673950195e-01 5.389564037322998047e-01 -2.740914933383464813e-02
4.652383625507354736e-01 5.435162186622619629e-01 -1.887710206210613251e-02
4.789285063743591309e-01 5.459842085838317871e-01 -2.399547584354877472e-02
4.698521196842193604e-01 5.478534698486328125e-01 -1.608770713210105896e-02
4.467417001724243164e-01 5.715649127960205078e-01 -4.156452487222850323e-04
5.029617547988891602e-01 4.837855696678161621e-01 -6.173447147011756897e-02
5.029044151306152344e-01 4.668498635292053223e-01 -6.516980379819869995e-02
4.193270504474639893e-01 3.263902664184570312e-01 5.822840146720409393e-03
4.796686172485351562e-01 4.245010316371917725e-01 -1.182755734771490097e-02
4.756657481193542480e-01 4.764764904975891113e-01 -3.551252558827400208e-02
4.750663042068481445e-01 4.674188494682312012e-01 -3.206985443830490112e-02
4.175670444965362549e-01 4.563495218753814697e-01 -4.261118592694401741e-04
5.048406720161437988e-01 4.461267590522766113e-01 -5.825461074709892273e-02
4.493041038513183594e-01 3.079334795475006104e-01 -1.108261384069919586e-02
4.324531853199005127e-01 3.134438395500183105e-01 -3.511583665385842323e-03
4.085033535957336426e-01 2.814472019672393799e-01 4.137896001338958740e-02
4.984526932239532471e-01 3.312640786170959473e-01 -1.785957068204879761e-02
4.784594774246215820e-01 3.517847657203674316e-01 1.008802675642073154e-03
4.401037096977233887e-01 5.521268844604492188e-01 8.515971130691468716e-04
3.819715380668640137e-01 5.386283993721008301e-01 9.255725890398025513e-02
4.833891391754150391e-01 4.873171448707580566e-01 -3.058293461799621582e-02
4.919533729553222656e-01 4.934731125831604004e-01 -3.085284866392612457e-02
4.536065161228179932e-01 5.542013049125671387e-01 3.655747277662158012e-04
4.567611813545227051e-01 5.546213984489440918e-01 -2.376833930611610413e-03
4.272969067096710205e-01 3.020561933517456055e-01 1.757949474267661572e-03
4.740676581859588623e-01 4.841439127922058105e-01 -2.927703969180583954e-02
4.706449508666992188e-01 3.119512200355529785e-01 -1.603010669350624084e-02
4.705203175544738770e-01 2.984378039836883545e-01 -1.821221224963665009e-02
4.605326056480407715e-01 2.495955228805541992e-01 1.966241281479597092e-03
4.168070256710052490e-01 2.969288527965545654e-01 1.893149688839912415e-02
4.654818773269653320e-01 2.792233228683471680e-01 -8.542064577341079712e-03
4.127410650253295898e-01 3.188427090644836426e-01 1.533956546336412430e-02
4.019380211830139160e-01 3.192067146301269531e-01 3.759146854281425476e-02
4.900493621826171875e-01 5.412569046020507812e-01 -3.196520730853080750e-02
4.769981503486633301e-01 5.428864955902099609e-01 -2.616915293037891388e-02
4.674403667449951172e-01 5.459083318710327148e-01 -1.838034763932228088e-02
4.856189787387847900e-01 4.908565580844879150e-01 -2.783993072807788849e-02
4.551976323127746582e-01 5.544250011444091797e-01 -1.038157730363309383e-03
4.598287940025329590e-01 5.635305643081665039e-01 -6.861581932753324509e-03
4.582180380821228027e-01 5.548331737518310547e-01 -2.574151847511529922e-03
4.899322092533111572e-01 4.820404052734375000e-01 -4.622229561209678650e-02
4.719360172748565674e-01 5.488756895065307617e-01 -1.429684460163116455e-02
4.807193875312805176e-01 5.475481152534484863e-01 -1.961882784962654114e-02
4.915762841701507568e-01 5.479937791824340820e-01 -2.343539893627166748e-02
4.820700585842132568e-01 6.126961112022399902e-01 -1.158916391432285309e-02
4.855352342128753662e-01 5.960822105407714844e-01 -2.220457978546619415e-02
4.868575930595397949e-01 5.881890654563903809e-01 -2.372411638498306274e-02
4.883490800857543945e-01 5.812201499938964844e-01 -2.118566818535327911e-02
4.898445308208465576e-01 5.763292312622070312e-01 -1.932531967759132385e-02
4.711582660675048828e-01 5.672630071640014648e-01 -1.111824810504913330e-02
4.687592685222625732e-01 5.687999725341796875e-01 -1.289245951920747757e-02
4.657479524612426758e-01 5.719294548034667969e-01 -1.458149589598178864e-02
4.632660150527954102e-01 5.759963989257812500e-01 -1.265806145966053009e-02
4.566494822502136230e-01 5.252656936645507812e-01 -1.568593271076679230e-02
3.732159733772277832e-01 4.521606564521789551e-01 1.091963201761245728e-01
5.105386376380920410e-01 4.984225928783416748e-01 -4.147902876138687134e-02
4.652134180068969727e-01 5.623137950897216797e-01 -5.740951746702194214e-03
4.625398218631744385e-01 5.625412464141845703e-01 -6.900460459291934967e-03
4.947578907012939453e-01 5.004273653030395508e-01 -3.139582276344299316e-02
4.766113460063934326e-01 4.945991635322570801e-01 -2.059970609843730927e-02
4.934437274932861328e-01 4.970223903656005859e-01 -3.136619552969932556e-02
4.664288759231567383e-01 4.324519634246826172e-01 -9.040673263370990753e-03
4.463507235050201416e-01 4.406598210334777832e-01 -7.068593986332416534e-03
4.721227586269378662e-01 4.748455286026000977e-01 -2.577786892652511597e-02
4.300931990146636963e-01 2.607007324695587158e-01 1.988011039793491364e-02
4.370652139186859131e-01 2.826849520206451416e-01 3.948408644646406174e-03
4.467240571975708008e-01 2.950407862663269043e-01 -9.129994548857212067e-03
4.552163779735565186e-01 5.869384407997131348e-01 -5.170965101569890976e-03
4.979057610034942627e-01 3.079956769943237305e-01 -2.188581973314285278e-02
4.939090013504028320e-01 2.827224433422088623e-01 -1.480820029973983765e-02
4.920102357864379883e-01 2.472829520702362061e-01 -7.300126366317272186e-03
4.335111081600189209e-01 3.868433237075805664e-01 6.896026432514190674e-03
4.027082324028015137e-01 3.995138108730316162e-01 2.153409458696842194e-02
4.831467270851135254e-01 3.855269551277160645e-01 4.332844633609056473e-03
4.209244251251220703e-01 3.526471853256225586e-01 1.175410952419042587e-02
4.889445304870605469e-01 4.145417213439941406e-01 -1.519068703055381775e-02
4.834753870964050293e-01 4.705174565315246582e-01 -4.621073231101036072e-02
3.903255760669708252e-01 4.113173484802246094e-01 3.291479125618934631e-02
4.097856879234313965e-01 4.124054908752441406e-01 1.130624953657388687e-02
4.246659874916076660e-01 4.206569194793701172e-01 1.671361154876649380e-03
4.475021958351135254e-01 4.206435978412628174e-01 -1.859428128227591515e-03
4.646314382553100586e-01 4.155414998531341553e-01 -3.199629252776503563e-03
4.781090915203094482e-01 4.089695513248443604e-01 -5.149647127836942673e-03
5.068562030792236328e-01 3.941586017608642578e-01 -2.517521008849143982e-02
3.899348080158233643e-01 4.466463029384613037e-01 2.906148321926593781e-02
4.114921092987060547e-01 3.485365509986877441e-01 1.675419695675373077e-02
5.056092143058776855e-01 4.930496215820312500e-01 -5.619921907782554626e-02
4.796171486377716064e-01 4.413398206233978271e-01 -1.715412177145481110e-02
3.757872581481933594e-01 3.775364160537719727e-01 1.018290966749191284e-01
4.888349175453186035e-01 4.009648859500885010e-01 -5.967384204268455505e-03
4.703545272350311279e-01 4.757178127765655518e-01 -1.436667516827583313e-02
4.262255430221557617e-01 3.677397966384887695e-01 1.524927373975515366e-02
4.833608269691467285e-01 4.596700072288513184e-01 -4.181969538331031799e-02
3.756859302520751953e-01 4.937752485275268555e-01 1.037950143218040466e-01
4.843595027923583984e-01 3.796370625495910645e-01 7.298619486391544342e-03
4.940021336078643799e-01 4.508176445960998535e-01 -5.220700800418853760e-02
4.060957729816436768e-01 5.830512642860412598e-01 3.647955879569053650e-02
4.037016034126281738e-01 6.027251482009887695e-01 5.554925277829170227e-02
3.770886063575744629e-01 4.498118460178375244e-01 6.912737339735031128e-02
3.936057090759277344e-01 5.580479502677917480e-01 4.865557327866554260e-02
3.913203179836273193e-01 3.468323349952697754e-01 5.453150719404220581e-02
4.485131800174713135e-01 6.458269357681274414e-01 5.583134945482015610e-03
5.060827732086181641e-01 4.971933364868164062e-01 -4.095749184489250183e-02
4.678675830364227295e-01 4.523539841175079346e-01 -1.374127157032489777e-02
3.939795792102813721e-01 3.762982189655303955e-01 3.785454481840133667e-02
4.451354444026947021e-01 3.825530707836151123e-01 3.802935359999537468e-03
4.545695185661315918e-01 3.853388428688049316e-01 1.655461732298135757e-03
4.573820829391479492e-01 5.651315450668334961e-01 -5.220467690378427505e-03
3.900457024574279785e-01 4.810070991516113281e-01 3.247182071208953857e-02
4.679520428180694580e-01 6.720793247222900391e-01 1.015482749789953232e-02
4.334153831005096436e-01 6.442687511444091797e-01 2.969195134937763214e-02
4.193946123123168945e-01 6.271150708198547363e-01 4.102211073040962219e-02
5.255118012428283691e-01 2.882816791534423828e-01 -1.526748947799205780e-02
4.931260943412780762e-01 6.784510612487792969e-01 8.705472573637962341e-03
4.644698500633239746e-01 3.849417567253112793e-01 1.959748566150665283e-03
4.743023514747619629e-01 3.825583755970001221e-01 4.197796806693077087e-03
4.808918833732604980e-01 3.810987174510955811e-01 6.943866144865751266e-03
4.027212858200073242e-01 3.446378111839294434e-01 2.786839380860328674e-02
4.746477901935577393e-01 3.673820793628692627e-01 2.644520951434969902e-03
4.646992087364196777e-01 3.618673086166381836e-01 2.102170838043093681e-04
4.549081325531005859e-01 3.599443435668945312e-01 9.615138878871221095e-06
4.450201392173767090e-01 3.610138297080993652e-01 2.043182030320167542e-03
4.385503530502319336e-01 3.638675808906555176e-01 5.184087902307510376e-03
3.825173079967498779e-01 3.395262360572814941e-01 8.448711782693862915e-02
4.391511678695678711e-01 3.785795271396636963e-01 6.995139177888631821e-03
5.082492828369140625e-01 5.162897706031799316e-01 -3.080225363373756409e-02
4.691529572010040283e-01 5.177230834960937500e-01 -2.164436690509319305e-02
4.839027225971221924e-01 4.843361377716064453e-01 -3.472983092069625854e-02
4.919429123401641846e-01 5.151868462562561035e-01 -3.073817119002342224e-02
5.195612311363220215e-01 3.699929118156433105e-01 -1.982827298343181610e-02
4.194981455802917480e-01 6.072863340377807617e-01 2.739512734115123749e-02
4.332354366779327393e-01 6.264754533767700195e-01 1.725393906235694885e-02
4.688116312026977539e-01 6.610623598098754883e-01 -4.022321198135614395e-03
3.919423222541809082e-01 5.754860639572143555e-01 7.450154423713684082e-02
4.815354943275451660e-01 3.747479915618896484e-01 5.401528440415859222e-03
4.973492622375488281e-01 4.199626743793487549e-01 -3.024598397314548492e-02
4.942108690738677979e-01 6.673084497451782227e-01 -5.245090462267398834e-03
4.490106701850891113e-01 6.599032878875732422e-01 1.763470470905303955e-02
3.786856234073638916e-01 4.879107177257537842e-01 6.710163503885269165e-02
4.794642627239227295e-01 5.720707774162292480e-01 -1.582665741443634033e-02
4.770754277706146240e-01 5.753200054168701172e-01 -1.776307448744773865e-02
4.746952950954437256e-01 5.807416439056396484e-01 -1.967460103332996368e-02
4.727678596973419189e-01 5.876231193542480469e-01 -1.808098889887332916e-02
4.665556550025939941e-01 6.014485359191894531e-01 -9.902122430503368378e-03
4.625937044620513916e-01 5.507665872573852539e-01 -8.783229626715183258e-03
4.601200520992279053e-01 5.496447682380676270e-01 -8.947406895458698273e-03
4.581372439861297607e-01 5.481796264648437500e-01 -9.170506149530410767e-03
4.465603232383728027e-01 5.368906259536743164e-01 -7.677192799746990204e-03
4.059772789478302002e-01 4.918941259384155273e-01 1.094990596175193787e-02
4.981373548507690430e-01 4.031327664852142334e-01 -1.930422894656658173e-02
4.943628311157226562e-01 3.662221729755401611e-01 3.880290605593472719e-04
4.869030714035034180e-01 3.679192364215850830e-01 3.927885089069604874e-03
4.647361338138580322e-01 5.513067841529846191e-01 -7.763964589685201645e-03
4.013961553573608398e-01 5.334079861640930176e-01 2.800627611577510834e-02
5.053258538246154785e-01 3.664172589778900146e-01 -1.343077607452869415e-02
4.592120647430419922e-01 6.144309639930725098e-01 -4.114726092666387558e-03
5.165421962738037109e-01 4.272663295269012451e-01 -4.986413568258285522e-02
5.064696669578552246e-01 4.121988415718078613e-01 -3.697512671351432800e-02
5.173804163932800293e-01 4.101814627647399902e-01 -3.882675245404243469e-02
4.871446490287780762e-01 4.455056786537170410e-01 -3.127608448266983032e-02
4.957602620124816895e-01 6.509207487106323242e-01 -1.079132221639156342e-02
4.973182082176208496e-01 6.319585442543029785e-01 -1.061101071536540985e-02
4.772360920906066895e-01 6.275399923324584961e-01 -9.344543330371379852e-03
4.358012378215789795e-01 5.763121247291564941e-01 5.490842275321483612e-03
4.591497182846069336e-01 4.876395463943481445e-01 -1.194770447909832001e-02
4.457119107246398926e-01 5.974311232566833496e-01 1.201943261548876762e-03
4.328935444355010986e-01 4.806458950042724609e-01 -9.013476781547069550e-03
4.470377564430236816e-01 5.024631619453430176e-01 -1.028736401349306107e-02
4.212782680988311768e-01 5.065388679504394531e-01 -3.406446776352822781e-04
4.719808399677276611e-01 6.452695131301879883e-01 -9.152761660516262054e-03
4.790163636207580566e-01 4.545619487762451172e-01 -2.377709746360778809e-02
4.249847829341888428e-01 5.882896184921264648e-01 1.515632029622793198e-02
4.381920099258422852e-01 6.097106933593750000e-01 9.020090103149414062e-03
4.291573762893676758e-01 5.526217222213745117e-01 5.131614394485950470e-03
3.914417028427124023e-01 5.107317566871643066e-01 3.674950823187828064e-02
4.144878387451171875e-01 5.541341900825500488e-01 1.500203646719455719e-02
3.832886815071105957e-01 5.240451097488403320e-01 6.230667605996131897e-02
4.363517463207244873e-01 5.223537683486938477e-01 -4.998504649847745895e-03
4.887160956859588623e-01 4.304425716400146484e-01 -2.319814264774322510e-02
4.867363572120666504e-01 4.786652326583862305e-01 -4.855773597955703735e-02
4.790187776088714600e-01 4.824628233909606934e-01 -3.649838268756866455e-02
4.926301836967468262e-01 4.677542150020599365e-01 -5.613796785473823547e-02
4.868588447570800781e-01 3.462991118431091309e-01 -3.490386065095663071e-03
4.691378176212310791e-01 3.311218023300170898e-01 -6.298773922026157379e-03
4.529470205307006836e-01 3.269057273864746094e-01 -6.576390005648136139e-03
4.386682808399200439e-01 3.297278285026550293e-01 -3.074657404795289040e-03
4.278597235679626465e-01 3.377160429954528809e-01 3.040618496015667915e-03
4.168976843357086182e-01 3.708139061927795410e-01 1.947240345180034637e-02
3.775383830070495605e-01 4.137312173843383789e-01 6.725841760635375977e-02
4.229403734207153320e-01 3.971603810787200928e-01 1.045238506048917770e-02
4.342294037342071533e-01 4.038830399513244629e-01 4.414459690451622009e-03
4.497896432876586914e-01 4.059731066226959229e-01 7.112448802217841148e-04
4.650179743766784668e-01 4.036901891231536865e-01 -5.381774972192943096e-04
4.774395227432250977e-01 3.989127278327941895e-01 2.742665237747132778e-04
4.863196313381195068e-01 3.941732645034790039e-01 1.657621760386973619e-04
3.735724091529846191e-01 4.142158627510070801e-01 1.092340052127838135e-01
4.784290194511413574e-01 4.872244298458099365e-01 -3.083418868482112885e-02
4.966115951538085938e-01 4.350721836090087891e-01 -3.970623761415481567e-02
4.947989881038665771e-01 4.804552495479583740e-01 -5.681765824556350708e-02
4.998667538166046143e-01 4.897564649581909180e-01 -5.181157216429710388e-02
4.943974614143371582e-01 4.833988845348358154e-01 -5.132431909441947937e-02
4.807532131671905518e-01 4.927418231964111328e-01 -2.668952196836471558e-02
5.020398497581481934e-01 4.915420413017272949e-01 -5.472719669342041016e-02
5.024800300598144531e-01 4.956632554531097412e-01 -4.119317606091499329e-02
4.882602393627166748e-01 3.801593482494354248e-01 5.979090463370084763e-03
4.939229190349578857e-01 3.852058649063110352e-01 -4.174625209998339415e-04
4.976378381252288818e-01 3.884082436561584473e-01 -8.117584511637687683e-03
4.347391724586486816e-01 3.662905991077423096e-01 8.717169053852558136e-03
4.274612963199615479e-01 3.549610972404479980e-01 8.840411901473999023e-03
5.257829427719116211e-01 4.311209917068481445e-01 -4.518621787428855896e-02
5.961390733718872070e-01 3.941367268562316895e-01 2.144473418593406677e-02
5.210381150245666504e-01 4.957383275032043457e-01 -4.021909087896347046e-02
6.347044110298156738e-01 3.438863158226013184e-01 7.995513826608657837e-02
5.632339715957641602e-01 4.058832526206970215e-01 7.561991456896066666e-03
5.744085907936096191e-01 4.088905751705169678e-01 9.126747027039527893e-03
5.850501060485839844e-01 4.094930887222290039e-01 1.294162124395370483e-02
5.996010303497314453e-01 4.006993472576141357e-01 2.331236749887466431e-02
5.539650917053222656e-01 4.002381563186645508e-01 8.269067853689193726e-03
5.840084552764892578e-01 3.530797958374023438e-01 5.412641912698745728e-03
5.705073475837707520e-01 3.543471693992614746e-01 4.564627539366483688e-03
5.958440899848937988e-01 3.576515913009643555e-01 9.687940590083599091e-03
6.028335690498352051e-01 3.666073381900787354e-01 1.450742688030004501e-02
6.070596575736999512e-01 4.135870337486267090e-01 2.930087409913539886e-02
5.398961901664733887e-01 6.399183273315429688e-01 5.036222282797098160e-03
6.004534959793090820e-01 3.889886736869812012e-01 2.548268996179103851e-02
6.370995044708251953e-01 4.154235720634460449e-01 8.231676369905471802e-02
6.193833351135253906e-01 4.020499587059020996e-01 4.181781783699989319e-02
5.669658780097961426e-01 4.794182777404785156e-01 -4.691123031079769135e-03
5.202738642692565918e-01 5.387977361679077148e-01 -3.124025836586952209e-02
5.179567337036132812e-01 5.491093397140502930e-01 -2.618730068206787109e-02
5.341398119926452637e-01 5.452940464019775391e-01 -2.316201664507389069e-02
5.428359508514404297e-01 5.525228977203369141e-01 -1.313883811235427856e-02
5.291548371315002441e-01 5.519607067108154297e-01 -2.032963559031486511e-02
5.374085307121276855e-01 5.561560392379760742e-01 -1.120257843285799026e-02
5.532861351966857910e-01 5.855295658111572266e-01 6.647489499300718307e-03
5.218699574470520020e-01 4.864497482776641846e-01 -6.066721305251121521e-02
5.249843001365661621e-01 4.699429869651794434e-01 -6.391389667987823486e-02
6.179530620574951172e-01 3.508623242378234863e-01 1.961146667599678040e-02
5.472339391708374023e-01 4.339692592620849609e-01 -6.631544325500726700e-03
5.462645292282104492e-01 4.861323833465576172e-01 -3.066887706518173218e-02
5.477188825607299805e-01 4.772843718528747559e-01 -2.708227001130580902e-02
5.995038151741027832e-01 4.819015860557556152e-01 1.214208267629146576e-02
5.256500244140625000e-01 4.489929974079132080e-01 -5.662396922707557678e-02
5.959342122077941895e-01 3.267199993133544922e-01 -1.266643404960632324e-03
6.097474694252014160e-01 3.352551758289337158e-01 8.579729124903678894e-03
6.273115873336791992e-01 3.132396638393402100e-01 5.729908123612403870e-02
5.460010766983032227e-01 3.400325179100036621e-01 -1.446838490664958954e-02
5.583869218826293945e-01 3.621092438697814941e-01 7.085154298692941666e-03
5.628415942192077637e-01 5.686790943145751953e-01 9.459987282752990723e-03
6.125366091728210449e-01 5.702232718467712402e-01 1.095777302980422974e-01
5.366415977478027344e-01 4.946081340312957764e-01 -2.716827020049095154e-02
5.276681780815124512e-01 4.983521699905395508e-01 -2.911596745252609253e-02
5.519883036613464355e-01 5.678346753120422363e-01 7.821995764970779419e-03
5.488836765289306641e-01 5.672563314437866211e-01 4.284031223505735397e-03
6.156767010688781738e-01 3.254701197147369385e-01 1.447641942650079727e-02
5.456762909889221191e-01 4.938556551933288574e-01 -2.453518845140933990e-02
5.757323503494262695e-01 3.268373608589172363e-01 -9.326371364295482635e-03
5.786339640617370605e-01 3.138098120689392090e-01 -1.135875284671783447e-02
5.897470712661743164e-01 2.690505385398864746e-01 1.116298511624336243e-02
6.207852959632873535e-01 3.258021175861358643e-01 3.275808691978454590e-02
5.824024677276611328e-01 2.963311076164245605e-01 -8.047363371588289738e-04
6.238482594490051270e-01 3.455246686935424805e-01 2.991778962314128876e-02
6.289488673210144043e-01 3.511945307254791260e-01 5.322849377989768982e-02
5.193616747856140137e-01 5.447410941123962402e-01 -2.989111654460430145e-02
5.316421985626220703e-01 5.491594672203063965e-01 -2.220422774553298950e-02
5.402677655220031738e-01 5.545707941055297852e-01 -1.313155330717563629e-02
5.336611270904541016e-01 4.973722398281097412e-01 -2.496298216283321381e-02
5.504067540168762207e-01 5.675703883171081543e-01 5.877958144992589951e-03
5.449399948120117188e-01 5.757129192352294922e-01 -9.182505309581756592e-04
5.472999215126037598e-01 5.669759511947631836e-01 3.918773494660854340e-03
5.326521396636962891e-01 4.880942702293395996e-01 -4.292047396302223206e-02
5.350151658058166504e-01 5.566191077232360840e-01 -9.648037143051624298e-03
5.269055962562561035e-01 5.530757904052734375e-01 -1.613867096602916718e-02
5.166448354721069336e-01 5.510318279266357422e-01 -2.145135030150413513e-02
5.148830413818359375e-01 6.169259548187255859e-01 -9.777960367500782013e-03
5.162578821182250977e-01 6.006588935852050781e-01 -2.017646469175815582e-02
5.162512660026550293e-01 5.924187898635864258e-01 -2.158768847584724426e-02
5.157571434974670410e-01 5.850450396537780762e-01 -1.907889172434806824e-02
5.147461295127868652e-01 5.798172354698181152e-01 -1.730863377451896667e-02
5.333662629127502441e-01 5.759497880935668945e-01 -6.456142291426658630e-03
5.356307625770568848e-01 5.784170627593994141e-01 -8.207094855606555939e-03
5.382415056228637695e-01 5.826348066329956055e-01 -9.681954979896545410e-03
5.402157306671142578e-01 5.875977277755737305e-01 -7.484470959752798080e-03
5.534720420837402344e-01 5.384373664855957031e-01 -9.101201780140399933e-03
6.300672292709350586e-01 4.885841906070709229e-01 1.280124038457870483e-01
5.395728945732116699e-01 5.726756453514099121e-01 6.765855687262956053e-06
5.423291921615600586e-01 5.738081932067871094e-01 -1.174879260361194611e-03
5.241109132766723633e-01 5.043981671333312988e-01 -2.964349091053009033e-02
5.408534407615661621e-01 5.032287836074829102e-01 -1.681942492723464966e-02
5.258037447929382324e-01 5.014829039573669434e-01 -2.968287095427513123e-02
5.580312013626098633e-01 4.453060626983642578e-01 -2.161635318771004677e-03
5.755794048309326172e-01 4.589028358459472656e-01 2.042262814939022064e-03
5.487388968467712402e-01 4.852573871612548828e-01 -2.061534300446510315e-02
6.136783957481384277e-01 2.878302037715911865e-01 3.290529549121856689e-02
6.063844561576843262e-01 3.069905042648315430e-01 1.515422388911247253e-02
6.004948616027832031e-01 3.146376013755798340e-01 1.092335092835128307e-03
5.434771776199340820e-01 5.981895923614501953e-01 7.059401250444352627e-04
5.514889955520629883e-01 3.177790045738220215e-01 -1.836335286498069763e-02
5.560956001281738281e-01 2.919676899909973145e-01 -1.074438635259866714e-02
5.621420741081237793e-01 2.580264210700988770e-01 -2.607898553833365440e-03
5.941264629364013672e-01 4.071473181247711182e-01 1.839038170874118805e-02
6.176091432571411133e-01 4.278623759746551514e-01 3.603604435920715332e-02
5.479133725166320801e-01 3.949498832225799561e-01 9.642438031733036041e-03
6.116295456886291504e-01 3.763622045516967773e-01 2.504435740411281586e-02
5.405771136283874512e-01 4.217809438705444336e-01 -1.105688512325286865e-02
5.407634973526000977e-01 4.785707890987396240e-01 -4.226988926529884338e-02
6.281710267066955566e-01 4.449287950992584229e-01 4.916371777653694153e-02
6.099272966384887695e-01 4.388831853866577148e-01 2.508032880723476410e-02
5.957872867584228516e-01 4.434921741485595703e-01 1.354113966226577759e-02
5.748884081840515137e-01 4.378682374954223633e-01 7.325527723878622055e-03
5.597504377365112305e-01 4.286167025566101074e-01 3.899469273164868355e-03
5.486688613891601562e-01 4.191863536834716797e-01 2.027393929893150926e-04
5.284965038299560547e-01 3.972899317741394043e-01 -2.347578294575214386e-02
6.242495775222778320e-01 4.795597195625305176e-01 4.529384896159172058e-02
6.193652749061584473e-01 3.751756250858306885e-01 3.120181895792484283e-02
5.170060992240905762e-01 4.946422278881072998e-01 -5.533124879002571106e-02
5.454345941543579102e-01 4.504757821559906006e-01 -1.209652610123157501e-02
6.377890706062316895e-01 4.150081872940063477e-01 1.213323920965194702e-01
5.406296849250793457e-01 4.090275168418884277e-01 -1.802512211725115776e-03
5.492884516716003418e-01 4.864465594291687012e-01 -9.101369418203830719e-03
6.045823693275451660e-01 3.898523449897766113e-01 2.792542241513729095e-02
5.419102907180786133e-01 4.677649140357971191e-01 -3.777630999684333801e-02
6.232589483261108398e-01 5.283256769180297852e-01 1.217707693576812744e-01
5.482982397079467773e-01 3.888809680938720703e-01 1.279975380748510361e-02
5.342972278594970703e-01 4.564297795295715332e-01 -4.931269586086273193e-02
5.885916948318481445e-01 6.065121889114379883e-01 4.831767454743385315e-02
5.862078070640563965e-01 6.255771517753601074e-01 6.840075552463531494e-02
6.324452757835388184e-01 4.855231046676635742e-01 8.651868999004364014e-02
6.032406091690063477e-01 5.859973430633544922e-01 6.258981674909591675e-02
6.333575248718261719e-01 3.811318874359130859e-01 7.118730992078781128e-02
5.406520962715148926e-01 6.562584638595581055e-01 1.122778933495283127e-02
5.149851441383361816e-01 4.984380900859832764e-01 -4.043085873126983643e-02
5.543532967567443848e-01 4.644126594066619873e-01 -7.596807554364204407e-03
6.273607015609741211e-01 4.076859652996063232e-01 5.380698293447494507e-02
5.850527286529541016e-01 3.993027210235595703e-01 1.402739714831113815e-02
5.755097270011901855e-01 3.994818329811096191e-01 1.067796628922224045e-02
5.472071766853332520e-01 5.781459212303161621e-01 1.063774339854717255e-03
6.191291809082031250e-01 5.128967761993408203e-01 4.823304712772369385e-02
5.181599855422973633e-01 6.774148941040039062e-01 1.350234728306531906e-02
5.537865161895751953e-01 6.575622558593750000e-01 3.794754669070243835e-02
5.690166354179382324e-01 6.445517539978027344e-01 5.145246163010597229e-02
5.660448670387268066e-01 3.970881104469299316e-01 9.631794877350330353e-03
5.570784211158752441e-01 3.932404518127441406e-01 1.075077988207340240e-02
5.511407256126403809e-01 3.909422755241394043e-01 1.281530410051345825e-02
6.260134577751159668e-01 3.737147152423858643e-01 4.335641488432884216e-02
5.599467754364013672e-01 3.781474232673645020e-01 9.368988685309886932e-03
5.703114867210388184e-01 3.737390935420989990e-01 8.091372437775135040e-03
5.803503394126892090e-01 3.733977079391479492e-01 9.173586033284664154e-03
5.898620486259460449e-01 3.768894374370574951e-01 1.242560055106878281e-02
5.953533649444580078e-01 3.819276094436645508e-01 1.634935103356838226e-02
6.381070613861083984e-01 3.760130405426025391e-01 1.034337356686592102e-01
5.915784239768981934e-01 3.971407413482666016e-01 1.800142601132392883e-02
5.439974665641784668e-01 5.278530120849609375e-01 -1.657602563500404358e-02
5.370575785636901855e-01 4.917342960834503174e-01 -3.129886463284492493e-02
5.240074396133422852e-01 5.195928812026977539e-01 -2.863580361008644104e-02
5.727043151855468750e-01 6.261051893234252930e-01 3.698071464896202087e-02
5.573403835296630859e-01 6.409947872161865234e-01 2.478769049048423767e-02
5.196243524551391602e-01 6.668633818626403809e-01 -1.021385192871093750e-03
5.997395515441894531e-01 6.029050350189208984e-01 8.971502631902694702e-02
5.520741343498229980e-01 3.845703303813934326e-01 1.142071746289730072e-02
5.337781906127929688e-01 4.250763058662414551e-01 -2.745782025158405304e-02
5.374937653541564941e-01 6.692363023757934570e-01 2.367635257542133331e-02
6.258463263511657715e-01 5.222330093383789062e-01 8.386868983507156372e-02
5.249950289726257324e-01 5.784006118774414062e-01 -1.225131470710039139e-02
5.269960761070251465e-01 5.824403762817382812e-01 -1.406289916485548019e-02
5.286394953727722168e-01 5.886939764022827148e-01 -1.579290442168712616e-02
5.296274423599243164e-01 5.963116288185119629e-01 -1.409274991601705551e-02
5.309637188911437988e-01 6.094583272933959961e-01 -5.589580163359642029e-03
5.439352989196777344e-01 5.612411499023437500e-01 -2.931227907538414001e-03
5.465297102928161621e-01 5.607393980026245117e-01 -2.538271946832537651e-03
5.488560199737548828e-01 5.597392916679382324e-01 -2.409847453236579895e-03
5.600558519363403320e-01 5.522964596748352051e-01 4.241547139827162027e-04
6.042162775993347168e-01 5.194182991981506348e-01 2.430866844952106476e-02
5.344194769859313965e-01 4.083554744720458984e-01 -1.645446009933948517e-02
5.415500402450561523e-01 3.736487925052642822e-01 3.995641600340604782e-03
5.476116538047790527e-01 3.766972720623016357e-01 9.166757576167583466e-03
5.415816307067871094e-01 5.611646771430969238e-01 -1.960994442924857140e-03
6.011816263198852539e-01 5.605167746543884277e-01 4.132692143321037292e-02
5.323857069015502930e-01 3.718358576297760010e-01 -1.115498598664999008e-02
5.358526110649108887e-01 6.236481070518493652e-01 5.078718531876802444e-04
5.272558927536010742e-01 4.150938987731933594e-01 -3.550527617335319519e-02
5.393258333206176758e-01 4.528291225433349609e-01 -2.756645902991294861e-02
5.172411799430847168e-01 6.323528289794921875e-01 -7.213962730020284653e-03
5.629973411560058594e-01 5.928666591644287109e-01 1.364375278353691101e-02
5.572835206985473633e-01 5.010687112808227539e-01 -5.506842862814664841e-03
5.506747364997863770e-01 6.104907989501953125e-01 7.601835299283266068e-03
5.824007987976074219e-01 5.015130043029785156e-01 8.737661992199718952e-04
5.659228563308715820e-01 5.188484191894531250e-01 -2.342443447560071945e-03
5.884430408477783203e-01 5.295765399932861328e-01 1.079327613115310669e-02
5.195121765136718750e-01 6.509640812873840332e-01 -6.382082588970661163e-03
5.447341799736022949e-01 4.635509848594665527e-01 -1.913892105221748352e-02
5.711314082145690918e-01 6.067913770675659180e-01 2.431625500321388245e-02
5.558321475982666016e-01 6.240428090095520020e-01 1.605897769331932068e-02
5.732131600379943848e-01 5.720359086990356445e-01 1.496386341750621796e-02
6.132186055183410645e-01 5.412504076957702637e-01 5.172155797481536865e-02
5.863659381866455078e-01 5.769661664962768555e-01 2.625292725861072540e-02
6.168769001960754395e-01 5.560843348503112793e-01 7.834251224994659424e-02
5.720134377479553223e-01 5.409960150718688965e-01 4.216596018522977829e-03
5.393034815788269043e-01 4.375706315040588379e-01 -1.918369904160499573e-02
5.364722013473510742e-01 4.856565296649932861e-01 -4.499291628599166870e-02
5.421324968338012695e-01 4.911641776561737061e-01 -3.241404891014099121e-02
5.335874557495117188e-01 4.735499024391174316e-01 -5.346969515085220337e-02
5.523526668548583984e-01 3.557075858116149902e-01 1.411162433214485645e-03
5.722438097000122070e-01 3.442571163177490234e-01 7.769561489112675190e-04
5.887918472290039062e-01 3.435337245464324951e-01 2.748781815171241760e-03
6.014062166213989258e-01 3.494994342327117920e-01 8.195547387003898621e-03
6.091938018798828125e-01 3.599009513854980469e-01 1.563633233308792114e-02
6.107852458953857422e-01 3.955493569374084473e-01 3.294000774621963501e-02
6.363879442214965820e-01 4.502527415752410889e-01 8.515647053718566895e-02
6.010543107986450195e-01 4.203219413757324219e-01 2.294141799211502075e-02
5.896266102790832520e-01 4.243241846561431885e-01 1.535211130976676941e-02
5.749745368957519531e-01 4.222158193588256836e-01 9.789178147912025452e-03
5.611697435379028320e-01 4.162259101867675781e-01 6.730045191943645477e-03
5.506146550178527832e-01 4.090858101844787598e-01 5.790174007415771484e-03
5.434787273406982422e-01 4.025579988956451416e-01 4.669921007007360458e-03
6.342599391937255859e-01 4.514862298965454102e-01 1.287435442209243774e-01
5.412433147430419922e-01 4.957379102706909180e-01 -2.682253345847129822e-02
5.332100987434387207e-01 4.401960372924804688e-01 -3.682021051645278931e-02
5.293865799903869629e-01 4.853188395500183105e-01 -5.455835536122322083e-02
5.223301053047180176e-01 4.929247796535491943e-01 -5.049246549606323242e-02
5.285866856575012207e-01 4.882956147193908691e-01 -4.899265989661216736e-02
5.377168059349060059e-01 5.003289580345153809e-01 -2.328576333820819855e-02
5.204049944877624512e-01 4.940914511680603027e-01 -5.365428701043128967e-02
5.184375047683715820e-01 4.978346824645996094e-01 -4.030659794807434082e-02
5.441877245903015137e-01 3.886964619159698486e-01 1.063208095729351044e-02
5.382987260818481445e-01 3.922462761402130127e-01 3.179496387019753456e-03
5.349563360214233398e-01 3.947828710079193115e-01 -5.181300919502973557e-03
5.983037352561950684e-01 3.857429027557373047e-01 2.034338936209678650e-02
6.062614917755126953e-01 3.768745958805084229e-01 2.119376137852668762e-02
4.543194770812988281e-01 3.716287612915039062e-01 5.025842227041721344e-03
4.658453464508056641e-01 3.727789223194122314e-01 5.025842227041721344e-03
4.554424881935119629e-01 3.569749593734741211e-01 5.025842227041721344e-03
4.426019191741943359e-01 3.704031705856323242e-01 5.025842227041721344e-03
4.531141817569732666e-01 3.860583305358886719e-01 5.025842227041721344e-03
5.770877003669738770e-01 3.873979449272155762e-01 1.392530277371406555e-02
5.887927412986755371e-01 3.887006342411041260e-01 1.392530277371406555e-02
5.779834389686584473e-01 3.720878362655639648e-01 1.392530277371406555e-02
5.653386116027832031e-01 3.859908282756805420e-01 1.392530277371406555e-02
5.762256383895874023e-01 4.026895761489868164e-01 1.392530277371406555e-02
