5.049048662185668945e-01 5.252347588539123535e-01 -3.735080733895301819e-02
5.104836821556091309e-01 4.700255990028381348e-01 -6.183210760354995728e-02
5.077617168426513672e-01 4.886424541473388672e-01 -3.447881340980529785e-02
5.047899484634399414e-01 4.151501953601837158e-01 -4.412109032273292542e-02
5.121226310729980469e-01 4.528547823429107666e-01 -6.482766568660736084e-02
5.136493444442749023e-01 4.313676655292510986e-01 -5.903617665171623230e-02
5.168180465698242188e-01 3.801546990871429443e-01 -2.455081976950168610e-02
4.336839020252227783e-01 3.645479381084442139e-01 1.510672923177480698e-02
5.200584530830383301e-01 3.362481594085693359e-01 -1.400795951485633850e-02
5.219615697860717773e-01 3.139500319957733154e-01 -1.453344430774450302e-02
5.273214578628540039e-01 2.412654459476470947e-01 2.953376853838562965e-03
5.047863721847534180e-01 5.287995338439941406e-01 -3.638968244194984436e-02
5.045751929283142090e-01 5.321443080902099609e-01 -3.299167007207870483e-02
5.044338703155517578e-01 5.342774987220764160e-01 -2.810835652053356171e-02
5.018659234046936035e-01 5.767078399658203125e-01 -2.407475747168064117e-02
5.018411874771118164e-01 5.823211669921875000e-01 -2.606227435171604156e-02
5.015151500701904297e-01 5.893309712409973145e-01 -2.848041057586669922e-02
5.011038780212402344e-01 5.966664552688598633e-01 -2.655496448278427124e-02
4.968738853931427002e-01 6.076948642730712891e-01 -1.595142111182212830e-02
5.093141198158264160e-01 4.792950451374053955e-01 -5.644969269633293152e-02
4.986774325370788574e-01 4.785295128822326660e-01 -4.167203977704048157e-02
3.942089676856994629e-01 3.005618453025817871e-01 7.131344825029373169e-02
4.638951718807220459e-01 3.844626545906066895e-01 4.200531635433435440e-03
4.518072903156280518e-01 3.848262131214141846e-01 4.355754703283309937e-03
4.407895505428314209e-01 3.821604251861572266e-01 7.010626606643199921e-03
4.278774261474609375e-01 3.697797656059265137e-01 1.603104174137115479e-02
4.748381376266479492e-01 3.804712295532226562e-01 6.377757526934146881e-03
4.543431699275970459e-01 3.267126083374023438e-01 1.898916787467896938e-03
4.676134288311004639e-01 3.308939933776855469e-01 2.790067344903945923e-03
4.414093792438507080e-01 3.286277055740356445e-01 4.771534353494644165e-03
4.322730302810668945e-01 3.357329368591308594e-01 8.656991645693778992e-03
4.161229729652404785e-01 3.797982633113861084e-01 2.062466740608215332e-02
4.510584771633148193e-01 6.208102703094482422e-01 -6.423322949558496475e-03
4.302510023117065430e-01 3.584656715393066406e-01 1.884013973176479340e-02
3.821480870246887207e-01 3.712649643421173096e-01 7.005799561738967896e-02
4.043553769588470459e-01 3.651620447635650635e-01 3.234494850039482117e-02
4.520925581455230713e-01 4.526275694370269775e-01 -1.153280399739742279e-02
4.894269704818725586e-01 5.204839706420898438e-01 -3.638238459825515747e-02
4.906956851482391357e-01 5.297907590866088867e-01 -3.200255334377288818e-02
4.741757512092590332e-01 5.239565372467041016e-01 -3.069595992565155029e-02
4.640092849731445312e-01 5.299676656723022461e-01 -2.279721014201641083e-02
4.787257313728332520e-01 5.307047963142395020e-01 -2.803705632686614990e-02
4.694937467575073242e-01 5.340693593025207520e-01 -2.059350349009037018e-02
4.466993212699890137e-01 5.644626617431640625e-01 -5.996319931000471115e-03
5.011525154113769531e-01 4.684555232524871826e-01 -6.119943410158157349e-02
5.010917186737060547e-01 4.518564343452453613e-01 -6.392475962638854980e-02
4.185939729213714600e-01 3.169724941253662109e-01 1.296494714915752411e-02
4.785929620265960693e-01 4.136436283588409424e-01 -9.238759987056255341e-03
4.748754799365997314e-01 4.636744856834411621e-01 -3.469777107238769531e-02
4.741946458816528320e-01 4.551101028919219971e-01 -3.097273781895637512e-02
4.174937009811401367e-01 4.471407532691955566e-01 8.975851233117282391e-04
5.030548572540283203e-01 4.319421648979187012e-01 -5.616572126746177673e-02
4.487451612949371338e-01 2.975631058216094971e-01 -3.827728331089019775e-03
4.317563474178314209e-01 3.034368157386779785e-01 3.845906117931008339e-03
4.098998010158538818e-01 2.723567485809326172e-01 5.184105411171913147e-02
4.979619979858398438e-01 3.203627169132232666e-01 -1.172331813722848892e-02
4.783425331115722656e-01 3.411154150962829590e-01 6.305404473096132278e-03
4.406043589115142822e-01 5.452107191085815430e-01 -3.907743375748395920e-03
3.805969357490539551e-01 5.321449041366577148e-01 8.926109969615936279e-02
4.826200306415557861e-01 4.742087423801422119e-01 -3.028656356036663055e-02
4.909216761589050293e-01 4.801389575004577637e-01 -3.123667091131210327e-02
4.528873860836029053e-01 5.464741587638854980e-01 -4.907530732452869415e-03
4.562760591506958008e-01 5.465034246444702148e-01 -7.771841716021299362e-03
4.268572926521301270e-01 2.927322983741760254e-01 9.819824248552322388e-03
4.734765291213989258e-01 4.720068573951721191e-01 -2.891440130770206451e-02
4.701919555664062500e-01 3.012745380401611328e-01 -9.148466400802135468e-03
4.700517356395721436e-01 2.879890203475952148e-01 -1.056358683854341507e-02
4.610343575477600098e-01 2.400088310241699219e-01 1.328799780458211899e-02
4.177811145782470703e-01 2.872408926486968994e-01 2.804394066333770752e-02
4.656043648719787598e-01 2.691941261291503906e-01 9.836259996518492699e-04
4.124296903610229492e-01 3.101495504379272461e-01 2.306923829019069672e-02
4.028498232364654541e-01 3.099657297134399414e-01 4.597066715359687805e-02
4.897262752056121826e-01 5.255320668220520020e-01 -3.552535921335220337e-02
4.763547182083129883e-01 5.277603268623352051e-01 -2.995694056153297424e-02
4.666221737861633301e-01 5.322497487068176270e-01 -2.267484553158283234e-02
4.848960041999816895e-01 4.779218435287475586e-01 -2.787646837532520294e-02
4.545796215534210205e-01 5.465528964996337891e-01 -6.393002346158027649e-03
4.586910605430603027e-01 5.566055774688720703e-01 -1.234786119312047958e-02
4.577847421169281006e-01 5.464010834693908691e-01 -7.966307923197746277e-03
4.886714518070220947e-01 4.678299427032470703e-01 -4.546247422695159912e-02
4.718545973300933838e-01 5.348812937736511230e-01 -1.886336877942085266e-02
4.808191955089569092e-01 5.322375297546386719e-01 -2.380939386785030365e-02
4.917630255222320557e-01 5.321614146232604980e-01 -2.744884230196475983e-02
4.807913303375244141e-01 6.041058301925659180e-01 -1.627057604491710663e-02
4.846125245094299316e-01 5.916058421134948730e-01 -2.655396610498428345e-02
4.859030544757843018e-01 5.846063494682312012e-01 -2.792464010417461395e-02
4.873961210250854492e-01 5.778692364692687988e-01 -2.528475411236286163e-02
4.889655113220214844e-01 5.729498863220214844e-01 -2.338482439517974854e-02
4.703613221645355225e-01 5.614163279533386230e-01 -1.577975228428840637e-02
4.677596390247344971e-01 5.630682110786437988e-01 -1.761223748326301575e-02
4.644842147827148438e-01 5.658525228500366211e-01 -1.952784135937690735e-02
4.617754220962524414e-01 5.693336129188537598e-01 -1.783462241291999817e-02
4.566583633422851562e-01 5.151429176330566406e-01 -1.872180588543415070e-02
3.728851974010467529e-01 4.453311860561370850e-01 1.102820262312889099e-01
5.085446238517761230e-01 4.836953878402709961e-01 -4.203033819794654846e-02
4.643851816654205322e-01 5.553655028343200684e-01 -1.091351173818111420e-02
4.615359306335449219e-01 5.557481050491333008e-01 -1.220543589442968369e-02
4.934178590774536133e-01 4.869551062583923340e-01 -3.225922584533691406e-02
4.761073589324951172e-01 4.828445911407470703e-01 -2.099846117198467255e-02
4.922472834587097168e-01 4.836090803146362305e-01 -3.193417191505432129e-02
4.654565751552581787e-01 4.219500720500946045e-01 -6.827047560364007950e-03
4.457315504550933838e-01 4.305835366249084473e-01 -5.063089076429605484e-03
4.714247882366180420e-01 4.630411863327026367e-01 -2.509013377130031586e-02
4.311895072460174561e-01 2.513622045516967773e-01 3.096533380448818207e-02
4.377455115318298340e-01 2.727917432785034180e-01 1.342439278960227966e-02
4.462822675704956055e-01 2.851139605045318604e-01 -1.056131208315491676e-03
4.546859860420227051e-01 5.791774988174438477e-01 -1.075062248855829239e-02
4.975719451904296875e-01 2.972231507301330566e-01 -1.473831664770841599e-02
4.935551583766937256e-01 2.725182771682739258e-01 -5.579230375587940216e-03
4.919081628322601318e-01 2.375086843967437744e-01 3.728263545781373978e-03
4.320667684078216553e-01 3.772724568843841553e-01 1.157402992248535156e-02
4.015894532203674316e-01 3.904346227645874023e-01 2.565888315439224243e-02
4.824004173278808594e-01 3.761143386363983154e-01 8.564311079680919647e-03
4.198406636714935303e-01 3.430641293525695801e-01 1.770602352917194366e-02
4.878348112106323242e-01 4.034416973590850830e-01 -1.221578381955623627e-02
4.823372066020965576e-01 4.567981958389282227e-01 -4.504691809415817261e-02
3.902061283588409424e-01 4.029343128204345703e-01 3.646445274353027344e-02
4.081082940101623535e-01 4.031552374362945557e-01 1.474384311586618423e-02
4.226731956005096436e-01 4.112728834152221680e-01 4.618262872099876404e-03
4.457597732543945312e-01 4.111775755882263184e-01 8.889815653674304485e-04
4.631406962871551514e-01 4.060030579566955566e-01 -3.616936737671494484e-04
4.767653942108154297e-01 3.993064463138580322e-01 -2.094523748382925987e-03
5.054979324340820312e-01 3.827659487724304199e-01 -2.107389084994792938e-02
3.896756172180175781e-01 4.384533762931823730e-01 3.087193518877029419e-02
4.107605218887329102e-01 3.394916355609893799e-01 2.310371957719326019e-02
5.037692785263061523e-01 4.779888093471527100e-01 -5.609804764389991760e-02
4.785918593406677246e-01 4.298989176750183105e-01 -1.525608263909816742e-02
3.766088485717773438e-01 3.704319000244140625e-01 1.070975735783576965e-01
4.875472784042358398e-01 3.911133408546447754e-01 -2.542152768000960350e-03
4.697309434413909912e-01 4.645026922225952148e-01 -1.398201007395982742e-02
4.249055385589599609e-01 3.580651879310607910e-01 2.060780860483646393e-02
4.821883440017700195e-01 4.465743899345397949e-01 -4.027479141950607300e-02
3.747061192989349365e-01 4.869943261146545410e-01 1.027803570032119751e-01
4.838919043540954590e-01 3.701704144477844238e-01 1.191314868628978729e-02
4.925128519535064697e-01 4.370954632759094238e-01 -5.027827247977256775e-02
4.046876430511474609e-01 5.759386420249938965e-01 3.124569728970527649e-02
4.014824628829956055e-01 5.962857007980346680e-01 4.951430112123489380e-02
3.764559626579284668e-01 4.421432316303253174e-01 7.059284299612045288e-02
3.925244212150573730e-01 5.509037375450134277e-01 4.459118470549583435e-02
3.920654952526092529e-01 3.383069634437561035e-01 6.147538870573043823e-02
4.467316269874572754e-01 6.375994682312011719e-01 -1.416712533682584763e-03
5.042740702629089355e-01 4.825499355792999268e-01 -4.143820330500602722e-02
4.670742750167846680e-01 4.413737952709197998e-01 -1.233346853405237198e-02
3.936204910278320312e-01 3.678206205368041992e-01 4.308893531560897827e-02
4.436552524566650391e-01 3.729337155818939209e-01 8.665996603667736053e-03
4.532642364501953125e-01 3.758915662765502930e-01 6.361056584864854813e-03
4.560335278511047363e-01 5.578776597976684570e-01 -1.082267053425312042e-02
3.897902965545654297e-01 4.728704094886779785e-01 3.230096027255058289e-02
4.659523665904998779e-01 6.648004651069641113e-01 2.257141051813960075e-03
4.311637580394744873e-01 6.371614336967468262e-01 2.260755375027656555e-02
4.170489907264709473e-01 6.203602552413940430e-01 3.431189432740211487e-02
5.247794389724731445e-01 2.777615785598754883e-01 -6.433309987187385559e-03
4.913440644741058350e-01 6.713545322418212891e-01 3.341765550430864096e-04
4.634079933166503906e-01 3.756519854068756104e-01 6.572297308593988419e-03
4.734408557415008545e-01 3.733014464378356934e-01 8.751583285629749298e-03
4.802319109439849854e-01 3.717893660068511963e-01 1.153047475963830948e-02
4.025266170501708984e-01 3.362534046173095703e-01 3.452245891094207764e-02
4.744918942451477051e-01 3.562936782836914062e-01 7.817915640771389008e-03
4.644792675971984863e-01 3.499223291873931885e-01 5.657944828271865845e-03
4.542764425277709961e-01 3.477420508861541748e-01 5.637830123305320740e-03
4.439918398857116699e-01 3.491474390029907227e-01 7.706659846007823944e-03
4.372983276844024658e-01 3.526934385299682617e-01 1.078966818749904633e-02
3.836112618446350098e-01 3.316808640956878662e-01 9.194521605968475342e-02
4.376172423362731934e-01 3.688004016876220703e-01 1.204571034759283066e-02
5.063323974609375000e-01 5.025553107261657715e-01 -3.260127454996109009e-02
4.684995710849761963e-01 5.062936544418334961e-01 -2.374125644564628601e-02
4.829972982406616211e-01 4.708487987518310547e-01 -3.416930884122848511e-02
4.906164705753326416e-01 5.019563436508178711e-01 -3.240040689706802368e-02
5.181917548179626465e-01 3.590823709964752197e-01 -1.492296159267425537e-02
4.177910685539245605e-01 5.998550653457641602e-01 2.107439562678337097e-02
4.313712120056152344e-01 6.186441779136657715e-01 1.048107817769050598e-02
4.670145809650421143e-01 6.526871919631958008e-01 -1.135938894003629684e-02
3.901053071022033691e-01 5.691570043563842773e-01 6.968640536069869995e-02
4.811710715293884277e-01 3.646967113018035889e-01 1.027339510619640350e-02
4.960639476776123047e-01 4.077711999416351318e-01 -2.725181914865970612e-02
4.923499524593353271e-01 6.592253446578979492e-01 -1.294905599206686020e-02
4.468924403190612793e-01 6.525650024414062500e-01 1.020463090389966965e-02
3.777551054954528809e-01 4.803856015205383301e-01 6.658743321895599365e-02
4.786114096641540527e-01 5.675663948059082031e-01 -2.009096927940845490e-02
4.760372638702392578e-01 5.708005428314208984e-01 -2.206324785947799683e-02
4.734365046024322510e-01 5.758813023567199707e-01 -2.417488954961299896e-02
4.713730216026306152e-01 5.819656252861022949e-01 -2.286204323172569275e-02
4.656410813331604004e-01 5.932004451751708984e-01 -1.512528397142887115e-02
4.619398713111877441e-01 5.392575263977050781e-01 -1.374044362455606461e-02
4.591529667377471924e-01 5.383754372596740723e-01 -1.383512001484632492e-02
4.568127989768981934e-01 5.368906259536743164e-01 -1.385241374373435974e-02
4.471222460269927979e-01 5.284696817398071289e-01 -1.152278017252683640e-02
4.060669839382171631e-01 4.831585288047790527e-01 1.035663485527038574e-02
4.968975782394409180e-01 3.918167054653167725e-01 -1.572772487998008728e-02
4.939465224742889404e-01 3.563516438007354736e-01 5.232282914221286774e-03
4.866001307964324951e-01 3.579892814159393311e-01 8.872590959072113037e-03
4.642539620399475098e-01 5.393269658088684082e-01 -1.279739197343587875e-02
4.011693894863128662e-01 5.255374908447265625e-01 2.519517578184604645e-02
5.043924450874328613e-01 3.562877178192138672e-01 -8.483365178108215332e-03
4.580141603946685791e-01 6.058382987976074219e-01 -9.770389646291732788e-03
5.147382020950317383e-01 4.138630926609039307e-01 -4.718679189682006836e-02
5.049833655357360840e-01 3.998139202594757080e-01 -3.347237780690193176e-02
5.157221555709838867e-01 3.976742029190063477e-01 -3.536148741841316223e-02
4.859265685081481934e-01 4.330539107322692871e-01 -2.927189692854881287e-02
4.938803017139434814e-01 6.422169804573059082e-01 -1.751822978258132935e-02
4.954852163791656494e-01 6.232925653457641602e-01 -1.622917503118515015e-02
4.758228063583374023e-01 6.186826229095458984e-01 -1.489617861807346344e-02
4.350997209548950195e-01 5.688093304634094238e-01 7.124748208298115060e-06
4.587164521217346191e-01 4.767838120460510254e-01 -1.218925509601831436e-02
4.446063339710235596e-01 5.893702507019042969e-01 -4.588264506310224533e-03
4.329012632369995117e-01 4.705772399902343750e-01 -8.891634643077850342e-03
4.470061659812927246e-01 4.922228157520294189e-01 -1.168544217944145203e-02
4.215323328971862793e-01 4.974073171615600586e-01 -1.709257951006293297e-03
4.704752266407012939e-01 6.362587213516235352e-01 -1.557847391813993454e-02
4.779880642890930176e-01 4.426686167716979980e-01 -2.227992191910743713e-02
4.238379895687103271e-01 5.806789994239807129e-01 9.449603036046028137e-03
4.367255866527557373e-01 6.016352176666259766e-01 2.811976242810487747e-03
4.289771020412445068e-01 5.451653003692626953e-01 7.928285049274563789e-04
3.911083638668060303e-01 5.028591752052307129e-01 3.498269245028495789e-02
4.139694571495056152e-01 5.465463399887084961e-01 1.100086979568004608e-02
3.822469711303710938e-01 5.166926383972167969e-01 5.985433980822563171e-02
4.368220567703247070e-01 5.136513113975524902e-01 -7.550989743322134018e-03
4.875505864620208740e-01 4.185915589332580566e-01 -2.076941914856433868e-02
4.855214655399322510e-01 4.644883275032043457e-01 -4.758047685027122498e-02
4.782136678695678711e-01 4.692727327346801758e-01 -3.597659245133399963e-02
4.911625385284423828e-01 4.532387852668762207e-01 -5.485007911920547485e-02
4.866870045661926270e-01 3.357096910476684570e-01 2.065339125692844391e-03
4.688109755516052246e-01 3.202618062496185303e-01 -2.260835753986611962e-04
4.521704912185668945e-01 3.160402178764343262e-01 -2.765317331068217754e-04
4.376249611377716064e-01 3.191217780113220215e-01 3.273962065577507019e-03
4.267534315586090088e-01 3.275761008262634277e-01 9.334340691566467285e-03
4.158834218978881836e-01 3.616501688957214355e-01 2.476992085576057434e-02
3.774570226669311523e-01 4.059490561485290527e-01 7.059068232774734497e-02
4.214417040348052979e-01 3.878134489059448242e-01 1.456431113183498383e-02
4.326625168323516846e-01 3.945014774799346924e-01 8.162615820765495300e-03
4.483109414577484131e-01 3.965907096862792969e-01 4.187090788036584854e-03
4.638122916221618652e-01 3.943316936492919922e-01 2.927590860053896904e-03
4.763693511486053467e-01 3.895128071308135986e-01 3.785207634791731834e-03
4.853512942790985107e-01 3.846614956855773926e-01 3.815668169409036636e-03
3.739092350006103516e-01 4.074406921863555908e-01 1.125089079141616821e-01
4.777532219886779785e-01 4.745813608169555664e-01 -3.057598508894443512e-02
4.951514601707458496e-01 4.221090078353881836e-01 -3.725345060229301453e-02
4.933047890663146973e-01 4.655862152576446533e-01 -5.602765083312988281e-02
4.983246624469757080e-01 4.751069545745849609e-01 -5.162651464343070984e-02
4.930110275745391846e-01 4.688436985015869141e-01 -5.068095400929450989e-02
4.801731109619140625e-01 4.803746342658996582e-01 -2.681462839245796204e-02
5.003488063812255859e-01 4.766475260257720947e-01 -5.461242422461509705e-02
5.008625984191894531e-01 4.812105596065521240e-01 -4.151638969779014587e-02
4.877647459506988525e-01 3.706161379814147949e-01 1.041217893362045288e-02
4.931326806545257568e-01 3.755595088005065918e-01 3.699831198900938034e-03
4.964937567710876465e-01 3.784119486808776855e-01 -4.178255330771207809e-03
4.334060549736022949e-01 3.556487858295440674e-01 1.423964835703372955e-02
4.261981248855590820e-01 3.449082076549530029e-01 1.453844737261533737e-02
5.239955782890319824e-01 4.178000986576080322e-01 -4.283545166254043579e-02
5.952957868576049805e-01 3.840703964233398438e-01 2.385785244405269623e-02
5.186652541160583496e-01 4.813013374805450439e-01 -4.069497436285018921e-02
6.350835561752319336e-01 3.353075981140136719e-01 8.389408886432647705e-02
5.613448023796081543e-01 3.956217765808105469e-01 9.935022331774234772e-03
5.726141929626464844e-01 3.990291357040405273e-01 1.124622859060764313e-02
5.834494829177856445e-01 3.997890353202819824e-01 1.489595789462327957e-02
5.986844897270202637e-01 3.902759552001953125e-01 2.524250745773315430e-02
5.521021485328674316e-01 3.897092938423156738e-01 1.094800792634487152e-02
5.832329988479614258e-01 3.423395156860351562e-01 9.023068472743034363e-03
5.694462656974792480e-01 3.435332179069519043e-01 8.442484773695468903e-03
5.953025221824645996e-01 3.469831645488739014e-01 1.295686233788728714e-02
6.024604439735412598e-01 3.559626936912536621e-01 1.749898865818977356e-02
6.058770418167114258e-01 4.031167626380920410e-01 3.060541488230228424e-02
5.382431745529174805e-01 6.313534975051879883e-01 -2.376601565629243851e-03
5.998373627662658691e-01 3.785015344619750977e-01 2.795338258147239685e-02
6.375472545623779297e-01 4.067753553390502930e-01 8.320292830467224121e-02
6.187323927879333496e-01 3.907355666160583496e-01 4.345551133155822754e-02
5.651433467864990234e-01 4.685978293418884277e-01 -5.463358480483293533e-03
5.198295712471008301e-01 5.249675512313842773e-01 -3.482481837272644043e-02
5.173966288566589355e-01 5.338989496231079102e-01 -3.055286593735218048e-02
5.332006216049194336e-01 5.326158404350280762e-01 -2.749064750969409943e-02
5.412591099739074707e-01 5.416437387466430664e-01 -1.842175610363483429e-02
5.278745293617248535e-01 5.381565093994140625e-01 -2.526267990469932556e-02
5.353282690048217773e-01 5.443528294563293457e-01 -1.685660518705844879e-02
5.506755709648132324e-01 5.785703063011169434e-01 -5.272520356811583042e-04
5.195699930191040039e-01 4.710128903388977051e-01 -6.037367507815361023e-02
5.228044986724853516e-01 4.548509716987609863e-01 -6.295900791883468628e-02
6.177628040313720703e-01 3.396806120872497559e-01 2.342595346271991730e-02
5.460610985755920410e-01 4.230231642723083496e-01 -5.280712153762578964e-03
5.437071919441223145e-01 4.732610285282135010e-01 -3.101995959877967834e-02
5.454274415969848633e-01 4.649588167667388916e-01 -2.718728035688400269e-02
5.979729294776916504e-01 4.725970625877380371e-01 1.060861907899379730e-02
5.236400365829467773e-01 4.347473084926605225e-01 -5.490417405962944031e-02
5.955619812011718750e-01 3.159841001033782959e-01 3.780088853091001511e-03
6.094937324523925781e-01 3.244270086288452148e-01 1.312606502324342728e-02
6.274566054344177246e-01 3.039806187152862549e-01 6.303621828556060791e-02
5.450437068939208984e-01 3.283704221248626709e-01 -9.008057415485382080e-03
5.571345090866088867e-01 3.512281179428100586e-01 1.092771999537944794e-02
5.598074793815612793e-01 5.618587732315063477e-01 2.846771385520696640e-03
6.135592460632324219e-01 5.638809204101562500e-01 1.014545559883117676e-01
5.339177250862121582e-01 4.814130067825317383e-01 -2.779124304652214050e-02
5.250532031059265137e-01 4.849396646022796631e-01 -2.995343320071697235e-02
5.479260087013244629e-01 5.622628331184387207e-01 9.011779329739511013e-04
5.446087718009948730e-01 5.612124204635620117e-01 -2.590213203802704811e-03
6.158776283264160156e-01 3.141695857048034668e-01 1.949306018650531769e-02
5.429718494415283203e-01 4.816421866416931152e-01 -2.530090697109699249e-02
5.751743912696838379e-01 3.157898187637329102e-01 -3.958846908062696457e-03
5.783843994140625000e-01 3.026946783065795898e-01 -5.312291905283927917e-03
5.892748236656188965e-01 2.590075731277465820e-01 1.983092166483402252e-02
6.207267642021179199e-01 3.154320716857910156e-01 3.846680372953414917e-02
5.818933248519897461e-01 2.856766283512115479e-01 6.857685744762420654e-03
6.241504549980163574e-01 3.337677419185638428e-01 3.405839577317237854e-02
6.291088461875915527e-01 3.413517475128173828e-01 5.773657560348510742e-02
5.188801288604736328e-01 5.300099849700927734e-01 -3.395044803619384766e-02
5.305284857749938965e-01 5.359389185905456543e-01 -2.695514820516109467e-02
5.384541749954223633e-01 5.433008074760437012e-01 -1.866935379803180695e-02
5.308937430381774902e-01 4.843486845493316650e-01 -2.567845769226551056e-02
5.462396740913391113e-01 5.618202090263366699e-01 -1.023351913318037987e-03
5.424757599830627441e-01 5.707857608795166016e-01 -7.805690634995698929e-03
5.430427193641662598e-01 5.605648756027221680e-01 -2.950797788798809052e-03
5.302196145057678223e-01 4.737264513969421387e-01 -4.294347018003463745e-02
5.328429341316223145e-01 5.443269610404968262e-01 -1.531642396003007889e-02
5.255616903305053711e-01 5.389580130577087402e-01 -2.117815054953098297e-02
5.160400867462158203e-01 5.358421802520751953e-01 -2.596082724630832672e-02
5.129459500312805176e-01 6.083070635795593262e-01 -1.488544326275587082e-02
5.168097019195556641e-01 5.973311662673950195e-01 -2.505937963724136353e-02
5.164110064506530762e-01 5.897678136825561523e-01 -2.636771276593208313e-02
5.154033899307250977e-01 5.825270414352416992e-01 -2.373986318707466125e-02
5.139409899711608887e-01 5.770661830902099609e-01 -2.189506590366363525e-02
5.311999917030334473e-01 5.718587040901184082e-01 -1.223066914826631546e-02
5.339583158493041992e-01 5.745208263397216797e-01 -1.407539192587137222e-02
5.371165275573730469e-01 5.785943865776062012e-01 -1.578696444630622864e-02
5.395246744155883789e-01 5.831340551376342773e-01 -1.386716403067111969e-02
5.505234003067016602e-01 5.283879637718200684e-01 -1.367112621665000916e-02
6.312742233276367188e-01 4.815969765186309814e-01 1.237863451242446899e-01
5.366520285606384277e-01 5.676219463348388672e-01 -6.500043906271457672e-03
5.396516919136047363e-01 5.689561367034912109e-01 -7.833456620573997498e-03
5.216663479804992676e-01 4.909203052520751953e-01 -3.090742416679859161e-02
5.381411314010620117e-01 4.914467632770538330e-01 -1.808656752109527588e-02
5.232762694358825684e-01 4.880372583866119385e-01 -3.067561611533164978e-02
5.568490624427795410e-01 4.347244203090667725e-01 -1.539879944175481796e-03
5.742345452308654785e-01 4.487086534500122070e-01 1.953526167199015617e-03
5.463257431983947754e-01 4.734054207801818848e-01 -2.116162516176700592e-02
6.135130524635314941e-01 2.781021296977996826e-01 4.012298583984375000e-02
6.061548590660095215e-01 2.963213622570037842e-01 2.188762836158275604e-02
6.005316376686096191e-01 3.037206828594207764e-01 6.778505165129899979e-03
5.411804318428039551e-01 5.905351042747497559e-01 -6.221387069672346115e-03
5.509773492813110352e-01 3.060062527656555176e-01 -1.196524873375892639e-02
5.554164648056030273e-01 2.814078330993652344e-01 -2.460841787979006767e-03
5.614644885063171387e-01 2.479591816663742065e-01 7.112362887710332870e-03
5.928730964660644531e-01 3.971676528453826904e-01 2.024372667074203491e-02
6.164034605026245117e-01 4.175068736076354980e-01 3.663047030568122864e-02
5.460633039474487305e-01 3.843131065368652344e-01 1.261807233095169067e-02
6.112461090087890625e-01 3.654006123542785645e-01 2.779859676957130432e-02
5.393819808959960938e-01 4.105518758296966553e-01 -9.085537865757942200e-03
5.384323000907897949e-01 4.647276997566223145e-01 -4.205027222633361816e-02
6.282938122749328613e-01 4.360784292221069336e-01 4.878052324056625366e-02
6.081131696701049805e-01 4.292206764221191406e-01 2.521681971848011017e-02
5.933907628059387207e-01 4.342199862003326416e-01 1.368974708020687103e-02
5.721794366836547852e-01 4.281687140464782715e-01 7.939730770885944366e-03
5.571231245994567871e-01 4.184853434562683105e-01 5.075626075267791748e-03
5.462098121643066406e-01 4.089577198028564453e-01 1.965554198250174522e-03
5.270221233367919922e-01 3.857585191726684570e-01 -1.976784132421016693e-02
6.239720582962036133e-01 4.711529612541198730e-01 4.320866987109184265e-02
6.191003918647766113e-01 3.639023900032043457e-01 3.396246209740638733e-02
5.148106813430786133e-01 4.795099198818206787e-01 -5.543188005685806274e-02
5.438987612724304199e-01 4.390237033367156982e-01 -1.138709858059883118e-02
6.385920643806457520e-01 4.076308012008666992e-01 1.211886554956436157e-01
5.382898449897766113e-01 3.988447487354278564e-01 6.352110067382454872e-04
5.469437837600708008e-01 4.751850068569183350e-01 -9.876715019345283508e-03
6.040880680084228516e-01 3.790895938873291016e-01 3.024813532829284668e-02
5.398176312446594238e-01 4.546166360378265381e-01 -3.720565512776374817e-02
6.245377659797668457e-01 5.215233564376831055e-01 1.156176999211311340e-01
5.466639995574951172e-01 3.781160712242126465e-01 1.610193401575088501e-02
5.323132276535034180e-01 4.426231682300567627e-01 -4.806388169527053833e-02
5.882775783538818359e-01 5.998271703720092773e-01 4.037388414144515991e-02
5.868569612503051758e-01 6.197558045387268066e-01 5.898636579513549805e-02
6.332377195358276367e-01 4.774764776229858398e-01 8.372219651937484741e-02
6.031497120857238770e-01 5.791193246841430664e-01 5.526494979858398438e-02
6.335804462432861328e-01 3.720035851001739502e-01 7.397962361574172974e-02
5.394914150238037109e-01 6.483162641525268555e-01 2.964438637718558311e-03
5.128238201141357422e-01 4.837505221366882324e-01 -4.103429988026618958e-02
5.526393055915832520e-01 4.533901214599609375e-01 -7.609247695654630661e-03
6.269181370735168457e-01 3.957646787166595459e-01 5.512461811304092407e-02
5.836618542671203613e-01 3.897576630115509033e-01 1.644394546747207642e-02
5.738794207572937012e-01 3.897555470466613770e-01 1.321260444819927216e-02
5.449906587600708008e-01 5.729698538780212402e-01 -6.013270001858472824e-03
6.185433864593505859e-01 5.047208666801452637e-01 4.434285685420036316e-02
5.168364644050598145e-01 6.703588962554931641e-01 4.711173940449953079e-03
5.536419749259948730e-01 6.510580778121948242e-01 2.867786213755607605e-02
5.693455338478088379e-01 6.384671330451965332e-01 4.202489554882049561e-02
5.643501877784729004e-01 3.869591653347015381e-01 1.238487288355827332e-02
5.553958415985107422e-01 3.827083706855773926e-01 1.371779106557369232e-02
5.494736433029174805e-01 3.801980912685394287e-01 1.598952524363994598e-02
6.261883974075317383e-01 3.616807162761688232e-01 4.616950079798698425e-02
5.585051774978637695e-01 3.675433993339538574e-01 1.286294870078563690e-02
5.690513849258422852e-01 3.633496761322021484e-01 1.161122322082519531e-02
5.792590975761413574e-01 3.632162213325500488e-01 1.255203969776630402e-02
5.889538526535034180e-01 3.666852414608001709e-01 1.554308831691741943e-02
5.945713520050048828e-01 3.715851902961730957e-01 1.925638131797313690e-02
6.386594772338867188e-01 3.680698275566101074e-01 1.054784059524536133e-01
5.904881954193115234e-01 3.874157667160034180e-01 2.038775943219661713e-02
5.414339303970336914e-01 5.165157914161682129e-01 -1.986274495720863342e-02
5.344175696372985840e-01 4.781683385372161865e-01 -3.156459331512451172e-02
5.216839313507080078e-01 5.063526034355163574e-01 -3.082717210054397583e-02
5.723111629486083984e-01 6.191039085388183594e-01 2.847027592360973358e-02
5.567381381988525391e-01 6.336216330528259277e-01 1.627197489142417908e-02
5.180304050445556641e-01 6.585951447486877441e-01 -9.009976871311664581e-03
6.005479097366333008e-01 5.969483256340026855e-01 8.059434592723846436e-02
5.504744648933410645e-01 3.739085793495178223e-01 1.481911074370145798e-02
5.322667360305786133e-01 4.128150045871734619e-01 -2.512274868786334991e-02
5.367339849472045898e-01 6.623109579086303711e-01 1.464603748172521591e-02
6.265974044799804688e-01 5.144905447959899902e-01 7.929697632789611816e-02
5.236617326736450195e-01 5.751724839210510254e-01 -1.739768683910369873e-02
5.262227654457092285e-01 5.794525146484375000e-01 -1.929631829261779785e-02
5.284991860389709473e-01 5.855734348297119141e-01 -2.125803567469120026e-02
5.300174355506896973e-01 5.926957726478576660e-01 -1.984043605625629425e-02
5.288686156272888184e-01 6.012512445449829102e-01 -1.183262933045625687e-02
5.407931208610534668e-01 5.519142746925354004e-01 -9.300095960497856140e-03
5.436310172080993652e-01 5.518432855606079102e-01 -8.934910409152507782e-03
5.462870001792907715e-01 5.510314702987670898e-01 -8.664640597999095917e-03
5.567871332168579102e-01 5.439836382865905762e-01 -5.229250527918338776e-03
6.025668382644653320e-01 5.107465982437133789e-01 2.063917741179466248e-02
5.331274867057800293e-01 3.968889415264129639e-01 -1.359276566654443741e-02
5.400739312171936035e-01 3.627492785453796387e-01 7.928315550088882446e-03
5.461487770080566406e-01 3.658746480941772461e-01 1.287690643221139908e-02
5.384949445724487305e-01 5.512036681175231934e-01 -8.337671868503093719e-03
5.999041795730590820e-01 5.528739094734191895e-01 3.544303029775619507e-02
5.306188464164733887e-01 3.610768914222717285e-01 -6.716031581163406372e-03
5.340436100959777832e-01 6.152439713478088379e-01 -6.191970314830541611e-03
5.256237387657165527e-01 4.026344120502471924e-01 -3.234311938285827637e-02
5.376179218292236328e-01 4.403652250766754150e-01 -2.645837143063545227e-02
5.153089761734008789e-01 6.235395669937133789e-01 -1.324663683772087097e-02
5.611826777458190918e-01 5.855429172515869141e-01 6.364280823618173599e-03
5.549660921096801758e-01 4.901991486549377441e-01 -7.223690859973430634e-03
5.490201711654663086e-01 6.026710271835327148e-01 3.610354615375399590e-04
5.802218317985534668e-01 4.914336204528808594e-01 -1.154114957898855209e-03
5.634024739265441895e-01 5.086574554443359375e-01 -5.508149508386850357e-03
5.861087441444396973e-01 5.205676555633544922e-01 7.027541287243366241e-03
5.175940394401550293e-01 6.420044898986816406e-01 -1.342895999550819397e-02
5.429070591926574707e-01 4.516972303390502930e-01 -1.875902712345123291e-02
5.699797272682189941e-01 5.994687676429748535e-01 1.654656790196895599e-02
5.546409487724304199e-01 6.162758469581604004e-01 8.278094232082366943e-03
5.710214972496032715e-01 5.647188425064086914e-01 8.479895070195198059e-03
6.125435233116149902e-01 5.334700942039489746e-01 4.644937440752983093e-02
5.848454833030700684e-01 5.696296691894531250e-01 1.973482966423034668e-02
6.173458695411682129e-01 5.487374663352966309e-01 7.203681766986846924e-02
5.691213011741638184e-01 5.324019193649291992e-01 -3.769223694689571857e-04
5.378423929214477539e-01 4.256677925586700439e-01 -1.770785078406333923e-02
5.340216159820556641e-01 4.713488221168518066e-01 -4.487033188343048096e-02
5.394798517227172852e-01 4.779017269611358643e-01 -3.287818282842636108e-02
5.313038825988769531e-01 4.588827490806579590e-01 -5.290170013904571533e-02
5.512714385986328125e-01 3.445950150489807129e-01 5.757413338869810104e-03
5.714061260223388672e-01 3.335407972335815430e-01 5.191364325582981110e-03
5.882226824760437012e-01 3.330492377281188965e-01 6.909711286425590515e-03
6.009658575057983398e-01 3.389976620674133301e-01 1.191327348351478577e-02
6.088472008705139160e-01 3.491459190845489502e-01 1.895298622548580170e-02
6.102215051651000977e-01 3.846049010753631592e-01 3.496898710727691650e-02
6.370819211006164551e-01 4.418799877166748047e-01 8.413005620241165161e-02
5.995389819145202637e-01 4.102917611598968506e-01 2.405833080410957336e-02
5.876744985580444336e-01 4.146240651607513428e-01 1.648548059165477753e-02
5.727899074554443359e-01 4.123136699199676514e-01 1.111713517457246780e-02
5.589776039123535156e-01 4.059274792671203613e-01 8.482257835566997528e-03
5.485345125198364258e-01 3.985567688941955566e-01 8.009460754692554474e-03
5.414851307868957520e-01 3.920406103134155273e-01 7.277827244251966476e-03
6.352636814117431641e-01 4.444378912448883057e-01 1.265419870615005493e-01
5.384873151779174805e-01 4.830182790756225586e-01 -2.751644514501094818e-02
5.314888358116149902e-01 4.271899163722991943e-01 -3.505205735564231873e-02
5.269877314567565918e-01 4.702563285827636719e-01 -5.429083481431007385e-02
5.200129747390747070e-01 4.781279861927032471e-01 -5.060437694191932678e-02
5.261664390563964844e-01 4.735573828220367432e-01 -4.890069738030433655e-02
5.349441170692443848e-01 4.879062175750732422e-01 -2.421417273581027985e-02
5.181469321250915527e-01 4.790905714035034180e-01 -5.378244072198867798e-02
5.161768794059753418e-01 4.832935929298400879e-01 -4.084881395101547241e-02
5.424337983131408691e-01 3.779897689819335938e-01 1.396853011101484299e-02
5.364452004432678223e-01 3.816341757774353027e-01 6.468870211392641068e-03
5.328344106674194336e-01 3.845276236534118652e-01 -1.934485626406967640e-03
5.975983142852783203e-01 3.753079175949096680e-01 2.305549383163452148e-02
6.058521270751953125e-01 3.661128282546997070e-01 2.388562262058258057e-02
4.536840617656707764e-01 3.605911731719970703e-01 1.011938694864511490e-02
4.652364552021026611e-01 3.618172109127044678e-01 1.011938694864511490e-02
4.548995494842529297e-01 3.453546464443206787e-01 1.011938694864511490e-02
4.419403374195098877e-01 3.592803180217742920e-01 1.011938694864511490e-02
4.523732066154479980e-01 3.756270408630371094e-01 1.011938694864511490e-02
5.765686631202697754e-01 3.777635395526885986e-01 1.685937121510505676e-02
5.882927775382995605e-01 3.793981969356536865e-01 1.685937121510505676e-02
5.777328014373779297e-01 3.624789714813232422e-01 1.685937121510505676e-02
5.648264288902282715e-01 3.760129511356353760e-01 1.685937121510505676e-02
5.754383802413940430e-01 3.930347561836242676e-01 1.685937121510505676e-02
