5.048726797103881836e-01 5.331840515136718750e-01 -3.583255782723426819e-02
5.126062035560607910e-01 4.800663888454437256e-01 -6.292006373405456543e-02
5.092652440071105957e-01 4.973189234733581543e-01 -3.462820872664451599e-02
5.063672661781311035e-01 4.230829477310180664e-01 -4.658034071326255798e-02
5.142369270324707031e-01 4.625744521617889404e-01 -6.627973914146423340e-02
5.155600905418395996e-01 4.402433633804321289e-01 -6.092486903071403503e-02
5.180528163909912109e-01 3.863576650619506836e-01 -2.736904099583625793e-02
4.339348673820495605e-01 3.695341944694519043e-01 1.052987296134233475e-02
5.211962461471557617e-01 3.394019007682800293e-01 -1.720964163541793823e-02
5.230848193168640137e-01 3.165042400360107422e-01 -1.815967820584774017e-02
5.282322764396667480e-01 2.446118891239166260e-01 -3.671204438433051109e-03
5.044964551925659180e-01 5.373014211654663086e-01 -3.475530818104743958e-02
5.039762258529663086e-01 5.410330295562744141e-01 -3.141819313168525696e-02
5.035803318023681641e-01 5.431444048881530762e-01 -2.684312127530574799e-02
5.009393095970153809e-01 5.784322619438171387e-01 -2.052634954452514648e-02
5.005866289138793945e-01 5.846114158630371094e-01 -2.267616800963878632e-02
4.998258352279663086e-01 5.924695730209350586e-01 -2.476954646408557892e-02
4.989903867244720459e-01 6.004231572151184082e-01 -2.224845997989177704e-02
4.972820878028869629e-01 6.180859208106994629e-01 -1.101275905966758728e-02
5.112940669059753418e-01 4.891074597835540771e-01 -5.732074752449989319e-02
5.001538991928100586e-01 4.876633286476135254e-01 -4.256870597600936890e-02
3.914977312088012695e-01 3.034416437149047852e-01 6.340304762125015259e-02
4.640421271324157715e-01 3.896253108978271484e-01 4.447604878805577755e-04
4.521444141864776611e-01 3.897174596786499023e-01 4.515612090472131968e-04
4.412125945091247559e-01 3.869544863700866699e-01 2.899941988289356232e-03
4.282560646533966064e-01 3.748247027397155762e-01 1.158448681235313416e-02
4.748331308364868164e-01 3.860935568809509277e-01 2.926601795479655266e-03
4.540570676326751709e-01 3.322559595108032227e-01 -2.690259367227554321e-03
4.670950472354888916e-01 3.365284204483032227e-01 -1.506816712208092213e-03
4.412717819213867188e-01 3.340468704700469971e-01 8.955944213084876537e-05
4.322510957717895508e-01 3.409757018089294434e-01 3.923084121197462082e-03
4.166744351387023926e-01 3.845331668853759766e-01 1.635699719190597534e-02
4.512524306774139404e-01 6.276521682739257812e-01 -1.205151900649070740e-03
4.305147826671600342e-01 3.635585904121398926e-01 1.421837694942951202e-02
3.804997205734252930e-01 3.743058443069458008e-01 6.492494046688079834e-02
4.046281874179840088e-01 3.697013556957244873e-01 2.763002365827560425e-02
4.518379867076873779e-01 4.580321311950683594e-01 -1.359596475958824158e-02
4.895752966403961182e-01 5.283238887786865234e-01 -3.528817370533943176e-02
4.899753034114837646e-01 5.384558439254760742e-01 -3.067103028297424316e-02
4.742593467235565186e-01 5.314296483993530273e-01 -2.952854149043560028e-02
4.639109373092651367e-01 5.362493991851806641e-01 -2.089927904307842255e-02
4.780046641826629639e-01 5.384451746940612793e-01 -2.654429338872432709e-02
4.687097370624542236e-01 5.405930280685424805e-01 -1.844110712409019470e-02
4.449178874492645264e-01 5.677964687347412109e-01 -1.895283930934965611e-03
5.031324028968811035e-01 4.784110188484191895e-01 -6.247327476739883423e-02
5.030782818794250488e-01 4.613798856735229492e-01 -6.557828187942504883e-02
4.180947244167327881e-01 3.217081427574157715e-01 7.521090097725391388e-03
4.792009592056274414e-01 4.193651378154754639e-01 -1.179996225982904434e-02
4.760157167911529541e-01 4.711372852325439453e-01 -3.656238317489624023e-02
4.753086566925048828e-01 4.620512127876281738e-01 -3.302165865898132324e-02
4.165605306625366211e-01 4.509697854518890381e-01 -1.754248980432748795e-03
5.048717260360717773e-01 4.406872093677520752e-01 -5.831623449921607971e-02
4.481903910636901855e-01 3.033018708229064941e-01 -8.731396868824958801e-03
4.311912953853607178e-01 3.086017370223999023e-01 -1.372686238028109074e-03
4.077354371547698975e-01 2.752542197704315186e-01 4.350659623742103577e-02
4.978695809841156006e-01 3.275787234306335449e-01 -1.554593350738286972e-02
4.777594804763793945e-01 3.468851447105407715e-01 2.256290754303336143e-03
4.387278258800506592e-01 5.468106269836425781e-01 -1.103949034586548805e-03
3.805153369903564453e-01 5.344644784927368164e-01 8.862990140914916992e-02
4.836063086986541748e-01 4.820758104324340820e-01 -3.182066977024078369e-02
4.920097887516021729e-01 4.881905913352966309e-01 -3.200900554656982422e-02
4.520554244518280029e-01 5.491670370101928711e-01 -1.589606166817247868e-03
4.553210437297821045e-01 5.494512915611267090e-01 -4.224780015647411346e-03
4.259317517280578613e-01 2.971469461917877197e-01 4.047277849167585373e-03
4.743674993515014648e-01 4.787315428256988525e-01 -3.049151226878166199e-02
4.698080718517303467e-01 3.078311383724212646e-01 -1.368430163711309433e-02
4.696107208728790283e-01 2.940160036087036133e-01 -1.555194705724716187e-02
4.606384932994842529e-01 2.428097426891326904e-01 5.188519600778818130e-03
4.163023233413696289e-01 2.902640700340270996e-01 2.147287130355834961e-02
4.654607176780700684e-01 2.720960378646850586e-01 -5.175555590540170670e-03
4.116219282150268555e-01 3.141368627548217773e-01 1.718077994883060455e-02
4.010505080223083496e-01 3.131156265735626221e-01 3.949692845344543457e-02
4.894434213638305664e-01 5.339591503143310547e-01 -3.423475101590156555e-02
4.760383665561676025e-01 5.353658795356750488e-01 -2.851361595094203949e-02
4.662203490734100342e-01 5.386711955070495605e-01 -2.057380974292755127e-02
4.857790768146514893e-01 4.855878055095672607e-01 -2.900670468807220459e-02
4.536993503570556641e-01 5.493485927581787109e-01 -2.920930506661534309e-03
4.579126536846160889e-01 5.596809983253479004e-01 -8.107470348477363586e-03
4.568005502223968506e-01 5.495397448539733887e-01 -4.359179642051458359e-03
4.901490509510040283e-01 4.770273566246032715e-01 -4.714368656277656555e-02
4.707888364791870117e-01 5.415032505989074707e-01 -1.686908677220344543e-02
4.797806441783905029e-01 5.399736166000366211e-01 -2.246410772204399109e-02
4.907787740230560303e-01 5.407132506370544434e-01 -2.637498639523983002e-02
4.800283908843994141e-01 6.140540838241577148e-01 -1.148538291454315186e-02
4.829654693603515625e-01 5.955869555473327637e-01 -2.241333387792110443e-02
4.845426678657531738e-01 5.878781676292419434e-01 -2.428982406854629517e-02
4.864186644554138184e-01 5.803389549255371094e-01 -2.204152010381221771e-02
4.883016049861907959e-01 5.748943090438842773e-01 -2.003526687622070312e-02
4.696840941905975342e-01 5.641298294067382812e-01 -1.203477662056684494e-02
4.669261276721954346e-01 5.659937262535095215e-01 -1.378205697983503342e-02
4.635381102561950684e-01 5.692962408065795898e-01 -1.535884849727153778e-02
4.607776105403900146e-01 5.732323527336120605e-01 -1.341563183814287186e-02
4.553327560424804688e-01 5.194050669670104980e-01 -1.739935018122196198e-02
3.715572059154510498e-01 4.474202990531921387e-01 1.065575629472732544e-01
5.103326439857482910e-01 4.931832849979400635e-01 -4.256555810570716858e-02
4.637156128883361816e-01 5.582827329635620117e-01 -6.943301763385534286e-03
4.608182609081268311e-01 5.586765408515930176e-01 -8.104062639176845551e-03
4.945723712444305420e-01 4.949810802936553955e-01 -3.261653333902359009e-02
4.765591323375701904e-01 4.890635609626770020e-01 -2.193278260529041290e-02
4.933887124061584473e-01 4.916768968105316162e-01 -3.255303949117660522e-02
4.658337235450744629e-01 4.271944463253021240e-01 -9.386487305164337158e-03
4.455254077911376953e-01 4.352530241012573242e-01 -7.721400819718837738e-03
4.722876846790313721e-01 4.694629907608032227e-01 -2.690439857542514801e-02
4.297328293323516846e-01 2.541347146034240723e-01 2.272729575634002686e-02
4.367555975914001465e-01 2.757043242454528809e-01 6.935474462807178497e-03
4.455687999725341797e-01 2.900764942169189453e-01 -6.623072084039449692e-03
4.529142677783966064e-01 5.851826071739196777e-01 -6.102166604250669479e-03
4.971476793289184570e-01 3.039779365062713623e-01 -1.901667192578315735e-02
4.940521419048309326e-01 2.757530808448791504e-01 -1.117382477968931198e-02
4.922821223735809326e-01 2.405111342668533325e-01 -3.777225967496633530e-03
4.325041174888610840e-01 3.822229802608489990e-01 7.269909139722585678e-03
4.022377431392669678e-01 3.951347768306732178e-01 2.143681421875953674e-02
4.822498857975006104e-01 3.821266591548919678e-01 5.061069969087839127e-03
4.199113249778747559e-01 3.480089604854583740e-01 1.283985935151576996e-02
4.885748326778411865e-01 4.094595015048980713e-01 -1.486543752253055573e-02
4.837805628776550293e-01 4.652500450611114502e-01 -4.702350124716758728e-02
3.894549608230590820e-01 4.063313603401184082e-01 3.233476355671882629e-02
4.092514812946319580e-01 4.079675376415252686e-01 1.092641148716211319e-02
4.240192770957946777e-01 4.160133600234985352e-01 1.243687933310866356e-03
4.467943012714385986e-01 4.161708652973175049e-01 -2.086048712953925133e-03
4.640082120895385742e-01 4.113630056381225586e-01 -3.187643131241202354e-03
4.775786399841308594e-01 4.048350453376770020e-01 -4.848048090934753418e-03
5.066364407539367676e-01 3.888928890228271484e-01 -2.406597882509231567e-02
3.888253569602966309e-01 4.414471685886383057e-01 2.762804180383682251e-02
4.106874465942382812e-01 3.440253138542175293e-01 1.787869818508625031e-02
5.056101083755493164e-01 4.877606034278869629e-01 -5.711100995540618896e-02
4.792888462543487549e-01 4.360877573490142822e-01 -1.765528693795204163e-02
3.739479780197143555e-01 3.727668225765228271e-01 1.010366901755332947e-01
4.883682727813720703e-01 3.967118561267852783e-01 -5.390546750277280807e-03
4.702752232551574707e-01 4.702988564968109131e-01 -1.556214969605207443e-02
4.252534508705139160e-01 3.632566332817077637e-01 1.599054969847202301e-02
4.835843145847320557e-01 4.543207883834838867e-01 -4.246772453188896179e-02
3.739151656627655029e-01 4.890574812889099121e-01 1.004043072462081909e-01
4.834402203559875488e-01 3.761770129203796387e-01 8.160410448908805847e-03
4.940960705280303955e-01 4.454585015773773193e-01 -5.252261087298393250e-02
4.054730832576751709e-01 5.795208215713500977e-01 3.356078267097473145e-02
4.025063812732696533e-01 5.999019145965576172e-01 5.195466428995132446e-02
3.753615617752075195e-01 4.448361992835998535e-01 6.726007908582687378e-02
3.928336799144744873e-01 5.541390776634216309e-01 4.534231126308441162e-02
3.901505172252655029e-01 3.415056765079498291e-01 5.554756522178649902e-02
4.475782215595245361e-01 6.439000964164733887e-01 4.007523413747549057e-03
5.059589147567749023e-01 4.919588267803192139e-01 -4.207416623830795288e-02
4.673938453197479248e-01 4.469434022903442383e-01 -1.458736136555671692e-02
3.934181928634643555e-01 3.722288012504577637e-01 3.812284395098686218e-02
4.438874721527099609e-01 3.776541948318481445e-01 4.338383674621582031e-03
4.533618986606597900e-01 3.806041479110717773e-01 2.223760355263948441e-03
4.552880525588989258e-01 5.610900521278381348e-01 -6.619506049901247025e-03
3.888222277164459229e-01 4.758003652095794678e-01 3.019495308399200439e-02
4.668093025684356689e-01 6.712610125541687012e-01 8.510986343026161194e-03
4.322661757469177246e-01 6.421251296997070312e-01 2.732433564960956573e-02
4.182952046394348145e-01 6.245886087417602539e-01 3.809855505824089050e-02
5.256707668304443359e-01 2.813916206359863281e-01 -1.141637749969959259e-02
4.920430481433868408e-01 6.778601408004760742e-01 7.382969371974468231e-03
4.633461833000183105e-01 3.806294798851013184e-01 2.623299369588494301e-03
4.732066988945007324e-01 3.787633478641510010e-01 4.946631845086812973e-03
4.798744618892669678e-01 3.776520192623138428e-01 7.777807302772998810e-03
4.020341038703918457e-01 3.402510881423950195e-01 2.901330590248107910e-02
4.737557172775268555e-01 3.612973988056182861e-01 3.643761621788144112e-03
4.639554321765899658e-01 3.542108237743377686e-01 1.350559410639107227e-03
4.539649784564971924e-01 3.516488969326019287e-01 1.103939372114837170e-03
4.438042938709259033e-01 3.531386554241180420e-01 3.067505080252885818e-03
4.372617304325103760e-01 3.570488989353179932e-01 6.122564431279897690e-03
3.806192874908447266e-01 3.343828916549682617e-01 8.479399979114532471e-02
4.378440380096435547e-01 3.736541867256164551e-01 7.559874095022678375e-03
5.075907707214355469e-01 5.103847980499267578e-01 -3.207184746861457825e-02
4.681829512119293213e-01 5.118699669837951660e-01 -2.322174049913883209e-02
4.841266870498657227e-01 4.791811406612396240e-01 -3.575944155454635620e-02
4.911944866180419922e-01 5.092733502388000488e-01 -3.202330321073532104e-02
5.192769169807434082e-01 3.636812865734100342e-01 -1.801537349820137024e-02
4.188433587551116943e-01 6.040539741516113281e-01 2.498415857553482056e-02
4.324756264686584473e-01 6.236976981163024902e-01 1.526272203773260117e-02
4.677906334400177002e-01 6.599362492561340332e-01 -5.239665973931550980e-03
3.906639814376831055e-01 5.721445083618164062e-01 7.045561820268630981e-02
4.805638790130615234e-01 3.703666925430297852e-01 6.340954452753067017e-03
4.971764981746673584e-01 4.148153662681579590e-01 -2.991027198731899261e-02
4.931540489196777344e-01 6.665353775024414062e-01 -6.185926031321287155e-03
4.478152692317962646e-01 6.584205627441406250e-01 1.570207625627517700e-02
3.769137263298034668e-01 4.830578863620758057e-01 6.439285725355148315e-02
4.779774248600006104e-01 5.698631405830383301e-01 -1.665291562676429749e-02
4.751452803611755371e-01 5.735203623771667480e-01 -1.856745593249797821e-02
4.723312854766845703e-01 5.793003439903259277e-01 -2.025791071355342865e-02
4.700844883918762207e-01 5.861265659332275391e-01 -1.848671026527881622e-02
4.641491174697875977e-01 6.015497446060180664e-01 -1.029085274785757065e-02
4.612949490547180176e-01 5.442638397216796875e-01 -1.088510733097791672e-02
4.587032794952392578e-01 5.432024002075195312e-01 -1.099509466439485550e-02
4.565773010253906250e-01 5.416569113731384277e-01 -1.119146496057510376e-02
4.451982378959655762e-01 5.310690402984619141e-01 -9.511049836874008179e-03
4.050449132919311523e-01 4.866795837879180908e-01 8.785222657024860382e-03
4.978400468826293945e-01 3.979651629924774170e-01 -1.859699934720993042e-02
4.937872588634490967e-01 3.622263073921203613e-01 1.573348417878150940e-03
4.861303567886352539e-01 3.639215528964996338e-01 5.109214689582586288e-03
4.634043872356414795e-01 5.446146726608276367e-01 -9.964819066226482391e-03
4.005570709705352783e-01 5.288134217262268066e-01 2.522042579948902130e-02
5.049749612808227539e-01 3.620068132877349854e-01 -1.195254642516374588e-02
4.574904441833496094e-01 6.131220459938049316e-01 -4.678544122725725174e-03
5.163967609405517578e-01 4.219043850898742676e-01 -4.941182211041450500e-02
5.063352584838867188e-01 4.070089161396026611e-01 -3.620952367782592773e-02
5.171449184417724609e-01 4.049566388130187988e-01 -3.791265189647674561e-02
4.869906604290008545e-01 4.402170479297637939e-01 -3.163602203130722046e-02
4.946547150611877441e-01 6.504468917846679688e-01 -1.102577149868011475e-02
4.961040914058685303e-01 6.324843168258666992e-01 -1.046493183821439743e-02
4.756745100021362305e-01 6.275286674499511719e-01 -9.395332075655460358e-03
4.346190690994262695e-01 5.722789764404296875e-01 3.859126009047031403e-03
4.587076306343078613e-01 4.822263121604919434e-01 -1.322962716221809387e-02
4.440791308879852295e-01 5.946135520935058594e-01 1.359979651169851422e-04
4.320720434188842773e-01 4.754488170146942139e-01 -1.047963369637727737e-02
4.462394714355468750e-01 4.971082210540771484e-01 -1.177342142909765244e-02
4.206285774707794189e-01 5.013419985771179199e-01 -2.343657659366726875e-03
4.708327949047088623e-01 6.443521380424499512e-01 -9.687659330666065216e-03
4.789051115512847900e-01 4.492087662220001221e-01 -2.446488477289676666e-02
4.241518974304199219e-01 5.846984982490539551e-01 1.311177853494882584e-02
4.371313750743865967e-01 6.068286895751953125e-01 7.495031226426362991e-03
4.282640814781188965e-01 5.475506782531738281e-01 3.051913343369960785e-03
3.903086781501770020e-01 5.057585835456848145e-01 3.392996266484260559e-02
4.136863052845001221e-01 5.498113036155700684e-01 1.260246243327856064e-02
3.819974660873413086e-01 5.195589661598205566e-01 5.904125422239303589e-02
4.355692267417907715e-01 5.166875123977661133e-01 -6.842471659183502197e-03
4.884693026542663574e-01 4.253064692020416260e-01 -2.327852323651313782e-02
4.869879484176635742e-01 4.735490381717681885e-01 -4.941293224692344666e-02
4.793263971805572510e-01 4.771930277347564697e-01 -3.761499747633934021e-02
4.928990602493286133e-01 4.624692797660827637e-01 -5.673337727785110474e-02
4.862826466560363770e-01 3.422253131866455078e-01 -1.960857771337032318e-03
4.683575630187988281e-01 3.263314068317413330e-01 -4.555438645184040070e-03
4.519354999065399170e-01 3.217391967773437500e-01 -4.748720675706863403e-03
4.374921619892120361e-01 3.244426250457763672e-01 -1.391771598719060421e-03
4.265961945056915283e-01 3.328098654747009277e-01 4.531315527856349945e-03
4.162459373474121094e-01 3.663060665130615234e-01 2.012882567942142487e-02
3.761920928955078125e-01 4.088617861270904541e-01 6.631735712289810181e-02
4.222712218761444092e-01 3.926717340946197510e-01 1.052578818053007126e-02
4.335531890392303467e-01 3.993037939071655273e-01 4.489522427320480347e-03
4.490640163421630859e-01 4.015445113182067871e-01 8.459866512566804886e-04
4.643208384513854980e-01 3.996216654777526855e-01 -3.421042638365179300e-04
4.767478704452514648e-01 3.951146900653839111e-01 7.687034667469561100e-04
4.856818318367004395e-01 3.903257846832275391e-01 7.502947701141238213e-04
3.720527887344360352e-01 4.095863997936248779e-01 1.075096130371093750e-01
4.787113368511199951e-01 4.818772971630096436e-01 -3.204274177551269531e-02
4.964946210384368896e-01 4.297944307327270508e-01 -3.973990306258201599e-02
4.950310587882995605e-01 4.753518104553222656e-01 -5.758178979158401489e-02
4.999083280563354492e-01 4.846470952033996582e-01 -5.273366719484329224e-02
4.945496320724487305e-01 4.783688485622406006e-01 -5.217236652970314026e-02
4.808578193187713623e-01 4.873226881027221680e-01 -2.792724035680294037e-02
5.020709037780761719e-01 4.863467514514923096e-01 -5.564913153648376465e-02
5.024460554122924805e-01 4.904980361461639404e-01 -4.228601232171058655e-02
4.874768853187561035e-01 3.767693042755126953e-01 6.852130871266126633e-03
4.933371245861053467e-01 3.813194334506988525e-01 4.409527173265814781e-04
4.972074329853057861e-01 3.840492665767669678e-01 -7.213648408651351929e-03
4.335392415523529053e-01 3.603907525539398193e-01 9.588013403117656708e-03
4.262813329696655273e-01 3.501620888710021973e-01 9.777627885341644287e-03
5.255944728851318359e-01 4.257249832153320312e-01 -4.476638883352279663e-02
5.952258110046386719e-01 3.869869112968444824e-01 2.317593246698379517e-02
5.206923484802246094e-01 4.905798435211181641e-01 -4.118133336305618286e-02
6.344491243362426758e-01 3.388292193412780762e-01 8.358159661293029785e-02
5.623930692672729492e-01 3.991269171237945557e-01 8.687148801982402802e-03
5.731814503669738770e-01 4.018839597702026367e-01 1.036450546234846115e-02
5.835881829261779785e-01 4.028301537036895752e-01 1.430374104529619217e-02
5.985328555107116699e-01 3.939663171768188477e-01 2.493314445018768311e-02
5.535529851913452148e-01 3.943152725696563721e-01 9.439488872885704041e-03
5.833596587181091309e-01 3.469333648681640625e-01 7.615678478032350540e-03
5.700476765632629395e-01 3.484686315059661865e-01 6.620926782488822937e-03
5.950206518173217773e-01 3.513340950012207031e-01 1.196558494120836258e-02
6.018114089965820312e-01 3.602230846881866455e-01 1.673858985304832458e-02
6.053879261016845703e-01 4.076358079910278320e-01 3.074697591364383698e-02
5.390528440475463867e-01 6.376862525939941406e-01 4.610180854797363281e-03
5.996672511100769043e-01 3.815152049064636230e-01 2.741855755448341370e-02
6.362410187721252441e-01 4.102303683757781982e-01 8.399588614702224731e-02
6.180728077888488770e-01 3.966193795204162598e-01 4.366035386919975281e-02
5.669826269149780273e-01 4.743320643901824951e-01 -4.974635783582925797e-03
5.199946165084838867e-01 5.324041843414306641e-01 -3.303889557719230652e-02
5.171353816986083984e-01 5.424019694328308105e-01 -2.857308648526668549e-02
5.333464741706848145e-01 5.390241742134094238e-01 -2.493738383054733276e-02
5.414551496505737305e-01 5.467823147773742676e-01 -1.459445059299468994e-02
5.278930068016052246e-01 5.455732941627502441e-01 -2.251931838691234589e-02
5.356291532516479492e-01 5.504465103149414062e-01 -1.305264327675104141e-02
5.523300766944885254e-01 5.819031000137329102e-01 6.031967233866453171e-03
5.217211246490478516e-01 4.809590578079223633e-01 -6.130770593881607056e-02
5.248731970787048340e-01 4.643553793430328369e-01 -6.421284377574920654e-02
6.166730523109436035e-01 3.480218350887298584e-01 2.261383272707462311e-02
5.471057295799255371e-01 4.288407564163208008e-01 -6.171276792883872986e-03
5.454394817352294922e-01 4.807032942771911621e-01 -3.134196251630783081e-02
5.469484925270080566e-01 4.719386398792266846e-01 -2.762929536402225494e-02
5.999597311019897461e-01 4.769269824028015137e-01 1.209965534508228302e-02
5.255177021026611328e-01 4.434777200222015381e-01 -5.654244124889373779e-02
5.943343639373779297e-01 3.254511356353759766e-01 1.995686907321214676e-03
6.082929968833923340e-01 3.330587148666381836e-01 1.192842423915863037e-02
6.270714998245239258e-01 3.076065182685852051e-01 6.154206022620201111e-02
5.452393889427185059e-01 3.387770056724548340e-01 -1.186757162213325500e-02
5.582319498062133789e-01 3.565984070301055908e-01 8.850201033055782318e-03
5.616487264633178711e-01 5.636448860168457031e-01 8.579981513321399689e-03
6.113597750663757324e-01 5.657559037208557129e-01 1.077692955732345581e-01
5.358710885047912598e-01 4.893069863319396973e-01 -2.803700603544712067e-02
5.270416736602783203e-01 4.931612908840179443e-01 -3.009250015020370483e-02
5.492816567420959473e-01 5.648548603057861328e-01 6.786651909351348877e-03
5.461246967315673828e-01 5.641431808471679688e-01 3.241804195567965508e-03
6.143226623535156250e-01 3.239368498325347900e-01 1.804197020828723907e-02
5.448002219200134277e-01 4.884442090988159180e-01 -2.536990121006965637e-02
5.742387771606445312e-01 3.261498212814331055e-01 -6.318004801869392395e-03
5.772056579589843750e-01 3.136515021324157715e-01 -8.044222369790077209e-03
5.900841951370239258e-01 2.626149058341979980e-01 1.559698395431041718e-02
6.206550598144531250e-01 3.192065954208374023e-01 3.670152649283409119e-02
5.828228592872619629e-01 2.893055975437164307e-01 3.328830702230334282e-03
6.229150891304016113e-01 3.429710268974304199e-01 3.314389660954475403e-02
6.286978721618652344e-01 3.451552987098693848e-01 5.662999674677848816e-02
5.188380479812622070e-01 5.381075143814086914e-01 -3.198775276541709900e-02
5.306077599525451660e-01 5.428446531295776367e-01 -2.420138381421566010e-02
5.386959314346313477e-01 5.488809347152709961e-01 -1.479410566389560699e-02
5.329799056053161621e-01 4.921002984046936035e-01 -2.583659812808036804e-02
5.476602911949157715e-01 5.645583271980285645e-01 4.841367248445749283e-03
5.425609350204467773e-01 5.735914707183837891e-01 -1.508194603957235813e-03
5.445380210876464844e-01 5.637298822402954102e-01 2.897577127441763878e-03
5.321090817451477051e-01 4.829520881175994873e-01 -4.355755820870399475e-02
5.330947637557983398e-01 5.508928298950195312e-01 -1.172962691634893417e-02
5.254745483398437500e-01 5.467195510864257812e-01 -1.865018717944622040e-02
5.155956149101257324e-01 5.443707704544067383e-01 -2.423079684376716614e-02
5.142875313758850098e-01 6.182359457015991211e-01 -9.435449726879596710e-03
5.145817995071411133e-01 6.006411314010620117e-01 -2.018538117408752441e-02
5.146479010581970215e-01 5.925968885421752930e-01 -2.195826545357704163e-02
5.141074657440185547e-01 5.846880674362182617e-01 -1.974023133516311646e-02
5.129773616790771484e-01 5.788661837577819824e-01 -1.782606355845928192e-02
5.309851765632629395e-01 5.742226839065551758e-01 -6.872904952615499496e-03
5.335036516189575195e-01 5.769723653793334961e-01 -8.616249077022075653e-03
5.362796783447265625e-01 5.813124179840087891e-01 -9.995294734835624695e-03
5.383496284484863281e-01 5.861015319824218750e-01 -7.713494356721639633e-03
5.527854561805725098e-01 5.329645276069641113e-01 -1.016570348292589188e-02
6.289150118827819824e-01 4.836214184761047363e-01 1.277205049991607666e-01
5.370112657546997070e-01 5.703393816947937012e-01 -5.433429032564163208e-04
5.398902297019958496e-01 5.716747045516967773e-01 -1.741988235153257847e-03
5.235371589660644531e-01 4.990551173686981201e-01 -3.068188205361366272e-02
5.403205156326293945e-01 4.978486299514770508e-01 -1.782678812742233276e-02
5.252347588539123535e-01 4.962336719036102295e-01 -3.068942017853260040e-02
5.580346584320068359e-01 4.401237964630126953e-01 -1.876581576652824879e-03
5.758501291275024414e-01 4.537113606929779053e-01 2.265243092551827431e-03
5.479099750518798828e-01 4.799501001834869385e-01 -2.132312394678592682e-02
6.137037277221679688e-01 2.817664444446563721e-01 3.742069751024246216e-02
6.065121889114379883e-01 3.000583648681640625e-01 1.923985034227371216e-02
5.989565253257751465e-01 3.137578964233398438e-01 4.586668685078620911e-03
5.429956912994384766e-01 5.965403914451599121e-01 4.768177459482103586e-04
5.508287549018859863e-01 3.176129460334777832e-01 -1.516664959490299225e-02
5.565081238746643066e-01 2.851033806800842285e-01 -6.706795655190944672e-03
5.625653266906738281e-01 2.514947056770324707e-01 1.571474713273346424e-03
5.928240418434143066e-01 4.005895256996154785e-01 1.988412998616695404e-02
6.156653165817260742e-01 4.221587479114532471e-01 3.725603222846984863e-02
5.477489829063415527e-01 3.896137177944183350e-01 1.084825955331325531e-02
6.105170249938964844e-01 3.709409534931182861e-01 2.742674201726913452e-02
5.404048562049865723e-01 4.166421294212341309e-01 -1.039343699812889099e-02
5.402274727821350098e-01 4.731785953044891357e-01 -4.277015849947929382e-02
6.281101703643798828e-01 4.398192167282104492e-01 5.011634901165962219e-02
6.073390841484069824e-01 4.333953261375427246e-01 2.598634175956249237e-02
5.928598642349243164e-01 4.380349516868591309e-01 1.418796461075544357e-02
5.723075270652770996e-01 4.319875836372375488e-01 7.939105853438377380e-03
5.577743649482727051e-01 4.225853383541107178e-01 4.508671816438436508e-03
5.472428202629089355e-01 4.133397340774536133e-01 9.430159698240458965e-04
5.281510353088378906e-01 3.919285535812377930e-01 -2.220237441360950470e-02
6.247369647026062012e-01 4.745883643627166748e-01 4.540570825338363647e-02
6.182553768157958984e-01 3.707806169986724854e-01 3.370984271168708801e-02
5.168206691741943359e-01 4.893014729022979736e-01 -5.617607012391090393e-02
5.451833009719848633e-01 4.452999234199523926e-01 -1.216233707964420319e-02
6.369010806083679199e-01 4.102430939674377441e-01 1.230257153511047363e-01
5.395681262016296387e-01 4.033643007278442383e-01 -8.804581011645495892e-04
5.485959649085998535e-01 4.811789393424987793e-01 -9.912114590406417847e-03
6.037676334381103516e-01 3.829656541347503662e-01 2.988137677311897278e-02
5.413947105407714844e-01 4.623546898365020752e-01 -3.812100365757942200e-02
6.222453713417053223e-01 5.233908295631408691e-01 1.206811964511871338e-01
5.483488440513610840e-01 3.835921883583068848e-01 1.418425701558589935e-02
5.340341925621032715e-01 4.509508907794952393e-01 -4.937149584293365479e-02
5.875681638717651367e-01 6.029063463211059570e-01 4.673417285084724426e-02
5.853222608566284180e-01 6.224999427795410156e-01 6.651875376701354980e-02
6.324849128723144531e-01 4.805079698562622070e-01 8.630916476249694824e-02
6.024348139762878418e-01 5.820631384849548340e-01 6.077535450458526611e-02
6.328400969505310059e-01 3.757845461368560791e-01 7.380072027444839478e-02
5.397246479988098145e-01 6.538873910903930664e-01 1.024473272264003754e-02
5.147206783294677734e-01 4.932063519954681396e-01 -4.150757566094398499e-02
5.541384816169738770e-01 4.591692984104156494e-01 -7.870225235819816589e-03
6.264158487319946289e-01 4.020955264568328857e-01 5.557321012020111084e-02
5.839396119117736816e-01 3.922370672225952148e-01 1.551509834825992584e-02
5.745413303375244141e-01 3.922644555568695068e-01 1.208987459540367126e-02
5.449120998382568359e-01 5.758028030395507812e-01 4.048164701089262962e-04
6.196105480194091797e-01 5.080671310424804688e-01 4.748602584004402161e-02
5.172217488288879395e-01 6.763002872467041016e-01 1.232895720750093460e-02
5.529817342758178711e-01 6.550517082214355469e-01 3.670472651720046997e-02
5.681360363960266113e-01 6.416558027267456055e-01 4.995890706777572632e-02
5.654214024543762207e-01 3.901480436325073242e-01 1.101831998676061630e-02
5.568689107894897461e-01 3.870211243629455566e-01 1.213122718036174774e-02
5.511242747306823730e-01 3.853857517242431641e-01 1.422129105776548386e-02
6.253049969673156738e-01 3.696165084838867188e-01 4.594379663467407227e-02
5.597419738769531250e-01 3.707953095436096191e-01 1.105030160397291183e-02
5.698459148406982422e-01 3.649056553840637207e-01 1.000418607145547867e-02
5.798332095146179199e-01 3.639588654041290283e-01 1.116892136633396149e-02
5.893027186393737793e-01 3.675830364227294922e-01 1.446523796766996384e-02
5.947045087814331055e-01 3.732352256774902344e-01 1.833710074424743652e-02
6.377656459808349609e-01 3.713285326957702637e-01 1.061842590570449829e-01
5.905249714851379395e-01 3.901666700839996338e-01 1.961929537355899811e-02
5.435311794281005859e-01 5.223255753517150879e-01 -1.766124553978443146e-02
5.363197326660156250e-01 4.864724576473236084e-01 -3.206333890557289124e-02
5.234634280204772949e-01 5.137635469436645508e-01 -2.971692569553852081e-02
5.715604424476623535e-01 6.225622892379760742e-01 3.566545993089675903e-02
5.563703775405883789e-01 6.378482580184936523e-01 2.362992428243160248e-02
5.186232328414916992e-01 6.653994321823120117e-01 -1.870175241492688656e-03
5.986413359642028809e-01 5.992642641067504883e-01 8.760417997837066650e-02
5.520169734954833984e-01 3.786957859992980957e-01 1.295689772814512253e-02
5.335654616355895996e-01 4.198606610298156738e-01 -2.689069323241710663e-02
5.367065072059631348e-01 6.673777103424072266e-01 2.257091365754604340e-02
6.260046958923339844e-01 5.174189209938049316e-01 8.279340714216232300e-02
5.229446887969970703e-01 5.771813988685607910e-01 -1.272783428430557251e-02
5.251684188842773438e-01 5.816551446914672852e-01 -1.451612915843725204e-02
5.269946455955505371e-01 5.882255434989929199e-01 -1.603655144572257996e-02
5.280242562294006348e-01 5.957559943199157715e-01 -1.410720497369766235e-02
5.306641459465026855e-01 6.095916628837585449e-01 -5.435280967503786087e-03
5.415686964988708496e-01 5.566385388374328613e-01 -4.297321196645498276e-03
5.443099141120910645e-01 5.561680197715759277e-01 -3.798444988206028938e-03
5.468316078186035156e-01 5.550907254219055176e-01 -3.591629676520824432e-03
5.590129494667053223e-01 5.468815565109252930e-01 -5.175572005100548267e-04
6.043937206268310547e-01 5.147442221641540527e-01 2.362967282533645630e-02
5.341752767562866211e-01 4.031090140342712402e-01 -1.551131438463926315e-02
5.414901375770568848e-01 3.691949844360351562e-01 5.491535644978284836e-03
5.477444529533386230e-01 3.716155886650085449e-01 1.074823644012212753e-02
5.392349362373352051e-01 5.564290881156921387e-01 -3.521354403346776962e-03
6.006699800491333008e-01 5.562787652015686035e-01 4.007366672158241272e-02
5.320002436637878418e-01 3.674365878105163574e-01 -9.507280774414539337e-03
5.353346467018127441e-01 6.222510337829589844e-01 5.127736367285251617e-04
5.269783735275268555e-01 4.098235368728637695e-01 -3.461506962776184082e-02
5.390390753746032715e-01 4.475246071815490723e-01 -2.763897925615310669e-02
5.164724588394165039e-01 6.322009563446044922e-01 -6.994116120040416718e-03
5.619244575500488281e-01 5.888230204582214355e-01 1.301437430083751678e-02
5.566847920417785645e-01 4.958498477935791016e-01 -6.193299777805805206e-03
5.500171780586242676e-01 6.076000928878784180e-01 7.310276385396718979e-03
5.823569297790527344e-01 4.967341423034667969e-01 5.297844763845205307e-04
5.652737617492675781e-01 5.138264298439025879e-01 -2.967667300254106522e-03
5.879077315330505371e-01 5.248785018920898438e-01 1.011533662676811218e-02
5.185264945030212402e-01 6.497554779052734375e-01 -6.573486141860485077e-03
5.442658662796020508e-01 4.582941830158233643e-01 -1.945890486240386963e-02
5.700283050537109375e-01 6.030244231224060059e-01 2.341865375638008118e-02
5.549730658531188965e-01 6.208673715591430664e-01 1.536660362035036087e-02
5.720507502555847168e-01 5.671916604042053223e-01 1.413933280855417252e-02
6.132603883743286133e-01 5.366573333740234375e-01 5.049001798033714294e-02
5.855469107627868652e-01 5.728920698165893555e-01 2.525747008621692657e-02
6.166000962257385254e-01 5.516017675399780273e-01 7.661688327789306641e-02
5.709488391876220703e-01 5.357997417449951172e-01 3.466199617832899094e-03
5.390878915786743164e-01 4.324011802673339844e-01 -1.894443854689598083e-02
5.359253883361816406e-01 4.804048538208007812e-01 -4.554958269000053406e-02
5.413234829902648926e-01 4.857857525348663330e-01 -3.319938480854034424e-02
5.332808494567871094e-01 4.680736660957336426e-01 -5.375969037413597107e-02
5.520338416099548340e-01 3.521413207054138184e-01 3.420312888920307159e-03
5.714192986488342285e-01 3.404489755630493164e-01 3.249106230214238167e-03
5.878004431724548340e-01 3.392274379730224609e-01 5.461518652737140656e-03
6.003572940826416016e-01 3.447395563125610352e-01 1.097894087433815002e-02
6.080763339996337891e-01 3.549987971782684326e-01 1.834719255566596985e-02
6.096410751342773438e-01 3.896301388740539551e-01 3.489626571536064148e-02
6.359397768974304199e-01 4.451609253883361816e-01 8.589449524879455566e-02
5.991229414939880371e-01 4.143172502517700195e-01 2.414910495281219482e-02
5.874955058097839355e-01 4.182762503623962402e-01 1.645828038454055786e-02
5.731298923492431641e-01 4.158025979995727539e-01 1.077515631914138794e-02
5.598515272140502930e-01 4.098756909370422363e-01 7.557157427072525024e-03
5.498024821281433105e-01 4.032935500144958496e-01 6.738748867064714432e-03
5.429565310478210449e-01 3.971206247806549072e-01 5.620528012514114380e-03
6.330504417419433594e-01 4.466125667095184326e-01 1.294577717781066895e-01
5.403906106948852539e-01 4.903458356857299805e-01 -2.769510820508003235e-02
5.330159664154052734e-01 4.348457753658294678e-01 -3.661807626485824585e-02
5.290665626525878906e-01 4.800120890140533447e-01 -5.512374639511108398e-02
5.220524668693542480e-01 4.877267479896545410e-01 -5.130331963300704956e-02
5.281657576560974121e-01 4.831357896327972412e-01 -4.964814335107803345e-02
5.370850563049316406e-01 4.949992299079895020e-01 -2.424481697380542755e-02
5.201696753501892090e-01 4.888382256031036377e-01 -5.448775738477706909e-02
5.181275606155395508e-01 4.926518797874450684e-01 -4.131821542978286743e-02
5.442454218864440918e-01 3.836862742900848389e-01 1.189370732754468918e-02
5.380977988243103027e-01 3.871335983276367188e-01 4.299003165215253830e-03
5.343338251113891602e-01 3.894802927970886230e-01 -4.020313732326030731e-03
5.975579023361206055e-01 3.776669204235076904e-01 2.232899144291877747e-02
6.052629947662353516e-01 3.704316318035125732e-01 2.333347871899604797e-02
4.533427953720092773e-01 3.649753034114837646e-01 5.849732551723718643e-03
4.647109210491180420e-01 3.661987483501434326e-01 5.849732551723718643e-03
4.545971155166625977e-01 3.499414920806884766e-01 5.849732551723718643e-03
4.417678713798522949e-01 3.636902868747711182e-01 5.849732551723718643e-03
4.520000517368316650e-01 3.797874152660369873e-01 5.849732551723718643e-03
5.770362019538879395e-01 3.785764873027801514e-01 1.560534350574016571e-02
5.888413190841674805e-01 3.798903822898864746e-01 1.560534350574016571e-02
5.780194401741027832e-01 3.626595735549926758e-01 1.560534350574016571e-02
5.650936961174011230e-01 3.771463930606842041e-01 1.560534350574016571e-02
5.760364532470703125e-01 3.944620490074157715e-01 1.560534350574016571e-02
