5.051784515380859375e-01 5.348712801933288574e-01 -3.419499844312667847e-02
5.131322741508483887e-01 4.833542108535766602e-01 -6.184221804141998291e-02
5.102580785751342773e-01 5.004308819770812988e-01 -3.368034586310386658e-02
5.067198872566223145e-01 4.268614053726196289e-01 -4.612321779131889343e-02
5.146702527999877930e-01 4.660611748695373535e-01 -6.529238820075988770e-02
5.158591866493225098e-01 4.438810646533966064e-01 -6.020540371537208557e-02
5.180841088294982910e-01 3.905873298645019531e-01 -2.776026166975498199e-02
4.357398450374603271e-01 3.739975690841674805e-01 1.013018656522035599e-02
5.206961035728454590e-01 3.473427295684814453e-01 -1.840520650148391724e-02
5.223718881607055664e-01 3.252609968185424805e-01 -1.966700889170169830e-02
5.269439220428466797e-01 2.517011165618896484e-01 -5.092320963740348816e-03
5.049452781677246094e-01 5.392422676086425781e-01 -3.297122195363044739e-02
5.046398043632507324e-01 5.433889627456665039e-01 -2.958305925130844116e-02
5.044773221015930176e-01 5.458613038063049316e-01 -2.472650632262229919e-02
5.015500187873840332e-01 5.851553082466125488e-01 -1.983246207237243652e-02
5.014621615409851074e-01 5.908022522926330566e-01 -2.173254080116748810e-02
5.010811090469360352e-01 5.979247093200683594e-01 -2.409276552498340607e-02
5.006508231163024902e-01 6.055898666381835938e-01 -2.211088128387928009e-02
4.993811845779418945e-01 6.170942783355712891e-01 -1.157594379037618637e-02
5.119120478630065918e-01 4.922463297843933105e-01 -5.623198300600051880e-02
5.007146596908569336e-01 4.907001256942749023e-01 -4.155256226658821106e-02
3.942597806453704834e-01 3.100321888923645020e-01 6.218850240111351013e-02
4.653294980525970459e-01 3.925138115882873535e-01 5.122688598930835724e-04
4.535328447818756104e-01 3.930069804191589355e-01 4.011210694443434477e-04
4.426293373107910156e-01 3.905895948410034180e-01 2.723187673836946487e-03
4.294971525669097900e-01 3.790211975574493408e-01 1.116009149700403214e-02
4.761559367179870605e-01 3.886384963989257812e-01 2.757475711405277252e-03
4.560118317604064941e-01 3.370350897312164307e-01 -3.214279888197779655e-03
4.688917994499206543e-01 3.412420153617858887e-01 -1.957261236384510994e-03
4.432926774024963379e-01 3.385487198829650879e-01 -5.783307133242487907e-04
4.341971278190612793e-01 3.452591300010681152e-01 3.261407837271690369e-03
4.176158010959625244e-01 3.885845839977264404e-01 1.588154211640357971e-02
4.535425603389739990e-01 6.299248337745666504e-01 -1.306794118136167526e-03
4.320613443851470947e-01 3.685771226882934570e-01 1.360848639160394669e-02
3.830030560493469238e-01 3.799457848072052002e-01 6.381907314062118530e-02
4.057936370372772217e-01 3.743172287940979004e-01 2.678683027625083923e-02
4.537874758243560791e-01 4.619693458080291748e-01 -1.288215909153223038e-02
4.894130825996398926e-01 5.306434035301208496e-01 -3.374300152063369751e-02
4.901287853717803955e-01 5.412471294403076172e-01 -2.882922068238258362e-02
4.735374450683593750e-01 5.342063307762145996e-01 -2.806789055466651917e-02
4.627157449722290039e-01 5.393199324607849121e-01 -1.965364813804626465e-02
4.775767922401428223e-01 5.417347550392150879e-01 -2.482890896499156952e-02
4.677364528179168701e-01 5.441429018974304199e-01 -1.701062731444835663e-02
4.477059543132781982e-01 5.711364150047302246e-01 -1.506663043983280659e-03
5.036737322807312012e-01 4.816575348377227783e-01 -6.138636544346809387e-02
5.035641789436340332e-01 4.648642539978027344e-01 -6.460745632648468018e-02
4.203057289123535156e-01 3.246386647224426270e-01 6.224447861313819885e-03
4.802647531032562256e-01 4.232726693153381348e-01 -1.165073458105325699e-02
4.764762222766876221e-01 4.746493399143218994e-01 -3.556149452924728394e-02
4.758192896842956543e-01 4.657117426395416260e-01 -3.207151964306831360e-02
4.192019402980804443e-01 4.553609490394592285e-01 -1.322063035331666470e-03
5.052980184555053711e-01 4.443593025207519531e-01 -5.757850781083106995e-02
4.505506455898284912e-01 3.048080801963806152e-01 -1.017231307923793793e-02
4.335567951202392578e-01 3.109267354011535645e-01 -2.915973076596856117e-03
4.098505377769470215e-01 2.824379205703735352e-01 4.224931448698043823e-02
4.994799196720123291e-01 3.284446001052856445e-01 -1.661886647343635559e-02
4.793767333030700684e-01 3.510476946830749512e-01 1.925824442878365517e-03
4.412340223789215088e-01 5.513091683387756348e-01 -3.293182526249438524e-04
3.826932907104492188e-01 5.393192768096923828e-01 8.903921395540237427e-02
4.841111004352569580e-01 4.853243231773376465e-01 -3.068667650222778320e-02
4.925563931465148926e-01 4.913682043552398682e-01 -3.111988306045532227e-02
4.503491222858428955e-01 5.527999401092529297e-01 -7.333732792176306248e-04
4.535471796989440918e-01 5.532608628273010254e-01 -3.350851824507117271e-03
4.285879731178283691e-01 3.001023530960083008e-01 2.484871307387948036e-03
4.748163819313049316e-01 4.823122322559356689e-01 -2.949672564864158630e-02
4.718252420425415039e-01 3.086865544319152832e-01 -1.487432513386011124e-02
4.717832505702972412e-01 2.953515052795410156e-01 -1.686305180191993713e-02
4.610537886619567871e-01 2.505078017711639404e-01 4.084226209670305252e-03
4.182563126087188721e-01 2.981939017772674561e-01 1.974951848387718201e-02
4.661625027656555176e-01 2.802096009254455566e-01 -6.818599533289670944e-03
4.140005707740783691e-01 3.181637227535247803e-01 1.572706922888755798e-02
4.034042358398437500e-01 3.203534483909606934e-01 3.785833716392517090e-02
4.894123375415802002e-01 5.363662242889404297e-01 -3.252831473946571350e-02
4.754519462585449219e-01 5.383585095405578613e-01 -2.690270170569419861e-02
4.651188254356384277e-01 5.419531464576721191e-01 -1.922293007373809814e-02
4.862820208072662354e-01 4.888342618942260742e-01 -2.811690978705883026e-02
4.519464671611785889e-01 5.530604720115661621e-01 -2.084847074002027512e-03
4.565562307834625244e-01 5.647151470184326172e-01 -7.589762564748525620e-03
4.549625217914581299e-01 5.534451603889465332e-01 -3.533725626766681671e-03
4.906678795814514160e-01 4.800302684307098389e-01 -4.610003530979156494e-02
4.699300229549407959e-01 5.452266931533813477e-01 -1.526305917650461197e-02
4.795335233211517334e-01 5.435557961463928223e-01 -2.054039016366004944e-02
4.910971820354461670e-01 5.438424348831176758e-01 -2.428111061453819275e-02
4.828441739082336426e-01 6.134951114654541016e-01 -1.199760101735591888e-02
4.841538369655609131e-01 6.010875701904296875e-01 -2.231657132506370544e-02
4.852885901927947998e-01 5.936950445175170898e-01 -2.378020621836185455e-02
4.867137670516967773e-01 5.869020819664001465e-01 -2.121448144316673279e-02
4.882762134075164795e-01 5.820411443710327148e-01 -1.937376521527767181e-02
4.684450626373291016e-01 5.709187388420104980e-01 -1.151639968156814575e-02
4.660272598266601562e-01 5.722724199295043945e-01 -1.324419956654310226e-02
4.629102349281311035e-01 5.750335454940795898e-01 -1.493560336530208588e-02
4.605014920234680176e-01 5.786549448966979980e-01 -1.313081011176109314e-02
4.576472043991088867e-01 5.237223505973815918e-01 -1.647390611469745636e-02
3.741875290870666504e-01 4.528514742851257324e-01 1.063430234789848328e-01
5.110575556755065918e-01 4.961716830730438232e-01 -4.154260456562042236e-02
4.620707333087921143e-01 5.641205310821533203e-01 -6.426625419408082962e-03
4.592832326889038086e-01 5.640985965728759766e-01 -7.574443239718675613e-03
4.953328669071197510e-01 4.982282519340515137e-01 -3.167689964175224304e-02
4.772905111312866211e-01 4.926818013191223145e-01 -2.099733240902423859e-02
4.940250813961029053e-01 4.948666691780090332e-01 -3.165492787957191467e-02
4.672700762748718262e-01 4.312029778957366943e-01 -9.131340309977531433e-03
4.476081132888793945e-01 4.394542872905731201e-01 -7.506389170885086060e-03
4.728664159774780273e-01 4.731424152851104736e-01 -2.595702558755874634e-02
4.311796128749847412e-01 2.617315053939819336e-01 2.146002650260925293e-02
4.382511377334594727e-01 2.839644551277160645e-01 5.270754918456077576e-03
4.481067955493927002e-01 2.924824655055999756e-01 -8.014123886823654175e-03
4.560363292694091797e-01 5.869536995887756348e-01 -6.031771656125783920e-03
4.991315305233001709e-01 3.051861226558685303e-01 -2.034495770931243896e-02
4.939560294151306152e-01 2.832867503166198730e-01 -1.279625482857227325e-02
4.918281435966491699e-01 2.479774802923202515e-01 -4.891554359346628189e-03
4.338917732238769531e-01 3.860076665878295898e-01 6.952853873372077942e-03
4.031824171543121338e-01 3.990190923213958740e-01 2.100819163024425507e-02
4.836024641990661621e-01 3.842779397964477539e-01 4.854493308812379837e-03
4.214152693748474121e-01 3.518811464309692383e-01 1.195742469280958176e-02
4.893884062767028809e-01 4.133629798889160156e-01 -1.482867822051048279e-02
4.842832386493682861e-01 4.686529934406280518e-01 -4.601384326815605164e-02
3.918995261192321777e-01 4.113760888576507568e-01 3.191435337066650391e-02
4.097782671451568604e-01 4.111023843288421631e-01 1.080921385437250137e-02
4.243659377098083496e-01 4.188878536224365234e-01 1.363789779134094715e-03
4.472544789314270020e-01 4.189301133155822754e-01 -2.046695910394191742e-03
4.645376503467559814e-01 4.140143990516662598e-01 -3.132537705823779106e-03
4.781887829303741455e-01 4.075377285480499268e-01 -4.909481387585401535e-03
5.068644881248474121e-01 3.931359350681304932e-01 -2.437628433108329773e-02
3.915069103240966797e-01 4.463979601860046387e-01 2.765450999140739441e-02
4.122197628021240234e-01 3.482252955436706543e-01 1.685910299420356750e-02
5.062305331230163574e-01 4.908639490604400635e-01 -5.600623786449432373e-02
4.802101254463195801e-01 4.398949146270751953e-01 -1.707863621413707733e-02
3.770116269588470459e-01 3.784772157669067383e-01 1.001449525356292725e-01
4.890054762363433838e-01 3.994345664978027344e-01 -5.554396659135818481e-03
4.710622429847717285e-01 4.740565419197082520e-01 -1.467261556535959244e-02
4.264590740203857422e-01 3.675498366355895996e-01 1.531335338950157166e-02
4.840732812881469727e-01 4.579425156116485596e-01 -4.155952483415603638e-02
3.764542341232299805e-01 4.943251311779022217e-01 1.005407497286796570e-01
4.849181771278381348e-01 3.785705566406250000e-01 7.912519387900829315e-03
4.946241676807403564e-01 4.490905404090881348e-01 -5.170646309852600098e-02
4.069841802120208740e-01 5.836020708084106445e-01 3.421798720955848694e-02
4.041725099086761475e-01 6.038198471069335938e-01 5.253432318568229675e-02
3.782315850257873535e-01 4.501709938049316406e-01 6.698019057512283325e-02
3.945960998535156250e-01 5.585800409317016602e-01 4.603345319628715515e-02
3.927370309829711914e-01 3.477332592010498047e-01 5.409824103116989136e-02
4.494805335998535156e-01 6.466972827911376953e-01 4.075442440807819366e-03
5.066379308700561523e-01 4.949918985366821289e-01 -4.103607311844825745e-02
4.686864912509918213e-01 4.508962035179138184e-01 -1.389382779598236084e-02
3.951604962348937988e-01 3.773295879364013672e-01 3.725338354706764221e-02
4.458798170089721680e-01 3.812894821166992188e-01 4.169096238911151886e-03
4.552841186523437500e-01 3.839250206947326660e-01 2.108120126649737358e-03
4.541341364383697510e-01 5.658972859382629395e-01 -6.066418252885341644e-03
3.914512991905212402e-01 4.807229042053222656e-01 3.060035593807697296e-02
4.688172042369842529e-01 6.733711361885070801e-01 8.329081349074840546e-03
4.339387714862823486e-01 6.454882621765136719e-01 2.743584476411342621e-02
4.198098778724670410e-01 6.282781958580017090e-01 3.844548016786575317e-02
5.247846245765686035e-01 2.885020971298217773e-01 -1.310728304088115692e-02
4.939935505390167236e-01 6.796233654022216797e-01 7.001340389251708984e-03
4.651048481464385986e-01 3.836690187454223633e-01 2.474785316735506058e-03
4.748745262622833252e-01 3.814677596092224121e-01 4.744987469166517258e-03
4.814562499523162842e-01 3.800123929977416992e-01 7.499177008867263794e-03
4.038313627243041992e-01 3.454472422599792480e-01 2.780728228390216827e-02
4.753819108009338379e-01 3.679592907428741455e-01 3.438878804445266724e-03
4.654714465141296387e-01 3.632215857505798340e-01 9.588577086105942726e-04
4.557670056819915771e-01 3.613885939121246338e-01 6.784163415431976318e-04
4.459079504013061523e-01 3.621462583541870117e-01 2.581748412922024727e-03
4.392769336700439453e-01 3.645967245101928711e-01 5.630576051771640778e-03
3.837887942790985107e-01 3.404144346714019775e-01 8.366074413061141968e-02
4.398414492607116699e-01 3.777042031288146973e-01 7.267240900546312332e-03
5.088490843772888184e-01 5.138462781906127930e-01 -3.107135184109210968e-02
4.699408113956451416e-01 5.158650279045104980e-01 -2.229769900441169739e-02
4.846658706665039062e-01 4.823417365550994873e-01 -3.476498275995254517e-02
4.925798475742340088e-01 5.128849148750305176e-01 -3.107251040637493134e-02
5.190982222557067871e-01 3.694810271263122559e-01 -1.874961331486701965e-02
4.203187823295593262e-01 6.078885793685913086e-01 2.538574673235416412e-02
4.340451955795288086e-01 6.272437572479248047e-01 1.547517068684101105e-02
4.698732197284698486e-01 6.618782877922058105e-01 -5.284210201352834702e-03
3.925709724426269531e-01 5.764178037643432617e-01 7.107101380825042725e-02
4.821893274784088135e-01 3.742757141590118408e-01 6.083945743739604950e-03
4.977186620235443115e-01 4.186142981052398682e-01 -2.964914962649345398e-02
4.950601458549499512e-01 6.680951714515686035e-01 -6.309109739959239960e-03
4.497253596782684326e-01 6.611823439598083496e-01 1.566146872937679291e-02
3.796556890010833740e-01 4.882618486881256104e-01 6.456269323825836182e-02
4.773238301277160645e-01 5.771442651748657227e-01 -1.603457890450954437e-02
4.748423993587493896e-01 5.802304744720458984e-01 -1.791578903794288635e-02
4.724428653717041016e-01 5.853691697120666504e-01 -1.981943845748901367e-02
4.706585705280303955e-01 5.917676687240600586e-01 -1.833266578614711761e-02
4.672841429710388184e-01 6.019597053527832031e-01 -1.055277790874242783e-02
4.595820009708404541e-01 5.478334426879882812e-01 -9.788749739527702332e-03
4.570080339908599854e-01 5.466390848159790039e-01 -9.949138388037681580e-03
4.548644721508026123e-01 5.449650287628173828e-01 -1.014488656073808670e-02
4.477033019065856934e-01 5.356982946395874023e-01 -8.620738983154296875e-03
4.075321555137634277e-01 4.911524653434753418e-01 9.462035261094570160e-03
4.983626008033752441e-01 4.020335674285888672e-01 -1.870759204030036926e-02
4.951098859310150146e-01 3.650379180908203125e-01 1.259844633750617504e-03
4.876821637153625488e-01 3.669686019420623779e-01 4.694959614425897598e-03
4.617134332656860352e-01 5.482623577117919922e-01 -8.789421990513801575e-03
4.026640057563781738e-01 5.332333445549011230e-01 2.600901573896408081e-02
5.058816671371459961e-01 3.649537563323974609e-01 -1.242136489599943161e-02
4.601665437221527100e-01 6.146544218063354492e-01 -4.998926538974046707e-03
5.166003108024597168e-01 4.256426095962524414e-01 -4.901565238833427429e-02
5.066348314285278320e-01 4.108791053295135498e-01 -3.614626452326774597e-02
5.172787904739379883e-01 4.087962806224822998e-01 -3.790904581546783447e-02
4.877227842807769775e-01 4.439171552658081055e-01 -3.096953779458999634e-02
4.966310858726501465e-01 6.513493061065673828e-01 -1.143789757043123245e-02
4.981541931629180908e-01 6.324721574783325195e-01 -1.099974568933248520e-02
4.782380163669586182e-01 6.279945373535156250e-01 -9.900637902319431305e-03
4.368931055068969727e-01 5.759040117263793945e-01 4.225367214530706406e-03
4.601474106311798096e-01 4.860047996044158936e-01 -1.248265430331230164e-02
4.466566741466522217e-01 5.973340868949890137e-01 1.123046968132257462e-04
4.344137609004974365e-01 4.793879687786102295e-01 -9.746058844029903412e-03
4.483570456504821777e-01 5.009847283363342285e-01 -1.105085387825965881e-02
4.229068756103515625e-01 5.054986476898193359e-01 -1.413160003721714020e-03
4.731561541557312012e-01 6.456654071807861328e-01 -9.998293593525886536e-03
4.796331524848937988e-01 4.529670476913452148e-01 -2.371099218726158142e-02
4.260642230510711670e-01 5.883107185363769531e-01 1.354843564331531525e-02
4.391643702983856201e-01 6.099803447723388672e-01 7.620208896696567535e-03
4.304406046867370605e-01 5.519045591354370117e-01 3.798396792262792587e-03
3.926920890808105469e-01 5.106225013732910156e-01 3.458026796579360962e-02
4.157175123691558838e-01 5.538754463195800781e-01 1.338470261543989182e-02
3.842677175998687744e-01 5.244829058647155762e-01 5.951381102204322815e-02
4.378210306167602539e-01 5.211007595062255859e-01 -6.032904144376516342e-03
4.892105460166931152e-01 4.290446043014526367e-01 -2.286676317453384399e-02
4.875259101390838623e-01 4.766910374164581299e-01 -4.837277531623840332e-02
4.798243641853332520e-01 4.805327951908111572e-01 -3.657052293419837952e-02
4.933992624282836914e-01 4.658445119857788086e-01 -5.582324415445327759e-02
4.878025650978088379e-01 3.445495367050170898e-01 -2.413804177194833755e-03
4.701997637748718262e-01 3.291325569152832031e-01 -5.311435554176568985e-03
4.538883864879608154e-01 3.247357010841369629e-01 -5.768227856606245041e-03
4.394884705543518066e-01 3.277979493141174316e-01 -2.494180575013160706e-03
4.285347163677215576e-01 3.361173868179321289e-01 3.434598445892333984e-03
4.173083007335662842e-01 3.707968592643737793e-01 1.936180703341960907e-02
3.788676261901855469e-01 4.142629802227020264e-01 6.562559306621551514e-02
4.230517446994781494e-01 3.963060677051544189e-01 1.027810852974653244e-02
4.342726469039916992e-01 4.026970565319061279e-01 4.322011023759841919e-03
4.498504698276519775e-01 4.047054052352905273e-01 7.333830581046640873e-04
4.652029871940612793e-01 4.025216102600097656e-01 -2.291725249961018562e-04
4.777305424213409424e-01 3.977988958358764648e-01 5.867321160621941090e-04
4.866946935653686523e-01 3.930327892303466797e-01 6.279971566982567310e-04
3.746927976608276367e-01 4.151122868061065674e-01 1.069300100207328796e-01
4.791684150695800781e-01 4.853001832962036133e-01 -3.102819435298442841e-02
4.970715045928955078e-01 4.335186183452606201e-01 -3.917376697063446045e-02
4.955792129039764404e-01 4.784280657768249512e-01 -5.652894824743270874e-02
5.004976391792297363e-01 4.876392185688018799e-01 -5.167059972882270813e-02
4.951182305812835693e-01 4.813626408576965332e-01 -5.112642049789428711e-02
4.814200401306152344e-01 4.907628297805786133e-01 -2.696823701262474060e-02
5.026839971542358398e-01 4.893971383571624756e-01 -5.455612763762474060e-02
5.030596256256103516e-01 4.935027658939361572e-01 -4.125489667057991028e-02
4.888148009777069092e-01 3.788909316062927246e-01 6.590857636183500290e-03
4.944204092025756836e-01 3.839579820632934570e-01 2.213707630289718509e-04
4.979482889175415039e-01 3.868784308433532715e-01 -7.533663418143987656e-03
4.352690577507019043e-01 3.666930496692657471e-01 9.026560932397842407e-03
4.279022812843322754e-01 3.542405962944030762e-01 9.127357974648475647e-03
5.256913900375366211e-01 4.293958544731140137e-01 -4.435524344444274902e-02
5.960987806320190430e-01 3.927288949489593506e-01 2.238539420068264008e-02
5.214337706565856934e-01 4.934350550174713135e-01 -4.020284488797187805e-02
6.318241357803344727e-01 3.430125117301940918e-01 8.047506213188171387e-02
5.638837218284606934e-01 4.028754234313964844e-01 8.514040149748325348e-03
5.747843980789184570e-01 4.059153199195861816e-01 1.001505926251411438e-02
5.852220654487609863e-01 4.070670008659362793e-01 1.375235617160797119e-02
5.996741056442260742e-01 3.995081484317779541e-01 2.407862059772014618e-02
5.547612309455871582e-01 3.977824449539184570e-01 9.098468348383903503e-03
5.836866497993469238e-01 3.532204627990722656e-01 6.761434022337198257e-03
5.702983736991882324e-01 3.545013666152954102e-01 5.918290466070175171e-03
5.955945849418640137e-01 3.574970364570617676e-01 1.089597120881080627e-02
6.027798056602478027e-01 3.661473989486694336e-01 1.564525626599788666e-02
6.069186925888061523e-01 4.120501875877380371e-01 2.983362041413784027e-02
5.403010249137878418e-01 6.395597457885742188e-01 4.360093735158443451e-03
6.003612279891967773e-01 3.883591890335083008e-01 2.637856826186180115e-02
6.348767280578613281e-01 4.138462543487548828e-01 8.234412968158721924e-02
6.186698675155639648e-01 4.006778299808502197e-01 4.231612011790275574e-02
5.664538145065307617e-01 4.771095216274261475e-01 -4.546015989035367966e-03
5.205935239791870117e-01 5.344711542129516602e-01 -3.151874244213104248e-02
5.183702111244201660e-01 5.448746681213378906e-01 -2.676857262849807739e-02
5.347915887832641602e-01 5.415306687355041504e-01 -2.351321652531623840e-02
5.436570644378662109e-01 5.493868589401245117e-01 -1.345225516706705093e-02
5.296601057052612305e-01 5.481886863708496094e-01 -2.085677348077297211e-02
5.379422307014465332e-01 5.530880093574523926e-01 -1.169735379517078400e-02
5.534543991088867188e-01 5.842361450195312500e-01 6.231625098735094070e-03
5.222524404525756836e-01 4.841639995574951172e-01 -6.026272103190422058e-02
5.252481102943420410e-01 4.677613079547882080e-01 -6.327766925096511841e-02
6.167983412742614746e-01 3.507752418518066406e-01 2.078901790082454681e-02
5.467489957809448242e-01 4.322052896022796631e-01 -6.187441758811473846e-03
5.463830828666687012e-01 4.837386012077331543e-01 -3.046031855046749115e-02
5.477814078330993652e-01 4.749991297721862793e-01 -2.681743726134300232e-02
5.984547138214111328e-01 4.795629680156707764e-01 1.210871525108814240e-02
5.257188081741333008e-01 4.470309615135192871e-01 -5.584915354847908020e-02
5.945991873741149902e-01 3.272678852081298828e-01 2.078504185192286968e-04
6.084662079811096191e-01 3.355292677879333496e-01 9.872137568891048431e-03
6.243765354156494141e-01 3.125866651535034180e-01 5.852854251861572266e-02
5.453733205795288086e-01 3.407036364078521729e-01 -1.304297521710395813e-02
5.584834814071655273e-01 3.617914319038391113e-01 8.361248299479484558e-03
5.627091526985168457e-01 5.668758749961853027e-01 9.091604501008987427e-03
6.120105981826782227e-01 5.693927407264709473e-01 1.066029071807861328e-01
5.368670225143432617e-01 4.921857416629791260e-01 -2.709263190627098083e-02
5.279713869094848633e-01 4.958928525447845459e-01 -2.929577976465225220e-02
5.519968271255493164e-01 5.668521523475646973e-01 7.443826645612716675e-03
5.487798452377319336e-01 5.663563609123229980e-01 3.964926581829786301e-03
6.138362884521484375e-01 3.257766366004943848e-01 1.593521423637866974e-02
5.458306074142456055e-01 4.914327859878540039e-01 -2.448793686926364899e-02
5.745766758918762207e-01 3.277001380920410156e-01 -7.784611079841852188e-03
5.771743059158325195e-01 3.146397471427917480e-01 -9.628895670175552368e-03
5.874359607696533203e-01 2.689502835273742676e-01 1.349912025034427643e-02
6.180958747863769531e-01 3.251329064369201660e-01 3.437184542417526245e-02
5.804044604301452637e-01 2.961856722831726074e-01 1.354338135570287704e-03
6.222439408302307129e-01 3.453431427478790283e-01 3.115039505064487457e-02
6.262853145599365234e-01 3.502791523933410645e-01 5.442943051457405090e-02
5.197604894638061523e-01 5.402479767799377441e-01 -3.029538691043853760e-02
5.321983695030212402e-01 5.453982353210449219e-01 -2.262619882822036743e-02
5.409271121025085449e-01 5.515127182006835938e-01 -1.353007555007934570e-02
5.339200496673583984e-01 4.949311912059783936e-01 -2.505700290203094482e-02
5.503402948379516602e-01 5.666532516479492188e-01 5.516021512448787689e-03
5.450725555419921875e-01 5.767991542816162109e-01 -1.083084265701472759e-03
5.472085475921630859e-01 5.660424828529357910e-01 3.584100399166345596e-03
5.329070091247558594e-01 4.857482910156250000e-01 -4.262281954288482666e-02
5.354915261268615723e-01 5.534315705299377441e-01 -1.020128466188907623e-02
5.273782610893249512e-01 5.493702292442321777e-01 -1.676413603127002716e-02
5.170667767524719238e-01 5.470596551895141602e-01 -2.213986217975616455e-02
5.157209634780883789e-01 6.174722909927368164e-01 -9.998346678912639618e-03
5.166516304016113281e-01 6.055710315704345703e-01 -2.008698694407939911e-02
5.164130926132202148e-01 5.977669954299926758e-01 -2.145923115313053131e-02
5.155966281890869141e-01 5.905542969703674316e-01 -1.891333796083927155e-02
5.142625570297241211e-01 5.852460861206054688e-01 -1.717312261462211609e-02
5.331878066062927246e-01 5.792696475982666016e-01 -6.427865009754896164e-03
5.356839895248413086e-01 5.815173983573913574e-01 -8.139107376337051392e-03
5.385670661926269531e-01 5.853442549705505371e-01 -9.591127745807170868e-03
5.406958460807800293e-01 5.898242592811584473e-01 -7.463234476745128632e-03
5.535517930984497070e-01 5.361121892929077148e-01 -9.383034892380237579e-03
6.285945177078247070e-01 4.872853457927703857e-01 1.257645040750503540e-01
5.394871234893798828e-01 5.744269490242004395e-01 -1.355412532575428486e-04
5.423836708068847656e-01 5.752782225608825684e-01 -1.311146887019276619e-03
5.245236754417419434e-01 5.018830299377441406e-01 -2.982252463698387146e-02
5.410661101341247559e-01 5.007622241973876953e-01 -1.697422005236148834e-02
5.261697173118591309e-01 4.989955723285675049e-01 -2.988104522228240967e-02
5.574359297752380371e-01 4.433433711528778076e-01 -1.855679904110729694e-03
5.747295618057250977e-01 4.567047655582427979e-01 2.184212906286120415e-03
5.488178730010986328e-01 4.829344749450683594e-01 -2.050408534705638885e-02
6.108697056770324707e-01 2.874376177787780762e-01 3.475917503237724304e-02
6.038765311241149902e-01 3.065927028656005859e-01 1.710159145295619965e-02
5.987020730972290039e-01 3.151898384094238281e-01 2.798559376969933510e-03
5.439552664756774902e-01 5.975294113159179688e-01 4.054958408232778311e-04
5.504634380340576172e-01 3.186132907867431641e-01 -1.662444882094860077e-02
5.547102689743041992e-01 2.919585108757019043e-01 -8.507675491273403168e-03
5.604078769683837891e-01 2.581841945648193359e-01 -7.663162978133186698e-05
5.942330360412597656e-01 4.052519798278808594e-01 1.914599537849426270e-02
6.171385645866394043e-01 4.259878695011138916e-01 3.638564422726631165e-02
5.487544536590576172e-01 3.928597271442413330e-01 1.049765292555093765e-02
6.113462448120117188e-01 3.756114542484283447e-01 2.602724544703960419e-02
5.400983691215515137e-01 4.201897382736206055e-01 -1.049312390387058258e-02
5.408681631088256836e-01 4.762536883354187012e-01 -4.187752678990364075e-02
6.265483498573303223e-01 4.430203139781951904e-01 4.919299110770225525e-02
6.100158691406250000e-01 4.370057284832000732e-01 2.543174102902412415e-02
5.962780714035034180e-01 4.415731430053710938e-01 1.396355032920837402e-02
5.755420923233032227e-01 4.358709454536437988e-01 7.706171367317438126e-03
5.604434013366699219e-01 4.266422390937805176e-01 4.368614871054887772e-03
5.493491291999816895e-01 4.174158573150634766e-01 7.097378838807344437e-04
5.280578732490539551e-01 3.960658907890319824e-01 -2.258220687508583069e-02
6.230469346046447754e-01 4.774735867977142334e-01 4.496171325445175171e-02
6.185542345046997070e-01 3.744508028030395508e-01 3.211852908134460449e-02
5.174877047538757324e-01 4.923574626445770264e-01 -5.509743094444274902e-02
5.452383756637573242e-01 4.485210776329040527e-01 -1.174437347799539566e-02
6.353763937950134277e-01 4.138157367706298828e-01 1.202847063541412354e-01
5.413013696670532227e-01 4.073849022388458252e-01 -1.184640917927026749e-03
5.493248701095581055e-01 4.841411709785461426e-01 -9.069813415408134460e-03
6.046897172927856445e-01 3.891161978244781494e-01 2.876764163374900818e-02
5.419484376907348633e-01 4.655620455741882324e-01 -3.732448071241378784e-02
6.222888231277465820e-01 5.271015167236328125e-01 1.190820112824440002e-01
5.490545034408569336e-01 3.868730366230010986e-01 1.377315353602170944e-02
5.342939496040344238e-01 4.543553590774536133e-01 -4.865000396966934204e-02
5.885520577430725098e-01 6.056602001190185547e-01 4.698976129293441772e-02
5.865254402160644531e-01 6.254476308822631836e-01 6.592429429292678833e-02
6.312764286994934082e-01 4.837617874145507812e-01 8.552403002977371216e-02
6.029186248779296875e-01 5.849273204803466797e-01 6.099477410316467285e-02
6.308011412620544434e-01 3.798763751983642578e-01 7.178571820259094238e-02
5.412126183509826660e-01 6.563739776611328125e-01 1.016260962933301926e-02
5.154485702514648438e-01 4.961599111557006836e-01 -4.048758745193481445e-02
5.540642142295837402e-01 4.622757434844970703e-01 -7.377656642347574234e-03
6.261115074157714844e-01 4.058536291122436523e-01 5.417834967374801636e-02
5.851503014564514160e-01 3.964740335941314697e-01 1.501914672553539276e-02
5.758486390113830566e-01 3.960410654544830322e-01 1.168362330645322800e-02
5.474121570587158203e-01 5.787712931632995605e-01 8.091615745797753334e-04
6.182355284690856934e-01 5.108972787857055664e-01 4.743916913866996765e-02
5.189929008483886719e-01 6.782960295677185059e-01 1.182235963642597198e-02
5.545474886894226074e-01 6.579489111900329590e-01 3.603015467524528503e-02
5.696672201156616211e-01 6.447027921676635742e-01 4.933574050664901733e-02
5.666317939758300781e-01 3.936707675457000732e-01 1.062117889523506165e-02
5.578489899635314941e-01 3.904008269309997559e-01 1.171037927269935608e-02
5.519386529922485352e-01 3.886253833770751953e-01 1.375032216310501099e-02
6.247724890708923340e-01 3.728840053081512451e-01 4.420164227485656738e-02
5.601963996887207031e-01 3.775519728660583496e-01 1.056545693427324295e-02
5.702506899833679199e-01 3.738137185573577881e-01 9.308691136538982391e-03
5.800927877426147461e-01 3.735802471637725830e-01 1.039087958633899689e-02
5.895341038703918457e-01 3.768763542175292969e-01 1.358135882765054703e-02
5.951002836227416992e-01 3.816225528717041016e-01 1.747248508036136627e-02
6.353543996810913086e-01 3.749436140060424805e-01 1.031816154718399048e-01
5.915539860725402832e-01 3.950348496437072754e-01 1.896332949399948120e-02
5.442954301834106445e-01 5.253710150718688965e-01 -1.685999520123004913e-02
5.372588634490966797e-01 4.893249571323394775e-01 -3.116361610591411591e-02
5.245441198348999023e-01 5.170128941535949707e-01 -2.883617207407951355e-02
5.729471445083618164e-01 6.255036592483520508e-01 3.572735562920570374e-02
5.578191280364990234e-01 6.407903432846069336e-01 2.360817044973373413e-02
5.203143358230590820e-01 6.672214865684509277e-01 -2.025952329859137535e-03
5.996536612510681152e-01 6.024903655052185059e-01 8.676208555698394775e-02
5.526738762855529785e-01 3.830771744251251221e-01 1.247123535722494125e-02
5.334817171096801758e-01 4.234367311000823975e-01 -2.671791054308414459e-02
5.383114218711853027e-01 6.698498129844665527e-01 2.195558696985244751e-02
6.250464320182800293e-01 5.205943584442138672e-01 8.245151489973068237e-02
5.247073769569396973e-01 5.830202698707580566e-01 -1.215153187513351440e-02
5.270446538925170898e-01 5.869776606559753418e-01 -1.389311160892248154e-02
5.290367603302001953e-01 5.929339528083801270e-01 -1.558902952820062637e-02
5.302554965019226074e-01 6.001019477844238281e-01 -1.395210344344377518e-02
5.317170619964599609e-01 6.094866394996643066e-01 -5.807841662317514420e-03
5.442823171615600586e-01 5.590175390243530273e-01 -3.387533361092209816e-03
5.469908714294433594e-01 5.585361123085021973e-01 -2.934023505076766014e-03
5.495105981826782227e-01 5.574423670768737793e-01 -2.750020241364836693e-03
5.599476695060729980e-01 5.502160191535949707e-01 1.640133705222979188e-04
6.034091711044311523e-01 5.172649621963500977e-01 2.380353026092052460e-02
5.339406728744506836e-01 4.069513678550720215e-01 -1.573336683213710785e-02
5.418124794960021973e-01 3.725053668022155762e-01 5.035939626395702362e-03
5.480549335479736328e-01 3.753450214862823486e-01 1.022407133132219315e-02
5.419801473617553711e-01 5.587451457977294922e-01 -2.448220504447817802e-03
6.006370782852172852e-01 5.589101910591125488e-01 4.035345092415809631e-02
5.325001478195190430e-01 3.709073066711425781e-01 -1.003026124089956284e-02
5.364103913307189941e-01 6.232814788818359375e-01 5.913091081310994923e-05
5.269915461540222168e-01 4.135875105857849121e-01 -3.459480777382850647e-02
5.392324924468994141e-01 4.508249461650848389e-01 -2.707562595605850220e-02
5.179379582405090332e-01 6.324673295021057129e-01 -7.562488317489624023e-03
5.630398988723754883e-01 5.914637446403503418e-01 1.312915328890085220e-02
5.571161508560180664e-01 4.986439049243927002e-01 -5.607117433100938797e-03
5.510367751121520996e-01 6.095752120018005371e-01 7.101628929376602173e-03
5.816790461540222168e-01 4.991899728775024414e-01 8.772573200985789299e-04
5.655094981193542480e-01 5.164865255355834961e-01 -2.525672782212495804e-03
5.876858234405517578e-01 5.273700952529907227e-01 1.062039472162723541e-02
5.201131701469421387e-01 6.509217023849487305e-01 -6.973421201109886169e-03
5.446928739547729492e-01 4.614500403404235840e-01 -1.883156970143318176e-02
5.711411833763122559e-01 6.056736707687377930e-01 2.349707484245300293e-02
5.561484098434448242e-01 6.233834624290466309e-01 1.527532190084457397e-02
5.729423165321350098e-01 5.702263116836547852e-01 1.451588235795497894e-02
6.125215888023376465e-01 5.395096540451049805e-01 5.063825100660324097e-02
5.860514044761657715e-01 5.754639506340026855e-01 2.557410113513469696e-02
6.162890791893005371e-01 5.547137260437011719e-01 7.661842554807662964e-02
5.714662671089172363e-01 5.387629866600036621e-01 3.932534717023372650e-03
5.390552282333374023e-01 4.357785880565643311e-01 -1.865357160568237305e-02
5.366662740707397461e-01 4.832991957664489746e-01 -4.462496191263198853e-02
5.423091650009155273e-01 4.887454211711883545e-01 -3.227538987994194031e-02
5.337346196174621582e-01 4.712945818901062012e-01 -5.302463844418525696e-02
5.522103309631347656e-01 3.556128740310668945e-01 2.740716096013784409e-03
5.717059969902038574e-01 3.446791172027587891e-01 2.178266178816556931e-03
5.882304310798645020e-01 3.437223732471466064e-01 4.116398748010396957e-03
6.009264588356018066e-01 3.493086695671081543e-01 9.448392316699028015e-03
6.088600754737854004e-01 3.594525754451751709e-01 1.676996611058712006e-02
6.105613112449645996e-01 3.945578932762145996e-01 3.363167494535446167e-02
6.346976161003112793e-01 4.485304355621337891e-01 8.467851579189300537e-02
6.012153029441833496e-01 4.186288714408874512e-01 2.350927330553531647e-02
5.899118185043334961e-01 4.222273230552673340e-01 1.591463014483451843e-02
5.754339694976806641e-01 4.197934865951538086e-01 1.036361977458000183e-02
5.617893934249877930e-01 4.138168394565582275e-01 7.451888639479875565e-03
5.513193607330322266e-01 4.070338308811187744e-01 6.411340087652206421e-03
5.441774129867553711e-01 4.007427692413330078e-01 5.376835353672504425e-03
6.322961449623107910e-01 4.502616226673126221e-01 1.270453929901123047e-01
5.414408445358276367e-01 4.933005571365356445e-01 -2.679450437426567078e-02
5.330581068992614746e-01 4.383516013622283936e-01 -3.613682836294174194e-02
5.296630263328552246e-01 4.830032587051391602e-01 -5.414597690105438232e-02
5.227389335632324219e-01 4.906364679336547852e-01 -5.028211325407028198e-02
5.288752317428588867e-01 4.859851002693176270e-01 -4.867566376924514771e-02
5.379698276519775391e-01 4.978653788566589355e-01 -2.337803877890110016e-02
5.208421349525451660e-01 4.917962849140167236e-01 -5.343033373355865479e-02
5.188763141632080078e-01 4.955319464206695557e-01 -4.032527655363082886e-02
5.449633002281188965e-01 3.868336379528045654e-01 1.152682676911354065e-02
5.388811230659484863e-01 3.906345665454864502e-01 3.996874671429395676e-03
5.355076193809509277e-01 3.933252394199371338e-01 -4.452287685126066208e-03
5.981606841087341309e-01 3.852619826793670654e-01 2.136356756091117859e-02
6.063268780708312988e-01 3.762010931968688965e-01 2.222353592514991760e-02
4.542503058910369873e-01 3.711860179901123047e-01 5.519599188119173050e-03
4.657901227474212646e-01 3.722387254238128662e-01 5.519599188119173050e-03
4.553304016590118408e-01 3.570955395698547363e-01 5.519599188119173050e-03
4.425523281097412109e-01 3.700772225856781006e-01 5.519599188119173050e-03
4.531131386756896973e-01 3.850272893905639648e-01 5.519599188119173050e-03
5.779609680175781250e-01 3.838715255260467529e-01 1.496492326259613037e-02
5.895287394523620605e-01 3.850917816162109375e-01 1.496492326259613037e-02
5.788003206253051758e-01 3.696274459362030029e-01 1.496492326259613037e-02
5.663414001464843750e-01 3.825960457324981689e-01 1.496492326259613037e-02
5.771554708480834961e-01 3.981728553771972656e-01 1.496492326259613037e-02
