5.062489509582519531e-01 5.293897986412048340e-01 -3.583947941660881042e-02
5.090457797050476074e-01 4.696178734302520752e-01 -5.935950577259063721e-02
5.064604878425598145e-01 4.886316061019897461e-01 -3.290584683418273926e-02
5.038686990737915039e-01 4.146194756031036377e-01 -4.216219857335090637e-02
5.106931924819946289e-01 4.524102509021759033e-01 -6.230760738253593445e-02
5.123196244239807129e-01 4.308611154556274414e-01 -5.669300258159637451e-02
5.159147977828979492e-01 3.794564008712768555e-01 -2.317262440919876099e-02
4.349621534347534180e-01 3.647147417068481445e-01 1.556563191115856171e-02
5.192649960517883301e-01 3.346634507179260254e-01 -1.287054736167192459e-02
5.211779475212097168e-01 3.120403289794921875e-01 -1.335584837943315506e-02
5.267444252967834473e-01 2.411439567804336548e-01 3.530758200213313103e-03
5.060804486274719238e-01 5.349392294883728027e-01 -3.485034778714179993e-02
5.055592060089111328e-01 5.405900478363037109e-01 -3.148474544286727905e-02
5.050171017646789551e-01 5.445270538330078125e-01 -2.662711776793003082e-02
5.046237707138061523e-01 5.547536611557006836e-01 -2.424094639718532562e-02
5.043628811836242676e-01 5.634785890579223633e-01 -2.611607126891613007e-02
5.036624670028686523e-01 5.741334557533264160e-01 -2.861292101442813873e-02
5.027728080749511719e-01 5.843120217323303223e-01 -2.712327428162097931e-02
4.952478408813476562e-01 6.011320352554321289e-01 -1.721117645502090454e-02
5.079210996627807617e-01 4.789963662624359131e-01 -5.412865057587623596e-02
4.978706240653991699e-01 4.782587587833404541e-01 -3.974053263664245605e-02
3.959139287471771240e-01 3.011277019977569580e-01 7.071903347969055176e-02
4.637454152107238770e-01 3.840638101100921631e-01 4.636981524527072906e-03
4.522193968296051025e-01 3.846160769462585449e-01 4.978818818926811218e-03
4.417502582073211670e-01 3.820432424545288086e-01 7.724631112068891525e-03
4.293689131736755371e-01 3.701576590538024902e-01 1.657895185053348541e-02
4.743587076663970947e-01 3.798595070838928223e-01 6.796697154641151428e-03
4.544332027435302734e-01 3.276030123233795166e-01 2.486290177330374718e-03
4.669274687767028809e-01 3.315784335136413574e-01 3.280041506513953209e-03
4.421743154525756836e-01 3.293781280517578125e-01 5.436445120722055435e-03
4.334973692893981934e-01 3.361589908599853516e-01 9.280390106141567230e-03
4.179871082305908203e-01 3.801670670509338379e-01 2.119337394833564758e-02
4.511463046073913574e-01 6.170651316642761230e-01 -7.627648767083883286e-03
4.316806793212890625e-01 3.589701652526855469e-01 1.922461390495300293e-02
3.833696544170379639e-01 3.714693784713745117e-01 6.974586099386215210e-02
4.060971736907958984e-01 3.653931021690368652e-01 3.272957727313041687e-02
4.529134631156921387e-01 4.526756405830383301e-01 -1.041777059435844421e-02
4.932669997215270996e-01 5.240885019302368164e-01 -3.479553386569023132e-02
4.941291809082031250e-01 5.383132696151733398e-01 -3.046077303588390350e-02
4.800111651420593262e-01 5.284739136695861816e-01 -2.927794679999351501e-02
4.713508784770965576e-01 5.340167880058288574e-01 -2.195631898939609528e-02
4.841246306896209717e-01 5.382655262947082520e-01 -2.671013213694095612e-02
4.763773679733276367e-01 5.398833155632019043e-01 -1.981594040989875793e-02
4.479391872882843018e-01 5.621562600135803223e-01 -6.643271539360284805e-03
5.000116229057312012e-01 4.680276513099670410e-01 -5.868374928832054138e-02
4.999744296073913574e-01 4.513746500015258789e-01 -6.133643165230751038e-02
4.192818999290466309e-01 3.164900541305541992e-01 1.393634825944900513e-02
4.788689017295837402e-01 4.136337637901306152e-01 -8.251070976257324219e-03
4.753583371639251709e-01 4.637087881565093994e-01 -3.275511786341667175e-02
4.747923314571380615e-01 4.552018046379089355e-01 -2.918041869997978210e-02
4.188783466815948486e-01 4.472356438636779785e-01 2.056891098618507385e-03
5.020501017570495605e-01 4.314311444759368896e-01 -5.381471663713455200e-02
4.484918117523193359e-01 2.977365851402282715e-01 -2.526039956137537956e-03
4.320653975009918213e-01 3.032451272010803223e-01 5.144158378243446350e-03
4.114060997962951660e-01 2.726800441741943359e-01 5.158150941133499146e-02
4.962676167488098145e-01 3.215850591659545898e-01 -1.052447967231273651e-02
4.772090315818786621e-01 3.413881063461303711e-01 6.574570201337337494e-03
4.418877959251403809e-01 5.441900491714477539e-01 -4.096883814781904221e-03
3.825323283672332764e-01 5.326950550079345703e-01 8.825355023145675659e-02
4.828793108463287354e-01 4.741974472999572754e-01 -2.864134311676025391e-02
4.906597435474395752e-01 4.800667166709899902e-01 -2.955282665789127350e-02
4.614399075508117676e-01 5.448982715606689453e-01 -5.203706678003072739e-03
4.644687771797180176e-01 5.447933673858642578e-01 -8.090818300843238831e-03
4.268988370895385742e-01 2.919276952743530273e-01 1.094456668943166733e-02
4.741565287113189697e-01 4.720674455165863037e-01 -2.715106494724750519e-02
4.693099260330200195e-01 3.022349476814270020e-01 -7.843529805541038513e-03
4.690952599048614502e-01 2.886915802955627441e-01 -9.158212691545486450e-03
4.616580903530120850e-01 2.399141043424606323e-01 1.368920225650072098e-02
4.188745915889739990e-01 2.868799567222595215e-01 2.858983539044857025e-02
4.658956229686737061e-01 2.681603133678436279e-01 1.989841461181640625e-03
4.128782451152801514e-01 3.094333410263061523e-01 2.381023950874805450e-02
4.041278660297393799e-01 3.099676370620727539e-01 4.609774798154830933e-02
4.935000240802764893e-01 5.319095849990844727e-01 -3.394628316164016724e-02
4.820969104766845703e-01 5.338696837425231934e-01 -2.858897484838962555e-02
4.738291800022125244e-01 5.371751189231872559e-01 -2.184484153985977173e-02
4.850464761257171631e-01 4.779026210308074951e-01 -2.621910162270069122e-02
4.630076885223388672e-01 5.449137687683105469e-01 -6.699140649288892746e-03
4.674224853515625000e-01 5.491904020309448242e-01 -1.291646249592304230e-02
4.659807682037353516e-01 5.446878075599670410e-01 -8.283195085823535919e-03
4.884248971939086914e-01 4.675505459308624268e-01 -4.328320920467376709e-02
4.782111346721649170e-01 5.416411161422729492e-01 -1.809883303940296173e-02
4.856315851211547852e-01 5.409882664680480957e-01 -2.255827188491821289e-02
4.946660697460174561e-01 5.420836210250854492e-01 -2.594955079257488251e-02
4.803854525089263916e-01 5.979160070419311523e-01 -1.742325536906719208e-02
4.884047508239746094e-01 5.794460773468017578e-01 -2.702752500772476196e-02
4.902111291885375977e-01 5.697489976882934570e-01 -2.808446809649467468e-02
4.922327697277069092e-01 5.593497157096862793e-01 -2.535169944167137146e-02
4.941771030426025391e-01 5.516554713249206543e-01 -2.350586839020252228e-02
4.781770110130310059e-01 5.467560291290283203e-01 -1.619871892035007477e-02
4.753528833389282227e-01 5.501429438591003418e-01 -1.806953176856040955e-02
4.721355438232421875e-01 5.545579195022583008e-01 -2.011518552899360657e-02
4.692738950252532959e-01 5.593977570533752441e-01 -1.856124773621559143e-02
4.575036764144897461e-01 5.149914026260375977e-01 -1.785635203123092651e-02
3.747723698616027832e-01 4.462260007858276367e-01 1.090936139225959778e-01
5.071914196014404297e-01 4.834670424461364746e-01 -4.016905650496482849e-02
4.727325439453125000e-01 5.456710457801818848e-01 -1.143439300358295441e-02
4.701803624629974365e-01 5.473042130470275879e-01 -1.275126356631517410e-02
4.929700493812561035e-01 4.869611263275146484e-01 -3.064266778528690338e-02
4.767463803291320801e-01 4.829030334949493408e-01 -1.960017532110214233e-02
4.918932914733886719e-01 4.835670590400695801e-01 -3.024901077151298523e-02
4.660167396068572998e-01 4.221267402172088623e-01 -5.794428288936614990e-03
4.465942084789276123e-01 4.307491779327392578e-01 -3.849470289424061775e-03
4.722062349319458008e-01 4.631364047527313232e-01 -2.347134239971637726e-02
4.323598444461822510e-01 2.514272928237915039e-01 3.101993165910243988e-02
4.385138750076293945e-01 2.720772624015808105e-01 1.424120645970106125e-02
4.459155797958374023e-01 2.847924828529357910e-01 1.642461138544604182e-04
4.556213915348052979e-01 5.754458308219909668e-01 -1.169587019830942154e-02
4.956054985523223877e-01 2.985957562923431396e-01 -1.339043769985437393e-02
4.934046268463134766e-01 2.716450691223144531e-01 -4.599109292030334473e-03
4.919733107089996338e-01 2.373825609683990479e-01 4.299603402614593506e-03
4.334346055984497070e-01 3.774163126945495605e-01 1.224682386964559555e-02
4.039743244647979736e-01 3.910033404827117920e-01 2.616393566131591797e-02
4.817576706409454346e-01 3.753832280635833740e-01 8.883022703230381012e-03
4.211773872375488281e-01 3.430711627006530762e-01 1.825189590454101562e-02
4.878220558166503906e-01 4.031996726989746094e-01 -1.117036025971174240e-02
4.822899103164672852e-01 4.566229879856109619e-01 -4.285575076937675476e-02
3.916784226894378662e-01 4.030914306640625000e-01 3.687378764152526855e-02
4.108866453170776367e-01 4.038550853729248047e-01 1.547235995531082153e-02
4.252713620662689209e-01 4.117593765258789062e-01 5.456778220832347870e-03
4.472880363464355469e-01 4.112846851348876953e-01 1.789671485312283039e-03
4.638425409793853760e-01 4.058338105678558350e-01 3.915282140951603651e-04
4.770139157772064209e-01 3.987542390823364258e-01 -1.335127628408372402e-03
5.049006342887878418e-01 3.820849359035491943e-01 -1.973111741244792938e-02
3.913739919662475586e-01 4.387754201889038086e-01 3.146917000412940979e-02
4.120208024978637695e-01 3.393439352512359619e-01 2.365899831056594849e-02
5.025943517684936523e-01 4.776409566402435303e-01 -5.372386053204536438e-02
4.789535105228424072e-01 4.299712777137756348e-01 -1.409760769456624985e-02
3.781852424144744873e-01 3.711033463478088379e-01 1.058767810463905334e-01
4.874601364135742188e-01 3.901976048946380615e-01 -1.804892788641154766e-03
4.706526398658752441e-01 4.647096097469329834e-01 -1.283062342554330826e-02
4.264524877071380615e-01 3.584637045860290527e-01 2.100979723036289215e-02
4.822979867458343506e-01 4.464862644672393799e-01 -3.827199339866638184e-02
3.767567574977874756e-01 4.879514575004577637e-01 1.016495749354362488e-01
4.830428659915924072e-01 3.693263828754425049e-01 1.205464173108339310e-02
4.919926524162292480e-01 4.367364048957824707e-01 -4.804386198520660400e-02
4.055981040000915527e-01 5.749067664146423340e-01 3.035987727344036102e-02
4.027937948703765869e-01 5.951994061470031738e-01 4.854131117463111877e-02
3.781817555427551270e-01 4.427404403686523438e-01 7.032462209463119507e-02
3.937583565711975098e-01 5.506147742271423340e-01 4.401490837335586548e-02
3.933588266372680664e-01 3.384397029876708984e-01 6.128647923469543457e-02
4.465715885162353516e-01 6.338385343551635742e-01 -2.568434458225965500e-03
5.031285285949707031e-01 4.823041260242462158e-01 -3.955987840890884399e-02
4.677557349205017090e-01 4.415757656097412109e-01 -1.119462121278047562e-02
3.950876295566558838e-01 3.683295547962188721e-01 4.330715537071228027e-02
4.443365931510925293e-01 3.726009428501129150e-01 9.196507744491100311e-03
4.534002244472503662e-01 3.754697144031524658e-01 6.872599013149738312e-03
4.646763205528259277e-01 5.512958168983459473e-01 -1.138422917574644089e-02
3.916219174861907959e-01 4.732305109500885010e-01 3.275308385491371155e-02
4.650691151618957520e-01 6.604377627372741699e-01 9.339378448203206062e-04
4.316514730453491211e-01 6.343271732330322266e-01 2.125512808561325073e-02
4.179259836673736572e-01 6.183286309242248535e-01 3.308142349123954773e-02
5.240964293479919434e-01 2.770498692989349365e-01 -5.642951466143131256e-03
4.895404577255249023e-01 6.668661236763000488e-01 -1.125797862187027931e-03
4.630919694900512695e-01 3.751219511032104492e-01 6.999699398875236511e-03
4.727786183357238770e-01 3.726179003715515137e-01 9.074343368411064148e-03
4.794109761714935303e-01 3.710207939147949219e-01 1.175115816295146942e-02
4.034965038299560547e-01 3.360375761985778809e-01 3.488521650433540344e-02
4.736148416996002197e-01 3.564559221267700195e-01 8.014490827918052673e-03
4.639948606491088867e-01 3.507906496524810791e-01 6.025370210409164429e-03
4.544483423233032227e-01 3.488726317882537842e-01 6.099305115640163422e-03
4.447648525238037109e-01 3.502798378467559814e-01 8.211922831833362579e-03
4.384496510028839111e-01 3.535424172878265381e-01 1.122681144624948502e-02
3.852970004081726074e-01 3.323125839233398438e-01 9.099471569061279297e-02
4.386507272720336914e-01 3.686540424823760986e-01 1.255572773516178131e-02
5.049313902854919434e-01 5.028207302093505859e-01 -3.120319545269012451e-02
4.690800309181213379e-01 5.063516497611999512e-01 -2.248020842671394348e-02
4.832030236721038818e-01 4.707884490489959717e-01 -3.234705701470375061e-02
4.901291131973266602e-01 5.021659135818481445e-01 -3.095692768692970276e-02
5.174012780189514160e-01 3.581100106239318848e-01 -1.382319536060094833e-02
4.184312820434570312e-01 5.979927778244018555e-01 1.992056146264076233e-02
4.317436516284942627e-01 6.159155368804931641e-01 9.280917234718799591e-03
4.660427868366241455e-01 6.481175422668457031e-01 -1.255962252616882324e-02
3.917147219181060791e-01 5.689135789871215820e-01 6.890417635440826416e-02
4.803082048892974854e-01 3.641182184219360352e-01 1.046667806804180145e-02
4.956046938896179199e-01 4.073351919651031494e-01 -2.579404413700103760e-02
4.903957545757293701e-01 6.543375849723815918e-01 -1.439427025616168976e-02
4.467777013778686523e-01 6.488484740257263184e-01 8.884940296411514282e-03
3.796269297599792480e-01 4.810132086277008057e-01 6.624656915664672852e-02
4.853131771087646484e-01 5.487236380577087402e-01 -2.030223049223423004e-02
4.824502170085906982e-01 5.543483495712280273e-01 -2.231143601238727570e-02
4.795634746551513672e-01 5.618259310722351074e-01 -2.461881749331951141e-02
4.771208465099334717e-01 5.701828002929687500e-01 -2.354604750871658325e-02
4.661275744438171387e-01 5.880534648895263672e-01 -1.618072949349880219e-02
4.703052341938018799e-01 5.422208309173583984e-01 -1.350048650056123734e-02
4.676680564880371094e-01 5.409497022628784180e-01 -1.359352841973304749e-02
4.653673171997070312e-01 5.392657518386840820e-01 -1.357461046427488327e-02
4.481542110443115234e-01 5.280023813247680664e-01 -1.117543224245309830e-02
4.075115323066711426e-01 4.831845760345458984e-01 1.113996561616659164e-02
4.965901672840118408e-01 3.913318216800689697e-01 -1.457621622830629349e-02
4.926117956638336182e-01 3.558262586593627930e-01 5.571126472204923630e-03
4.854851961135864258e-01 3.575510978698730469e-01 9.147483855485916138e-03
4.725033938884735107e-01 5.430987477302551270e-01 -1.261093746870756149e-02
4.025086462497711182e-01 5.252856612205505371e-01 2.515476197004318237e-02
5.031576156616210938e-01 3.556020855903625488e-01 -7.632877677679061890e-03
4.583419561386108398e-01 6.017906665802001953e-01 -1.103983353823423386e-02
5.135469436645507812e-01 4.133141934871673584e-01 -4.521802067756652832e-02
5.041852593421936035e-01 3.992143869400024414e-01 -3.185053542256355286e-02
5.146580338478088379e-01 3.970471918582916260e-01 -3.376137837767601013e-02
4.859330058097839355e-01 4.329448938369750977e-01 -2.770013548433780670e-02
4.919975697994232178e-01 6.370960474014282227e-01 -1.897182688117027283e-02
4.937515556812286377e-01 6.176066398620605469e-01 -1.763492822647094727e-02
4.752742946147918701e-01 6.134657263755798340e-01 -1.623939909040927887e-02
4.360210597515106201e-01 5.670810937881469727e-01 -7.365861092694103718e-04
4.596279859542846680e-01 4.768645167350769043e-01 -1.114241313189268112e-02
4.454081654548645020e-01 5.865724682807922363e-01 -5.725810769945383072e-03
4.338575601577758789e-01 4.703637957572937012e-01 -7.902072742581367493e-03
4.477930068969726562e-01 4.920183420181274414e-01 -1.088083907961845398e-02
4.224888980388641357e-01 4.971321225166320801e-01 -1.158738625235855579e-03
4.696628749370574951e-01 6.315652132034301758e-01 -1.681468449532985687e-02
4.784817695617675781e-01 4.428057670593261719e-01 -2.088085003197193146e-02
4.246613979339599609e-01 5.788864493370056152e-01 8.572749793529510498e-03
4.373112320899963379e-01 5.989306569099426270e-01 1.655771746300160885e-03
4.299668073654174805e-01 5.443312525749206543e-01 6.266217678785324097e-04
3.928210735321044922e-01 5.030642747879028320e-01 3.509582951664924622e-02
4.150427877902984619e-01 5.456665754318237305e-01 1.074030809104442596e-02
3.838995099067687988e-01 5.170423984527587891e-01 5.941720306873321533e-02
4.376035034656524658e-01 5.133606195449829102e-01 -7.011640351265668869e-03
4.875175356864929199e-01 4.183879792690277100e-01 -1.948510669171810150e-02
4.853522181510925293e-01 4.642406105995178223e-01 -4.532610997557640076e-02
4.785673320293426514e-01 4.692664146423339844e-01 -3.402300179004669189e-02
4.905708432197570801e-01 4.528644382953643799e-01 -5.235880985856056213e-02
4.852763116359710693e-01 3.361435234546661377e-01 2.513571409508585930e-03
4.680403172969818115e-01 3.207987844944000244e-01 5.237206351011991501e-04
4.522864222526550293e-01 3.164728879928588867e-01 6.049927906133234501e-04
4.383789002895355225e-01 3.193801045417785645e-01 4.207809921354055405e-03
4.278253316879272461e-01 3.276682794094085693e-01 1.015909109264612198e-02
4.174608290195465088e-01 3.617164492607116699e-01 2.517996355891227722e-02
3.788872957229614258e-01 4.063399434089660645e-01 7.032568752765655518e-02
4.233995079994201660e-01 3.882502019405364990e-01 1.519109308719635010e-02
4.342523217201232910e-01 3.947095274925231934e-01 8.892224170267581940e-03
4.492008388042449951e-01 3.965777456760406494e-01 4.933881107717752457e-03
4.640007913112640381e-01 3.940972983837127686e-01 3.438298823311924934e-03
4.761874973773956299e-01 3.889622092247009277e-01 4.341037478297948837e-03
4.848917126655578613e-01 3.838050663471221924e-01 4.285895265638828278e-03
3.756150007247924805e-01 4.082199931144714355e-01 1.112160310149192810e-01
4.782190024852752686e-01 4.746064543724060059e-01 -2.879291772842407227e-02
4.946286082267761230e-01 4.217194616794586182e-01 -3.546613082289695740e-02
4.926096200942993164e-01 4.651643633842468262e-01 -5.359194427728652954e-02
4.974842369556427002e-01 4.747267961502075195e-01 -4.937068372964859009e-02
4.924651086330413818e-01 4.684732854366302490e-01 -4.840814322233200073e-02
4.805930852890014648e-01 4.803970754146575928e-01 -2.520349808037281036e-02
4.993541240692138672e-01 4.762735664844512939e-01 -5.227611958980560303e-02
4.999110698699951172e-01 4.809410870075225830e-01 -3.961567208170890808e-02
4.868981838226318359e-01 3.697978556156158447e-01 1.064845174551010132e-02
4.922934174537658691e-01 3.746084868907928467e-01 4.155604168772697449e-03
4.959185719490051270e-01 3.773452043533325195e-01 -3.373899264261126518e-03
4.347523450851440430e-01 3.563027977943420410e-01 1.465503592044115067e-02
4.275846481323242188e-01 3.452152609825134277e-01 1.501934602856636047e-02
5.225595235824584961e-01 4.173523187637329102e-01 -4.110925644636154175e-02
5.953404903411865234e-01 3.848512172698974609e-01 2.256850712001323700e-02
5.169485211372375488e-01 4.812291562557220459e-01 -3.896452486515045166e-02
6.345642805099487305e-01 3.356775641441345215e-01 8.141562342643737793e-02
5.619984269142150879e-01 3.956015706062316895e-01 9.250725619494915009e-03
5.730330348014831543e-01 3.989236056804656982e-01 1.053348183631896973e-02
5.836234092712402344e-01 4.001185595989227295e-01 1.406949758529663086e-02
5.986500382423400879e-01 3.917148709297180176e-01 2.394685149192810059e-02
5.528435707092285156e-01 3.901018202304840088e-01 1.046174671500921249e-02
5.836824178695678711e-01 3.432413041591644287e-01 8.254462853074073792e-03
5.699900984764099121e-01 3.444022834300994873e-01 7.840855978429317474e-03
5.956619977951049805e-01 3.479778170585632324e-01 1.204532571136951447e-02
6.026329994201660156e-01 3.572188913822174072e-01 1.639021188020706177e-02
6.054889559745788574e-01 4.051450490951538086e-01 2.914305776357650757e-02
5.352832674980163574e-01 6.282722949981689453e-01 -4.432865884155035019e-03
5.998369455337524414e-01 3.795155286788940430e-01 2.650752663612365723e-02
6.370719075202941895e-01 4.074902236461639404e-01 7.999853044748306274e-02
6.179717183113098145e-01 3.934860825538635254e-01 4.152608290314674377e-02
5.627584457397460938e-01 4.691822528839111328e-01 -5.487870424985885620e-03
5.189894437789916992e-01 5.277743935585021973e-01 -3.353012725710868835e-02
5.160676836967468262e-01 5.416710972785949707e-01 -2.927549742162227631e-02
5.304138064384460449e-01 5.353507399559020996e-01 -2.668483182787895203e-02
5.371459722518920898e-01 5.432355999946594238e-01 -1.843632571399211884e-02
5.249077677726745605e-01 5.441449284553527832e-01 -2.445567958056926727e-02
5.313856601715087891e-01 5.477553009986877441e-01 -1.679511182010173798e-02
5.473011732101440430e-01 5.768921375274658203e-01 -2.290042117238044739e-03
5.179151296615600586e-01 4.707256555557250977e-01 -5.801114812493324280e-02
5.210762619972229004e-01 4.544935226440429688e-01 -6.056661158800125122e-02
6.172486543655395508e-01 3.432570397853851318e-01 2.225474640727043152e-02
5.443032979965209961e-01 4.232909679412841797e-01 -5.012816749513149261e-03
5.412138700485229492e-01 4.737475216388702393e-01 -2.980079688131809235e-02
5.429854989051818848e-01 4.654178917407989502e-01 -2.614630199968814850e-02
5.955847501754760742e-01 4.734982550144195557e-01 9.843929670751094818e-03
5.220408439636230469e-01 4.343346357345581055e-01 -5.279366299510002136e-02
5.951980352401733398e-01 3.192270696163177490e-01 3.601864678785204887e-03
6.091173887252807617e-01 3.275942206382751465e-01 1.259180065244436264e-02
6.264683008193969727e-01 3.040564656257629395e-01 6.109877303242683411e-02
5.445936322212219238e-01 3.313696384429931641e-01 -8.306416682898998260e-03
5.576608180999755859e-01 3.521493673324584961e-01 1.030538976192474365e-02
5.565792322158813477e-01 5.616595745086669922e-01 1.302615506574511528e-03
6.130908131599426270e-01 5.658917427062988281e-01 9.869458526372909546e-02
5.315732955932617188e-01 4.818251430988311768e-01 -2.663920447230339050e-02
5.230230689048767090e-01 4.851085543632507324e-01 -2.850870974361896515e-02
5.439331531524658203e-01 5.574873089790344238e-01 -5.781592917628586292e-04
5.411068797111511230e-01 5.563824176788330078e-01 -3.975057508796453476e-03
6.149403452873229980e-01 3.181202411651611328e-01 1.866630651056766510e-02
5.404358506202697754e-01 4.821659922599792480e-01 -2.425117976963520050e-02
5.747761726379394531e-01 3.192543089389801025e-01 -3.647544886916875839e-03
5.777457356452941895e-01 3.063745498657226562e-01 -4.917771089822053909e-03
5.878538489341735840e-01 2.587089836597442627e-01 1.932686753571033478e-02
6.192076206207275391e-01 3.152213692665100098e-01 3.681895881891250610e-02
5.803598165512084961e-01 2.846988439559936523e-01 6.677166558802127838e-03
6.232450008392333984e-01 3.380238711833953857e-01 3.247865289449691772e-02
6.279053092002868652e-01 3.415422439575195312e-01 5.532411113381385803e-02
5.178651809692382812e-01 5.355353951454162598e-01 -3.265737742185592651e-02
5.276919603347778320e-01 5.403232574462890625e-01 -2.616423927247524261e-02
5.344321131706237793e-01 5.457336306571960449e-01 -1.862931996583938599e-02
5.286171436309814453e-01 4.847057163715362549e-01 -2.444998919963836670e-02
5.424684882164001465e-01 5.570133328437805176e-01 -2.414702204987406731e-03
5.387678146362304688e-01 5.610642433166503906e-01 -9.298910386860370636e-03
5.396348237991333008e-01 5.557331442832946777e-01 -4.292708355933427811e-03
5.281077027320861816e-01 4.738039374351501465e-01 -4.125332087278366089e-02
5.289854407310485840e-01 5.488302111625671387e-01 -1.523546688258647919e-02
5.226457715034484863e-01 5.464169979095458984e-01 -2.041812986135482788e-02
5.145636200904846191e-01 5.451723933219909668e-01 -2.472371049225330353e-02
5.103500485420227051e-01 6.022217869758605957e-01 -1.627751439809799194e-02
5.163910984992980957e-01 5.850290656089782715e-01 -2.580776810646057129e-02
5.163438320159912109e-01 5.746715664863586426e-01 -2.681105211377143860e-02
5.155860185623168945e-01 5.636710524559020996e-01 -2.408921532332897186e-02
5.142451524734497070e-01 5.553519129753112793e-01 -2.229132875800132751e-02
5.285794138908386230e-01 5.551531910896301270e-01 -1.332482229918241501e-02
5.313553810119628906e-01 5.599614381790161133e-01 -1.521176937967538834e-02
5.342270731925964355e-01 5.659047365188598633e-01 -1.709722913801670074e-02
5.365054011344909668e-01 5.720695853233337402e-01 -1.538437325507402420e-02
5.475615859031677246e-01 5.288096666336059570e-01 -1.382283680140972137e-02
6.312454342842102051e-01 4.834351539611816406e-01 1.204652190208435059e-01
5.333023667335510254e-01 5.552368760108947754e-01 -7.902882993221282959e-03
5.360799431800842285e-01 5.580826401710510254e-01 -9.269868023693561554e-03
5.197101831436157227e-01 4.910341203212738037e-01 -2.955741621553897858e-02
5.355794429779052734e-01 4.919099807739257812e-01 -1.725241169333457947e-02
5.212897658348083496e-01 4.881615936756134033e-01 -2.921798452734947205e-02
5.548774600028991699e-01 4.352858066558837891e-01 -1.496022217907011509e-03
5.720198750495910645e-01 4.494191706180572510e-01 1.794580020941793919e-03
5.438145399093627930e-01 4.739381372928619385e-01 -2.030569501221179962e-02
6.121892333030700684e-01 2.778596878051757812e-01 3.885958716273307800e-02
6.045005321502685547e-01 2.956820130348205566e-01 2.096303366124629974e-02
5.997467637062072754e-01 3.072544336318969727e-01 6.455091759562492371e-03
5.378777384757995605e-01 5.872936248779296875e-01 -8.060015738010406494e-03
5.503356456756591797e-01 3.097053468227386475e-01 -1.115483324974775314e-02
5.541870594024658203e-01 2.805907726287841797e-01 -2.096705604344606400e-03
5.603194832801818848e-01 2.477704882621765137e-01 7.238707505166530609e-03
5.929203629493713379e-01 3.981471359729766846e-01 1.920007169246673584e-02
6.155247092247009277e-01 4.196218550205230713e-01 3.486048057675361633e-02
5.467994213104248047e-01 3.849016726016998291e-01 1.212268788367509842e-02
6.110095381736755371e-01 3.676826655864715576e-01 2.628952637314796448e-02
5.378159284591674805e-01 4.105433821678161621e-01 -8.609710261225700378e-03
5.361594557762145996e-01 4.649094641208648682e-01 -4.043035954236984253e-02
6.266491413116455078e-01 4.370243251323699951e-01 4.658027365803718567e-02
6.075568199157714844e-01 4.310543835163116455e-01 2.382744662463665009e-02
5.931855440139770508e-01 4.354205429553985596e-01 1.273432374000549316e-02
5.722749233245849609e-01 4.288105070590972900e-01 7.484711240977048874e-03
5.573471188545227051e-01 4.188708961009979248e-01 4.804746713489294052e-03
5.463885068893432617e-01 4.091444611549377441e-01 1.978595042601227760e-03
5.258448123931884766e-01 3.851815462112426758e-01 -1.866917125880718231e-02
6.220591068267822266e-01 4.724096059799194336e-01 4.123650863766670227e-02
6.185478568077087402e-01 3.669274747371673584e-01 3.227489814162254333e-02
5.132297873497009277e-01 4.792580902576446533e-01 -5.318636447191238403e-02
5.419374108314514160e-01 4.393589794635772705e-01 -1.093545742332935333e-02
6.387454867362976074e-01 4.085346460342407227e-01 1.178232058882713318e-01
5.384327769279479980e-01 3.987139463424682617e-01 7.863873615860939026e-04
5.444828867912292480e-01 4.758099019527435303e-01 -9.504314512014389038e-03
6.040307879447937012e-01 3.806500732898712158e-01 2.870371378958225250e-02
5.375860929489135742e-01 4.548061490058898926e-01 -3.577446565032005310e-02
6.242915987968444824e-01 5.237682461738586426e-01 1.125399321317672729e-01
5.472269058227539062e-01 3.786890506744384766e-01 1.540306862443685532e-02
5.303931832313537598e-01 4.424448311328887939e-01 -4.624202474951744080e-02
5.864830017089843750e-01 5.999847054481506348e-01 3.756501153111457825e-02
5.852358341217041016e-01 6.199818849563598633e-01 5.668970569968223572e-02
6.322385668754577637e-01 4.790599942207336426e-01 8.057725429534912109e-02
6.017704606056213379e-01 5.800669193267822266e-01 5.241483077406883240e-02
6.327975988388061523e-01 3.723987638950347900e-01 7.109268009662628174e-02
5.366646051406860352e-01 6.453418135643005371e-01 8.702480699867010117e-04
5.113044977188110352e-01 4.835717678070068359e-01 -3.923914209008216858e-02
5.504564642906188965e-01 4.539740681648254395e-01 -7.350312080234289169e-03
6.258936524391174316e-01 3.989136219024658203e-01 5.279675871133804321e-02
5.840346813201904297e-01 3.897178769111633301e-01 1.543969288468360901e-02
5.744947791099548340e-01 3.893421888351440430e-01 1.237864047288894653e-02
5.412162542343139648e-01 5.641896724700927734e-01 -7.582439575344324112e-03
6.165739893913269043e-01 5.061786770820617676e-01 4.231178760528564453e-02
5.143886804580688477e-01 6.664182543754577637e-01 3.063780954107642174e-03
5.510399937629699707e-01 6.491952538490295410e-01 2.649616822600364685e-02
5.671502947807312012e-01 6.376234889030456543e-01 3.973701223731040955e-02
5.650848150253295898e-01 3.866824507713317871e-01 1.165974140167236328e-02
5.561999678611755371e-01 3.829322159290313721e-01 1.303178723901510239e-02
5.501810908317565918e-01 3.807839155197143555e-01 1.529146730899810791e-02
6.252685189247131348e-01 3.655826747417449951e-01 4.408028349280357361e-02
5.590955018997192383e-01 3.676325082778930664e-01 1.210702024400234222e-02
5.696091055870056152e-01 3.629354238510131836e-01 1.087274961173534393e-02
5.798181295394897461e-01 3.625440597534179688e-01 1.171187218278646469e-02
5.894255042076110840e-01 3.662450909614562988e-01 1.453595329076051712e-02
5.948856472969055176e-01 3.716657459735870361e-01 1.804110407829284668e-02
6.384882330894470215e-01 3.686639666557312012e-01 1.024977043271064758e-01
5.906494855880737305e-01 3.878401517868041992e-01 1.924098655581474304e-02
5.386350154876708984e-01 5.169792175292968750e-01 -1.936383731663227081e-02
5.320661664009094238e-01 4.785284101963043213e-01 -3.024845011532306671e-02
5.195250511169433594e-01 5.067269802093505859e-01 -2.967723831534385681e-02
5.700346827507019043e-01 6.183856725692749023e-01 2.576513774693012238e-02
5.540990233421325684e-01 6.318827867507934570e-01 1.383419241756200790e-02
5.154417753219604492e-01 6.544790267944335938e-01 -1.071568485349416733e-02
5.996000766754150391e-01 5.981395840644836426e-01 7.827986031770706177e-02
5.510696768760681152e-01 3.743184208869934082e-01 1.411618571728467941e-02
5.307250022888183594e-01 4.125252962112426758e-01 -2.404967322945594788e-02
5.340342521667480469e-01 6.593460440635681152e-01 1.272272411733865738e-02
6.254241466522216797e-01 5.162891745567321777e-01 7.623442262411117554e-02
5.222669839859008789e-01 5.552166104316711426e-01 -1.811231113970279694e-02
5.247482657432556152e-01 5.621928572654724121e-01 -2.005553245544433594e-02
5.268425345420837402e-01 5.710006952285766602e-01 -2.225633524358272552e-02
5.281256437301635742e-01 5.805767774581909180e-01 -2.110616862773895264e-02
5.256986618041992188e-01 5.964068174362182617e-01 -1.350609399378299713e-02
5.363670587539672852e-01 5.517554879188537598e-01 -9.949914179742336273e-03
5.391223430633544922e-01 5.513771176338195801e-01 -9.662223048508167267e-03
5.416540503501892090e-01 5.503225326538085938e-01 -9.430093690752983093e-03
5.537413358688354492e-01 5.442330241203308105e-01 -6.150788161903619766e-03
6.004059314727783203e-01 5.118035078048706055e-01 1.937262527644634247e-02
5.317564010620117188e-01 3.965637087821960449e-01 -1.283568423241376877e-02
5.403151512145996094e-01 3.635522723197937012e-01 7.785607129335403442e-03
5.466890931129455566e-01 3.665826618671417236e-01 1.237749215215444565e-02
5.338622927665710449e-01 5.518031716346740723e-01 -9.035012684762477875e-03
5.979617238044738770e-01 5.537804365158081055e-01 3.332652151584625244e-02
5.305268168449401855e-01 3.612107038497924805e-01 -6.169641856104135513e-03
5.310004353523254395e-01 6.116644740104675293e-01 -8.169761858880519867e-03
5.243270397186279297e-01 4.021284282207489014e-01 -3.092665039002895355e-02
5.356217026710510254e-01 4.404599070549011230e-01 -2.539953030645847321e-02
5.126870870590209961e-01 6.185326576232910156e-01 -1.493818592280149460e-02
5.583067536354064941e-01 5.846292972564697266e-01 4.349377937614917755e-03
5.524107813835144043e-01 4.907630681991577148e-01 -7.107943296432495117e-03
5.459203124046325684e-01 6.005291342735290527e-01 -1.755871810019016266e-03
5.778391361236572266e-01 4.920127093791961670e-01 -1.635408727452158928e-03
5.608674883842468262e-01 5.091024637222290039e-01 -5.884323269128799438e-03
5.838765501976013184e-01 5.212666988372802734e-01 5.877128336578607559e-03
5.149644017219543457e-01 6.376682519912719727e-01 -1.513935718685388565e-02
5.407227873802185059e-01 4.520911574363708496e-01 -1.802603155374526978e-02
5.673553347587585449e-01 5.987012386322021484e-01 1.422096416354179382e-02
5.517552495002746582e-01 6.144273281097412109e-01 5.985237658023834229e-03
5.683223009109497070e-01 5.648322105407714844e-01 6.781753618270158768e-03
6.106790304183959961e-01 5.348744392395019531e-01 4.422514513134956360e-02
5.825380086898803711e-01 5.698543787002563477e-01 1.771344989538192749e-02
6.161829233169555664e-01 5.503588914871215820e-01 6.904487311840057373e-02
5.666263103485107422e-01 5.329251885414123535e-01 -1.247525913640856743e-03
5.360814332962036133e-01 4.256749749183654785e-01 -1.696682162582874298e-02
5.318257808685302734e-01 4.714801013469696045e-01 -4.313794150948524475e-02
5.370209217071533203e-01 4.783539474010467529e-01 -3.153507038950920105e-02
5.293393731117248535e-01 4.587672650814056396e-01 -5.079112574458122253e-02
5.514569282531738281e-01 3.464193642139434814e-01 5.531509406864643097e-03
5.716235637664794922e-01 3.352466821670532227e-01 4.898616578429937363e-03
5.883930921554565430e-01 3.345723748207092285e-01 6.384225096553564072e-03
6.011084914207458496e-01 3.405781984329223633e-01 1.113024167716503143e-02
6.088355779647827148e-01 3.512668013572692871e-01 1.785600744187831879e-02
6.098012924194335938e-01 3.868184387683868408e-01 3.330884501338005066e-02
6.363718509674072266e-01 4.430325329303741455e-01 8.090077340602874756e-02
5.993393659591674805e-01 4.118673205375671387e-01 2.277787216007709503e-02
5.876017212867736816e-01 4.154982864856719971e-01 1.558719947934150696e-02
5.729911327362060547e-01 4.126499295234680176e-01 1.053619571030139923e-02
5.593736767768859863e-01 4.062070846557617188e-01 7.948840036988258362e-03
5.489783883094787598e-01 3.989994525909423828e-01 7.775173988193273544e-03
5.418511033058166504e-01 3.923556506633758545e-01 7.082109339535236359e-03
6.354392766952514648e-01 4.457490146160125732e-01 1.230957433581352234e-01
5.360363125801086426e-01 4.834910035133361816e-01 -2.633341960608959198e-02
5.297808051109313965e-01 4.269365370273590088e-01 -3.366425260901451111e-02
5.250987410545349121e-01 4.701247513294219971e-01 -5.219624191522598267e-02
5.182865262031555176e-01 4.779857993125915527e-01 -4.855363443493843079e-02
5.242398381233215332e-01 4.735159873962402344e-01 -4.697018116712570190e-02
5.324983000755310059e-01 4.883124828338623047e-01 -2.311583980917930603e-02
5.164581537246704102e-01 4.788927733898162842e-01 -5.160888284444808960e-02
5.145397186279296875e-01 4.831776022911071777e-01 -3.907830640673637390e-02
5.431194305419921875e-01 3.785800635814666748e-01 1.348907034844160080e-02
5.367562174797058105e-01 3.819099962711334229e-01 6.399702280759811401e-03
5.329580903053283691e-01 3.843010067939758301e-01 -1.556012197397649288e-03
5.977641940116882324e-01 3.758450746536254883e-01 2.173604257404804230e-02
6.059132814407348633e-01 3.676241636276245117e-01 2.252707816660404205e-02
4.536803364753723145e-01 3.608576357364654541e-01 1.049965806305408478e-02
4.650691747665405273e-01 3.617778718471527100e-01 1.049965806305408478e-02
4.546754360198974609e-01 3.459347188472747803e-01 1.049965806305408478e-02
4.421205520629882812e-01 3.598672449588775635e-01 1.049965806305408478e-02
4.525944292545318604e-01 3.755567371845245361e-01 1.049965806305408478e-02
5.770924091339111328e-01 3.771052062511444092e-01 1.591514796018600464e-02
5.887889266014099121e-01 3.787254095077514648e-01 1.591514796018600464e-02
5.783502459526062012e-01 3.620545268058776855e-01 1.591514796018600464e-02
5.653656721115112305e-01 3.754464685916900635e-01 1.591514796018600464e-02
5.758623480796813965e-01 3.921993076801300049e-01 1.591514796018600464e-02
