5.042338371276855469e-01 5.426917672157287598e-01 -3.374380990862846375e-02
5.124982595443725586e-01 4.881414175033569336e-01 -6.163410842418670654e-02
5.095680356025695801e-01 5.050066113471984863e-01 -3.308666497468948364e-02
5.061196088790893555e-01 4.306784570217132568e-01 -4.639440029859542847e-02
5.140759944915771484e-01 4.707774817943572998e-01 -6.528510153293609619e-02
5.153684020042419434e-01 4.482027292251586914e-01 -6.035423278808593750e-02
5.178319215774536133e-01 3.935370147228240967e-01 -2.815985120832920074e-02
4.346366524696350098e-01 3.773306310176849365e-01 9.429619647562503815e-03
5.206363797187805176e-01 3.483753502368927002e-01 -1.918568648397922516e-02
5.223655104637145996e-01 3.257543444633483887e-01 -2.076870761811733246e-02
5.268810391426086426e-01 2.526914775371551514e-01 -7.222252897918224335e-03
5.039240121841430664e-01 5.472845435142517090e-01 -3.236513957381248474e-02
5.034851431846618652e-01 5.513848066329956055e-01 -2.876430377364158630e-02
5.031951069831848145e-01 5.535650253295898438e-01 -2.363891899585723877e-02
5.016435980796813965e-01 5.800706148147583008e-01 -2.040865272283554077e-02
5.013952851295471191e-01 5.860357284545898438e-01 -2.214530296623706818e-02
5.008370280265808105e-01 5.936865806579589844e-01 -2.447302266955375671e-02
5.001751780509948730e-01 6.018537282943725586e-01 -2.258526347577571869e-02
4.985993802547454834e-01 6.166820526123046875e-01 -1.184059213846921921e-02
5.112694501876831055e-01 4.969397187232971191e-01 -5.589269101619720459e-02
4.998821914196014404e-01 4.952070713043212891e-01 -4.109146445989608765e-02
3.919597268104553223e-01 3.103050589561462402e-01 6.119712814688682556e-02
4.648254811763763428e-01 3.970927000045776367e-01 -2.639701124280691147e-04
4.528798460960388184e-01 3.978758752346038818e-01 -2.862026449292898178e-04
4.419202506542205811e-01 3.950743973255157471e-01 2.130832290276885033e-03
4.290009140968322754e-01 3.816946148872375488e-01 1.062523201107978821e-02
4.755579531192779541e-01 3.927513360977172852e-01 2.118472941219806671e-03
4.545998871326446533e-01 3.395027518272399902e-01 -4.364331252872943878e-03
4.674783349037170410e-01 3.431884050369262695e-01 -3.137032734230160713e-03
4.420602321624755859e-01 3.417679071426391602e-01 -1.574149820953607559e-03
4.332519471645355225e-01 3.487986326217651367e-01 2.357222372666001320e-03
4.172563254833221436e-01 3.910014033317565918e-01 1.556869875639677048e-02
4.528502225875854492e-01 6.301815509796142578e-01 -1.236392883583903313e-03
4.311366379261016846e-01 3.706249892711639404e-01 1.293339300900697708e-02
3.812580108642578125e-01 3.805150091648101807e-01 6.393493711948394775e-02
4.048935770988464355e-01 3.752737045288085938e-01 2.650356851518154144e-02
4.527035355567932129e-01 4.656536877155303955e-01 -1.272565592080354691e-02
4.895500242710113525e-01 5.379639267921447754e-01 -3.335610777139663696e-02
4.900342822074890137e-01 5.489947199821472168e-01 -2.812602557241916656e-02
4.749023914337158203e-01 5.412011146545410156e-01 -2.774199098348617554e-02
4.649272263050079346e-01 5.456876754760742188e-01 -1.969584263861179352e-02
4.785262048244476318e-01 5.489204525947570801e-01 -2.434987947344779968e-02
4.695329070091247559e-01 5.505195260047912598e-01 -1.686768978834152222e-02
4.471082985401153564e-01 5.739758610725402832e-01 -1.975242281332612038e-03
5.028823018074035645e-01 4.863783121109008789e-01 -6.119419634342193604e-02
5.027766227722167969e-01 4.694828987121582031e-01 -6.461443006992340088e-02
4.192919433116912842e-01 3.289096951484680176e-01 5.400507710874080658e-03
4.792985618114471436e-01 4.264770150184631348e-01 -1.183921843767166138e-02
4.753665328025817871e-01 4.789177477359771729e-01 -3.528496623039245605e-02
4.747757017612457275e-01 4.698204100131988525e-01 -3.188484907150268555e-02
4.180488884449005127e-01 4.586672782897949219e-01 -9.697209461592137814e-04
5.045953392982482910e-01 4.486058950424194336e-01 -5.772763490676879883e-02
4.492532014846801758e-01 3.107914924621582031e-01 -1.119060348719358444e-02
4.324735403060913086e-01 3.161929845809936523e-01 -3.744139568880200386e-03
4.073710441589355469e-01 2.827139496803283691e-01 4.064416140317916870e-02
4.978660941123962402e-01 3.342820107936859131e-01 -1.758066006004810333e-02
4.780168533325195312e-01 3.531431853771209717e-01 8.067879825830459595e-04
4.404712617397308350e-01 5.551828742027282715e-01 -5.561729776673018932e-04
3.820576071739196777e-01 5.389940142631530762e-01 9.146328270435333252e-02
4.830668270587921143e-01 4.896515309810638428e-01 -3.033075854182243347e-02
4.915794432163238525e-01 4.957678020000457764e-01 -3.051546216011047363e-02
4.531370997428894043e-01 5.561220645904541016e-01 -1.156551996245980263e-03
4.562700986862182617e-01 5.565554499626159668e-01 -3.904786193743348122e-03
4.272869229316711426e-01 3.041562438011169434e-01 1.476062810979783535e-03
4.737011194229125977e-01 4.865526556968688965e-01 -2.910356037318706512e-02
4.704775512218475342e-01 3.149114847183227539e-01 -1.596894487738609314e-02
4.704072177410125732e-01 3.009995818138122559e-01 -1.810123957693576813e-02
4.593631923198699951e-01 2.509760260581970215e-01 1.728642382659018040e-03
4.158294796943664551e-01 2.982874512672424316e-01 1.847337372601032257e-02
4.644064605236053467e-01 2.806274592876434326e-01 -8.535449393093585968e-03
4.126006364822387695e-01 3.201830387115478516e-01 1.486551295965909958e-02
4.011527597904205322e-01 3.205500841140747070e-01 3.690063580870628357e-02
4.894927740097045898e-01 5.441426634788513184e-01 -3.204068168997764587e-02
4.766258597373962402e-01 5.454959273338317871e-01 -2.655360475182533264e-02
4.671403169631958008e-01 5.483165383338928223e-01 -1.919884607195854187e-02
4.852536022663116455e-01 4.931660294532775879e-01 -2.757276035845279694e-02
4.547197520732879639e-01 5.563564300537109375e-01 -2.567541552707552910e-03
4.594253301620483398e-01 5.650588274002075195e-01 -8.432609960436820984e-03
4.577295780181884766e-01 5.567750334739685059e-01 -4.094803240150213242e-03
4.897435307502746582e-01 4.844868183135986328e-01 -4.585721716284751892e-02
4.715462028980255127e-01 5.517399311065673828e-01 -1.497112680226564407e-02
4.802557229995727539e-01 5.507293343544006348e-01 -1.987309381365776062e-02
4.908538758754730225e-01 5.514115691184997559e-01 -2.334690839052200317e-02
4.824279546737670898e-01 6.133913397789001465e-01 -1.235093269497156143e-02
4.848306179046630859e-01 5.975817441940307617e-01 -2.292333915829658508e-02
4.862027764320373535e-01 5.895705223083496094e-01 -2.438575774431228638e-02
4.877860546112060547e-01 5.822135210037231445e-01 -2.182703651487827301e-02
4.893572926521301270e-01 5.769902467727661133e-01 -2.010186202824115753e-02
4.709031581878662109e-01 5.682032108306884766e-01 -1.242764107882976532e-02
4.684293568134307861e-01 5.699822902679443359e-01 -1.415789313614368439e-02
4.653527736663818359e-01 5.732834339141845703e-01 -1.592852734029293060e-02
4.628088474273681641e-01 5.774289369583129883e-01 -1.409087236970663071e-02
4.569519460201263428e-01 5.280528068542480469e-01 -1.647974550724029541e-02
3.731445074081420898e-01 4.530379772186279297e-01 1.081132963299751282e-01
5.104089379310607910e-01 5.007183551788330078e-01 -4.099866375327110291e-02
4.648680090904235840e-01 5.635868906974792480e-01 -7.284711580723524094e-03
4.621816575527191162e-01 5.639764070510864258e-01 -8.435108698904514313e-03
4.944907724857330322e-01 5.027257204055786133e-01 -3.112112358212471008e-02
4.762887358665466309e-01 4.969865977764129639e-01 -2.048484794795513153e-02
4.931099414825439453e-01 4.993115961551666260e-01 -3.103551268577575684e-02
4.661653041839599609e-01 4.345595836639404297e-01 -9.162952192127704620e-03
4.464048147201538086e-01 4.429442286491394043e-01 -7.304437458515167236e-03
4.718025922775268555e-01 4.772329032421112061e-01 -2.565793320536613464e-02
4.288745522499084473e-01 2.619844675064086914e-01 1.936268247663974762e-02
4.359629750251770020e-01 2.840393185615539551e-01 3.711322788149118423e-03
4.467007815837860107e-01 2.972773015499114990e-01 -9.255262091755867004e-03
4.556632041931152344e-01 5.885891914367675781e-01 -6.649055052548646927e-03
4.975906312465667725e-01 3.106157779693603516e-01 -2.157040499150753021e-02
4.929491877555847168e-01 2.842496633529663086e-01 -1.458535529673099518e-02
4.908953607082366943e-01 2.487224042415618896e-01 -7.251824252307415009e-03
4.331892132759094238e-01 3.898699581623077393e-01 6.423361133784055710e-03
4.026252329349517822e-01 4.012895226478576660e-01 2.085819281637668610e-02
4.828550517559051514e-01 3.884758353233337402e-01 4.206726327538490295e-03
4.208302795886993408e-01 3.550655841827392578e-01 1.121409423649311066e-02
4.885255098342895508e-01 4.164351224899291992e-01 -1.510567311197519302e-02
4.832911491394042969e-01 4.730188548564910889e-01 -4.586236923933029175e-02
3.903514444828033447e-01 4.131217598915100098e-01 3.208940848708152771e-02
4.097425937652587891e-01 4.148536026477813721e-01 1.067954674363136292e-02
4.244523048400878906e-01 4.235119819641113281e-01 1.135427271947264671e-03
4.469853043556213379e-01 4.237373173236846924e-01 -2.192912390455603600e-03
4.639835953712463379e-01 4.185663163661956787e-01 -3.402498317882418633e-03
4.771912693977355957e-01 4.120085537433624268e-01 -5.214971024543046951e-03
5.063782930374145508e-01 3.960102200508117676e-01 -2.479691803455352783e-02
3.903466463088989258e-01 4.486151635646820068e-01 2.820037119090557098e-02
4.113581180572509766e-01 3.503412604331970215e-01 1.616485603153705597e-02
5.055052638053894043e-01 4.955428540706634521e-01 -5.568045377731323242e-02
4.793284237384796143e-01 4.434410333633422852e-01 -1.711395941674709320e-02
3.753960728645324707e-01 3.784765005111694336e-01 1.006926670670509338e-01
4.877444803714752197e-01 4.043152630329132080e-01 -5.942970979958772659e-03
4.700360894203186035e-01 4.780331850051879883e-01 -1.440546195954084396e-02
4.260621368885040283e-01 3.698963224887847900e-01 1.471865549683570862e-02
4.831300079822540283e-01 4.621104896068572998e-01 -4.150108620524406433e-02
3.757055997848510742e-01 4.944459199905395508e-01 1.027283743023872375e-01
4.839396178722381592e-01 3.825004100799560547e-01 7.136331405490636826e-03
4.937752783298492432e-01 4.532734155654907227e-01 -5.177815258502960205e-02
4.063189029693603516e-01 5.839452147483825684e-01 3.516037389636039734e-02
4.038199484348297119e-01 6.029563546180725098e-01 5.450245738029479980e-02
3.773500323295593262e-01 4.512072205543518066e-01 6.807816773653030396e-02
3.939789235591888428e-01 5.588903427124023438e-01 4.745341092348098755e-02
3.907461762428283691e-01 3.481310307979583740e-01 5.367437005043029785e-02
4.488385021686553955e-01 6.461806297302246094e-01 4.604565910995006561e-03
5.059114694595336914e-01 4.995285868644714355e-01 -4.050372540950775146e-02
4.676558375358581543e-01 4.545550644397735596e-01 -1.380874589085578918e-02
3.935582041740417480e-01 3.765869736671447754e-01 3.709111735224723816e-02
4.447243809700012207e-01 3.865285515785217285e-01 3.388938261196017265e-03
4.543471336364746094e-01 3.893291950225830078e-01 1.306983758695423603e-03
4.569334685802459717e-01 5.666912198066711426e-01 -6.804151460528373718e-03
3.906473517417907715e-01 4.827987551689147949e-01 3.152917325496673584e-02
4.681262671947479248e-01 6.719571948051452637e-01 9.548039175570011139e-03
4.334637522697448730e-01 6.445055007934570312e-01 2.872687019407749176e-02
4.194011688232421875e-01 6.273793578147888184e-01 3.997652232646942139e-02
5.246443748474121094e-01 2.897922992706298828e-01 -1.478093396872282028e-02
4.932002127170562744e-01 6.780782938003540039e-01 8.284264244139194489e-03
4.643611907958984375e-01 3.884458839893341064e-01 1.690249773673713207e-03
4.742507040500640869e-01 3.855417966842651367e-01 3.979773260653018951e-03
4.807072579860687256e-01 3.839378356933593750e-01 6.769259460270404816e-03
4.025152325630187988e-01 3.451289534568786621e-01 2.719318121671676636e-02
4.740388691425323486e-01 3.678341209888458252e-01 2.397986594587564468e-03
4.640044569969177246e-01 3.613014817237854004e-01 -7.454577280441299081e-05
4.540565907955169678e-01 3.594542443752288818e-01 -3.397786931600421667e-04
4.441444873809814453e-01 3.612067401409149170e-01 1.630147686228156090e-03
4.377983212471008301e-01 3.649036586284637451e-01 4.713645670562982559e-03
3.818236589431762695e-01 3.405797183513641357e-01 8.342863619327545166e-02
4.386371970176696777e-01 3.821024298667907715e-01 6.539297290146350861e-03
5.080871582031250000e-01 5.186153650283813477e-01 -3.055566735565662384e-02
4.692001938819885254e-01 5.203198194503784180e-01 -2.198797650635242462e-02
4.836419820785522461e-01 4.866988360881805420e-01 -3.443486988544464111e-02
4.918520152568817139e-01 5.176152586936950684e-01 -3.067650832235813141e-02
5.189279913902282715e-01 3.715640902519226074e-01 -1.936977542936801910e-02
4.195972084999084473e-01 6.080857515335083008e-01 2.604754827916622162e-02
4.334048330783843994e-01 6.270939707756042480e-01 1.606260426342487335e-02
4.691470861434936523e-01 6.611278653144836426e-01 -4.786153323948383331e-03
3.920717835426330566e-01 5.756651163101196289e-01 7.349514961242675781e-02
4.810144305229187012e-01 3.768068552017211914e-01 5.209795199334621429e-03
4.969883859157562256e-01 4.219978749752044678e-01 -2.996683493256568909e-02
4.943391680717468262e-01 6.671177148818969727e-01 -5.808247253298759460e-03
4.491703510284423828e-01 6.600225567817687988e-01 1.683390513062477112e-02
3.790919780731201172e-01 4.891131818294525146e-01 6.602399796247482300e-02
4.791876077651977539e-01 5.728043317794799805e-01 -1.686508022248744965e-02
4.767169356346130371e-01 5.763623714447021484e-01 -1.873447000980377197e-02
4.742430150508880615e-01 5.820328593254089355e-01 -2.075322717428207397e-02
4.722437858581542969e-01 5.890511274337768555e-01 -1.925941184163093567e-02
4.670165479183197021e-01 6.025422215461730957e-01 -1.113436371088027954e-02
4.622278511524200439e-01 5.531179904937744141e-01 -9.969529695808887482e-03
4.597567021846771240e-01 5.518687963485717773e-01 -1.019755750894546509e-02
4.577494263648986816e-01 5.502769947052001953e-01 -1.041540596634149551e-02
4.470087885856628418e-01 5.399622321128845215e-01 -8.864626288414001465e-03
4.066762328147888184e-01 4.939203858375549316e-01 1.015323027968406677e-02
4.976786077022552490e-01 4.049777090549468994e-01 -1.907599344849586487e-02
4.936538934707641602e-01 3.687570691108703613e-01 4.062577791046351194e-04
4.863211512565612793e-01 3.701923489570617676e-01 3.796817967668175697e-03
4.643469452857971191e-01 5.538050532341003418e-01 -8.914039470255374908e-03
4.019209146499633789e-01 5.349312424659729004e-01 2.693642117083072662e-02
5.043147802352905273e-01 3.695048689842224121e-01 -1.318114995956420898e-02
4.596679508686065674e-01 6.153081655502319336e-01 -5.276438314467668533e-03
5.161973834037780762e-01 4.295172989368438721e-01 -4.928551986813545227e-02
5.060714483261108398e-01 4.142495095729827881e-01 -3.655574843287467957e-02
5.169571638107299805e-01 4.122293591499328613e-01 -3.829922154545783997e-02
4.868903756141662598e-01 4.477347731590270996e-01 -3.103235363960266113e-02
4.958920478820800781e-01 6.509358286857604980e-01 -1.136445067822933197e-02
4.973849058151245117e-01 6.322410106658935547e-01 -1.114545576274394989e-02
4.776580929756164551e-01 6.280580759048461914e-01 -1.011746656149625778e-02
4.359623193740844727e-01 5.783185958862304688e-01 4.001155961304903030e-03
4.589869976043701172e-01 4.899253845214843750e-01 -1.221394632011651993e-02
4.460068643093109131e-01 5.988324880599975586e-01 -2.099879784509539604e-04
4.333509206771850586e-01 4.829087257385253906e-01 -9.486174210906028748e-03
4.472320675849914551e-01 5.048372745513916016e-01 -1.093219965696334839e-02
4.217849969863891602e-01 5.087546110153198242e-01 -1.169146155007183552e-03
4.724197089672088623e-01 6.455490589141845703e-01 -9.937847033143043518e-03
4.787458777427673340e-01 4.567889273166656494e-01 -2.364476956427097321e-02
4.251177310943603516e-01 5.896888375282287598e-01 1.375770848244428635e-02
4.384141862392425537e-01 6.107381582260131836e-01 7.754451595246791840e-03
4.293723702430725098e-01 5.550982952117919922e-01 3.809799905866384506e-03
3.920145034790039062e-01 5.122571587562561035e-01 3.572655096650123596e-02
4.147940874099731445e-01 5.559051632881164551e-01 1.375230494886636734e-02
3.836916387081146240e-01 5.249794721603393555e-01 6.116006895899772644e-02
4.366925060749053955e-01 5.250309705734252930e-01 -5.965079180896282196e-03
4.883806109428405762e-01 4.324923753738403320e-01 -2.304562926292419434e-02
4.865590929985046387e-01 4.811387062072753906e-01 -4.818009957671165466e-02
4.787425100803375244e-01 4.848690629005432129e-01 -3.622366860508918762e-02
4.924830198287963867e-01 4.703206121921539307e-01 -5.566373467445373535e-02
4.864301085472106934e-01 3.486095666885375977e-01 -3.550090361386537552e-03
4.689045846462249756e-01 3.333529829978942871e-01 -6.454240065068006516e-03
4.527685940265655518e-01 3.293842375278472900e-01 -6.842795293778181076e-03
4.385445713996887207e-01 3.324579596519470215e-01 -3.447521477937698364e-03
4.278331696987152100e-01 3.404856324195861816e-01 2.589897252619266510e-03
4.167966544628143311e-01 3.726526796817779541e-01 1.890752278268337250e-02
3.775238990783691406e-01 4.151333868503570557e-01 6.621272861957550049e-02
4.229393303394317627e-01 3.996855318546295166e-01 9.903335943818092346e-03
4.341174066066741943e-01 4.068238437175750732e-01 3.953706473112106323e-03
4.495254158973693848e-01 4.091372191905975342e-01 3.539286262821406126e-04
4.646538496017456055e-01 4.066820442676544189e-01 -7.923434022814035416e-04
4.768609106540679932e-01 4.017507731914520264e-01 1.463874650653451681e-04
4.855460226535797119e-01 3.970923125743865967e-01 1.079198118532076478e-04
3.733304142951965332e-01 4.151307940483093262e-01 1.080935522913932800e-01
4.780749082565307617e-01 4.896050095558166504e-01 -3.060513548552989960e-02
4.963129758834838867e-01 4.373042583465576172e-01 -3.935915976762771606e-02
4.946830868721008301e-01 4.830231368541717529e-01 -5.634249001741409302e-02
4.996828734874725342e-01 4.922232925891876221e-01 -5.132864788174629211e-02
4.942229390144348145e-01 4.859007596969604492e-01 -5.088259652256965637e-02
4.804071784019470215e-01 4.950907826423645020e-01 -2.647066861391067505e-02
5.019062161445617676e-01 4.940393269062042236e-01 -5.422337353229522705e-02
5.022642612457275391e-01 4.980243742465972900e-01 -4.076301306486129761e-02
4.877794981002807617e-01 3.831008672714233398e-01 5.897460505366325378e-03
4.930206239223480225e-01 3.881412744522094727e-01 -3.853487432934343815e-04
4.965163469314575195e-01 3.917800486087799072e-01 -7.963106967508792877e-03
4.341264367103576660e-01 3.678970634937286377e-01 8.226306177675724030e-03
4.273165464401245117e-01 3.574583530426025391e-01 8.333262056112289429e-03
5.254588127136230469e-01 4.333245158195495605e-01 -4.453223198652267456e-02
5.953211784362792969e-01 3.976838886737823486e-01 2.226689085364341736e-02
5.209949612617492676e-01 4.979829192161560059e-01 -3.965932875871658325e-02
6.335247755050659180e-01 3.442865610122680664e-01 8.080442249774932861e-02
5.626944899559020996e-01 4.084744155406951904e-01 8.133565075695514679e-03
5.734098553657531738e-01 4.119558334350585938e-01 9.784021414816379547e-03
5.837143063545227051e-01 4.128795862197875977e-01 1.368049345910549164e-02
5.984441637992858887e-01 4.038737416267395020e-01 2.417241968214511871e-02
5.538446903228759766e-01 4.026315808296203613e-01 8.771806955337524414e-03
5.837126970291137695e-01 3.563833832740783691e-01 6.133532617241144180e-03
5.705008506774902344e-01 3.576315045356750488e-01 5.169003736227750778e-03
5.952925682067871094e-01 3.610231578350067139e-01 1.049221772700548172e-02
6.020811200141906738e-01 3.699639439582824707e-01 1.534877903759479523e-02
6.050045490264892578e-01 4.164327979087829590e-01 3.019698895514011383e-02
5.393092632293701172e-01 6.399708986282348633e-01 4.674642812460660934e-03
5.996958017349243164e-01 3.919713497161865234e-01 2.632525004446506500e-02
6.355994939804077148e-01 4.155400395393371582e-01 8.327574282884597778e-02
6.174493432044982910e-01 4.043130874633789062e-01 4.277253523468971252e-02
5.659982562065124512e-01 4.811039268970489502e-01 -3.962431568652391434e-03
5.189314484596252441e-01 5.415960550308227539e-01 -3.098310716450214386e-02
5.163863301277160645e-01 5.525360107421875000e-01 -2.589595690369606018e-02
5.322418808937072754e-01 5.481699705123901367e-01 -2.287673763930797577e-02
5.404810309410095215e-01 5.554029345512390137e-01 -1.309294998645782471e-02
5.270789265632629395e-01 5.552964806556701660e-01 -2.009601891040802002e-02
5.349479913711547852e-01 5.593191385269165039e-01 -1.120495423674583435e-02
5.519408583641052246e-01 5.873129963874816895e-01 6.183409132063388824e-03
5.217882394790649414e-01 4.889550209045410156e-01 -6.001883745193481445e-02
5.248935818672180176e-01 4.725091457366943359e-01 -6.321792304515838623e-02
6.166520118713378906e-01 3.549702763557434082e-01 2.071477845311164856e-02
5.465227961540222168e-01 4.357189536094665527e-01 -6.071726325899362564e-03
5.460547208786010742e-01 4.884312152862548828e-01 -2.990039251744747162e-02
5.474401712417602539e-01 4.794990420341491699e-01 -2.633300423622131348e-02
5.978618264198303223e-01 4.832715094089508057e-01 1.311982050538063049e-02
5.254215598106384277e-01 4.514102637767791748e-01 -5.591563507914543152e-02
5.948925018310546875e-01 3.320107460021972656e-01 -2.614112454466521740e-04
6.085646748542785645e-01 3.399302363395690918e-01 9.696872904896736145e-03
6.262565255165100098e-01 3.139076828956604004e-01 5.813613906502723694e-02
5.457472801208496094e-01 3.453302979469299316e-01 -1.380751095712184906e-02
5.586320757865905762e-01 3.654057681560516357e-01 7.585198152810335159e-03
5.612469911575317383e-01 5.710257291793823242e-01 9.319755248725414276e-03
6.109327673912048340e-01 5.694044828414916992e-01 1.101597845554351807e-01
5.364304780960083008e-01 4.968510866165161133e-01 -2.653071284294128418e-02
5.275518894195556641e-01 5.004953742027282715e-01 -2.857608161866664886e-02
5.490739941596984863e-01 5.703251361846923828e-01 7.444091606885194778e-03
5.460196137428283691e-01 5.697375535964965820e-01 3.805106971412897110e-03
6.144844293594360352e-01 3.303082883358001709e-01 1.563280075788497925e-02
5.453982353210449219e-01 4.961023032665252686e-01 -2.381298691034317017e-02
5.750266313552856445e-01 3.325651884078979492e-01 -8.501727133989334106e-03
5.778304338455200195e-01 3.200392127037048340e-01 -1.048414967954158783e-02
5.887122154235839844e-01 2.701753377914428711e-01 1.182187069207429886e-02
6.198017597198486328e-01 3.265943527221679688e-01 3.383931890130043030e-02
5.816550254821777344e-01 2.974567115306854248e-01 5.624678306048735976e-05
6.227613091468811035e-01 3.494132459163665771e-01 3.106347844004631042e-02
6.277438998222351074e-01 3.518230915069580078e-01 5.430807545781135559e-02
5.179131627082824707e-01 5.478634834289550781e-01 -2.963984943926334381e-02
5.296722054481506348e-01 5.522835254669189453e-01 -2.197484672069549561e-02
5.378677248954772949e-01 5.575944185256958008e-01 -1.312815584242343903e-02
5.334557294845581055e-01 4.995788931846618652e-01 -2.436408959329128265e-02
5.475153326988220215e-01 5.700638294219970703e-01 5.441542249172925949e-03
5.424328446388244629e-01 5.776420831680297852e-01 -1.545622712001204491e-03
5.444566607475280762e-01 5.694461464881896973e-01 3.419516840949654579e-03
5.325155854225158691e-01 4.904003739356994629e-01 -4.218541458249092102e-02
5.325127840042114258e-01 5.598898530006408691e-01 -9.571207687258720398e-03
5.248115658760070801e-01 5.565776228904724121e-01 -1.582128740847110748e-02
5.150076150894165039e-01 5.546318888664245605e-01 -2.103430032730102539e-02
5.145233869552612305e-01 6.173710823059082031e-01 -1.020366325974464417e-02
5.150801539421081543e-01 6.022959351539611816e-01 -2.050845883786678314e-02
5.150272250175476074e-01 5.939326286315917969e-01 -2.185677364468574524e-02
5.144829750061035156e-01 5.862056016921997070e-01 -1.933088526129722595e-02
5.134212970733642578e-01 5.806307792663574219e-01 -1.770793646574020386e-02
5.311882495880126953e-01 5.773029327392578125e-01 -7.000524550676345825e-03
5.335359573364257812e-01 5.799706578254699707e-01 -8.700018748641014099e-03
5.361878871917724609e-01 5.843016505241394043e-01 -1.022144965827465057e-02
5.381963849067687988e-01 5.892655849456787109e-01 -8.068561553955078125e-03
5.523716211318969727e-01 5.407007932662963867e-01 -8.969508111476898193e-03
6.283711791038513184e-01 4.880747497081756592e-01 1.287013888359069824e-01
5.370690822601318359e-01 5.743871331214904785e-01 -6.206249818205833435e-04
5.398257970809936523e-01 5.756770372390747070e-01 -1.787756686098873615e-03
5.239526629447937012e-01 5.065330266952514648e-01 -2.916340343654155731e-02
5.404571890830993652e-01 5.054200291633605957e-01 -1.624044589698314667e-02
5.256760716438293457e-01 5.036146044731140137e-01 -2.916201204061508179e-02
5.571891665458679199e-01 4.470552802085876465e-01 -1.509163295850157738e-03
5.744183063507080078e-01 4.605784118175506592e-01 2.867070725187659264e-03
5.483944416046142578e-01 4.874163269996643066e-01 -1.990382373332977295e-02
6.126865148544311523e-01 2.886997163295745850e-01 3.367001190781593323e-02
6.055813431739807129e-01 3.079327940940856934e-01 1.616636477410793304e-02
5.994305610656738281e-01 3.202463090419769287e-01 2.119374228641390800e-03
5.424171686172485352e-01 5.992733240127563477e-01 1.518481731181964278e-04
5.511990189552307129e-01 3.242059051990509033e-01 -1.766681112349033356e-02
5.552990436553955078e-01 2.933330833911895752e-01 -1.007099822163581848e-02
5.610646009445190430e-01 2.593209147453308105e-01 -2.097313059493899345e-03
5.928313732147216797e-01 4.106088578701019287e-01 1.920264959335327148e-02
6.148188114166259766e-01 4.300428628921508789e-01 3.696657344698905945e-02
5.479875802993774414e-01 3.973835706710815430e-01 1.010958012193441391e-02
6.104232668876647949e-01 3.796182870864868164e-01 2.597068250179290771e-02
5.399360060691833496e-01 4.235272705554962158e-01 -1.051865331828594208e-02
5.406121015548706055e-01 4.809195697307586670e-01 -4.149645939469337463e-02
6.264909505844116211e-01 4.456225633621215820e-01 5.014081671833992004e-02
6.066924929618835449e-01 4.415022730827331543e-01 2.598889730870723724e-02
5.924984216690063477e-01 4.461877644062042236e-01 1.436073798686265945e-02
5.723354220390319824e-01 4.401324391365051270e-01 8.043164387345314026e-03
5.580308437347412109e-01 4.306352734565734863e-01 4.498897586017847061e-03
5.475368499755859375e-01 4.212552607059478760e-01 7.220743573270738125e-04
5.279566645622253418e-01 3.990665078163146973e-01 -2.290944010019302368e-02
6.223332881927490234e-01 4.803061485290527344e-01 4.629498720169067383e-02
6.179383993148803711e-01 3.782797455787658691e-01 3.218917548656463623e-02
5.169354677200317383e-01 4.970529377460479736e-01 -5.472126603126525879e-02
5.448511242866516113e-01 4.523460566997528076e-01 -1.149600371718406677e-02
6.362676620483398438e-01 4.146453738212585449e-01 1.221239268779754639e-01
5.398050546646118164e-01 4.113231599330902100e-01 -1.319747068919241428e-03
5.487979650497436523e-01 4.884820878505706787e-01 -8.488991297781467438e-03
6.036486029624938965e-01 3.927536308765411377e-01 2.879955433309078217e-02
5.416778922080993652e-01 4.700263738632202148e-01 -3.702607005834579468e-02
6.215894222259521484e-01 5.277023911476135254e-01 1.224054917693138123e-01
5.485298633575439453e-01 3.913795948028564453e-01 1.325572188943624496e-02
5.340881943702697754e-01 4.587592482566833496e-01 -4.855665937066078186e-02
5.870965123176574707e-01 6.062895059585571289e-01 4.844348505139350891e-02
5.848693847656250000e-01 6.247422695159912109e-01 6.866616755723953247e-02
6.305189728736877441e-01 4.855162203311920166e-01 8.742152154445648193e-02
6.014352440834045410e-01 5.855824947357177734e-01 6.305196136236190796e-02
6.320062875747680664e-01 3.814398050308227539e-01 7.220678031444549561e-02
5.402162671089172363e-01 6.560490727424621582e-01 1.095490716397762299e-02
5.148922801017761230e-01 5.007119178771972656e-01 -3.992185741662979126e-02
5.536563992500305176e-01 4.662437736988067627e-01 -6.940618623048067093e-03
6.253668665885925293e-01 4.090598225593566895e-01 5.480943247675895691e-02
5.841826796531677246e-01 4.032281339168548584e-01 1.474797725677490234e-02
5.748495459556579590e-01 4.030126929283142090e-01 1.134304143488407135e-02
5.446962118148803711e-01 5.800668001174926758e-01 4.555304185487329960e-04
6.170429587364196777e-01 5.133825540542602539e-01 4.914395138621330261e-02
5.180453658103942871e-01 6.769455075263977051e-01 1.328595355153083801e-02
5.531772971153259277e-01 6.570619344711303711e-01 3.786945715546607971e-02
5.680938959121704102e-01 6.439394354820251465e-01 5.149741098284721375e-02
5.656863451004028320e-01 4.000880122184753418e-01 1.023002900183200836e-02
5.570825934410095215e-01 3.958274722099304199e-01 1.126873027533292770e-02
5.512945652008056641e-01 3.934501409530639648e-01 1.328879967331886292e-02
6.248027086257934570e-01 3.763686418533325195e-01 4.440493881702423096e-02
5.603129863739013672e-01 3.804714977741241455e-01 9.887365624308586121e-03
5.705206394195556641e-01 3.758996129035949707e-01 8.709535934031009674e-03
5.803552269935607910e-01 3.755972981452941895e-01 9.869198314845561981e-03
5.896102190017700195e-01 3.792518675327301025e-01 1.319039426743984222e-02
5.948787927627563477e-01 3.844923973083496094e-01 1.715539954602718353e-02
6.367539167404174805e-01 3.760066032409667969e-01 1.042721718549728394e-01
5.907077789306640625e-01 4.010246992111206055e-01 1.879497244954109192e-02
5.432833433151245117e-01 5.300796627998352051e-01 -1.623716764152050018e-02
5.368446111679077148e-01 4.940069317817687988e-01 -3.062406554818153381e-02
5.237365961074829102e-01 5.218781232833862305e-01 -2.829423360526561737e-02
5.716639757156372070e-01 6.260169744491577148e-01 3.682547062635421753e-02
5.566065907478332520e-01 6.408936381340026855e-01 2.455240301787853241e-02
5.195219516754150391e-01 6.666072010993957520e-01 -1.379773486405611038e-03
5.982326269149780273e-01 6.019970178604125977e-01 9.019622206687927246e-02
5.523451566696166992e-01 3.870517909526824951e-01 1.190285757184028625e-02
5.333282351493835449e-01 4.270131587982177734e-01 -2.686940878629684448e-02
5.371505618095397949e-01 6.687628626823425293e-01 2.354694716632366180e-02
6.238083243370056152e-01 5.220067501068115234e-01 8.469317108392715454e-02
5.232316851615905762e-01 5.794422626495361328e-01 -1.269577257335186005e-02
5.253011584281921387e-01 5.837901830673217773e-01 -1.441405806690454483e-02
5.270391106605529785e-01 5.902228355407714844e-01 -1.620021834969520569e-02
5.280965566635131836e-01 5.979177951812744141e-01 -1.457701250910758972e-02
5.302467942237854004e-01 6.100975871086120605e-01 -6.097488570958375931e-03
5.411472916603088379e-01 5.641046166419982910e-01 -3.186620539054274559e-03
5.437844395637512207e-01 5.635438561439514160e-01 -2.778415568172931671e-03
5.461432933807373047e-01 5.624641776084899902e-01 -2.608050359413027763e-03
5.585854649543762207e-01 5.547018647193908691e-01 3.883817407768219709e-04
6.023257970809936523e-01 5.202800035476684570e-01 2.517436444759368896e-02
5.338321924209594727e-01 4.100991487503051758e-01 -1.591144315898418427e-02
5.417738556861877441e-01 3.770449459552764893e-01 4.405244719237089157e-03
5.480025410652160645e-01 3.796925544738769531e-01 9.622123092412948608e-03
5.387810468673706055e-01 5.641036033630371094e-01 -2.188281621783971786e-03
5.993028879165649414e-01 5.608404874801635742e-01 4.189740866422653198e-02
5.319792628288269043e-01 3.752242028713226318e-01 -1.065209507942199707e-02
5.351601243019104004e-01 6.240179538726806641e-01 4.421432095114141703e-05
5.268553495407104492e-01 4.170883893966674805e-01 -3.491220623254776001e-02
5.389125347137451172e-01 4.548942744731903076e-01 -2.690776810050010681e-02
5.169278979301452637e-01 6.325787305831909180e-01 -7.662706542760133743e-03
5.618727803230285645e-01 5.941771268844604492e-01 1.333123352378606796e-02
5.566017627716064453e-01 5.029199123382568359e-01 -4.953490570187568665e-03
5.497449040412902832e-01 6.112743616104125977e-01 7.138825487345457077e-03
5.810291767120361328e-01 5.029592514038085938e-01 1.643579220399260521e-03
5.648598670959472656e-01 5.205989480018615723e-01 -1.953425817191600800e-03
5.869004726409912109e-01 5.308291912078857422e-01 1.142165157943964005e-02
5.193098187446594238e-01 6.509109735488891602e-01 -6.775284651666879654e-03
5.442621707916259766e-01 4.655555188655853271e-01 -1.849154196679592133e-02
5.700520277023315430e-01 6.073760390281677246e-01 2.413373440504074097e-02
5.550001263618469238e-01 6.243830919265747070e-01 1.575154438614845276e-02
5.718412995338439941e-01 5.737308859825134277e-01 1.502867881208658218e-02
6.111408472061157227e-01 5.414682626724243164e-01 5.248701199889183044e-02
5.848615765571594238e-01 5.777339339256286621e-01 2.646785788238048553e-02
6.149181127548217773e-01 5.556570291519165039e-01 7.905781269073486328e-02
5.705941915512084961e-01 5.429078340530395508e-01 4.512048792093992233e-03
5.387853980064392090e-01 4.394701421260833740e-01 -1.858975365757942200e-02
5.363381505012512207e-01 4.880018234252929688e-01 -4.423232004046440125e-02
5.419330000877380371e-01 4.934706389904022217e-01 -3.168870508670806885e-02
5.334872007369995117e-01 4.759813249111175537e-01 -5.271354317665100098e-02
5.525518059730529785e-01 3.600061535835266113e-01 1.887621590867638588e-03
5.719674825668334961e-01 3.486486673355102539e-01 1.427416573278605938e-03
5.881587862968444824e-01 3.477770984172821045e-01 3.538567805662751198e-03
6.004781723022460938e-01 3.535512685775756836e-01 9.073520079255104065e-03
6.081171631813049316e-01 3.637425601482391357e-01 1.657399535179138184e-02
6.093447208404541016e-01 3.981830179691314697e-01 3.385146707296371460e-02
6.346697807312011719e-01 4.503159523010253906e-01 8.609838038682937622e-02
5.988776683807373047e-01 4.233112931251525879e-01 2.378701046109199524e-02
5.874179005622863770e-01 4.272504150867462158e-01 1.611200347542762756e-02
5.732811093330383301e-01 4.247678816318511963e-01 1.045627892017364502e-02
5.601672530174255371e-01 4.184821844100952148e-01 7.282150909304618835e-03
5.501576662063598633e-01 4.112432599067687988e-01 6.278270855545997620e-03
5.432692766189575195e-01 4.048430919647216797e-01 5.118672270327806473e-03
6.326382160186767578e-01 4.510155618190765381e-01 1.294721513986587524e-01
5.410177707672119141e-01 4.980099797248840332e-01 -2.613123692572116852e-02
5.328485965728759766e-01 4.423284828662872314e-01 -3.615472465753555298e-02
5.293136239051818848e-01 4.877293109893798828e-01 -5.384930968284606934e-02
5.222883820533752441e-01 4.952438473701477051e-01 -4.987321048974990845e-02
5.284816622734069824e-01 4.906324148178100586e-01 -4.830848798155784607e-02
5.374300479888916016e-01 5.025417208671569824e-01 -2.267384715378284454e-02
5.203549861907958984e-01 4.964657723903656006e-01 -5.303646996617317200e-02
5.183816552162170410e-01 5.000938177108764648e-01 -3.977233171463012695e-02
5.444878935813903809e-01 3.913008868694305420e-01 1.106230728328227997e-02
5.383223295211791992e-01 3.948582708835601807e-01 3.610188141465187073e-03
5.344364047050476074e-01 3.975024819374084473e-01 -4.705435596406459808e-03
5.976539254188537598e-01 3.884925842285156250e-01 2.116616070270538330e-02
6.053589582443237305e-01 3.800375461578369141e-01 2.206239849328994751e-02
4.546291828155517578e-01 3.736209273338317871e-01 4.683587700128555298e-03
4.662813544273376465e-01 3.747738003730773926e-01 4.683587700128555298e-03
4.559249281883239746e-01 3.585770428180694580e-01 4.683587700128555298e-03
4.428150951862335205e-01 3.724710345268249512e-01 4.683587700128555298e-03
4.532833099365234375e-01 3.885104060173034668e-01 4.683587700128555298e-03
5.773760080337524414e-01 3.892949819564819336e-01 1.458764541894197464e-02
5.883259177207946777e-01 3.909636735916137695e-01 1.458764541894197464e-02
5.785064101219177246e-01 3.742393255233764648e-01 1.458764541894197464e-02
5.664229989051818848e-01 3.875902593135833740e-01 1.458764541894197464e-02
5.762870907783508301e-01 4.044048190116882324e-01 1.458764541894197464e-02
