5.047288537025451660e-01 5.476441383361816406e-01 -3.384933993220329285e-02
5.121231675148010254e-01 4.907929003238677979e-01 -6.155314669013023376e-02
5.091913938522338867e-01 5.081553459167480469e-01 -3.297512978315353394e-02
5.060383677482604980e-01 4.331650137901306152e-01 -4.604951664805412292e-02
5.137872099876403809e-01 4.733611047267913818e-01 -6.524244695901870728e-02
5.152344107627868652e-01 4.507389068603515625e-01 -6.025876477360725403e-02
5.181218385696411133e-01 3.961088061332702637e-01 -2.760195359587669373e-02
4.339822530746459961e-01 3.795643746852874756e-01 1.091670058667659760e-02
5.213389396667480469e-01 3.491644263267517090e-01 -1.834237575531005859e-02
5.232483148574829102e-01 3.260757923126220703e-01 -1.992952451109886169e-02
5.284065008163452148e-01 2.541201114654541016e-01 -6.315718404948711395e-03
5.042786002159118652e-01 5.527178049087524414e-01 -3.237677738070487976e-02
5.036083459854125977e-01 5.575044751167297363e-01 -2.867270819842815399e-02
5.030850768089294434e-01 5.601573586463928223e-01 -2.350685372948646545e-02
5.021310448646545410e-01 5.773866176605224609e-01 -2.210680022835731506e-02
5.018048882484436035e-01 5.834370255470275879e-01 -2.394935488700866699e-02
5.011827945709228516e-01 5.909900665283203125e-01 -2.652124501764774323e-02
5.003508925437927246e-01 5.989903807640075684e-01 -2.516784146428108215e-02
4.985337257385253906e-01 6.144220232963562012e-01 -1.486241817474365234e-02
5.108715891838073730e-01 4.997181296348571777e-01 -5.575484409928321838e-02
4.996489882469177246e-01 4.980421960353851318e-01 -4.079218581318855286e-02
3.929742872714996338e-01 3.103905320167541504e-01 6.423600763082504272e-02
4.639750719070434570e-01 4.004939198493957520e-01 6.416057003661990166e-04
4.518389999866485596e-01 4.005944430828094482e-01 8.369157440029084682e-04
4.409109354019165039e-01 3.972871601581573486e-01 3.481523366644978523e-03
4.282988905906677246e-01 3.845135569572448730e-01 1.226094085723161697e-02
4.750638008117675781e-01 3.965812325477600098e-01 3.064311807975172997e-03
4.543161690235137939e-01 3.428628146648406982e-01 -3.146037459373474121e-03
4.673094451427459717e-01 3.470183312892913818e-01 -2.113774186000227928e-03
4.416668415069580078e-01 3.445736765861511230e-01 -1.278401323361322284e-04
4.327839612960815430e-01 3.512359857559204102e-01 3.885497339069843292e-03
4.165576994419097900e-01 3.936803340911865234e-01 1.743649877607822418e-02
4.524652361869812012e-01 6.301451921463012695e-01 -3.378462046384811401e-03
4.307642281055450439e-01 3.735083043575286865e-01 1.455124560743570328e-02
3.815407156944274902e-01 3.810194432735443115e-01 6.664801388978958130e-02
4.047610461711883545e-01 3.784603774547576904e-01 2.866217680275440216e-02
4.522611498832702637e-01 4.680767059326171875e-01 -1.200970262289047241e-02
4.901724159717559814e-01 5.425241589546203613e-01 -3.336275741457939148e-02
4.903092384338378906e-01 5.549389123916625977e-01 -2.792443707585334778e-02
4.752737581729888916e-01 5.454336404800415039e-01 -2.759982645511627197e-02
4.650883078575134277e-01 5.496457219123840332e-01 -1.966496743261814117e-02
4.788078069686889648e-01 5.543117523193359375e-01 -2.411111071705818176e-02
4.696823060512542725e-01 5.551972389221191406e-01 -1.675792224705219269e-02
4.467859864234924316e-01 5.742108225822448730e-01 -2.753424923866987228e-03
5.025007724761962891e-01 4.889321625232696533e-01 -6.103124096989631653e-02
5.024466514587402344e-01 4.719610810279846191e-01 -6.447162479162216187e-02
4.186037480831146240e-01 3.309490680694580078e-01 7.450609933584928513e-03
4.793179631233215332e-01 4.291535019874572754e-01 -1.101062633097171783e-02
4.753668308258056641e-01 4.817122817039489746e-01 -3.474168106913566589e-02
4.748114645481109619e-01 4.726293683052062988e-01 -3.132144361734390259e-02
4.171985387802124023e-01 4.605701565742492676e-01 6.279933149926364422e-04
5.043804645538330078e-01 4.510495066642761230e-01 -5.750129744410514832e-02
4.483620822429656982e-01 3.130070567131042480e-01 -9.495117701590061188e-03
4.315638840198516846e-01 3.181000649929046631e-01 -1.703389454632997513e-03
4.085183143615722656e-01 2.827770113945007324e-01 4.334728047251701355e-02
4.976826608180999756e-01 3.375090956687927246e-01 -1.654375158250331879e-02
4.780454337596893311e-01 3.572029471397399902e-01 1.685042981989681721e-03
4.397920370101928711e-01 5.561931133270263672e-01 -7.563506369479000568e-04
3.819671273231506348e-01 5.396223068237304688e-01 9.420367330312728882e-02
4.830271005630493164e-01 4.925331771373748779e-01 -2.990804985165596008e-02
4.914739131927490234e-01 4.987870454788208008e-01 -3.009559772908687592e-02
4.527560472488403320e-01 5.588685274124145508e-01 -1.386569580063223839e-03
4.558635652065277100e-01 5.592700839042663574e-01 -4.269094206392765045e-03
4.266097545623779297e-01 3.060238063335418701e-01 3.528965171426534653e-03
4.737699627876281738e-01 4.894802570343017578e-01 -2.855185791850090027e-02
4.698508083820343018e-01 3.175821900367736816e-01 -1.462331786751747131e-02
4.697781205177307129e-01 3.032023906707763672e-01 -1.674690656363964081e-02
4.605707228183746338e-01 2.516276240348815918e-01 3.439537947997450829e-03
4.164526760578155518e-01 2.977896630764007568e-01 2.060357853770256042e-02
4.651192128658294678e-01 2.807947397232055664e-01 -7.123393006622791290e-03
4.124194979667663574e-01 3.226010799407958984e-01 1.702814362943172455e-02
4.017197787761688232e-01 3.201729655265808105e-01 3.923869505524635315e-02
4.899758100509643555e-01 5.494320988655090332e-01 -3.195654973387718201e-02
4.769911170005798340e-01 5.503036975860595703e-01 -2.638510614633560181e-02
4.673063457012176514e-01 5.525926351547241211e-01 -1.913829706609249115e-02
4.852364659309387207e-01 4.961540997028350830e-01 -2.708289399743080139e-02
4.543398022651672363e-01 5.590887665748596191e-01 -2.841566223651170731e-03
4.593465626239776611e-01 5.658913254737854004e-01 -9.370613843202590942e-03
4.573753476142883301e-01 5.594810247421264648e-01 -4.472235217690467834e-03
4.895317256450653076e-01 4.870957732200622559e-01 -4.546298831701278687e-02
4.715344607830047607e-01 5.567307472229003906e-01 -1.484283898025751114e-02
4.803660213947296143e-01 5.565459132194519043e-01 -1.960773766040802002e-02
4.909343719482421875e-01 5.578008890151977539e-01 -2.309352904558181763e-02
4.826667606830596924e-01 6.112073659896850586e-01 -1.513795182108879089e-02
4.850662350654602051e-01 5.948726534843444824e-01 -2.526373043656349182e-02
4.865951240062713623e-01 5.869733095169067383e-01 -2.634135819971561432e-02
4.883048534393310547e-01 5.797095298767089844e-01 -2.351987548172473907e-02
4.899721741676330566e-01 5.743990540504455566e-01 -2.166708186268806458e-02
4.711592793464660645e-01 5.672535300254821777e-01 -1.363260950893163681e-02
4.685803949832916260e-01 5.692551732063293457e-01 -1.553887780755758286e-02
4.654620885848999023e-01 5.726082324981689453e-01 -1.752561517059803009e-02
4.627984762191772461e-01 5.767803788185119629e-01 -1.571930944919586182e-02
4.565272331237792969e-01 5.303361415863037109e-01 -1.628210023045539856e-02
3.735002875328063965e-01 4.535208940505981445e-01 1.115114837884902954e-01
5.100216269493103027e-01 5.036352276802062988e-01 -4.078940674662590027e-02
4.648178219795227051e-01 5.639969706535339355e-01 -8.144200779497623444e-03
4.621505439281463623e-01 5.646600723266601562e-01 -9.381194598972797394e-03
4.943216145038604736e-01 5.058148503303527832e-01 -3.092236071825027466e-02
4.763692617416381836e-01 5.000584125518798828e-01 -2.009183913469314575e-02
4.929786026477813721e-01 5.023629665374755859e-01 -3.066935576498508453e-02
4.660017490386962891e-01 4.372006058692932129e-01 -8.176369592547416687e-03
4.458985030651092529e-01 4.453152418136596680e-01 -6.001362111419439316e-03
4.718878865242004395e-01 4.800910949707031250e-01 -2.507852762937545776e-02
4.300436675548553467e-01 2.622832059860229492e-01 2.161131985485553741e-02
4.366013407707214355e-01 2.836798429489135742e-01 5.500946193933486938e-03
4.459692239761352539e-01 2.990850806236267090e-01 -7.606282364577054977e-03
4.556853473186492920e-01 5.880144238471984863e-01 -8.150750771164894104e-03
4.972554445266723633e-01 3.133687674999237061e-01 -2.053400874137878418e-02
4.938709139823913574e-01 2.850489318370819092e-01 -1.355038210749626160e-02
4.922240972518920898e-01 2.497651129961013794e-01 -6.016570143401622772e-03
4.323511719703674316e-01 3.922039866447448730e-01 7.975343614816665649e-03
4.019837677478790283e-01 4.038621485233306885e-01 2.288829907774925232e-02
4.826934933662414551e-01 3.924200832843780518e-01 5.134553648531436920e-03
4.203251600265502930e-01 3.575222492218017578e-01 1.300462242215871811e-02
4.886190295219421387e-01 4.190633296966552734e-01 -1.431501656770706177e-02
4.831248521804809570e-01 4.756161570549011230e-01 -4.543422535061836243e-02
3.901075422763824463e-01 4.141833782196044922e-01 3.441704437136650085e-02
4.085145592689514160e-01 4.168897271156311035e-01 1.247113570570945740e-02
4.228278696537017822e-01 4.253413379192352295e-01 2.579611260443925858e-03
4.454991519451141357e-01 4.263201355934143066e-01 -9.229116258211433887e-04
4.629695117473602295e-01 4.218496084213256836e-01 -2.394142094999551773e-03
4.767521321773529053e-01 4.153710007667541504e-01 -4.299940075725317001e-03
5.065924525260925293e-01 3.985059261322021484e-01 -2.410312183201313019e-02
3.898406028747558594e-01 4.499057829380035400e-01 3.044895827770233154e-02
4.111057519912719727e-01 3.529462814331054688e-01 1.819499954581260681e-02
5.051393508911132812e-01 4.982471466064453125e-01 -5.548753216862678528e-02
4.793899655342102051e-01 4.461942613124847412e-01 -1.644198782742023468e-02
3.759566545486450195e-01 3.787584304809570312e-01 1.041457727551460266e-01
4.876264333724975586e-01 4.072912335395812988e-01 -5.076224915683269501e-03
4.701303541660308838e-01 4.809677302837371826e-01 -1.391697954386472702e-02
4.255667626857757568e-01 3.729544281959533691e-01 1.643350720405578613e-02
4.830420911312103271e-01 4.647599458694458008e-01 -4.104108363389968872e-02
3.760021328926086426e-01 4.951512813568115234e-01 1.059124097228050232e-01
4.840462505817413330e-01 3.863799571990966797e-01 8.065253496170043945e-03
4.935817718505859375e-01 4.557551145553588867e-01 -5.143193155527114868e-02
4.055296480655670166e-01 5.846244692802429199e-01 3.543487936258316040e-02
4.033303856849670410e-01 6.034190058708190918e-01 5.546868219971656799e-02
3.773501515388488770e-01 4.520196914672851562e-01 7.079350948333740234e-02
3.931495547294616699e-01 5.595898032188415527e-01 4.868444055318832397e-02
3.911612927913665771e-01 3.483040928840637207e-01 5.625355616211891174e-02
4.485601186752319336e-01 6.460839509963989258e-01 2.648949623107910156e-03
5.055692791938781738e-01 5.023939013481140137e-01 -4.025999829173088074e-02
4.675906300544738770e-01 4.572856426239013672e-01 -1.309125870466232300e-02
3.937138915061950684e-01 3.804452717304229736e-01 3.944100812077522278e-02
4.437118172645568848e-01 3.882557451725006104e-01 4.652080591768026352e-03
4.532673358917236328e-01 3.915349841117858887e-01 2.442073775455355644e-03
4.567661881446838379e-01 5.676621794700622559e-01 -7.640449795871973038e-03
3.900159597396850586e-01 4.840629696846008301e-01 3.360644355416297913e-02
4.680155515670776367e-01 6.716072559356689453e-01 7.154216058552265167e-03
4.335264861583709717e-01 6.445899605751037598e-01 2.777938172221183777e-02
4.192616939544677734e-01 6.277394890785217285e-01 3.989186510443687439e-02
5.258635282516479492e-01 2.910270690917968750e-01 -1.403548382222652435e-02
4.928453862667083740e-01 6.778736114501953125e-01 5.466429516673088074e-03
4.635004401206970215e-01 3.914363682270050049e-01 2.751453313976526260e-03
4.736845493316650391e-01 3.892083466053009033e-01 4.990020766854286194e-03
4.804603457450866699e-01 3.878505229949951172e-01 7.769558113068342209e-03
4.027081727981567383e-01 3.483902215957641602e-01 2.941190078854560852e-02
4.741370379924774170e-01 3.721780478954315186e-01 3.349840175360441208e-03
4.641095101833343506e-01 3.657616376876831055e-01 1.053795800544321537e-03
4.541784524917602539e-01 3.634502887725830078e-01 9.092990076169371605e-04
4.441485404968261719e-01 3.647065758705139160e-01 3.006121376529335976e-03
4.376271665096282959e-01 3.680183887481689453e-01 6.122294347733259201e-03
3.825950622558593750e-01 3.408090472221374512e-01 8.674592524766921997e-02
4.377697408199310303e-01 3.838779926300048828e-01 7.953451946377754211e-03
5.077010393142700195e-01 5.220463871955871582e-01 -3.062541410326957703e-02
4.690021276473999023e-01 5.231136083602905273e-01 -2.174667082726955414e-02
4.835628271102905273e-01 4.894846677780151367e-01 -3.397812321782112122e-02
4.916422367095947266e-01 5.208913087844848633e-01 -3.069562464952468872e-02
5.194308161735534668e-01 3.734239935874938965e-01 -1.869996637105941772e-02
4.191296696662902832e-01 6.086065769195556641e-01 2.546912059187889099e-02
4.330990016460418701e-01 6.273251771926879883e-01 1.477442309260368347e-02
4.687790870666503906e-01 6.608525514602661133e-01 -7.370019797235727310e-03
3.916036784648895264e-01 5.761242508888244629e-01 7.563033699989318848e-02
4.811023771762847900e-01 3.807027637958526611e-01 6.177884060889482498e-03
4.970068335533142090e-01 4.245370328426361084e-01 -2.941650524735450745e-02
4.939080476760864258e-01 6.669596433639526367e-01 -8.767002262175083160e-03
4.492276310920715332e-01 6.598134636878967285e-01 1.507837045937776566e-02
3.790114223957061768e-01 4.899639487266540527e-01 6.848576664924621582e-02
4.797028899192810059e-01 5.707857012748718262e-01 -1.824378408491611481e-02
4.771206080913543701e-01 5.745340585708618164e-01 -2.031793072819709778e-02
4.745824635028839111e-01 5.801184177398681641e-01 -2.263383381068706512e-02
4.724526703357696533e-01 5.870504975318908691e-01 -2.133876085281372070e-02
4.673135876655578613e-01 6.010233163833618164e-01 -1.326904352754354477e-02
4.622354805469512939e-01 5.569182634353637695e-01 -1.000082306563854218e-02
4.597425758838653564e-01 5.555117130279541016e-01 -1.021696813404560089e-02
4.577147662639617920e-01 5.538399815559387207e-01 -1.043334789574146271e-02
4.463443756103515625e-01 5.416543483734130859e-01 -8.799945935606956482e-03
4.055610895156860352e-01 4.954760074615478516e-01 1.167944353073835373e-02
4.978348016738891602e-01 4.075284302234649658e-01 -1.831516250967979431e-02
4.938603639602661133e-01 3.722227811813354492e-01 1.225121435709297657e-03
4.865524172782897949e-01 3.740764856338500977e-01 4.721570760011672974e-03
4.643771350383758545e-01 5.578321814537048340e-01 -8.978939615190029144e-03
4.008585512638092041e-01 5.360301136970520020e-01 2.804922685027122498e-02
5.043798685073852539e-01 3.720832169055938721e-01 -1.246503554284572601e-02
4.594905674457550049e-01 6.148844361305236816e-01 -7.531278301030397415e-03
5.162051916122436523e-01 4.320954680442810059e-01 -4.907073453068733215e-02
5.061143636703491211e-01 4.167918860912322998e-01 -3.608556464314460754e-02
5.171008706092834473e-01 4.148633778095245361e-01 -3.794768825173377991e-02
4.868631958961486816e-01 4.503853619098663330e-01 -3.050209209322929382e-02
4.954630434513092041e-01 6.506810188293457031e-01 -1.455344352871179581e-02
4.971037209033966064e-01 6.312311887741088867e-01 -1.434495393186807632e-02
4.774833917617797852e-01 6.270790696144104004e-01 -1.307547930628061295e-02
4.354073703289031982e-01 5.790725350379943848e-01 3.216034499928355217e-03
4.587391614913940430e-01 4.925838410854339600e-01 -1.172919478267431259e-02
4.457172453403472900e-01 5.991023778915405273e-01 -1.793589675799012184e-03
4.323431253433227539e-01 4.848438203334808350e-01 -8.749429136514663696e-03
4.464863836765289307e-01 5.069918632507324219e-01 -1.054688543081283569e-02
4.204387366771697998e-01 5.103759765625000000e-01 -5.741764907725155354e-04
4.719849526882171631e-01 6.452199220657348633e-01 -1.275412645190954208e-02
4.788131713867187500e-01 4.595964550971984863e-01 -2.306718565523624420e-02
4.245233535766601562e-01 5.904105901718139648e-01 1.311310566961765289e-02
4.380180239677429199e-01 6.111292839050292969e-01 6.282065063714981079e-03
4.284344017505645752e-01 5.562736392021179199e-01 3.736128332093358040e-03
3.912568092346191406e-01 5.133985877037048340e-01 3.748300671577453613e-02
4.137798249721527100e-01 5.569322705268859863e-01 1.398944389075040817e-02
3.832608461380004883e-01 5.257623195648193359e-01 6.323930621147155762e-02
4.356119334697723389e-01 5.267918705940246582e-01 -5.617036949843168259e-03
4.884214103221893311e-01 4.351302981376647949e-01 -2.242168784141540527e-02
4.863473474979400635e-01 4.837181270122528076e-01 -4.778659716248512268e-02
4.787089526653289795e-01 4.876647889614105225e-01 -3.574013337492942810e-02
4.922029972076416016e-01 4.727990031242370605e-01 -5.523520708084106445e-02
4.864069223403930664e-01 3.521103560924530029e-01 -2.700112992897629738e-03
4.684692621231079102e-01 3.363130688667297363e-01 -5.299110431224107742e-03
4.521135389804840088e-01 3.317841291427612305e-01 -5.438480060547590256e-03
4.377774000167846680e-01 3.344783782958984375e-01 -1.804369152523577213e-03
4.270544946193695068e-01 3.425595760345458984e-01 4.345128778368234634e-03
4.164590835571289062e-01 3.756283521652221680e-01 2.083582431077957153e-02
3.776082992553710938e-01 4.158183336257934570e-01 6.896536797285079956e-02
4.219286143779754639e-01 4.021133184432983398e-01 1.154181733727455139e-02
4.328952729701995850e-01 4.091004729270935059e-01 5.399830173701047897e-03
4.483358263969421387e-01 4.119805097579956055e-01 1.593003398738801479e-03
4.638026654720306396e-01 4.102433919906616211e-01 8.810334111331030726e-05
4.765192568302154541e-01 4.055801033973693848e-01 1.092737540602684021e-03
4.855490326881408691e-01 4.007357358932495117e-01 9.315403876826167107e-04
3.737984895706176758e-01 4.154741168022155762e-01 1.115688607096672058e-01
4.780915677547454834e-01 4.925237298011779785e-01 -3.010102547705173492e-02
4.962110817432403564e-01 4.397998154163360596e-01 -3.890938311815261841e-02
4.943646788597106934e-01 4.855409264564514160e-01 -5.607312172651290894e-02
4.994072616100311279e-01 4.949152767658233643e-01 -5.108496546745300293e-02
4.939588904380798340e-01 4.884791970252990723e-01 -5.057587102055549622e-02
4.804669022560119629e-01 4.981311559677124023e-01 -2.602908946573734283e-02
5.015717148780822754e-01 4.967209696769714355e-01 -5.400975421071052551e-02
5.019797086715698242e-01 5.008735060691833496e-01 -4.048650339245796204e-02
4.879502952098846436e-01 3.869974613189697266e-01 6.785635836422443390e-03
4.932434856891632080e-01 3.916019797325134277e-01 4.280781722627580166e-04
4.965838491916656494e-01 3.944599628448486328e-01 -7.083466742187738419e-03
4.338317513465881348e-01 3.708307743072509766e-01 9.746960364282131195e-03
4.267652034759521484e-01 3.600008189678192139e-01 9.933666326105594635e-03
5.255814790725708008e-01 4.360718727111816406e-01 -4.441189765930175781e-02
5.963978767395019531e-01 4.003595709800720215e-01 2.201888151466846466e-02
5.205640196800231934e-01 5.010828971862792969e-01 -3.953399136662483215e-02
6.359365582466125488e-01 3.474305868148803711e-01 8.060338348150253296e-02
5.636503100395202637e-01 4.109890460968017578e-01 7.886894047260284424e-03
5.744047164916992188e-01 4.144958853721618652e-01 9.543829597532749176e-03
5.847510099411010742e-01 4.156372547149658203e-01 1.346533559262752533e-02
5.996910333633422852e-01 4.069033265113830566e-01 2.394859679043292999e-02
5.547003746032714844e-01 4.053010642528533936e-01 8.811738342046737671e-03
5.845985412597656250e-01 3.587955832481384277e-01 5.937249399721622467e-03
5.712872147560119629e-01 3.600792884826660156e-01 5.074996966868638992e-03
5.963318943977355957e-01 3.634211122989654541e-01 1.030575577169656754e-02
6.032392978668212891e-01 3.724722266197204590e-01 1.512198708951473236e-02
6.063812971115112305e-01 4.198881387710571289e-01 3.006139025092124939e-02
5.390766263008117676e-01 6.412214040756225586e-01 1.769937342032790184e-03
6.008396744728088379e-01 3.947056531906127930e-01 2.613003365695476532e-02
6.376087069511413574e-01 4.191885590553283691e-01 8.326503634452819824e-02
6.190000772476196289e-01 4.082082509994506836e-01 4.272572696208953857e-02
5.667260289192199707e-01 4.851801395416259766e-01 -4.345281049609184265e-03
5.193452835083007812e-01 5.464952588081359863e-01 -3.126077353954315186e-02
5.162884593009948730e-01 5.586569309234619141e-01 -2.594878710806369781e-02
5.323143005371093750e-01 5.529979467391967773e-01 -2.329302765429019928e-02
5.401974320411682129e-01 5.599206686019897461e-01 -1.384553033858537674e-02
5.266763567924499512e-01 5.609710216522216797e-01 -2.035414427518844604e-02
5.343786478042602539e-01 5.642648935317993164e-01 -1.177299395203590393e-02
5.523633956909179688e-01 5.891477465629577637e-01 4.349462687969207764e-03
5.214596986770629883e-01 4.917561411857604980e-01 -5.999203398823738098e-02
5.246800184249877930e-01 4.752614498138427734e-01 -6.323791295289993286e-02
6.177580952644348145e-01 3.590433299541473389e-01 2.072259224951267242e-02
5.472021698951721191e-01 4.393393397331237793e-01 -5.969367921352386475e-03
5.457925200462341309e-01 4.921003282070159912e-01 -2.997571416199207306e-02
5.473085045814514160e-01 4.832088649272918701e-01 -2.642500773072242737e-02
5.993031859397888184e-01 4.878349304199218750e-01 1.284556835889816284e-02
5.253879427909851074e-01 4.541195333003997803e-01 -5.590027198195457458e-02
5.953446030616760254e-01 3.362126350402832031e-01 7.062657095957547426e-05
6.093383431434631348e-01 3.439235985279083252e-01 1.001084130257368088e-02
6.286840438842773438e-01 3.167464733123779297e-01 5.794679746031761169e-02
5.461364388465881348e-01 3.492490649223327637e-01 -1.320915110409259796e-02
5.593700408935546875e-01 3.679223358631134033e-01 7.552220951765775681e-03
5.620560050010681152e-01 5.739325284957885742e-01 7.880985736846923828e-03
6.120943427085876465e-01 5.731662511825561523e-01 1.099834516644477844e-01
5.360842943191528320e-01 5.004011988639831543e-01 -2.661847136914730072e-02
5.271596908569335938e-01 5.039256215095520020e-01 -2.840103395283222198e-02
5.484830737113952637e-01 5.731656551361083984e-01 6.114668678492307663e-03
5.455120205879211426e-01 5.725503563880920410e-01 2.467225072905421257e-03
6.153079271316528320e-01 3.345412611961364746e-01 1.580919511616230011e-02
5.450919866561889648e-01 4.998935163021087646e-01 -2.386784180998802185e-02
5.752861499786376953e-01 3.369226455688476562e-01 -8.104218170046806335e-03
5.780954957008361816e-01 3.244165778160095215e-01 -1.010775566101074219e-02
5.909053087234497070e-01 2.723479866981506348e-01 1.191149931401014328e-02
6.221597790718078613e-01 3.289204835891723633e-01 3.385996073484420776e-02
5.837135314941406250e-01 2.992053627967834473e-01 3.388043551240116358e-04
6.240101456642150879e-01 3.537304401397705078e-01 3.100453875958919525e-02
6.301034688949584961e-01 3.545430898666381836e-01 5.423213541507720947e-02
5.180929303169250488e-01 5.534104108810424805e-01 -2.982316352427005768e-02
5.295143723487854004e-01 5.575238466262817383e-01 -2.233240567147731781e-02
5.374431610107421875e-01 5.622835755348205566e-01 -1.379382144659757614e-02
5.330691337585449219e-01 5.031562447547912598e-01 -2.424620278179645538e-02
5.469745993614196777e-01 5.728875994682312012e-01 4.140694160014390945e-03
5.420314073562622070e-01 5.785659551620483398e-01 -3.366857534274458885e-03
5.439724922180175781e-01 5.722576379776000977e-01 2.082786988466978073e-03
5.322160124778747559e-01 4.935905337333679199e-01 -4.221587255597114563e-02
5.318912863731384277e-01 5.651363730430603027e-01 -1.010118890553712845e-02
5.243124961853027344e-01 5.626636743545532227e-01 -1.602976769208908081e-02
5.146931409835815430e-01 5.612042546272277832e-01 -2.104431018233299255e-02
5.141392350196838379e-01 6.155361533164978027e-01 -1.326715759932994843e-02
5.151336193084716797e-01 5.997083187103271484e-01 -2.315819449722766876e-02
5.152062177658081055e-01 5.914890766143798828e-01 -2.413140237331390381e-02
5.147361159324645996e-01 5.838857889175415039e-01 -2.132141776382923126e-02
5.137042999267578125e-01 5.781782865524291992e-01 -1.955717988312244415e-02
5.310631394386291504e-01 5.765289068222045898e-01 -8.862074464559555054e-03
5.334346294403076172e-01 5.794311165809631348e-01 -1.075269374996423721e-02
5.359739661216735840e-01 5.837532281875610352e-01 -1.250749453902244568e-02
5.378854274749755859e-01 5.886945128440856934e-01 -1.042646821588277817e-02
5.525556802749633789e-01 5.443438887596130371e-01 -9.673961438238620758e-03
6.300808787345886230e-01 4.918322563171386719e-01 1.287547498941421509e-01
5.368008613586425781e-01 5.749440193176269531e-01 -2.321473322808742523e-03
5.394812822341918945e-01 5.764881372451782227e-01 -3.591987304389476776e-03
5.235130786895751953e-01 5.099395513534545898e-01 -2.919005043804645538e-02
5.401177406311035156e-01 5.092489719390869141e-01 -1.632266491651535034e-02
5.252524018287658691e-01 5.070295333862304688e-01 -2.902857773005962372e-02
5.580189228057861328e-01 4.510041475296020508e-01 -1.507800305262207985e-03
5.755451321601867676e-01 4.648231267929077148e-01 2.815359970554709435e-03
5.482329130172729492e-01 4.912045300006866455e-01 -1.999202743172645569e-02
6.150485873222351074e-01 2.912325859069824219e-01 3.356486558914184570e-02
6.078543066978454590e-01 3.099166154861450195e-01 1.628236100077629089e-02
5.998746752738952637e-01 3.244708776473999023e-01 2.314048120751976967e-03
5.423895716667175293e-01 5.999621748924255371e-01 -2.216492313891649246e-03
5.516196489334106445e-01 3.283274769783020020e-01 -1.711134798824787140e-02
5.569611787796020508e-01 2.949461936950683594e-01 -9.610525332391262054e-03
5.629638433456420898e-01 2.611637711524963379e-01 -1.674524508416652679e-03
5.939823985099792480e-01 4.135446250438690186e-01 1.899421587586402893e-02
6.164150834083557129e-01 4.339855909347534180e-01 3.678032010793685913e-02
5.487275719642639160e-01 4.001316726207733154e-01 1.021424215286970139e-02
6.117533445358276367e-01 3.828884959220886230e-01 2.578337304294109344e-02
5.405673980712890625e-01 4.268729984760284424e-01 -1.032245997339487076e-02
5.404340624809265137e-01 4.842646121978759766e-01 -4.156470671296119690e-02
6.282634735107421875e-01 4.498301446437835693e-01 4.995659738779067993e-02
6.080552339553833008e-01 4.454333484172821045e-01 2.571054920554161072e-02
5.935533642768859863e-01 4.499211609363555908e-01 1.405075658112764359e-02
5.731181502342224121e-01 4.434438943862915039e-01 7.967947982251644135e-03
5.586888790130615234e-01 4.336461722850799561e-01 4.485904704779386520e-03
5.481118559837341309e-01 4.240877032279968262e-01 8.751206332817673683e-04
5.283716917037963867e-01 4.018462598323822021e-01 -2.246209047734737396e-02
6.239212155342102051e-01 4.848107397556304932e-01 4.605358466506004333e-02
6.193498373031616211e-01 3.821930289268493652e-01 3.202835097908973694e-02
5.165261030197143555e-01 4.999136626720428467e-01 -5.463947355747222900e-02
5.451956391334533691e-01 4.559858441352844238e-01 -1.150195579975843430e-02
6.384564042091369629e-01 4.181283414363861084e-01 1.221259385347366333e-01
5.403381586074829102e-01 4.139612019062042236e-01 -1.040270086377859116e-03
5.487506389617919922e-01 4.924002289772033691e-01 -8.638705126941204071e-03
6.049884557723999023e-01 3.957408666610717773e-01 2.861623093485832214e-02
5.416358709335327148e-01 4.734363555908203125e-01 -3.708362951874732971e-02
6.228874921798706055e-01 5.316174626350402832e-01 1.223901063203811646e-01
5.491846203804016113e-01 3.940559923648834229e-01 1.330673228949308395e-02
5.341011881828308105e-01 4.617613255977630615e-01 -4.860066249966621399e-02
5.880693197250366211e-01 6.098179817199707031e-01 4.696917906403541565e-02
5.855730772018432617e-01 6.280138492584228516e-01 6.751664727926254272e-02
6.320253610610961914e-01 4.896414875984191895e-01 8.741987496614456177e-02
6.027138233184814453e-01 5.894255638122558594e-01 6.220235303044319153e-02
6.342130303382873535e-01 3.847089409828186035e-01 7.216443866491317749e-02
5.399023294448852539e-01 6.572948098182678223e-01 8.207768201828002930e-03
5.144773721694946289e-01 5.036939978599548340e-01 -3.974364697933197021e-02
5.540850162506103516e-01 4.701600372791290283e-01 -7.070023100823163986e-03
6.271673440933227539e-01 4.132444858551025391e-01 5.470647662878036499e-02
5.851871967315673828e-01 4.056530594825744629e-01 1.448022015392780304e-02
5.758169889450073242e-01 4.052830338478088379e-01 1.111289858818054199e-02
5.442379713058471680e-01 5.810903310775756836e-01 -1.322561874985694885e-03
6.184774041175842285e-01 5.178948044776916504e-01 4.883652925491333008e-02
5.174844264984130859e-01 6.772006750106811523e-01 1.038721762597560883e-02
5.528776645660400391e-01 6.589098572731018066e-01 3.560897707939147949e-02
5.681903362274169922e-01 6.465652585029602051e-01 4.973107948899269104e-02
5.666579008102416992e-01 4.023762345314025879e-01 1.009302120655775070e-02
5.579917430877685547e-01 3.983117341995239258e-01 1.123361568897962570e-02
5.520763993263244629e-01 3.961104750633239746e-01 1.335223019123077393e-02
6.263720989227294922e-01 3.806190192699432373e-01 4.425830766558647156e-02
5.610135793685913086e-01 3.826723098754882812e-01 9.765171445906162262e-03
5.712881684303283691e-01 3.777913451194763184e-01 8.621265180408954620e-03
5.812112092971801758e-01 3.774295747280120850e-01 9.713564999401569366e-03
5.905718207359313965e-01 3.812359571456909180e-01 1.299048028886318207e-02
5.959029197692871094e-01 3.867259919643402100e-01 1.688935980200767517e-02
6.390989422798156738e-01 3.793895244598388672e-01 1.041836366057395935e-01
5.917428731918334961e-01 4.035925269126892090e-01 1.854198984801769257e-02
5.431144833564758301e-01 5.338284969329833984e-01 -1.667601428925991058e-02
5.365134477615356445e-01 4.974910318851470947e-01 -3.060453571379184723e-02
5.232774019241333008e-01 5.255056619644165039e-01 -2.860110066831111908e-02
5.720501542091369629e-01 6.288633346557617188e-01 3.484299778938293457e-02
5.566189885139465332e-01 6.430339813232421875e-01 2.216585166752338409e-02
5.190255641937255859e-01 6.669948697090148926e-01 -4.386381711810827255e-03
5.992780923843383789e-01 6.055067181587219238e-01 8.971987664699554443e-02
5.529823303222656250e-01 3.895874619483947754e-01 1.190962456166744232e-02
5.337024927139282227e-01 4.300567209720611572e-01 -2.671032585203647614e-02
5.366039276123046875e-01 6.697654724121093750e-01 2.085620537400245667e-02
6.251056790351867676e-01 5.261386036872863770e-01 8.459363877773284912e-02
5.233070254325866699e-01 5.776066184043884277e-01 -1.455759070813655853e-02
5.253719091415405273e-01 5.821707844734191895e-01 -1.650966890156269073e-02
5.270149707794189453e-01 5.884629487991333008e-01 -1.861877553164958954e-02
5.279706120491027832e-01 5.960348844528198242e-01 -1.721287891268730164e-02
5.298759341239929199e-01 6.094045639038085938e-01 -8.879062719643115997e-03
5.404862165451049805e-01 5.680760145187377930e-01 -4.103219136595726013e-03
5.431999564170837402e-01 5.674345493316650391e-01 -3.754673758521676064e-03
5.455933213233947754e-01 5.663256645202636719e-01 -3.621993586421012878e-03
5.592198371887207031e-01 5.581165552139282227e-01 -6.701790844090282917e-04
6.038105487823486328e-01 5.248484611511230469e-01 2.465339191257953644e-02
5.343806743621826172e-01 4.131488800048828125e-01 -1.558135636150836945e-02
5.424417257308959961e-01 3.798195421695709229e-01 4.691281821578741074e-03
5.487262010574340820e-01 3.823010921478271484e-01 9.778162464499473572e-03
5.380289554595947266e-01 5.682886838912963867e-01 -3.105845535174012184e-03
6.007016897201538086e-01 5.650250911712646484e-01 4.099126905202865601e-02
5.325528979301452637e-01 3.779099583625793457e-01 -1.022668741643428802e-02
5.349056720733642578e-01 6.247086524963378906e-01 -2.895656973123550415e-03
5.271272063255310059e-01 4.199070334434509277e-01 -3.464810922741889954e-02
5.390905141830444336e-01 4.582573771476745605e-01 -2.687614224851131439e-02
5.165398716926574707e-01 6.321285963058471680e-01 -1.093502342700958252e-02
5.623150467872619629e-01 5.968266725540161133e-01 1.137542072683572769e-02
5.568688511848449707e-01 5.069099664688110352e-01 -5.335641559213399887e-03
5.497463941574096680e-01 6.130828857421875000e-01 4.615451674908399582e-03
5.822288990020751953e-01 5.071974992752075195e-01 9.584745275788009167e-04
5.655794143676757812e-01 5.245481133460998535e-01 -2.661678241565823555e-03
5.883669257164001465e-01 5.351422429084777832e-01 1.040528714656829834e-02
5.188634395599365234e-01 6.512256264686584473e-01 -1.000360492616891861e-02
5.443804264068603516e-01 4.692290127277374268e-01 -1.852581650018692017e-02
5.705154538154602051e-01 6.102960109710693359e-01 2.213715948164463043e-02
5.550474524497985840e-01 6.265453100204467773e-01 1.324916724115610123e-02
5.727624297142028809e-01 5.771058797836303711e-01 1.352132391184568405e-02
6.125067472457885742e-01 5.458253622055053711e-01 5.197941511869430542e-02
5.859585404396057129e-01 5.814490914344787598e-01 2.502164803445339203e-02
6.161991357803344727e-01 5.596772432327270508e-01 7.873481512069702148e-02
5.716747045516967773e-01 5.468267798423767090e-01 3.529535140842199326e-03
5.391724705696105957e-01 4.428039789199829102e-01 -1.850430853664875031e-02
5.360717177391052246e-01 4.912513494491577148e-01 -4.429275915026664734e-02
5.416030287742614746e-01 4.970591366291046143e-01 -3.171625733375549316e-02
5.333173871040344238e-01 4.789953827857971191e-01 -5.269358679652214050e-02
5.531439185142517090e-01 3.631319403648376465e-01 2.018271712586283684e-03
5.725755095481872559e-01 3.517872095108032227e-01 1.534033915959298611e-03
5.889197587966918945e-01 3.507179021835327148e-01 3.590998705476522446e-03
6.014695167541503906e-01 3.564542233943939209e-01 9.071552194654941559e-03
6.093028783798217773e-01 3.668289780616760254e-01 1.648678630590438843e-02
6.108025908470153809e-01 4.016876518726348877e-01 3.374814242124557495e-02
6.364548206329345703e-01 4.542549550533294678e-01 8.607368171215057373e-02
6.001255512237548828e-01 4.267034232616424561e-01 2.355047874152660370e-02
5.884664058685302734e-01 4.304661154747009277e-01 1.592390611767768860e-02
5.741875171661376953e-01 4.277151823043823242e-01 1.035539060831069946e-02
5.609937906265258789e-01 4.212741255760192871e-01 7.112470921128988266e-03
5.508996248245239258e-01 4.140505790710449219e-01 6.435803137719631195e-03
5.439419150352478027e-01 4.075927138328552246e-01 5.306200589984655380e-03
6.346312761306762695e-01 4.545755982398986816e-01 1.295080333948135376e-01
5.406646132469177246e-01 5.016901493072509766e-01 -2.613783441483974457e-02
5.330491065979003906e-01 4.453219175338745117e-01 -3.609552606940269470e-02
5.290203094482421875e-01 4.907063245773315430e-01 -5.386776104569435120e-02
5.219016075134277344e-01 4.982443153858184814e-01 -4.979566484689712524e-02
5.281648039817810059e-01 4.936826825141906738e-01 -4.829829931259155273e-02
5.370423793792724609e-01 5.062491893768310547e-01 -2.266078256070613861e-02
5.199571251869201660e-01 4.994030296802520752e-01 -5.295739695429801941e-02
5.179662704467773438e-01 5.031470060348510742e-01 -3.962202370166778564e-02
5.451483726501464844e-01 3.939852714538574219e-01 1.124294381588697433e-02
5.389741063117980957e-01 3.975250422954559326e-01 3.927154466509819031e-03
5.349943637847900391e-01 4.000370502471923828e-01 -4.245858639478683472e-03
5.987232923507690430e-01 3.909609615802764893e-01 2.093675732612609863e-02
6.066355705261230469e-01 3.828265964984893799e-01 2.180857770144939423e-02
4.546151757240295410e-01 3.764130771160125732e-01 5.903626792132854462e-03
4.662311673164367676e-01 3.778417706489562988e-01 5.903626792132854462e-03
4.561300873756408691e-01 3.616821169853210449e-01 5.903626792132854462e-03
4.428136348724365234e-01 3.749905228614807129e-01 5.903626792132854462e-03
4.530301094055175781e-01 3.910001516342163086e-01 5.903626792132854462e-03
5.782205462455749512e-01 3.920767605304718018e-01 1.444349158555269241e-02
5.898720026016235352e-01 3.936557173728942871e-01 1.444349158555269241e-02
5.791608691215515137e-01 3.766057193279266357e-01 1.444349158555269241e-02
5.665094256401062012e-01 3.904529213905334473e-01 1.444349158555269241e-02
5.773092508316040039e-01 4.075623750686645508e-01 1.444349158555269241e-02
