5.008102059364318848e-01 5.417686104774475098e-01 -3.355223312973976135e-02
5.095227360725402832e-01 4.830431044101715088e-01 -6.081555783748626709e-02
5.070039033889770508e-01 5.000183582305908203e-01 -3.276545926928520203e-02
5.031532645225524902e-01 4.271959066390991211e-01 -4.498307779431343079e-02
5.109345912933349609e-01 4.658336937427520752e-01 -6.436084955930709839e-02
5.121415853500366211e-01 4.437891840934753418e-01 -5.935248360037803650e-02
5.145148038864135742e-01 3.913058936595916748e-01 -2.723367512226104736e-02
4.287332296371459961e-01 3.818225562572479248e-01 1.347490958869457245e-02
5.169816613197326660e-01 3.498432338237762451e-01 -1.814357005059719086e-02
5.185109376907348633e-01 3.279541134834289551e-01 -1.952809467911720276e-02
5.228013992309570312e-01 2.533982694149017334e-01 -4.856624174863100052e-03
5.004037618637084961e-01 5.471595525741577148e-01 -3.217757120728492737e-02
4.999499917030334473e-01 5.522735714912414551e-01 -2.859460934996604919e-02
4.996780157089233398e-01 5.557470321655273438e-01 -2.354809269309043884e-02
4.992251098155975342e-01 5.578407645225524902e-01 -2.211509458720684052e-02
4.987743198871612549e-01 5.654743909835815430e-01 -2.405022829771041870e-02
4.981258809566497803e-01 5.749040842056274414e-01 -2.681546844542026520e-02
4.974468648433685303e-01 5.846514701843261719e-01 -2.576558850705623627e-02
4.972286522388458252e-01 6.045926809310913086e-01 -1.596693135797977448e-02
5.084696412086486816e-01 4.918743073940277100e-01 -5.516761541366577148e-02
4.974139332771301270e-01 4.905075430870056152e-01 -4.020715877413749695e-02
3.916563689708709717e-01 3.145827651023864746e-01 6.729557365179061890e-02
4.597227871417999268e-01 3.983365297317504883e-01 2.840575994923710823e-03
4.474914073944091797e-01 3.989972174167633057e-01 3.161120461300015450e-03
4.363051056861877441e-01 3.966459333896636963e-01 5.883701145648956299e-03
4.226152300834655762e-01 3.863999843597412109e-01 1.474726945161819458e-02
4.710839390754699707e-01 3.942450881004333496e-01 4.764526616781949997e-03
4.497949481010437012e-01 3.464211821556091309e-01 -8.001890382729470730e-04
4.628522694110870361e-01 3.503620326519012451e-01 6.683552055619657040e-05
4.367980360984802246e-01 3.474389910697937012e-01 2.274890895932912827e-03
4.274651110172271729e-01 3.535926640033721924e-01 6.446640938520431519e-03
4.116812348365783691e-01 3.949617743492126465e-01 1.980814710259437561e-02
4.523812234401702881e-01 6.247587800025939941e-01 -4.193550907075405121e-03
4.251025915145874023e-01 3.773591518402099609e-01 1.704047992825508118e-02
3.808795213699340820e-01 3.841743469238281250e-01 6.917607784271240234e-02
4.010321497917175293e-01 3.822190761566162109e-01 3.111470118165016174e-02
4.513906538486480713e-01 4.632753133773803711e-01 -1.018340233713388443e-02
4.877845942974090576e-01 5.359226465225219727e-01 -3.272976726293563843e-02
4.884159266948699951e-01 5.494073033332824707e-01 -2.751502580940723419e-02
4.747106432914733887e-01 5.394586920738220215e-01 -2.673643454909324646e-02
4.656467735767364502e-01 5.442525148391723633e-01 -1.868274435400962830e-02
4.783096909523010254e-01 5.486613512039184570e-01 -2.342721261084079742e-02
4.700662791728973389e-01 5.494330525398254395e-01 -1.598726399242877960e-02
4.466601908206939697e-01 5.671739578247070312e-01 -2.314490731805562973e-03
5.000758767127990723e-01 4.815034270286560059e-01 -6.012491136789321899e-02
4.998828172683715820e-01 4.647904634475708008e-01 -6.339431554079055786e-02
4.139067530632019043e-01 3.326449394226074219e-01 9.853153489530086517e-03
4.775800108909606934e-01 4.247601628303527832e-01 -9.613436646759510040e-03
4.735137224197387695e-01 4.749578535556793213e-01 -3.335782140493392944e-02
4.729851186275482178e-01 4.661512076854705811e-01 -2.984638884663581848e-02
4.168406426906585693e-01 4.576120376586914062e-01 2.773711225017905235e-03
5.016525983810424805e-01 4.444574713706970215e-01 -5.635157227516174316e-02
4.440006911754608154e-01 3.128724694252014160e-01 -7.844795472919940948e-03
4.269158840179443359e-01 3.189765810966491699e-01 1.269654458155855536e-04
4.068284034729003906e-01 2.867236733436584473e-01 4.656701907515525818e-02
4.937245547771453857e-01 3.338043987751007080e-01 -1.570475660264492035e-02
4.738180935382843018e-01 3.592128753662109375e-01 3.718206426128745079e-03
4.393769502639770508e-01 5.498332977294921875e-01 1.818044838728383183e-04
3.820116817951202393e-01 5.422936677932739258e-01 9.450161457061767578e-02
4.811657667160034180e-01 4.853919744491577148e-01 -2.884393185377120972e-02
4.895270764827728271e-01 4.912478327751159668e-01 -2.965110354125499725e-02
4.544365704059600830e-01 5.527274608612060547e-01 -5.117433029226958752e-04
4.571255445480346680e-01 5.525208711624145508e-01 -3.409865312278270721e-03
4.224485754966735840e-01 3.086520433425903320e-01 5.725828465074300766e-03
4.720302224159240723e-01 4.824636876583099365e-01 -2.730971388518810272e-02
4.654920399188995361e-01 3.160256147384643555e-01 -1.320532057434320450e-02
4.654694497585296631e-01 3.028557896614074707e-01 -1.514032483100891113e-02
4.573295414447784424e-01 2.537875771522521973e-01 6.474994122982025146e-03
4.151170849800109863e-01 3.023243546485900879e-01 2.333083748817443848e-02
4.625157415866851807e-01 2.835192382335662842e-01 -4.804168362170457840e-03
4.082803130149841309e-01 3.268592953681945801e-01 1.960535533726215363e-02
4.005174040794372559e-01 3.246688842773437500e-01 4.215921461582183838e-02
4.878305494785308838e-01 5.435603260993957520e-01 -3.139410540461540222e-02
4.764793813228607178e-01 5.445566773414611816e-01 -2.558863908052444458e-02
4.678004682064056396e-01 5.469942092895507812e-01 -1.827450469136238098e-02
4.833733141422271729e-01 4.887879192829132080e-01 -2.636103704571723938e-02
4.558318555355072021e-01 5.526560544967651367e-01 -2.020807936787605286e-03
4.605990052223205566e-01 5.559080839157104492e-01 -8.758548647165298462e-03
4.585389792919158936e-01 5.524269938468933105e-01 -3.691862802952528000e-03
4.874246418476104736e-01 4.801938533782958984e-01 -4.427430406212806702e-02
4.717012047767639160e-01 5.511052012443542480e-01 -1.415830478072166443e-02
4.797619283199310303e-01 5.512409806251525879e-01 -1.902674697339534760e-02
4.890989661216735840e-01 5.529702305793762207e-01 -2.276904881000518799e-02
4.819705188274383545e-01 6.018704175949096680e-01 -1.593975536525249481e-02
4.837735295295715332e-01 5.810700654983520508e-01 -2.552869357168674469e-02
4.850743114948272705e-01 5.713323950767517090e-01 -2.634302154183387756e-02
4.867700040340423584e-01 5.621701478958129883e-01 -2.327813953161239624e-02
4.886505305767059326e-01 5.551130771636962891e-01 -2.134840376675128937e-02
4.714396893978118896e-01 5.521694421768188477e-01 -1.298945210874080658e-02
4.688282012939453125e-01 5.555278062820434570e-01 -1.499169506132602692e-02
4.660507440567016602e-01 5.599743723869323730e-01 -1.699695736169815063e-02
4.635439515113830566e-01 5.653178691864013672e-01 -1.526783872395753860e-02
4.554244279861450195e-01 5.234750509262084961e-01 -1.515937130898237228e-02
3.733205497264862061e-01 4.576641023159027100e-01 1.127259582281112671e-01
5.077326297760009766e-01 4.957129359245300293e-01 -4.047080129384994507e-02
4.654060304164886475e-01 5.521872639656066895e-01 -7.445023395121097565e-03
4.631086885929107666e-01 5.538735389709472656e-01 -8.740093559026718140e-03
4.923998117446899414e-01 4.979957640171051025e-01 -3.043188154697418213e-02
4.747738242149353027e-01 4.927528500556945801e-01 -1.916782557964324951e-02
4.910416305065155029e-01 4.947052597999572754e-01 -3.024789318442344666e-02
4.647036492824554443e-01 4.329946339130401611e-01 -6.609455216675996780e-03
4.451053738594055176e-01 4.415214955806732178e-01 -4.333139397203922272e-03
4.701939523220062256e-01 4.734960198402404785e-01 -2.367462217807769775e-02
4.278333783149719238e-01 2.656576037406921387e-01 2.482216991484165192e-02
4.349013864994049072e-01 2.877511382102966309e-01 8.111317642033100128e-03
4.417770504951477051e-01 3.007897734642028809e-01 -5.468042567372322083e-03
4.554802775382995605e-01 5.802833437919616699e-01 -8.029239252209663391e-03
4.932371079921722412e-01 3.112865686416625977e-01 -1.950237154960632324e-02
4.900553226470947266e-01 2.858941555023193359e-01 -1.170067954808473587e-02
4.878248572349548340e-01 2.504929006099700928e-01 -3.579013282433152199e-03
4.272504150867462158e-01 3.925369381904602051e-01 1.042307727038860321e-02
3.976776003837585449e-01 4.049287736415863037e-01 2.542007341980934143e-02
4.788524508476257324e-01 3.896699845790863037e-01 6.710627581924200058e-03
4.151311814785003662e-01 3.598411381244659424e-01 1.557415723800659180e-02
4.865006506443023682e-01 4.146727025508880615e-01 -1.311896368861198425e-02
4.811092317104339600e-01 4.690831899642944336e-01 -4.405584931373596191e-02
3.897513747215270996e-01 4.149712026119232178e-01 3.692943602800369263e-02
4.034602642059326172e-01 4.149198532104492188e-01 1.503421925008296967e-02
4.174407124519348145e-01 4.212934970855712891e-01 5.032071378082036972e-03
4.406346976757049561e-01 4.216091930866241455e-01 9.440676658414304256e-04
4.585522115230560303e-01 4.172455072402954102e-01 -7.275950629264116287e-04
4.728252887725830078e-01 4.108909964561462402e-01 -2.919294172897934914e-03
5.034187436103820801e-01 3.940823972225189209e-01 -2.343292906880378723e-02
3.895610272884368896e-01 4.496346116065979004e-01 3.285276889801025391e-02
4.068233966827392578e-01 3.564265072345733643e-01 2.082607895135879517e-02
5.027631521224975586e-01 4.905926287174224854e-01 -5.476064980030059814e-02
4.775800406932830811e-01 4.410571753978729248e-01 -1.488638482987880707e-02
3.754251599311828613e-01 3.833789527416229248e-01 1.062585413455963135e-01
4.839363992214202881e-01 4.025758504867553711e-01 -3.868581494316458702e-03
4.686232507228851318e-01 4.745628237724304199e-01 -1.245018746703863144e-02
4.194889068603515625e-01 3.757566213607788086e-01 1.890566200017929077e-02
4.810450971126556396e-01 4.585120081901550293e-01 -3.960067406296730042e-02
3.758267164230346680e-01 4.988020062446594238e-01 1.066024899482727051e-01
4.801927506923675537e-01 3.844613432884216309e-01 9.727371856570243835e-03
4.912366271018981934e-01 4.494720697402954102e-01 -5.011639371514320374e-02
4.053922295570373535e-01 5.829750895500183105e-01 3.598657995462417603e-02
4.037197828292846680e-01 6.034114956855773926e-01 5.518858879804611206e-02
3.769220411777496338e-01 4.540478587150573730e-01 7.283593714237213135e-02
3.928467631340026855e-01 5.592324137687683105e-01 4.960275441408157349e-02
3.902604877948760986e-01 3.520269393920898438e-01 5.898985639214515686e-02
4.483296871185302734e-01 6.419529914855957031e-01 1.582667813636362553e-03
5.032963156700134277e-01 4.945952296257019043e-01 -3.985618799924850464e-02
4.662333130836486816e-01 4.521985352039337158e-01 -1.142065506428480148e-02
3.912623226642608643e-01 3.861769735813140869e-01 4.203995689749717712e-02
4.391953647136688232e-01 3.880344927310943604e-01 7.150860968977212906e-03
4.490260183811187744e-01 3.903778791427612305e-01 4.779415670782327652e-03
4.582071006298065186e-01 5.585268139839172363e-01 -7.051943801343441010e-03
3.896476924419403076e-01 4.836331307888031006e-01 3.565805032849311829e-02
4.676059782505035400e-01 6.674538254737854004e-01 5.000886972993612289e-03
4.337658882141113281e-01 6.427339315414428711e-01 2.658994868397712708e-02
4.196549654006958008e-01 6.266837120056152344e-01 3.914847970008850098e-02
5.207415819168090820e-01 2.904484868049621582e-01 -1.290028728544712067e-02
4.919552803039550781e-01 6.728923916816711426e-01 2.732802182435989380e-03
4.592424333095550537e-01 3.900179266929626465e-01 4.796560388058423996e-03
4.695118069648742676e-01 3.876825571060180664e-01 6.797049194574356079e-03
4.764545261859893799e-01 3.859469294548034668e-01 9.413286112248897552e-03
3.994367420673370361e-01 3.545776307582855225e-01 3.210681676864624023e-02
4.702122807502746582e-01 3.775933682918548584e-01 5.395671818405389786e-03
4.597903490066528320e-01 3.749277889728546143e-01 3.124510636553168297e-03
4.500077068805694580e-01 3.735227584838867188e-01 3.171754069626331329e-03
4.400316476821899414e-01 3.735590577125549316e-01 5.402273032814264297e-03
4.330176711082458496e-01 3.748599290847778320e-01 8.679392747581005096e-03
3.816798031330108643e-01 3.451249003410339355e-01 8.936928957700729370e-02
4.329416453838348389e-01 3.848761618137359619e-01 1.046998146921396255e-02
5.056484341621398926e-01 5.135353803634643555e-01 -3.041547723114490509e-02
4.676681756973266602e-01 5.156810283660888672e-01 -2.084340341389179230e-02
4.816008508205413818e-01 4.824893474578857422e-01 -3.288938477635383606e-02
4.898870587348937988e-01 5.126786231994628906e-01 -3.015757165849208832e-02
5.155257582664489746e-01 3.710007667541503906e-01 -1.832349784672260284e-02
4.191542863845825195e-01 6.060996651649475098e-01 2.533683367073535919e-02
4.329618215560913086e-01 6.242615580558776855e-01 1.412797812372446060e-02
4.683572649955749512e-01 6.552930474281311035e-01 -8.965557441115379333e-03
3.919105231761932373e-01 5.774332284927368164e-01 7.557084411382675171e-02
4.773046970367431641e-01 3.814162313938140869e-01 7.971062324941158295e-03
4.944625496864318848e-01 4.194021522998809814e-01 -2.824429981410503387e-02
4.929567277431488037e-01 6.606009602546691895e-01 -1.091387122869491577e-02
4.491831660270690918e-01 6.568325757980346680e-01 1.348184142261743546e-02
3.786091208457946777e-01 4.915834367275238037e-01 7.017096877098083496e-02
4.793161153793334961e-01 5.529509186744689941e-01 -1.769849658012390137e-02
4.765866994857788086e-01 5.584019422531127930e-01 -1.986066997051239014e-02
4.742507338523864746e-01 5.654540657997131348e-01 -2.223306149244308472e-02
4.722855687141418457e-01 5.740321874618530273e-01 -2.112228795886039734e-02
4.669455885887145996e-01 5.924515724182128906e-01 -1.356295403093099594e-02
4.633307456970214844e-01 5.508611798286437988e-01 -9.247424080967903137e-03
4.610327780246734619e-01 5.498095750808715820e-01 -9.381083771586418152e-03
4.590567648410797119e-01 5.484474301338195801e-01 -9.471885859966278076e-03
4.454201757907867432e-01 5.350784063339233398e-01 -7.571855094283819199e-03
4.049926996231079102e-01 4.931535124778747559e-01 1.356382481753826141e-02
4.951972365379333496e-01 4.031667113304138184e-01 -1.740656420588493347e-02
4.903514385223388672e-01 3.702791631221771240e-01 2.674493938684463501e-03
4.829445481300354004e-01 3.733797073364257812e-01 6.417760159820318222e-03
4.654559791088104248e-01 5.517054796218872070e-01 -8.241180330514907837e-03
4.004209935665130615e-01 5.342584252357482910e-01 2.942722290754318237e-02
5.011026859283447266e-01 3.684542179107666016e-01 -1.146080624312162399e-02
4.593402445316314697e-01 6.080434918403625488e-01 -8.147460408508777618e-03
5.129490494728088379e-01 4.257823228836059570e-01 -4.828630387783050537e-02
5.031293034553527832e-01 4.114298820495605469e-01 -3.520910069346427917e-02
5.136883854866027832e-01 4.091430604457855225e-01 -3.732907027006149292e-02
4.848158359527587891e-01 4.447141289710998535e-01 -2.911926992237567902e-02
4.943697154521942139e-01 6.431603431701660156e-01 -1.652527227997779846e-02
4.958985447883605957e-01 6.225247383117675781e-01 -1.596727594733238220e-02
4.769229292869567871e-01 6.190677881240844727e-01 -1.429402269423007965e-02
4.354740977287292480e-01 5.736072063446044922e-01 3.609881270676851273e-03
4.577506184577941895e-01 4.864985048770904541e-01 -1.030212268233299255e-02
4.458577036857604980e-01 5.931141972541809082e-01 -1.927067642100155354e-03
4.316615760326385498e-01 4.805519580841064453e-01 -6.835586857050657272e-03
4.456863403320312500e-01 5.013589859008789062e-01 -9.037240408360958099e-03
4.198099970817565918e-01 5.065692663192749023e-01 1.352222636342048645e-03
4.715618789196014404e-01 6.384755373001098633e-01 -1.416876167058944702e-02
4.770174622535705566e-01 4.538304209709167480e-01 -2.160519547760486603e-02
4.246920943260192871e-01 5.864528417587280273e-01 1.334712374955415726e-02
4.380693435668945312e-01 6.067159175872802734e-01 5.917818751186132431e-03
4.281894862651824951e-01 5.512557029724121094e-01 4.726944491267204285e-03
3.908599615097045898e-01 5.129177570343017578e-01 3.913427889347076416e-02
4.135864973068237305e-01 5.535226464271545410e-01 1.511223427951335907e-02
3.829317688941955566e-01 5.267439484596252441e-01 6.451477110385894775e-02
4.347970485687255859e-01 5.214601159095764160e-01 -4.219213034957647324e-03
4.862872958183288574e-01 4.300382137298583984e-01 -2.104521356523036957e-02
4.842711091041564941e-01 4.769259691238403320e-01 -4.649509117007255554e-02
4.768003225326538086e-01 4.807380139827728271e-01 -3.452957421541213989e-02
4.899261295795440674e-01 4.660705626010894775e-01 -5.416906252503395081e-02
4.822160899639129639e-01 3.510326743125915527e-01 -8.842337410897016525e-04
4.639637768268585205e-01 3.367961645126342773e-01 -3.450708463788032532e-03
4.473127722740173340e-01 3.326146006584167480e-01 -3.501141909509897232e-03
4.327359795570373535e-01 3.355778455734252930e-01 3.349970793351531029e-04
4.217065870761871338e-01 3.439204096794128418e-01 6.735621951520442963e-03
4.113721251487731934e-01 3.788527250289916992e-01 2.320932038128376007e-02
3.770989477634429932e-01 4.183907210826873779e-01 7.135418802499771118e-02
4.165864586830139160e-01 4.017611742019653320e-01 1.402726769447326660e-02
4.278699755668640137e-01 4.072545170783996582e-01 7.640762720257043839e-03
4.436349570751190186e-01 4.093034267425537109e-01 3.598264185711741447e-03
4.595211148262023926e-01 4.072807431221008301e-01 2.134814625605940819e-03
4.726595282554626465e-01 4.024510383605957031e-01 2.601256128400564194e-03
4.819591045379638672e-01 3.973572850227355957e-01 2.373938681557774544e-03
3.735511302947998047e-01 4.200226664543151855e-01 1.132774353027343750e-01
4.762860238552093506e-01 4.853774905204772949e-01 -2.901103720068931580e-02
4.937649667263031006e-01 4.340933561325073242e-01 -3.762412443757057190e-02
4.920885264873504639e-01 4.784517288208007812e-01 -5.498521775007247925e-02
4.971060454845428467e-01 4.875121414661407471e-01 -5.031289532780647278e-02
4.917371869087219238e-01 4.814277291297912598e-01 -4.954378306865692139e-02
4.787003099918365479e-01 4.907387793064117432e-01 -2.515026554465293884e-02
4.992312788963317871e-01 4.891686141490936279e-01 -5.325177311897277832e-02
4.997253417968750000e-01 4.931851327419281006e-01 -3.999746590852737427e-02
4.842961430549621582e-01 3.842441439628601074e-01 8.295632898807525635e-03
4.898623526096343994e-01 3.882005810737609863e-01 1.706114388071000576e-03
4.930973052978515625e-01 3.900989890098571777e-01 -6.196630187332630157e-03
4.286057353019714355e-01 3.761122226715087891e-01 1.226267497986555099e-02
4.210223257541656494e-01 3.623829782009124756e-01 1.254138536751270294e-02
5.220913290977478027e-01 4.294597208499908447e-01 -4.391640424728393555e-02
5.922148823738098145e-01 3.991551101207733154e-01 2.071548625826835632e-02
5.184108614921569824e-01 4.930053651332855225e-01 -3.940667212009429932e-02
6.315876245498657227e-01 3.438097834587097168e-01 7.747188210487365723e-02
5.608918070793151855e-01 4.083251059055328369e-01 7.625360507518053055e-03
5.718032121658325195e-01 4.111612141132354736e-01 8.884414099156856537e-03
5.822401046752929688e-01 4.118802845478057861e-01 1.242761779576539993e-02
5.964457392692565918e-01 4.048061370849609375e-01 2.237597480416297913e-02
5.516706705093383789e-01 4.030932188034057617e-01 8.544846437871456146e-03
5.802077054977416992e-01 3.621083199977874756e-01 5.149656441062688828e-03
5.672777891159057617e-01 3.631868958473205566e-01 4.769127815961837769e-03
5.919885039329528809e-01 3.656661808490753174e-01 9.117897599935531616e-03
5.992335081100463867e-01 3.734210729598999023e-01 1.378947775810956955e-02
6.045130491256713867e-01 4.160475730895996094e-01 2.806052193045616150e-02
5.375320315361022949e-01 6.338291168212890625e-01 -8.541071438230574131e-04
5.963955521583557129e-01 3.955359458923339844e-01 2.459952048957347870e-02
6.346854567527770996e-01 4.147477746009826660e-01 7.993257045745849609e-02
6.157838702201843262e-01 4.040701389312744141e-01 4.023298993706703186e-02
5.635415315628051758e-01 4.770444929599761963e-01 -5.151188001036643982e-03
5.141536593437194824e-01 5.400661230087280273e-01 -3.139205276966094971e-02
5.113521218299865723e-01 5.532221198081970215e-01 -2.623195387423038483e-02
5.259494781494140625e-01 5.476276278495788574e-01 -2.399653382599353790e-02
5.333223938941955566e-01 5.550954341888427734e-01 -1.495780330151319504e-02
5.208613872528076172e-01 5.557482838630676270e-01 -2.101402729749679565e-02
5.281623005867004395e-01 5.590721368789672852e-01 -1.275079697370529175e-02
5.500701665878295898e-01 5.794628858566284180e-01 2.294054022058844566e-03
5.187668204307556152e-01 4.838028848171234131e-01 -5.944918841123580933e-02
5.215532183647155762e-01 4.674156010150909424e-01 -6.260227411985397339e-02
6.145935654640197754e-01 3.547271788120269775e-01 1.844858005642890930e-02
5.436730980873107910e-01 4.327643811702728271e-01 -6.299022119492292404e-03
5.432121157646179199e-01 4.832367897033691406e-01 -3.033137507736682892e-02
5.445235371589660645e-01 4.745921194553375244e-01 -2.673988416790962219e-02
5.962693095207214355e-01 4.796566665172576904e-01 1.083576213568449020e-02
5.220362544059753418e-01 4.468622505664825439e-01 -5.530932918190956116e-02
5.925257802009582520e-01 3.319711983203887939e-01 -1.547200023196637630e-03
6.062870621681213379e-01 3.399072885513305664e-01 7.784317713230848312e-03
6.231724619865417480e-01 3.131207227706909180e-01 5.562521144747734070e-02
5.428187251091003418e-01 3.433811068534851074e-01 -1.349085941910743713e-02
5.556430220603942871e-01 3.695363104343414307e-01 7.536342367529869080e-03
5.598595142364501953e-01 5.644851326942443848e-01 5.778452847152948380e-03
6.128059625625610352e-01 5.699607133865356445e-01 1.043147295713424683e-01
5.339224338531494141e-01 4.916749298572540283e-01 -2.671320736408233643e-02
5.250400900840759277e-01 4.954294860363006592e-01 -2.855818904936313629e-02
5.418506264686584473e-01 5.671884417533874512e-01 4.385568667203187943e-03
5.391723513603210449e-01 5.661603808403015137e-01 9.789115283638238907e-04
6.118794679641723633e-01 3.297675251960754395e-01 1.374801993370056152e-02
5.427820682525634766e-01 4.908373951911926270e-01 -2.432619407773017883e-02
5.725762844085693359e-01 3.316014409065246582e-01 -8.925481699407100677e-03
5.750229358673095703e-01 3.186767995357513428e-01 -1.080945227295160294e-02
5.839773416519165039e-01 2.695760130882263184e-01 1.171622611582279205e-02
6.161842942237854004e-01 3.260323405265808105e-01 3.195481002330780029e-02
5.765743851661682129e-01 2.972547709941864014e-01 3.285024286014959216e-05
6.202901005744934082e-01 3.489904403686523438e-01 2.862227894365787506e-02
6.253529191017150879e-01 3.513502478599548340e-01 5.182719603180885315e-02
5.129044055938720703e-01 5.476180315017700195e-01 -3.003037720918655396e-02
5.233415961265563965e-01 5.522291660308837891e-01 -2.301051467657089233e-02
5.308382511138916016e-01 5.572462677955627441e-01 -1.482530962675809860e-02
5.310037732124328613e-01 4.944024682044982910e-01 -2.454203553497791290e-02
5.404911041259765625e-01 5.667145848274230957e-01 2.535688923671841621e-03
5.357788205146789551e-01 5.683200359344482422e-01 -4.840776324272155762e-03
5.377671718597412109e-01 5.655726194381713867e-01 5.912809865549206734e-04
5.297786593437194824e-01 4.854070544242858887e-01 -4.220577701926231384e-02
5.261517167091369629e-01 5.601224899291992188e-01 -1.105599850416183472e-02
5.189787745475769043e-01 5.577584505081176758e-01 -1.670907437801361084e-02
5.101090669631958008e-01 5.564789772033691406e-01 -2.143745496869087219e-02
5.124527215957641602e-01 6.053993701934814453e-01 -1.467620395123958588e-02
5.112169384956359863e-01 5.854322314262390137e-01 -2.412514388561248779e-02
5.111283063888549805e-01 5.753965377807617188e-01 -2.485612221062183380e-02
5.107030868530273438e-01 5.659230947494506836e-01 -2.182442136108875275e-02
5.097895860671997070e-01 5.585179328918457031e-01 -1.994451135396957397e-02
5.259555578231811523e-01 5.611622333526611328e-01 -9.852055460214614868e-03
5.282484889030456543e-01 5.652495026588439941e-01 -1.183087937533855438e-02
5.304461717605590820e-01 5.704699754714965820e-01 -1.368301268666982651e-02
5.322499871253967285e-01 5.764063596725463867e-01 -1.180903520435094833e-02
5.504247546195983887e-01 5.350437760353088379e-01 -1.093659177422523499e-02
6.294435262680053711e-01 4.889648854732513428e-01 1.235476508736610413e-01
5.313107967376708984e-01 5.630766749382019043e-01 -3.652890678495168686e-03
5.335161089897155762e-01 5.655483007431030273e-01 -4.969595931470394135e-03
5.213080048561096191e-01 5.014014840126037598e-01 -2.932278625667095184e-02
5.379928350448608398e-01 5.002172589302062988e-01 -1.676322706043720245e-02
5.231038928031921387e-01 4.985320866107940674e-01 -2.919203601777553558e-02
5.545086860656738281e-01 4.439392089843750000e-01 -2.205910393968224525e-03
5.719868540763854980e-01 4.571589231491088867e-01 1.517577329650521278e-03
5.456433296203613281e-01 4.824384748935699463e-01 -2.042943798005580902e-02
6.085021495819091797e-01 2.879000604152679443e-01 3.220076113939285278e-02
6.009488105773925781e-01 3.074583411216735840e-01 1.511753816157579422e-02
5.967721343040466309e-01 3.198213577270507812e-01 9.875440737232565880e-04
5.402184724807739258e-01 5.900437831878662109e-01 -4.145652987062931061e-03
5.476989150047302246e-01 3.218430280685424805e-01 -1.725821755826473236e-02
5.505942106246948242e-01 2.933201193809509277e-01 -9.153567254543304443e-03
5.564100742340087891e-01 2.591764926910400391e-01 -8.763005025684833527e-04
5.910730361938476562e-01 4.100033044815063477e-01 1.762519776821136475e-02
6.148574352264404297e-01 4.283758401870727539e-01 3.446802496910095215e-02
5.455780625343322754e-01 3.980177640914916992e-01 1.006057113409042358e-02
6.083986759185791016e-01 3.808694481849670410e-01 2.387414500117301941e-02
5.369112491607666016e-01 4.207516312599182129e-01 -1.050711702555418015e-02
5.375180840492248535e-01 4.759590923786163330e-01 -4.159573465585708618e-02
6.253343820571899414e-01 4.435802996158599854e-01 4.704943671822547913e-02
6.082272529602050781e-01 4.390390813350677490e-01 2.369127608835697174e-02
5.948402881622314453e-01 4.433783888816833496e-01 1.255925092846155167e-02
5.738727450370788574e-01 4.381338953971862793e-01 6.807696074247360229e-03
5.584143996238708496e-01 4.295056462287902832e-01 3.802340943366289139e-03
5.468868017196655273e-01 4.207291901111602783e-01 4.843676870223134756e-04
5.245897173881530762e-01 3.966474235057830811e-01 -2.234945446252822876e-02
6.217288374900817871e-01 4.779272973537445068e-01 4.300809651613235474e-02
6.159716248512268066e-01 3.785365819931030273e-01 2.975278906524181366e-02
5.141243338584899902e-01 4.919661879539489746e-01 -5.420487374067306519e-02
5.420444607734680176e-01 4.488154649734497070e-01 -1.168900914490222931e-02
6.360210776329040527e-01 4.151076972484588623e-01 1.176447197794914246e-01
5.385671854019165039e-01 4.109856784343719482e-01 -1.240017591044306755e-03
5.462247133255004883e-01 4.837991893291473389e-01 -9.073146618902683258e-03
6.015181541442871094e-01 3.950118422508239746e-01 2.686135843396186829e-02
5.385500192642211914e-01 4.653812944889068604e-01 -3.707797080278396606e-02
6.231225728988647461e-01 5.287328362464904785e-01 1.169076114892959595e-01
5.455692410469055176e-01 3.925853967666625977e-01 1.321132667362689972e-02
5.307288169860839844e-01 4.541955292224884033e-01 -4.828786104917526245e-02
5.878339409828186035e-01 6.037538647651672363e-01 4.337719827890396118e-02
5.858318209648132324e-01 6.237111091613769531e-01 6.272605806589126587e-02
6.308104991912841797e-01 4.846865236759185791e-01 8.354130387306213379e-02
6.028839349746704102e-01 5.838440060615539551e-01 5.825059488415718079e-02
6.303622722625732422e-01 3.808037042617797852e-01 6.925743818283081055e-02
5.387892723083496094e-01 6.511780023574829102e-01 5.138286389410495758e-03
5.122244954109191895e-01 4.956611692905426025e-01 -3.952743858098983765e-02
5.509746670722961426e-01 4.625018239021301270e-01 -7.503905333578586578e-03
6.232300996780395508e-01 4.083623290061950684e-01 5.190450325608253479e-02
5.816195011138916016e-01 4.025043845176696777e-01 1.359063666313886642e-02
5.725024342536926270e-01 4.023342132568359375e-01 1.047293189913034439e-02
5.378782749176025391e-01 5.715472102165222168e-01 -2.922408748418092728e-03
6.171891689300537109e-01 5.112180113792419434e-01 4.556371644139289856e-02
5.163965821266174316e-01 6.721357107162475586e-01 7.049787789583206177e-03
5.521979331970214844e-01 6.544923186302185059e-01 3.141651675105094910e-02
5.679097771644592285e-01 6.421992778778076172e-01 4.527875408530235291e-02
5.633068084716796875e-01 4.001109600067138672e-01 9.654931724071502686e-03
5.545070767402648926e-01 3.966037333011627197e-01 1.094844657927751541e-02
5.486202239990234375e-01 3.943569660186767578e-01 1.312451995909214020e-02
6.224230527877807617e-01 3.764221668243408203e-01 4.168413951992988586e-02
5.562115907669067383e-01 3.872603774070739746e-01 9.635684080421924591e-03
5.661551356315612793e-01 3.861104846000671387e-01 8.126553148031234741e-03
5.755929350852966309e-01 3.865754604339599609e-01 8.980974555015563965e-03
5.847129225730895996e-01 3.886750638484954834e-01 1.195343304425477982e-02
5.904929041862487793e-01 3.914551436901092529e-01 1.573196984827518463e-02
6.356674432754516602e-01 3.759246766567230225e-01 1.003360226750373840e-01
5.877699851989746094e-01 4.011212885379791260e-01 1.738945394754409790e-02
5.409669280052185059e-01 5.245013833045959473e-01 -1.757334917783737183e-02
5.342937111854553223e-01 4.888883829116821289e-01 -3.073604777455329895e-02
5.210546255111694336e-01 5.164729952812194824e-01 -2.881914936006069183e-02
5.714563727378845215e-01 6.228330135345458984e-01 3.134470805525779724e-02
5.557454824447631836e-01 6.371806859970092773e-01 1.883286237716674805e-02
5.179057717323303223e-01 6.603881120681762695e-01 -7.058494724333286285e-03
5.999184250831604004e-01 6.016170382499694824e-01 8.435434848070144653e-02
5.489874482154846191e-01 3.901410102844238281e-01 1.177208870649337769e-02
5.300809144973754883e-01 4.237093627452850342e-01 -2.649659849703311920e-02
5.356248021125793457e-01 6.650109291076660156e-01 1.703425310552120209e-02
6.246809959411621094e-01 5.212365984916687012e-01 8.052092045545578003e-02
5.187562108039855957e-01 5.593810677528381348e-01 -1.526862103492021561e-02
5.207546353340148926e-01 5.655106306076049805e-01 -1.733879372477531433e-02
5.222139954566955566e-01 5.731298923492431641e-01 -1.959901303052902222e-02
5.232253074645996094e-01 5.821824073791503906e-01 -1.841442659497261047e-02
5.278574824333190918e-01 5.992469787597656250e-01 -1.062243338674306870e-02
5.338112711906433105e-01 5.624462366104125977e-01 -5.411251448094844818e-03
5.362770557403564453e-01 5.620873570442199707e-01 -5.187673494219779968e-03
5.384986400604248047e-01 5.612918138504028320e-01 -5.092334467917680740e-03
5.571832656860351562e-01 5.487090945243835449e-01 -2.347052795812487602e-03
6.021454334259033203e-01 5.171149969100952148e-01 2.209855616092681885e-02
5.306184887886047363e-01 4.075241088867187500e-01 -1.559867616742849350e-02
5.388451814651489258e-01 3.774146437644958496e-01 4.911993630230426788e-03
5.449042320251464844e-01 3.815149962902069092e-01 9.708297438919544220e-03
5.314415693283081055e-01 5.626228451728820801e-01 -4.399770870804786682e-03
5.999943017959594727e-01 5.580332279205322266e-01 3.783993795514106750e-02
5.293079614639282227e-01 3.745567798614501953e-01 -1.001894939690828323e-02
5.331144332885742188e-01 6.160350441932678223e-01 -5.104279145598411560e-03
5.234662890434265137e-01 4.138529300689697266e-01 -3.427575901150703430e-02
5.358610749244689941e-01 4.509364068508148193e-01 -2.680779248476028442e-02
5.149501562118530273e-01 6.231747865676879883e-01 -1.290593110024929047e-02
5.603996515274047852e-01 5.882460474967956543e-01 8.893098682165145874e-03
5.542972683906555176e-01 4.981346428394317627e-01 -6.173565052449703217e-03
5.477688312530517578e-01 6.045560836791992188e-01 2.249529818072915077e-03
5.795183181762695312e-01 4.986698031425476074e-01 -4.361210740171372890e-04
5.631657242774963379e-01 5.157040953636169434e-01 -3.935352899134159088e-03
5.864681005477905273e-01 5.267838239669799805e-01 8.557678200304508209e-03
5.174689888954162598e-01 6.434189677238464355e-01 -1.242016162723302841e-02
5.414792895317077637e-01 4.614866673946380615e-01 -1.871135644614696503e-02
5.691228508949279785e-01 6.028120517730712891e-01 1.918473280966281891e-02
5.534938573837280273e-01 6.193311810493469238e-01 1.042114291340112686e-02
5.708853602409362793e-01 5.684684514999389648e-01 1.111289579421281815e-02
6.118737459182739258e-01 5.394710898399353027e-01 4.854675382375717163e-02
5.846852660179138184e-01 5.736789107322692871e-01 2.230680920183658600e-02
6.162921190261840820e-01 5.546616315841674805e-01 7.446238398551940918e-02
5.697358250617980957e-01 5.379736423492431641e-01 1.738512539304792881e-03
5.357646346092224121e-01 4.360561370849609375e-01 -1.851144619286060333e-02
5.334640741348266602e-01 4.829367995262145996e-01 -4.427238181233406067e-02
5.392426848411560059e-01 4.882299900054931641e-01 -3.198966383934020996e-02
5.302530527114868164e-01 4.709959626197814941e-01 -5.251051485538482666e-02
5.497968792915344238e-01 3.607217073440551758e-01 2.161849522963166237e-03
5.692752599716186523e-01 3.507714867591857910e-01 1.036695903167128563e-03
5.854480266571044922e-01 3.501882255077362061e-01 2.440096111968159676e-03
5.980242490768432617e-01 3.554456233978271484e-01 7.463712710887193680e-03
6.059774756431579590e-01 3.651686608791351318e-01 1.462733466178178787e-02
6.076958179473876953e-01 3.990992605686187744e-01 3.163981437683105469e-02
6.344096660614013672e-01 4.494780004024505615e-01 8.243130892515182495e-02
5.989774465560913086e-01 4.223146140575408936e-01 2.187895029783248901e-02
5.878593325614929199e-01 4.256391525268554688e-01 1.457346789538860321e-02
5.732406377792358398e-01 4.235580563545227051e-01 9.369730018079280853e-03
5.593604445457458496e-01 4.180689752101898193e-01 6.736224051564931870e-03
5.486071705818176270e-01 4.113428294658660889e-01 6.081387866288423538e-03
5.413206219673156738e-01 4.050464332103729248e-01 5.210022442042827606e-03
6.330881118774414062e-01 4.517586827278137207e-01 1.246240139007568359e-01
5.384509563446044922e-01 4.927193820476531982e-01 -2.649668417870998383e-02
5.295675992965698242e-01 4.384170472621917725e-01 -3.581666946411132812e-02
5.263535380363464355e-01 4.826486706733703613e-01 -5.356853455305099487e-02
5.195984244346618652e-01 4.902628958225250244e-01 -4.948246479034423828e-02
5.257312655448913574e-01 4.856797158718109131e-01 -4.808163642883300781e-02
5.349438786506652832e-01 4.972862303256988525e-01 -2.299739792943000793e-02
5.175813436508178711e-01 4.913902878761291504e-01 -5.258397012948989868e-02
5.157798528671264648e-01 4.950553774833679199e-01 -3.944167122244834900e-02
5.417484045028686523e-01 3.920345902442932129e-01 1.121951080858707428e-02
5.358939766883850098e-01 3.950330913066864014e-01 3.968327306210994720e-03
5.325337052345275879e-01 3.972890973091125488e-01 -4.338144324719905853e-03
5.939212441444396973e-01 3.936264216899871826e-01 1.957858167588710785e-02
6.030402779579162598e-01 3.824465274810791016e-01 2.030874975025653839e-02
4.501504004001617432e-01 3.804886639118194580e-01 8.103578351438045502e-03
4.628029167652130127e-01 3.814789652824401855e-01 8.103578351438045502e-03
4.510645270347595215e-01 3.669120967388153076e-01 8.103578351438045502e-03
4.375359117984771729e-01 3.793950378894805908e-01 8.103578351438045502e-03
4.493097066879272461e-01 3.936246037483215332e-01 8.103578351438045502e-03
5.748486518859863281e-01 3.925371170043945312e-01 1.371790841221809387e-02
5.860591530799865723e-01 3.939415216445922852e-01 1.371790841221809387e-02
5.760255455970764160e-01 3.790312707424163818e-01 1.371790841221809387e-02
5.635474920272827148e-01 3.911051154136657715e-01 1.371790841221809387e-02
5.736616253852844238e-01 4.058549404144287109e-01 1.371790841221809387e-02
