5.052408576011657715e-01 5.234441161155700684e-01 -4.000147432088851929e-02
5.103548765182495117e-01 4.656347036361694336e-01 -6.430473923683166504e-02
5.077906250953674316e-01 4.850919544696807861e-01 -3.714104369282722473e-02
5.044330358505249023e-01 4.114096760749816895e-01 -4.491863399744033813e-02
5.119307041168212891e-01 4.482811987400054932e-01 -6.692966073751449585e-02
5.133621096611022949e-01 4.271199107170104980e-01 -6.053930893540382385e-02
5.164338946342468262e-01 3.772202730178833008e-01 -2.387328818440437317e-02
4.350106120109558105e-01 3.641434907913208008e-01 1.636126637458801270e-02
5.195808410644531250e-01 3.341284394264221191e-01 -1.191787701100111008e-02
5.214888453483581543e-01 3.118237853050231934e-01 -1.164035964757204056e-02
5.267829298973083496e-01 2.408453673124313354e-01 8.388781920075416565e-03
5.050511956214904785e-01 5.274205207824707031e-01 -3.925564885139465332e-02
5.047692060470581055e-01 5.308802127838134766e-01 -3.618593513965606689e-02
5.045953989028930664e-01 5.328858494758605957e-01 -3.166121616959571838e-02
5.010941624641418457e-01 5.809738636016845703e-01 -2.444874309003353119e-02
5.008823275566101074e-01 5.868220329284667969e-01 -2.681673690676689148e-02
5.003482103347778320e-01 5.940631031990051270e-01 -2.937958948314189911e-02
4.997904598712921143e-01 6.015301346778869629e-01 -2.722151763737201691e-02
4.968268871307373047e-01 6.150910258293151855e-01 -1.688647828996181488e-02
5.092043876647949219e-01 4.753114581108093262e-01 -5.907839164137840271e-02
4.983738660812377930e-01 4.746463894844055176e-01 -4.424254968762397766e-02
3.949893116950988770e-01 3.028266429901123047e-01 7.471618056297302246e-02
4.637465476989746094e-01 3.824101090431213379e-01 5.326394457370042801e-03
4.520743489265441895e-01 3.824945092201232910e-01 5.341964308172464371e-03
4.413853883743286133e-01 3.800045847892761230e-01 7.923185825347900391e-03
4.285727441310882568e-01 3.697525560855865479e-01 1.708966866135597229e-02
4.745622575283050537e-01 3.789046704769134521e-01 7.578864693641662598e-03
4.554306268692016602e-01 3.278409242630004883e-01 3.644840558990836143e-03
4.680608808994293213e-01 3.319336175918579102e-01 4.795563407242298126e-03
4.427566230297088623e-01 3.293564319610595703e-01 6.389875430613756180e-03
4.335867166519165039e-01 3.360437750816345215e-01 1.025775913149118423e-02
4.163878858089447021e-01 3.791706264019012451e-01 2.141431532800197601e-02
4.500948786735534668e-01 6.243295669555664062e-01 -7.921814918518066406e-03
4.315470457077026367e-01 3.595241904258728027e-01 2.024208754301071167e-02
3.822606503963470459e-01 3.726893961429595947e-01 7.135542482137680054e-02
4.045092463493347168e-01 3.657384812831878662e-01 3.353133425116539001e-02
4.510198831558227539e-01 4.493605196475982666e-01 -1.274814736098051071e-02
4.891723692417144775e-01 5.189615488052368164e-01 -3.901018574833869934e-02
4.900572001934051514e-01 5.284571647644042969e-01 -3.509001806378364563e-02
4.736467599868774414e-01 5.223454833030700684e-01 -3.309816122055053711e-02
4.632157087326049805e-01 5.275453925132751465e-01 -2.424238063395023346e-02
4.776936769485473633e-01 5.288662910461425781e-01 -3.061361797153949738e-02
4.681282937526702881e-01 5.315518379211425781e-01 -2.229857258498668671e-02
4.446336627006530762e-01 5.641592144966125488e-01 -6.158038973808288574e-03
5.008829832077026367e-01 4.640356898307800293e-01 -6.367389112710952759e-02
5.008019804954528809e-01 4.472667872905731201e-01 -6.604925543069839478e-02
4.189324676990509033e-01 3.158792853355407715e-01 1.514043100178241730e-02
4.780170917510986328e-01 4.110447168350219727e-01 -9.258896112442016602e-03
4.736282527446746826e-01 4.593666493892669678e-01 -3.693537041544914246e-02
4.729669392108917236e-01 4.509803652763366699e-01 -3.292948007583618164e-02
4.163707196712493896e-01 4.439525604248046875e-01 -2.065698499791324139e-04
5.027256608009338379e-01 4.277018904685974121e-01 -5.769542977213859558e-02
4.496489167213439941e-01 2.961821258068084717e-01 -1.259901793673634529e-03
4.324818253517150879e-01 3.021586537361145020e-01 6.266009062528610229e-03
4.105057120323181152e-01 2.738928794860839844e-01 5.613509938120841980e-02
4.981294870376586914e-01 3.194442391395568848e-01 -9.508478455245494843e-03
4.783062636852264404e-01 3.415854573249816895e-01 8.293082006275653839e-03
4.386675953865051270e-01 5.425238609313964844e-01 -4.364161752164363861e-03
3.805501461029052734e-01 5.349910855293273926e-01 8.606988936662673950e-02
4.814591407775878906e-01 4.700489342212677002e-01 -3.260469436645507812e-02
4.901080131530761719e-01 4.762868583202362061e-01 -3.379264846444129944e-02
4.513490498065948486e-01 5.427563190460205078e-01 -5.013828631490468979e-03
4.546498656272888184e-01 5.431126952171325684e-01 -7.739658001810312271e-03
4.272870719432830811e-01 2.914192676544189453e-01 1.271838694810867310e-02
4.720583558082580566e-01 4.678111672401428223e-01 -3.126414492726325989e-02
4.709579348564147949e-01 3.001009523868560791e-01 -6.663947366178035736e-03
4.709361195564270020e-01 2.866875827312469482e-01 -7.735505234450101852e-03
4.609758257865905762e-01 2.399067580699920654e-01 1.846505701541900635e-02
4.180377125740051270e-01 2.874127030372619629e-01 3.190912306308746338e-02
4.654878973960876465e-01 2.678558230400085449e-01 5.227910354733467102e-03
4.124937057495117188e-01 3.097432255744934082e-01 2.556155622005462646e-02
4.032961130142211914e-01 3.108710646629333496e-01 4.924477636814117432e-02
4.892770946025848389e-01 5.242297053337097168e-01 -3.832734748721122742e-02
4.755552113056182861e-01 5.259909033775329590e-01 -3.237359225749969482e-02
4.655583500862121582e-01 5.297861695289611816e-01 -2.423982508480548859e-02
4.837463200092315674e-01 4.738493859767913818e-01 -3.025943227112293243e-02
4.529909789562225342e-01 5.429798960685729980e-01 -6.426560692489147186e-03
4.570122659206390381e-01 5.557945370674133301e-01 -1.192764472216367722e-02
4.560768902301788330e-01 5.431786775588989258e-01 -7.898003794252872467e-03
4.879247844219207764e-01 4.635859429836273193e-01 -4.781514406204223633e-02
4.703524112701416016e-01 5.323937535285949707e-01 -2.081839926540851593e-02
4.796673059463500977e-01 5.303471684455871582e-01 -2.666529081761837006e-02
4.910957217216491699e-01 5.306568741798400879e-01 -3.085518814623355865e-02
4.794498383998870850e-01 6.107436418533325195e-01 -1.715952716767787933e-02
4.827629029750823975e-01 5.960559844970703125e-01 -2.714071609079837799e-02
4.841124713420867920e-01 5.890061855316162109e-01 -2.856021560728549957e-02
4.858027696609497070e-01 5.821077227592468262e-01 -2.581255137920379639e-02
4.876157939434051514e-01 5.769892334938049316e-01 -2.361442148685455322e-02
4.686204493045806885e-01 5.633043050765991211e-01 -1.540204510092735291e-02
4.659623503684997559e-01 5.646213889122009277e-01 -1.731989160180091858e-02
4.626521468162536621e-01 5.672053098678588867e-01 -1.923291757702827454e-02
4.600710868835449219e-01 5.704573988914489746e-01 -1.754788309335708618e-02
4.548485279083251953e-01 5.114195942878723145e-01 -2.002957835793495178e-02
3.729535639286041260e-01 4.482450783252716064e-01 1.092690825462341309e-01
5.084678530693054199e-01 4.799832403659820557e-01 -4.471159726381301880e-02
4.626640975475311279e-01 5.553890466690063477e-01 -1.040749717503786087e-02
4.598001837730407715e-01 5.553082823753356934e-01 -1.176102086901664734e-02
4.927269816398620605e-01 4.832418560981750488e-01 -3.488224372267723083e-02
4.746543467044830322e-01 4.787732362747192383e-01 -2.334556356072425842e-02
4.915052056312561035e-01 4.798358976840972900e-01 -3.455694019794464111e-02
4.646151363849639893e-01 4.191477894783020020e-01 -7.169480435550212860e-03
4.448079168796539307e-01 4.274217486381530762e-01 -5.776201374828815460e-03
4.700376391410827637e-01 4.590309560298919678e-01 -2.713567949831485748e-02
4.314879477024078369e-01 2.520673274993896484e-01 3.585747256875038147e-02
4.377641081809997559e-01 2.722250223159790039e-01 1.755307428538799286e-02
4.472099542617797852e-01 2.836961746215820312e-01 2.011673292145133018e-03
4.525200128555297852e-01 5.812887549400329590e-01 -1.088641490787267685e-02
4.978047609329223633e-01 2.962583899497985840e-01 -1.187767181545495987e-02
4.932805001735687256e-01 2.709193825721740723e-01 -1.228723092935979366e-03
4.915754795074462891e-01 2.370714247226715088e-01 9.027359075844287872e-03
4.328476190567016602e-01 3.759288787841796875e-01 1.249370630830526352e-02
4.016846418380737305e-01 3.896430432796478271e-01 2.616063319146633148e-02
4.821336865425109863e-01 3.747193217277526855e-01 9.869270026683807373e-03
4.203656315803527832e-01 3.429774940013885498e-01 1.949650608003139496e-02
4.874213933944702148e-01 4.008637666702270508e-01 -1.204411778599023819e-02
4.814537465572357178e-01 4.524025619029998779e-01 -4.721290618181228638e-02
3.897495865821838379e-01 4.021919071674346924e-01 3.660930693149566650e-02
4.084309935569763184e-01 4.011064171791076660e-01 1.487162057310342789e-02
4.230659306049346924e-01 4.082390367984771729e-01 4.672917071729898453e-03
4.458866417407989502e-01 4.082773923873901367e-01 9.348348830826580524e-04
4.631128907203674316e-01 4.035610258579254150e-01 -8.040589455049484968e-05
4.768678843975067139e-01 3.969110548496246338e-01 -1.618960057385265827e-03
5.051507949829101562e-01 3.799026608467102051e-01 -2.043445780873298645e-02
3.887857794761657715e-01 4.369081854820251465e-01 3.002472408115863800e-02
4.110703468322753906e-01 3.395908474922180176e-01 2.497875876724720001e-02
5.036014318466186523e-01 4.739516675472259521e-01 -5.873275548219680786e-02
4.777265191078186035e-01 4.267713427543640137e-01 -1.603936962783336639e-02
3.770132064819335938e-01 3.734722733497619629e-01 1.082940250635147095e-01
4.876804351806640625e-01 3.884078860282897949e-01 -1.838518306612968445e-03
4.682725071907043457e-01 4.606768786907196045e-01 -1.571827381849288940e-02
4.256489574909210205e-01 3.588360846042633057e-01 2.201930060982704163e-02
4.813006520271301270e-01 4.424069523811340332e-01 -4.210491850972175598e-02
3.745620846748352051e-01 4.896191954612731934e-01 1.006363555788993835e-01
4.836986660957336426e-01 3.691087663173675537e-01 1.349090319126844406e-02
4.920172691345214844e-01 4.329462349414825439e-01 -5.196164548397064209e-02
4.042974114418029785e-01 5.772878527641296387e-01 2.918284572660923004e-02
4.011637866497039795e-01 5.992000699043273926e-01 4.618433490395545959e-02
3.759610652923583984e-01 4.428949654102325439e-01 6.966617703437805176e-02
3.921738862991333008e-01 5.522948503494262695e-01 4.201343655586242676e-02
3.924187123775482178e-01 3.395920395851135254e-01 6.383311003446578979e-02
4.459124505519866943e-01 6.417137384414672852e-01 -3.724317997694015503e-03
5.041240453720092773e-01 4.788122475147247314e-01 -4.412325099110603333e-02
4.659670591354370117e-01 4.381069839000701904e-01 -1.340734027326107025e-02
3.935702443122863770e-01 3.692595660686492920e-01 4.425622522830963135e-02
4.446246325969696045e-01 3.704829514026641846e-01 9.822559542953968048e-03
4.537883698940277100e-01 3.732340931892395020e-01 7.534968666732311249e-03
4.545121788978576660e-01 5.567280650138854980e-01 -1.054847054183483124e-02
3.886028528213500977e-01 4.716258943080902100e-01 3.062254004180431366e-02
4.652043282985687256e-01 6.703135967254638672e-01 -7.879252079874277115e-04
4.300759434700012207e-01 6.411527395248413086e-01 1.975141465663909912e-02
4.162323474884033203e-01 6.236675977706909180e-01 3.138542175292968750e-02
5.243333578109741211e-01 2.763332724571228027e-01 -2.105652121827006340e-03
4.911646842956542969e-01 6.774133443832397461e-01 -2.596886595711112022e-03
4.635443091392517090e-01 3.734150826930999756e-01 7.834461517632007599e-03
4.732535481452941895e-01 3.717554509639739990e-01 1.013542152941226959e-02
4.799639582633972168e-01 3.705689907073974609e-01 1.305411849170923233e-02
4.025926589965820312e-01 3.372293114662170410e-01 3.650487959384918213e-02
4.745140075683593750e-01 3.580545783042907715e-01 9.518646635115146637e-03
4.649142622947692871e-01 3.532257676124572754e-01 7.259240839630365372e-03
4.554109871387481689e-01 3.513846695423126221e-01 7.181861437857151031e-03
4.455575942993164062e-01 3.523642420768737793e-01 9.206791408360004425e-03
4.389168620109558105e-01 3.550418019294738770e-01 1.225660741329193115e-02
3.842765688896179199e-01 3.343752324581146240e-01 9.429670125246047974e-02
4.388571083545684814e-01 3.672406077384948730e-01 1.320881210267543793e-02
5.065319538116455078e-01 4.987774193286895752e-01 -3.517120331525802612e-02
4.668564200401306152e-01 5.023440718650817871e-01 -2.579890005290508270e-02
4.818960130214691162e-01 4.666234254837036133e-01 -3.640376031398773193e-02
4.898585677146911621e-01 4.979751706123352051e-01 -3.485903888940811157e-02
5.177543759346008301e-01 3.567504882812500000e-01 -1.348713226616382599e-02
4.171698987483978271e-01 6.019005179405212402e-01 1.925430074334144592e-02
4.306444823741912842e-01 6.215854287147521973e-01 8.429651148617267609e-03
4.664736986160278320e-01 6.577476263046264648e-01 -1.378419902175664902e-02
3.900966942310333252e-01 5.721783638000488281e-01 6.594851613044738770e-02
4.810728728771209717e-01 3.645363748073577881e-01 1.194768585264682770e-02
4.956361651420593262e-01 4.046062529087066650e-01 -2.743812650442123413e-02
4.922413825988769531e-01 6.649345159530639648e-01 -1.524867676198482513e-02
4.458216428756713867e-01 6.573265790939331055e-01 7.277928758412599564e-03
3.770350813865661621e-01 4.813452363014221191e-01 6.469053775072097778e-02
4.769630432128906250e-01 5.708541274070739746e-01 -2.006099931895732880e-02
4.741904735565185547e-01 5.740074515342712402e-01 -2.211819216609001160e-02
4.715206027030944824e-01 5.790701508522033691e-01 -2.419332787394523621e-02
4.694498181343078613e-01 5.851287245750427246e-01 -2.283407375216484070e-02
4.635268449783325195e-01 5.978709459304809570e-01 -1.552584953606128693e-02
4.604673981666564941e-01 5.361868739128112793e-01 -1.454176101833581924e-02
4.578972160816192627e-01 5.352019667625427246e-01 -1.450214628130197525e-02
4.557852447032928467e-01 5.336926579475402832e-01 -1.447251159697771072e-02
4.452231526374816895e-01 5.249477028846740723e-01 -1.212081220000982285e-02
4.048686027526855469e-01 4.808749258518218994e-01 8.673742413520812988e-03
4.965473711490631104e-01 3.891225457191467285e-01 -1.530581433326005936e-02
4.936320781707763672e-01 3.551526665687561035e-01 7.015523500740528107e-03
4.864183068275451660e-01 3.573777377605438232e-01 1.069286745041608810e-02
4.625609517097473145e-01 5.363690853118896484e-01 -1.374559756368398666e-02
4.002065658569335938e-01 5.249453186988830566e-01 2.324699983000755310e-02
5.041981935501098633e-01 3.542777299880981445e-01 -6.964978761970996857e-03
4.566165506839752197e-01 6.093755960464477539e-01 -1.069790683686733246e-02
5.143883824348449707e-01 4.101045131683349609e-01 -4.793756082653999329e-02
5.046288967132568359e-01 3.965136110782623291e-01 -3.343838080763816833e-02
5.153376460075378418e-01 3.943542540073394775e-01 -3.528734669089317322e-02
4.851820170879364014e-01 4.294554293155670166e-01 -3.039117343723773956e-02
4.938773512840270996e-01 6.476659774780273438e-01 -1.899894885718822479e-02
4.954987466335296631e-01 6.294051408767700195e-01 -1.734187826514244080e-02
4.749433398246765137e-01 6.240298151969909668e-01 -1.598445512354373932e-02
4.339568912982940674e-01 5.683459043502807617e-01 -4.605221911333501339e-04
4.574511051177978516e-01 4.732277691364288330e-01 -1.379944849759340286e-02
4.432044625282287598e-01 5.908508896827697754e-01 -5.192363169044256210e-03
4.318857789039611816e-01 4.674360156059265137e-01 -1.024968829005956650e-02
4.459013044834136963e-01 4.889010190963745117e-01 -1.296157203614711761e-02
4.207005500793457031e-01 4.946320652961730957e-01 -3.007237333804368973e-03
4.698687493801116943e-01 6.410257816314697266e-01 -1.718878373503684998e-02
4.769289195537567139e-01 4.390700757503509521e-01 -2.361213602125644684e-02
4.230617582798004150e-01 5.812708139419555664e-01 8.335310034453868866e-03
4.357869327068328857e-01 6.036180257797241211e-01 1.516662072390317917e-03
4.279688298702239990e-01 5.430002212524414062e-01 -1.392204012518050149e-05
3.899639248847961426e-01 5.023177266120910645e-01 3.287747502326965332e-02
4.131563305854797363e-01 5.456562042236328125e-01 9.737433865666389465e-03
3.817273080348968506e-01 5.180486440658569336e-01 5.727292969822883606e-02
4.357579946517944336e-01 5.101861953735351562e-01 -8.586760610342025757e-03
4.869732856750488281e-01 4.154977500438690186e-01 -2.124849893152713776e-02
4.847018420696258545e-01 4.601155221462249756e-01 -4.987927898764610291e-02
4.770047962665557861e-01 4.649642705917358398e-01 -3.835516050457954407e-02
4.906580150127410889e-01 4.487659037113189697e-01 -5.705418810248374939e-02
4.865943491458892822e-01 3.351587951183319092e-01 4.326422233134508133e-03
4.692748785018920898e-01 3.198170065879821777e-01 2.163585741072893143e-03
4.531370401382446289e-01 3.154352903366088867e-01 1.981679815798997879e-03
4.386959075927734375e-01 3.184560537338256836e-01 5.381490569561719894e-03
4.275587797164916992e-01 3.270263075828552246e-01 1.139457337558269501e-02
4.161971807479858398e-01 3.620961606502532959e-01 2.608632482588291168e-02
3.773380517959594727e-01 4.069993197917938232e-01 7.077574729919433594e-02
4.218413531780242920e-01 3.864800333976745605e-01 1.519933994859457016e-02
4.330252110958099365e-01 3.922505378723144531e-01 8.747721090912818909e-03
4.484161436557769775e-01 3.942552804946899414e-01 4.763100296258926392e-03
4.636658132076263428e-01 3.923724293708801270e-01 3.691800870001316071e-03
4.762541055679321289e-01 3.877789378166198730e-01 4.644216503947973251e-03
4.852380454540252686e-01 3.828063607215881348e-01 4.824280273169279099e-03
3.741425275802612305e-01 4.105676710605621338e-01 1.126718297600746155e-01
4.764673113822937012e-01 4.703455269336700439e-01 -3.297181800007820129e-02
4.946866929531097412e-01 4.184683561325073242e-01 -3.818527609109878540e-02
4.928682148456573486e-01 4.612048864364624023e-01 -5.841875448822975159e-02
4.980657100677490234e-01 4.710771739482879639e-01 -5.418024584650993347e-02
4.925190210342407227e-01 4.646274447441101074e-01 -5.307316407561302185e-02
4.788232743740081787e-01 4.762789309024810791e-01 -2.922684140503406525e-02
5.001283884048461914e-01 4.726083278656005859e-01 -5.723084881901741028e-02
5.006261467933654785e-01 4.774091839790344238e-01 -4.414052888751029968e-02
4.874920845031738281e-01 3.692970573902130127e-01 1.187380123883485794e-02
4.929544925689697266e-01 3.736499547958374023e-01 4.943102132529020309e-03
4.965010285377502441e-01 3.757352828979492188e-01 -3.258213866502046585e-03
4.348894655704498291e-01 3.573282659053802490e-01 1.565350219607353210e-02
4.270998537540435791e-01 3.452617526054382324e-01 1.610820740461349487e-02
5.237067341804504395e-01 4.141829013824462891e-01 -4.356606677174568176e-02
5.961838960647583008e-01 3.857963383197784424e-01 2.566570974886417389e-02
5.188279747962951660e-01 4.776448309421539307e-01 -4.320811107754707336e-02
6.342030763626098633e-01 3.383482396602630615e-01 8.868801593780517578e-02
5.636860132217407227e-01 3.935478329658508301e-01 1.139082014560699463e-02
5.743921399116516113e-01 3.973945081233978271e-01 1.265279576182365417e-02
5.848079919815063477e-01 3.991360068321228027e-01 1.629162393510341644e-02
5.998818278312683105e-01 3.924337029457092285e-01 2.687728963792324066e-02
5.547405481338500977e-01 3.877022862434387207e-01 1.239408925175666809e-02
5.847244262695312500e-01 3.460476100444793701e-01 1.119987666606903076e-02
5.714897513389587402e-01 3.464954495429992676e-01 1.076834183186292648e-02
5.965651869773864746e-01 3.507814109325408936e-01 1.508304849267005920e-02
6.036325693130493164e-01 3.595304489135742188e-01 1.964721828699111938e-02
6.068627834320068359e-01 4.049734175205230713e-01 3.200109675526618958e-02
5.393354892730712891e-01 6.355621218681335449e-01 -3.613383974879980087e-03
6.007589101791381836e-01 3.814897239208221436e-01 2.992666698992252350e-02
6.373208761215209961e-01 4.090961515903472900e-01 8.543457835912704468e-02
6.195823550224304199e-01 3.939235508441925049e-01 4.534155502915382385e-02
5.663655400276184082e-01 4.660524129867553711e-01 -6.391968578100204468e-03
5.211754441261291504e-01 5.227845907211303711e-01 -3.734135627746582031e-02
5.188095569610595703e-01 5.322938561439514160e-01 -3.355211764574050903e-02
5.356158614158630371e-01 5.294526219367980957e-01 -2.967634610831737518e-02
5.445873141288757324e-01 5.376448035240173340e-01 -1.957860402762889862e-02
5.304450392723083496e-01 5.356072187423706055e-01 -2.765252627432346344e-02
5.388956665992736816e-01 5.409329533576965332e-01 -1.832016929984092712e-02
5.538918972015380859e-01 5.789065361022949219e-01 -3.577039169613271952e-04
5.196203589439392090e-01 4.667710959911346436e-01 -6.280499696731567383e-02
5.227200984954833984e-01 4.504222571849822998e-01 -6.503368169069290161e-02
6.186296343803405762e-01 3.451490700244903564e-01 2.620950900018215179e-02
5.463247299194335938e-01 4.209460318088531494e-01 -5.113810300827026367e-03
5.451190471649169922e-01 4.696885943412780762e-01 -3.303128108382225037e-02
5.468074679374694824e-01 4.615113139152526855e-01 -2.890557982027530670e-02
5.993354916572570801e-01 4.704429209232330322e-01 9.992534294724464417e-03
5.234425663948059082e-01 4.306398928165435791e-01 -5.637623369693756104e-02
5.959195494651794434e-01 3.213387131690979004e-01 6.701500155031681061e-03
6.101065874099731445e-01 3.298662602901458740e-01 1.600094139575958252e-02
6.265413165092468262e-01 3.063274621963500977e-01 6.852601468563079834e-02
5.455212593078613281e-01 3.310940265655517578e-01 -6.715944968163967133e-03
5.595688819885253906e-01 3.528745770454406738e-01 1.317819207906723022e-02
5.630263090133666992e-01 5.598474740982055664e-01 2.767202211543917656e-03
6.135487556457519531e-01 5.677701234817504883e-01 9.978456050157546997e-02
5.351976156234741211e-01 4.778852760791778564e-01 -2.992575056850910187e-02
5.258274078369140625e-01 4.814101159572601318e-01 -3.242613002657890320e-02
5.528978109359741211e-01 5.580037236213684082e-01 1.130590680986642838e-03
5.496317744255065918e-01 5.572441220283508301e-01 -2.265030052512884140e-03
6.160675287246704102e-01 3.205122351646423340e-01 2.290550805628299713e-02
5.446051955223083496e-01 4.781469404697418213e-01 -2.743634581565856934e-02
5.754049420356750488e-01 3.205361366271972656e-01 -1.243771868757903576e-03
5.781820416450500488e-01 3.079036474227905273e-01 -2.206337871029973030e-03
5.884845256805419922e-01 2.594962120056152344e-01 2.568919770419597626e-02
6.199162602424621582e-01 3.168050646781921387e-01 4.296636953949928284e-02
5.811780095100402832e-01 2.851407527923583984e-01 1.146702934056520462e-02
6.248331665992736816e-01 3.399922549724578857e-01 3.725209832191467285e-02
6.282764077186584473e-01 3.434575200080871582e-01 6.178122386336326599e-02
5.202615857124328613e-01 5.282174944877624512e-01 -3.664124757051467896e-02
5.330209732055664062e-01 5.330960154533386230e-01 -2.917074412107467651e-02
5.418787002563476562e-01 5.395947098731994629e-01 -1.997012645006179810e-02
5.320974588394165039e-01 4.808379411697387695e-01 -2.791806124150753021e-02
5.512272715568542480e-01 5.576893687248229980e-01 -7.383494521491229534e-04
5.460760593414306641e-01 5.694702863693237305e-01 -7.065591868013143539e-03
5.481134057044982910e-01 5.567856431007385254e-01 -2.579383086413145065e-03
5.309130549430847168e-01 4.699859321117401123e-01 -4.514063894748687744e-02
5.364419817924499512e-01 5.411338210105895996e-01 -1.703190058469772339e-02
5.281038284301757812e-01 5.366015434265136719e-01 -2.385110780596733093e-02
5.174761414527893066e-01 5.341456532478332520e-01 -2.926536835730075836e-02
5.144094824790954590e-01 6.153192520141601562e-01 -1.570001430809497833e-02
5.164923667907714844e-01 6.014906764030456543e-01 -2.551418915390968323e-02
5.163096189498901367e-01 5.939609408378601074e-01 -2.687330543994903564e-02
5.155046582221984863e-01 5.866082310676574707e-01 -2.412909641861915588e-02
5.141520500183105469e-01 5.809772014617919922e-01 -2.200381644070148468e-02
5.337240695953369141e-01 5.731572508811950684e-01 -1.160399429500102997e-02
5.363736152648925781e-01 5.755214691162109375e-01 -1.351833157241344452e-02
5.393723845481872559e-01 5.793535709381103516e-01 -1.520983316004276276e-02
5.415847897529602051e-01 5.836398601531982422e-01 -1.328935381025075912e-02
5.532648563385009766e-01 5.252814888954162598e-01 -1.465915516018867493e-02
6.312747001647949219e-01 4.852444529533386230e-01 1.243364587426185608e-01
5.403016209602355957e-01 5.671101212501525879e-01 -5.709740333259105682e-03
5.433080196380615234e-01 5.679977536201477051e-01 -7.085280492901802063e-03
5.224943757057189941e-01 4.873769581317901611e-01 -3.347371146082878113e-02
5.397894382476806641e-01 4.879652857780456543e-01 -2.026253938674926758e-02
5.240600109100341797e-01 4.845015108585357666e-01 -3.323016688227653503e-02
5.575266480445861816e-01 4.325805604457855225e-01 -1.636715955100953579e-03
5.751793384552001953e-01 4.463462531566619873e-01 1.572526292875409126e-03
5.479322075843811035e-01 4.701093435287475586e-01 -2.296129427850246429e-02
6.126579642295837402e-01 2.795460522174835205e-01 4.598523303866386414e-02
6.054023504257202148e-01 2.968638539314270020e-01 2.651839889585971832e-02
6.004244089126586914e-01 3.095457553863525391e-01 1.025765389204025269e-02
5.441646575927734375e-01 5.933522582054138184e-01 -6.058925762772560120e-03
5.509378314018249512e-01 3.100842833518981934e-01 -8.983578532934188843e-03
5.548359751701354980e-01 2.802359163761138916e-01 2.072546165436506271e-03
5.607843399047851562e-01 2.478513270616531372e-01 1.274734176695346832e-02
5.940742492675781250e-01 3.978855013847351074e-01 2.171490900218486786e-02
6.166896820068359375e-01 4.188384413719177246e-01 3.780759498476982117e-02
5.487877726554870605e-01 3.824153840541839600e-01 1.414281874895095825e-02
6.124304533004760742e-01 3.691809773445129395e-01 3.020651079714298248e-02
5.393071770668029785e-01 4.084278643131256104e-01 -8.756093680858612061e-03
5.392396450042724609e-01 4.609207510948181152e-01 -4.403712227940559387e-02
6.285015344619750977e-01 4.364392757415771484e-01 4.971838742494583130e-02
6.085756421089172363e-01 4.295359253883361816e-01 2.597471885383129120e-02
5.941226482391357422e-01 4.331191480159759521e-01 1.423855964094400406e-02
5.734971165657043457e-01 4.261345565319061279e-01 8.355010300874710083e-03
5.588238239288330078e-01 4.160939157009124756e-01 5.633478518575429916e-03
5.479798316955566406e-01 4.063216447830200195e-01 2.644951920956373215e-03
5.266500711441040039e-01 3.830921947956085205e-01 -1.906804554164409637e-02
6.247918009757995605e-01 4.707289636135101318e-01 4.317922145128250122e-02
6.201643347740173340e-01 3.682687580585479736e-01 3.654238581657409668e-02
5.148100256919860840e-01 4.755890369415283203e-01 -5.802677571773529053e-02
5.446245670318603516e-01 4.364092946052551270e-01 -1.195323094725608826e-02
6.382714509963989258e-01 4.112710356712341309e-01 1.238594278693199158e-01
5.400366783142089844e-01 3.959376513957977295e-01 1.491517061367630959e-03
5.486226677894592285e-01 4.720400571823120117e-01 -1.137356460094451904e-02
6.054215431213378906e-01 3.822214007377624512e-01 3.224859014153480530e-02
5.405996441841125488e-01 4.509662389755249023e-01 -3.884828835725784302e-02
6.246299743652343750e-01 5.251291990280151367e-01 1.150330975651741028e-01
5.492639541625976562e-01 3.765717446804046631e-01 1.792317815124988556e-02
5.324313640594482422e-01 4.387798011302947998e-01 -4.961855337023735046e-02
5.887291431427001953e-01 6.020287871360778809e-01 3.894131630659103394e-02
5.870615243911743164e-01 6.236194968223571777e-01 5.666391924023628235e-02
6.336016654968261719e-01 4.792188107967376709e-01 8.377685397863388062e-02
6.034099459648132324e-01 5.813758373260498047e-01 5.346166715025901794e-02
6.329505443572998047e-01 3.742806911468505859e-01 7.722441852092742920e-02
5.401892066001892090e-01 6.531460285186767578e-01 9.420103160664439201e-04
5.128236413002014160e-01 4.800916612148284912e-01 -4.369535297155380249e-02
5.537735819816589355e-01 4.507467150688171387e-01 -8.434240706264972687e-03
6.275069117546081543e-01 3.989949226379394531e-01 5.709125846624374390e-02
5.849887728691101074e-01 3.891484737396240234e-01 1.808097399771213531e-02
5.757268667221069336e-01 3.880809545516967773e-01 1.480348967015743256e-02
5.484781861305236816e-01 5.713167786598205566e-01 -5.435353145003318787e-03
6.197064518928527832e-01 5.046257376670837402e-01 4.346132650971412659e-02
5.172585248947143555e-01 6.763061285018920898e-01 1.912048086524009705e-03
5.544614791870117188e-01 6.559503078460693359e-01 2.644917741417884827e-02
5.699909329414367676e-01 6.427512168884277344e-01 3.988680243492126465e-02
5.666439533233642578e-01 3.849141597747802734e-01 1.399419829249382019e-02
5.580589175224304199e-01 3.808211088180541992e-01 1.538454275578260422e-02
5.521912574768066406e-01 3.785358667373657227e-01 1.775789260864257812e-02
6.271774768829345703e-01 3.669226169586181641e-01 4.892870038747787476e-02
5.607192516326904297e-01 3.684682250022888184e-01 1.489438861608505249e-02
5.709236264228820801e-01 3.658609688282012939e-01 1.356862206012010574e-02
5.806293487548828125e-01 3.664505481719970703e-01 1.451285555958747864e-02
5.898936986923217773e-01 3.700643181800842285e-01 1.751035638153553009e-02
5.953986048698425293e-01 3.747231364250183105e-01 2.123684994876384735e-02
6.379560828208923340e-01 3.714470267295837402e-01 1.093116924166679382e-01
5.914712548255920410e-01 3.879890441894531250e-01 2.209038659930229187e-02
5.437552332878112793e-01 5.130756497383117676e-01 -2.169969491660594940e-02
5.356034636497497559e-01 4.745965600013732910e-01 -3.364296630024909973e-02
5.229520797729492188e-01 5.026657581329345703e-01 -3.319035097956657410e-02
5.729674696922302246e-01 6.220152378082275391e-01 2.714573964476585388e-02
5.574463009834289551e-01 6.373956799507141113e-01 1.463062968105077744e-02
5.184203386306762695e-01 6.640693545341491699e-01 -1.130387280136346817e-02
6.004793643951416016e-01 6.009517908096313477e-01 7.815133035182952881e-02
5.529508590698242188e-01 3.731432557106018066e-01 1.675877906382083893e-02
5.321069359779357910e-01 4.099330902099609375e-01 -2.519631199538707733e-02
5.375079512596130371e-01 6.678013801574707031e-01 1.218987163156270981e-02
6.270492076873779297e-01 5.164662599563598633e-01 7.837560027837753296e-02
5.249723792076110840e-01 5.780439972877502441e-01 -1.717704907059669495e-02
5.274218320846557617e-01 5.822317600250244141e-01 -1.912357844412326813e-02
5.294906497001647949e-01 5.882871747016906738e-01 -2.103862166404724121e-02
5.307493805885314941e-01 5.952873826026916504e-01 -1.955894008278846741e-02
5.314516425132751465e-01 6.065509319305419922e-01 -1.200523041188716888e-02
5.453054904937744141e-01 5.480522513389587402e-01 -9.801362641155719757e-03
5.479750633239746094e-01 5.477181673049926758e-01 -9.264704771339893341e-03
5.504825711250305176e-01 5.466927289962768555e-01 -8.946463465690612793e-03
5.598975419998168945e-01 5.411279797554016113e-01 -5.461380351334810257e-03
6.040829420089721680e-01 5.095775723457336426e-01 1.952263712882995605e-02
5.328239202499389648e-01 3.945249319076538086e-01 -1.306502707302570343e-02
5.420860052108764648e-01 3.621063530445098877e-01 9.873219765722751617e-03
5.486385822296142578e-01 3.653900921344757080e-01 1.491593569517135620e-02
5.431360602378845215e-01 5.475817322731018066e-01 -9.004542604088783264e-03
6.010652184486389160e-01 5.532844662666320801e-01 3.416726365685462952e-02
5.318321585655212402e-01 3.596035242080688477e-01 -5.118815228343009949e-03
5.358085036277770996e-01 6.194190979003906250e-01 -6.891672033816576004e-03
5.252652764320373535e-01 3.994737863540649414e-01 -3.225297480821609497e-02
5.381032824516296387e-01 4.371791481971740723e-01 -2.739382535219192505e-02
5.163588523864746094e-01 6.292532682418823242e-01 -1.424196455627679825e-02
5.631750226020812988e-01 5.857985615730285645e-01 6.271417252719402313e-03
5.565333962440490723e-01 4.872779846191406250e-01 -8.560511283576488495e-03
5.510669350624084473e-01 6.048658490180969238e-01 7.449999247910454869e-05
5.816341042518615723e-01 4.892261028289794922e-01 -2.174261491745710373e-03
5.650371313095092773e-01 5.060358643531799316e-01 -6.472606677561998367e-03
5.875152945518493652e-01 5.187715888023376465e-01 6.146821659058332443e-03
5.182518362998962402e-01 6.471480131149291992e-01 -1.491097640246152878e-02
5.439468026161193848e-01 4.486261606216430664e-01 -1.987346634268760681e-02
5.712049007415771484e-01 6.009045243263244629e-01 1.587864756584167480e-02
5.558887720108032227e-01 6.190592646598815918e-01 7.322856225073337555e-03
5.729854106903076172e-01 5.633103847503662109e-01 8.090189658105373383e-03
6.136226654052734375e-01 5.340024232864379883e-01 4.514021426439285278e-02
5.861998796463012695e-01 5.696756243705749512e-01 1.897954382002353668e-02
6.175830960273742676e-01 5.510334968566894531e-01 7.037933915853500366e-02
5.710582137107849121e-01 5.296621918678283691e-01 -1.060749869793653488e-03
5.380575060844421387e-01 4.229894280433654785e-01 -1.801938377320766449e-02
5.347948670387268066e-01 4.675510823726654053e-01 -4.699970036745071411e-02
5.408306121826171875e-01 4.743161499500274658e-01 -3.506817668676376343e-02
5.315757393836975098e-01 4.547956287860870361e-01 -5.498640984296798706e-02
5.530477762222290039e-01 3.464517593383789062e-01 8.250083774328231812e-03
5.727583169937133789e-01 3.369442820549011230e-01 7.875927723944187164e-03
5.892418026924133301e-01 3.368824422359466553e-01 9.540134109556674957e-03
6.019901633262634277e-01 3.428605496883392334e-01 1.450209319591522217e-02
6.099984645843505859e-01 3.532744348049163818e-01 2.158871851861476898e-02
6.113634705543518066e-01 3.876597881317138672e-01 3.693089634180068970e-02
6.371330618858337402e-01 4.438498020172119141e-01 8.524452149868011475e-02
6.006349325180053711e-01 4.111422896385192871e-01 2.523898519575595856e-02
5.888849496841430664e-01 4.139124155044555664e-01 1.754675246775150299e-02
5.744265317916870117e-01 4.105890095233917236e-01 1.207758579403162003e-02
5.610675811767578125e-01 4.038496315479278564e-01 9.552435949444770813e-03
5.508218407630920410e-01 3.964049816131591797e-01 9.094664826989173889e-03
5.437216162681579590e-01 3.897229731082916260e-01 8.445928804576396942e-03
6.351898908615112305e-01 4.481648206710815430e-01 1.282073110342025757e-01
5.399544835090637207e-01 4.794604480266571045e-01 -2.972543239593505859e-02
5.314416885375976562e-01 4.238194227218627930e-01 -3.586598113179206848e-02
5.272967219352722168e-01 4.662315249443054199e-01 -5.657973885536193848e-02
5.201585292816162109e-01 4.743680953979492188e-01 -5.310247838497161865e-02
5.265712141990661621e-01 4.697372019290924072e-01 -5.118681490421295166e-02
5.364170074462890625e-01 4.843881726264953613e-01 -2.648547664284706116e-02
5.182364583015441895e-01 4.752447307109832764e-01 -5.636236071586608887e-02
5.162747502326965332e-01 4.796553254127502441e-01 -4.342537745833396912e-02
5.451647639274597168e-01 3.762734234333038330e-01 1.562638953328132629e-02
5.386009216308593750e-01 3.794969022274017334e-01 7.839863188564777374e-03
5.345063805580139160e-01 3.818202614784240723e-01 -9.145925287157297134e-04
5.984731316566467285e-01 3.783202171325683594e-01 2.502180449664592743e-02
6.071945428848266602e-01 3.695122003555297852e-01 2.604370564222335815e-02
4.538127183914184570e-01 3.605429530143737793e-01 1.154430862516164780e-02
4.655246436595916748e-01 3.616086840629577637e-01 1.154430862516164780e-02
4.547797143459320068e-01 3.467851281166076660e-01 1.154430862516164780e-02
4.419755637645721436e-01 3.594099283218383789e-01 1.154430862516164780e-02
4.527572989463806152e-01 3.740432858467102051e-01 1.154430862516164780e-02
5.786626935005187988e-01 3.760194182395935059e-01 1.869566738605499268e-02
5.901240706443786621e-01 3.779338002204895020e-01 1.869566738605499268e-02
5.801364779472351074e-01 3.619230985641479492e-01 1.869566738605499268e-02
5.672212839126586914e-01 3.741021752357482910e-01 1.869566738605499268e-02
5.772457718849182129e-01 3.901538550853729248e-01 1.869566738605499268e-02
