5.072070360183715820e-01 5.327078700065612793e-01 -3.422021120786666870e-02
5.127752423286437988e-01 4.813144207000732422e-01 -6.027925014495849609e-02
5.098758339881896973e-01 4.983187317848205566e-01 -3.276310488581657410e-02
5.066050291061401367e-01 4.253846406936645508e-01 -4.449769109487533569e-02
5.143325924873352051e-01 4.643542468547821045e-01 -6.362220644950866699e-02
5.156553983688354492e-01 4.423979520797729492e-01 -5.848340317606925964e-02
5.181757211685180664e-01 3.890593945980072021e-01 -2.612274512648582458e-02
4.348305761814117432e-01 3.714674115180969238e-01 1.110102795064449310e-02
5.210652947425842285e-01 3.437680304050445557e-01 -1.686492934823036194e-02
5.228073000907897949e-01 3.212632536888122559e-01 -1.801211014389991760e-02
5.269636511802673340e-01 2.491951882839202881e-01 -3.180092200636863708e-03
5.070658922195434570e-01 5.367069244384765625e-01 -3.301826119422912598e-02
5.067736506462097168e-01 5.407100915908813477e-01 -2.954280190169811249e-02
5.065512061119079590e-01 5.433351993560791016e-01 -2.446024678647518158e-02
5.048025846481323242e-01 5.771543979644775391e-01 -2.106390334665775299e-02
5.046274662017822266e-01 5.837562680244445801e-01 -2.269916608929634094e-02
5.040956139564514160e-01 5.919783711433410645e-01 -2.502955310046672821e-02
5.035123825073242188e-01 6.000337004661560059e-01 -2.316105924546718597e-02
4.987826347351074219e-01 6.112058758735656738e-01 -1.282659359276294708e-02
5.115894675254821777e-01 4.900386333465576172e-01 -5.478476732969284058e-02
5.004611015319824219e-01 4.886078834533691406e-01 -4.031490162014961243e-02
3.925753235816955566e-01 3.067048788070678711e-01 6.367457658052444458e-02
4.652000367641448975e-01 3.911686837673187256e-01 1.270484877750277519e-03
4.533741772174835205e-01 3.918444812297821045e-01 1.302900724112987518e-03
4.423939287662506104e-01 3.893322050571441650e-01 3.736950922757387161e-03
4.292959570884704590e-01 3.765334188938140869e-01 1.217079814523458481e-02
4.757942259311676025e-01 3.869018256664276123e-01 3.575400216504931450e-03
4.541529417037963867e-01 3.354054093360900879e-01 -2.367732115089893341e-03
4.671140611171722412e-01 3.390831351280212402e-01 -1.149921561591327190e-03
4.416627287864685059e-01 3.373856544494628906e-01 3.917040012311190367e-04
4.329546689987182617e-01 3.441100120544433594e-01 4.261779133230447769e-03
4.178023040294647217e-01 3.867208659648895264e-01 1.682567410171031952e-02
4.536073505878448486e-01 6.253029108047485352e-01 -3.098318353295326233e-03
4.312322139739990234e-01 3.652532100677490234e-01 1.458834391087293625e-02
3.813130259513854980e-01 3.764580488204956055e-01 6.479708105325698853e-02
4.051139354705810547e-01 3.719658553600311279e-01 2.782687731087207794e-02
4.540345370769500732e-01 4.600771069526672363e-01 -1.206193584948778152e-02
4.925289452075958252e-01 5.282509326934814453e-01 -3.360340371727943420e-02
4.936479330062866211e-01 5.387592911720275879e-01 -2.879543788731098175e-02
4.780654311180114746e-01 5.325661897659301758e-01 -2.815088629722595215e-02
4.686055481433868408e-01 5.385707616806030273e-01 -2.047694846987724304e-02
4.825106561183929443e-01 5.398218631744384766e-01 -2.511134371161460876e-02
4.740513265132904053e-01 5.429790616035461426e-01 -1.796424016356468201e-02
4.492753148078918457e-01 5.690423846244812012e-01 -3.766413312405347824e-03
5.033499002456665039e-01 4.796741902828216553e-01 -5.978535860776901245e-02
5.032467246055603027e-01 4.631893038749694824e-01 -6.288176774978637695e-02
4.185993373394012451e-01 3.258937001228332520e-01 7.717116735875606537e-03
4.802894890308380127e-01 4.213227331638336182e-01 -1.065318565815687180e-02
4.767986238002777100e-01 4.728253185749053955e-01 -3.417415916919708252e-02
4.761900007724761963e-01 4.639798104763031006e-01 -3.072982467710971832e-02
4.192724823951721191e-01 4.536669254302978516e-01 -5.539543344639241695e-04
5.050716400146484375e-01 4.428473711013793945e-01 -5.582729727029800415e-02
4.483346343040466309e-01 3.075745701789855957e-01 -8.610253222286701202e-03
4.315797090530395508e-01 3.132261633872985840e-01 -1.248259912244975567e-03
4.080082774162292480e-01 2.793148756027221680e-01 4.382653906941413879e-02
4.975430965423583984e-01 3.297803103923797607e-01 -1.516946591436862946e-02
4.777888059616088867e-01 3.486487567424774170e-01 2.631578827276825905e-03
4.429513216018676758e-01 5.507078766822814941e-01 -2.045610453933477402e-03
3.819592595100402832e-01 5.347730517387390137e-01 8.880336582660675049e-02
4.844608902931213379e-01 4.833884537220001221e-01 -2.952026762068271637e-02
4.927471578121185303e-01 4.893193840980529785e-01 -2.998092956840991974e-02
4.586450159549713135e-01 5.532938241958618164e-01 -2.904851688072085381e-03
4.620085358619689941e-01 5.532633066177368164e-01 -5.641777534037828445e-03
4.261074066162109375e-01 3.020915091037750244e-01 4.225234035402536392e-03
4.754525125026702881e-01 4.804126024246215820e-01 -2.824696339666843414e-02
4.696983695030212402e-01 3.112826943397521973e-01 -1.335421390831470490e-02
4.692324399948120117e-01 2.978318333625793457e-01 -1.512233447283506393e-02
4.595801830291748047e-01 2.477642595767974854e-01 5.735920276492834091e-03
4.166705310344696045e-01 2.950902879238128662e-01 2.140313014388084412e-02
4.649437665939331055e-01 2.772575020790100098e-01 -4.999832715839147568e-03
4.117782115936279297e-01 3.183879852294921875e-01 1.728432066738605499e-02
4.019508659839630127e-01 3.171377182006835938e-01 3.930955007672309875e-02
4.927616417407989502e-01 5.339135527610778809e-01 -3.250841796398162842e-02
4.801717102527618408e-01 5.366234779357910156e-01 -2.715909108519554138e-02
4.711653590202331543e-01 5.410209894180297852e-01 -2.015168033540248871e-02
4.866939187049865723e-01 4.868240058422088623e-01 -2.693117037415504456e-02
4.603454470634460449e-01 5.533444285392761230e-01 -4.328337963670492172e-03
4.642055332660675049e-01 5.615569353103637695e-01 -1.005320530384778976e-02
4.635212421417236328e-01 5.531521439552307129e-01 -5.822171922773122787e-03
4.906181097030639648e-01 4.781359732151031494e-01 -4.459470137953758240e-02
4.765082001686096191e-01 5.439652204513549805e-01 -1.608481258153915405e-02
4.845882654190063477e-01 5.415860414505004883e-01 -2.070381678640842438e-02
4.946554303169250488e-01 5.414648056030273438e-01 -2.405326254665851593e-02
4.831562936305999756e-01 6.076740026473999023e-01 -1.332499086856842041e-02
4.875888824462890625e-01 5.951215028762817383e-01 -2.340705879032611847e-02
4.891022443771362305e-01 5.874621868133544922e-01 -2.479399368166923523e-02
4.909044504165649414e-01 5.795195102691650391e-01 -2.224384620785713196e-02
4.926696419715881348e-01 5.737411975860595703e-01 -2.062494494020938873e-02
4.754999876022338867e-01 5.642439126968383789e-01 -1.350708492100238800e-02
4.727146923542022705e-01 5.663441419601440430e-01 -1.515706442296504974e-02
4.692842066287994385e-01 5.696412920951843262e-01 -1.699027791619300842e-02
4.664068818092346191e-01 5.734043121337890625e-01 -1.532625872641801834e-02
4.589191079139709473e-01 5.223797559738159180e-01 -1.708864606916904449e-02
3.732265233993530273e-01 4.485702216625213623e-01 1.069160178303718567e-01
5.107434988021850586e-01 4.939506053924560547e-01 -4.039314016699790955e-02
4.700442552566528320e-01 5.596647858619689941e-01 -8.813007734715938568e-03
4.671255350112915039e-01 5.604001283645629883e-01 -9.969041682779788971e-03
4.954507946968078613e-01 4.961748123168945312e-01 -3.072363510727882385e-02
4.780287742614746094e-01 4.907393455505371094e-01 -2.003570459783077240e-02
4.941785335540771484e-01 4.928263425827026367e-01 -3.055166639387607574e-02
4.673264622688293457e-01 4.293325245380401611e-01 -8.202209137380123138e-03
4.476216435432434082e-01 4.377441406250000000e-01 -6.500354502350091934e-03
4.734715819358825684e-01 4.713317751884460449e-01 -2.474988810718059540e-02
4.292971193790435791e-01 2.587282657623291016e-01 2.301440574228763580e-02
4.366891384124755859e-01 2.809220552444458008e-01 7.019352633506059647e-03
4.453952908515930176e-01 2.947591543197631836e-01 -6.319395732134580612e-03
4.573206603527069092e-01 5.833638906478881836e-01 -8.300130255520343781e-03
4.966254532337188721e-01 3.067565560340881348e-01 -1.868687756359577179e-02
4.933349192142486572e-01 2.807259261608123779e-01 -1.104046031832695007e-02
4.909708499908447266e-01 2.454529553651809692e-01 -3.122743917629122734e-03
4.336299300193786621e-01 3.843315839767456055e-01 7.999188266694545746e-03
4.034183621406555176e-01 3.973584175109863281e-01 2.191433124244213104e-02
4.830114841461181641e-01 3.824703097343444824e-01 5.673319566994905472e-03
4.205468297004699707e-01 3.508433103561401367e-01 1.301506813615560532e-02
4.894072413444519043e-01 4.114665389060974121e-01 -1.372021157294511795e-02
4.842825829982757568e-01 4.669505953788757324e-01 -4.446117579936981201e-02
3.908218145370483398e-01 4.087688922882080078e-01 3.277422860264778137e-02
4.108992218971252441e-01 4.105817377567291260e-01 1.166173908859491348e-02
4.258720278739929199e-01 4.189295172691345215e-01 2.118225442245602608e-03
4.484418034553527832e-01 4.185208082199096680e-01 -1.192763214930891991e-03
4.652919769287109375e-01 4.129837751388549805e-01 -2.318669809028506279e-03
4.784725308418273926e-01 4.061367511749267578e-01 -4.002523142844438553e-03
5.069321990013122559e-01 3.914921283721923828e-01 -2.283060550689697266e-02
3.909378945827484131e-01 4.440705478191375732e-01 2.834269218146800995e-02
4.110162258148193359e-01 3.471133112907409668e-01 1.801282167434692383e-02
5.059005022048950195e-01 4.886899888515472412e-01 -5.453540012240409851e-02
4.803855419158935547e-01 4.380538761615753174e-01 -1.603974588215351105e-02
3.754432797431945801e-01 3.745159506797790527e-01 1.011843755841255188e-01
4.889253973960876465e-01 3.980374038219451904e-01 -4.569841548800468445e-03
4.718005359172821045e-01 4.722341299057006836e-01 -1.377589255571365356e-02
4.261026680469512939e-01 3.649497032165527344e-01 1.629021577537059784e-02
4.841424524784088135e-01 4.562705159187316895e-01 -4.005222395062446594e-02
3.756482601165771484e-01 4.899432063102722168e-01 1.008052006363868713e-01
4.840039610862731934e-01 3.764475584030151367e-01 8.648062124848365784e-03
4.944847226142883301e-01 4.475027024745941162e-01 -5.003195628523826599e-02
4.062713980674743652e-01 5.798230767250061035e-01 3.274916484951972961e-02
4.031932055950164795e-01 5.991415381431579590e-01 5.131293833255767822e-02
3.772118091583251953e-01 4.467162191867828369e-01 6.754222512245178223e-02
3.939987421035766602e-01 5.547347068786621094e-01 4.520494118332862854e-02
3.911565542221069336e-01 3.443629145622253418e-01 5.532734841108322144e-02
4.489241242408752441e-01 6.422964930534362793e-01 2.393607515841722488e-03
5.063177347183227539e-01 4.927851557731628418e-01 -3.986791521310806274e-02
4.689524173736572266e-01 4.490560889244079590e-01 -1.294491719454526901e-02
3.936472237110137939e-01 3.741212189197540283e-01 3.830137476325035095e-02
4.449377954006195068e-01 3.801115751266479492e-01 5.085121840238571167e-03
4.545182287693023682e-01 3.829516768455505371e-01 2.977429190650582314e-03
4.614523649215698242e-01 5.629916787147521973e-01 -8.538599126040935516e-03
3.913129866123199463e-01 4.781472682952880859e-01 3.093894384801387787e-02
4.677167832851409912e-01 6.694798469543457031e-01 6.819462869316339493e-03
4.330238699913024902e-01 6.409605145454406738e-01 2.578471787273883820e-02
4.188390672206878662e-01 6.235973238945007324e-01 3.685150295495986938e-02
5.249344706535339355e-01 2.859686017036437988e-01 -1.136861927807331085e-02
4.930231571197509766e-01 6.761091947555541992e-01 5.408061668276786804e-03
4.644195437431335449e-01 3.823868036270141602e-01 3.297601593658328056e-03
4.741595387458801270e-01 3.796834051609039307e-01 5.528687499463558197e-03
4.806290864944458008e-01 3.780373632907867432e-01 8.276268839836120605e-03
4.020958840847015381e-01 3.431430160999298096e-01 2.902700193226337433e-02
4.744220376014709473e-01 3.629051744937896729e-01 4.108905792236328125e-03
4.644752144813537598e-01 3.569884300231933594e-01 1.702176989056169987e-03
4.544580876827239990e-01 3.551996946334838867e-01 1.534702954813838005e-03
4.444555044174194336e-01 3.566753268241882324e-01 3.502782201394438744e-03
4.380242228507995605e-01 3.599790930747985840e-01 6.527583114802837372e-03
3.820794224739074707e-01 3.367889523506164551e-01 8.497717231512069702e-02
4.388538599014282227e-01 3.758745491504669189e-01 8.219297043979167938e-03
5.084284543991088867e-01 5.115425586700439453e-01 -3.054145537316799164e-02
4.708226621150970459e-01 5.141088366508483887e-01 -2.217500284314155579e-02
4.848661422729492188e-01 4.804288446903228760e-01 -3.346005082130432129e-02
4.927434325218200684e-01 5.106730461120605469e-01 -3.054123744368553162e-02
5.193140506744384766e-01 3.670811951160430908e-01 -1.724993996322154999e-02
4.196169376373291016e-01 6.038593053817749023e-01 2.347994595766067505e-02
4.334511160850524902e-01 6.230299472808837891e-01 1.363819651305675507e-02
4.692351520061492920e-01 6.573965549468994141e-01 -6.905328016728162766e-03
3.916491568088531494e-01 5.717791318893432617e-01 7.049887627363204956e-02
4.811945557594299316e-01 3.710676729679107666e-01 6.811259780079126358e-03
4.976954758167266846e-01 4.169512093067169189e-01 -2.827902883291244507e-02
4.943811893463134766e-01 6.639726161956787109e-01 -8.074896410107612610e-03
4.487262964248657227e-01 6.569256186485290527e-01 1.406843774020671844e-02
3.789467811584472656e-01 4.845861196517944336e-01 6.477922201156616211e-02
4.830395877361297607e-01 5.691754221916198730e-01 -1.758213713765144348e-02
4.802666306495666504e-01 5.730530023574829102e-01 -1.933817565441131592e-02
4.773729145526885986e-01 5.789200067520141602e-01 -2.141664363443851471e-02
4.750385582447052002e-01 5.855549573898315430e-01 -2.010163292288780212e-02
4.682235121726989746e-01 5.970627665519714355e-01 -1.244854740798473358e-02
4.673207402229309082e-01 5.474643111228942871e-01 -1.141054928302764893e-02
4.644906520843505859e-01 5.465478897094726562e-01 -1.159579399973154068e-02
4.621381759643554688e-01 5.450227260589599609e-01 -1.172193605452775955e-02
4.493383765220642090e-01 5.348820686340332031e-01 -9.877791628241539001e-03
4.078070819377899170e-01 4.889638423919677734e-01 9.773394092917442322e-03
4.983933269977569580e-01 4.002602398395538330e-01 -1.741081476211547852e-02
4.938683509826660156e-01 3.634372651576995850e-01 2.124770078808069229e-03
4.863689839839935303e-01 3.648138940334320068e-01 5.498026497662067413e-03
4.697017073631286621e-01 5.477180480957031250e-01 -1.040844060480594635e-02
4.027689099311828613e-01 5.303145051002502441e-01 2.551673166453838348e-02
5.047876238822937012e-01 3.639308214187622070e-01 -1.118562649935483932e-02
4.606983363628387451e-01 6.100015044212341309e-01 -6.897519342601299286e-03
5.165110826492309570e-01 4.241980910301208496e-01 -4.736823961138725281e-02
5.065901875495910645e-01 4.093631803989410400e-01 -3.457732871174812317e-02
5.172941684722900391e-01 4.073235392570495605e-01 -3.632043302059173584e-02
4.877777099609375000e-01 4.422026574611663818e-01 -2.965853922069072723e-02
4.959884881973266602e-01 6.465967893600463867e-01 -1.313180383294820786e-02
4.975309669971466064e-01 6.271848678588867188e-01 -1.246163062751293182e-02
4.783800840377807617e-01 6.226531863212585449e-01 -1.141423918306827545e-02
4.374814033508300781e-01 5.734015107154846191e-01 2.191535197198390961e-03
4.607892334461212158e-01 4.841282367706298828e-01 -1.186994463205337524e-02
4.472320675849914551e-01 5.936409235000610352e-01 -2.070791786536574364e-03
4.347661137580871582e-01 4.775209426879882812e-01 -9.212526492774486542e-03
4.490371346473693848e-01 4.992637336254119873e-01 -1.111044455319643021e-02
4.233080446720123291e-01 5.036111474037170410e-01 -1.520574674941599369e-03
4.729746282100677490e-01 6.406416893005371094e-01 -1.158798485994338989e-02
4.799182415008544922e-01 4.512129127979278564e-01 -2.254656702280044556e-02
4.259456694126129150e-01 5.850580930709838867e-01 1.166822668164968491e-02
4.391151070594787598e-01 6.060836911201477051e-01 5.677139386534690857e-03
4.311352372169494629e-01 5.504176616668701172e-01 2.410950139164924622e-03
3.926584124565124512e-01 5.076790452003479004e-01 3.449152782559394836e-02
4.158106446266174316e-01 5.513626337051391602e-01 1.223056204617023468e-02
3.836366534233093262e-01 5.206053256988525391e-01 5.926964432001113892e-02
4.387722611427307129e-01 5.199911594390869141e-01 -6.590847857296466827e-03
4.892615377902984619e-01 4.272424280643463135e-01 -2.168690785765647888e-02
4.874736964702606201e-01 4.748684167861938477e-01 -4.680458828806877136e-02
4.800899028778076172e-01 4.786472916603088379e-01 -3.521301969885826111e-02
4.931872487068176270e-01 4.641720950603485107e-01 -5.406540259718894958e-02
4.862044751644134521e-01 3.439256548881530762e-01 -1.541011384688317776e-03
4.683805108070373535e-01 3.292160928249359131e-01 -4.284014459699392319e-03
4.521238207817077637e-01 3.253242969512939453e-01 -4.657650832086801529e-03
4.379204213619232178e-01 3.282760679721832275e-01 -1.300526433624327183e-03
4.272684454917907715e-01 3.362835645675659180e-01 4.650362767279148102e-03
4.169169366359710693e-01 3.684886097908020020e-01 2.034622430801391602e-02
3.774700164794921875e-01 4.108108878135681152e-01 6.640125811100006104e-02
4.235852360725402832e-01 3.949716687202453613e-01 1.117924787104129791e-02
4.348806142807006836e-01 4.018363356590270996e-01 5.218992475420236588e-03
4.503509998321533203e-01 4.036988914012908936e-01 1.624892931431531906e-03
4.654694497585296631e-01 4.010785222053527832e-01 4.857803869526833296e-04
4.776219129562377930e-01 3.960323333740234375e-01 1.440703519620001316e-03
4.862960577011108398e-01 3.911676406860351562e-01 1.453801174648106098e-03
3.734765946865081787e-01 4.109402298927307129e-01 1.077453270554542542e-01
4.796688556671142578e-01 4.833713769912719727e-01 -2.977908216416835785e-02
4.969909787178039551e-01 4.319121837615966797e-01 -3.768393397331237793e-02
4.953501522541046143e-01 4.765330553054809570e-01 -5.491231381893157959e-02
5.002286434173583984e-01 4.855561852455139160e-01 -5.023074150085449219e-02
4.949626326560974121e-01 4.794194698333740234e-01 -4.960348084568977356e-02
4.820502400398254395e-01 4.887837469577789307e-01 -2.585920691490173340e-02
5.023807883262634277e-01 4.872669279575347900e-01 -5.309678614139556885e-02
5.027805566787719727e-01 4.913275539875030518e-01 -4.005349799990653992e-02
4.879451692104339600e-01 3.770456314086914062e-01 7.414814084768295288e-03
4.936617612838745117e-01 3.822083175182342529e-01 1.135903992690145969e-03
4.974391758441925049e-01 3.854886889457702637e-01 -6.378752645105123520e-03
4.342929422855377197e-01 3.627087771892547607e-01 9.964481927454471588e-03
4.271265268325805664e-01 3.526650071144104004e-01 1.012212689965963364e-02
5.256763100624084473e-01 4.278759658336639404e-01 -4.285096377134323120e-02
5.961822867393493652e-01 3.922273218631744385e-01 2.253104187548160553e-02
5.212052464485168457e-01 4.913401305675506592e-01 -3.906407207250595093e-02
6.351345777511596680e-01 3.392194807529449463e-01 8.112481236457824707e-02
5.636355876922607422e-01 4.025293290615081787e-01 8.750104345381259918e-03
5.744408369064331055e-01 4.059710800647735596e-01 1.028811931610107422e-02
5.848432779312133789e-01 4.070746302604675293e-01 1.403220091015100479e-02
5.997227430343627930e-01 3.986324071884155273e-01 2.420939505100250244e-02
5.546001791954040527e-01 3.969355523586273193e-01 9.517430327832698822e-03
5.840776562690734863e-01 3.516707420349121094e-01 7.043179124593734741e-03
5.707043409347534180e-01 3.529629707336425781e-01 6.284918636083602905e-03
5.959008336067199707e-01 3.559917211532592773e-01 1.117268763482570648e-02
6.029695868492126465e-01 3.647069931030273438e-01 1.584283262491226196e-02
6.067264676094055176e-01 4.111426174640655518e-01 2.982862293720245361e-02
5.396918058395385742e-01 6.353506445884704590e-01 2.009570598602294922e-03
6.005877256393432617e-01 3.869175910949707031e-01 2.649035863578319550e-02
6.380453109741210938e-01 4.105185866355895996e-01 8.182377368211746216e-02
6.192665100097656250e-01 3.995715081691741943e-01 4.223290085792541504e-02
5.661497116088867188e-01 4.751207828521728516e-01 -4.312600009143352509e-03
5.214911699295043945e-01 5.315411686897277832e-01 -3.162141144275665283e-02
5.188831686973571777e-01 5.419288277626037598e-01 -2.696428261697292328e-02
5.344405770301818848e-01 5.389345884323120117e-01 -2.409888245165348053e-02
5.422273874282836914e-01 5.475317239761352539e-01 -1.497238688170909882e-02
5.289765596389770508e-01 5.454835295677185059e-01 -2.160632424056529999e-02
5.362238883972167969e-01 5.509182810783386230e-01 -1.326862815767526627e-02
5.515574812889099121e-01 5.824101567268371582e-01 3.114526625722646713e-03
5.219102501869201660e-01 4.821481704711914062e-01 -5.874703451991081238e-02
5.249714255332946777e-01 4.660793542861938477e-01 -6.166410818696022034e-02
6.173751950263977051e-01 3.507083654403686523e-01 2.131513133645057678e-02
5.468788146972656250e-01 4.301494359970092773e-01 -5.522477440536022186e-03
5.457255840301513672e-01 4.819039702415466309e-01 -2.950070612132549286e-02
5.471243262290954590e-01 4.732358753681182861e-01 -2.591082267463207245e-02
5.986128449440002441e-01 4.776607453823089600e-01 1.187521498650312424e-02
5.255678296089172363e-01 4.455082118511199951e-01 -5.424063280224800110e-02
5.946241021156311035e-01 3.287171423435211182e-01 1.191320363432168961e-03
6.087594628334045410e-01 3.360206186771392822e-01 1.076218578964471817e-02
6.275364160537719727e-01 3.088748455047607422e-01 5.941295623779296875e-02
5.453199744224548340e-01 3.422713875770568848e-01 -1.171364542096853256e-02
5.588063597679138184e-01 3.605154156684875488e-01 8.698155172169208527e-03
5.607351660728454590e-01 5.664588809013366699e-01 6.387644913047552109e-03
6.143004894256591797e-01 5.652210712432861328e-01 1.054294183850288391e-01
5.361890792846679688e-01 4.902476668357849121e-01 -2.626236528158187866e-02
5.274150371551513672e-01 4.939446747303009033e-01 -2.832073904573917389e-02
5.489168763160705566e-01 5.663234591484069824e-01 4.372827243059873581e-03
5.456488132476806641e-01 5.653219223022460938e-01 8.083796710707247257e-04
6.146308779716491699e-01 3.264595270156860352e-01 1.681387983262538910e-02
5.449700951576232910e-01 4.895728528499603271e-01 -2.367323450744152069e-02
5.743862390518188477e-01 3.298079371452331543e-01 -6.630741059780120850e-03
5.770515799522399902e-01 3.171979784965515137e-01 -8.289739489555358887e-03
5.893783569335937500e-01 2.657897770404815674e-01 1.491297222673892975e-02
6.207968592643737793e-01 3.213220834732055664e-01 3.499373421072959900e-02
5.823619365692138672e-01 2.927046418190002441e-01 2.651889808475971222e-03
6.235475540161132812e-01 3.453291356563568115e-01 3.158869594335556030e-02
6.290236115455627441e-01 3.464235663414001465e-01 5.463629588484764099e-02
5.204903483390808105e-01 5.373165607452392578e-01 -3.051527589559555054e-02
5.317291021347045898e-01 5.427509546279907227e-01 -2.337318286299705505e-02
5.394070744514465332e-01 5.495188236236572266e-01 -1.511779893189668655e-02
5.332384705543518066e-01 4.929512143135070801e-01 -2.414465323090553284e-02
5.472267866134643555e-01 5.659040808677673340e-01 2.410540590062737465e-03
5.436235070228576660e-01 5.737657546997070312e-01 -4.348873626440763474e-03
5.440528988838195801e-01 5.647273659706115723e-01 4.517758497968316078e-04
5.325376987457275391e-01 4.837554097175598145e-01 -4.141036048531532288e-02
5.336057543754577637e-01 5.512221455574035645e-01 -1.163640897721052170e-02
5.265502333641052246e-01 5.467039942741394043e-01 -1.739861629903316498e-02
5.174195766448974609e-01 5.443029403686523438e-01 -2.215679176151752472e-02
5.144205689430236816e-01 6.116627454757690430e-01 -1.155543606728315353e-02
5.185735821723937988e-01 6.004666090011596680e-01 -2.147435396909713745e-02
5.183332562446594238e-01 5.922307968139648438e-01 -2.278735861182212830e-02
5.174359083175659180e-01 5.837351083755493164e-01 -2.025531232357025146e-02
5.160428285598754883e-01 5.774497389793395996e-01 -1.873607560992240906e-02
5.325106382369995117e-01 5.733267068862915039e-01 -9.028569795191287994e-03
5.352926254272460938e-01 5.764521956443786621e-01 -1.069450657814741135e-02
5.384803414344787598e-01 5.810971260070800781e-01 -1.231054123491048813e-02
5.409275293350219727e-01 5.859926342964172363e-01 -1.036404445767402649e-02
5.520083308219909668e-01 5.348846316337585449e-01 -1.074526552110910416e-02
6.317075490951538086e-01 4.834399521350860596e-01 1.253582090139389038e-01
5.377648472785949707e-01 5.700166821479797363e-01 -3.281025448814034462e-03
5.407496690750122070e-01 5.716674327850341797e-01 -4.461785778403282166e-03
5.239001512527465820e-01 4.999561607837677002e-01 -2.902213297784328461e-02
5.402190089225769043e-01 4.989693462848663330e-01 -1.637532934546470642e-02
5.255877971649169922e-01 4.970622360706329346e-01 -2.893208153545856476e-02
5.574840307235717773e-01 4.413573741912841797e-01 -1.369407516904175282e-03
5.748180150985717773e-01 4.548370838165283203e-01 2.550300210714340210e-03
5.479696989059448242e-01 4.811438620090484619e-01 -1.974894106388092041e-02
6.137378811836242676e-01 2.838756740093231201e-01 3.585476800799369812e-02
6.064385771751403809e-01 3.028429746627807617e-01 1.807257346808910370e-02
5.989912152290344238e-01 3.167825341224670410e-01 3.850033273920416832e-03
5.422176122665405273e-01 5.941585898399353027e-01 -2.607297850772738457e-03
5.505130290985107422e-01 3.213656246662139893e-01 -1.515136845409870148e-02
5.557907223701477051e-01 2.891435921192169189e-01 -6.995134986937046051e-03
5.613854527473449707e-01 2.554339766502380371e-01 1.591880572959780693e-03
5.940750837326049805e-01 4.050275385379791260e-01 1.935508288443088531e-02
6.169454455375671387e-01 4.249965846538543701e-01 3.616427630186080933e-02
5.485692024230957031e-01 3.918360471725463867e-01 1.094800606369972229e-02
6.117027401924133301e-01 3.745911121368408203e-01 2.615140005946159363e-02
5.403067469596862793e-01 4.181664288043975830e-01 -9.645622223615646362e-03
5.404903292655944824e-01 4.744573235511779785e-01 -4.065310955047607422e-02
6.284947395324707031e-01 4.404405057430267334e-01 4.870636388659477234e-02
6.088365316390991211e-01 4.361656308174133301e-01 2.521537989377975464e-02
5.944477915763854980e-01 4.405589699745178223e-01 1.384192612022161484e-02
5.738416314125061035e-01 4.344158768653869629e-01 7.938344962894916534e-03
5.592212080955505371e-01 4.248625040054321289e-01 4.728487227112054825e-03
5.484434366226196289e-01 4.154744148254394531e-01 1.293533947318792343e-03
5.282186269760131836e-01 3.943513631820678711e-01 -2.113502658903598785e-02
6.242910027503967285e-01 4.751852750778198242e-01 4.426345974206924438e-02
6.193103194236755371e-01 3.737209141254425049e-01 3.220442309975624084e-02
5.171947479248046875e-01 4.901903867721557617e-01 -5.369406193494796753e-02
5.450183749198913574e-01 4.466035664081573486e-01 -1.106727402657270432e-02
6.389144659042358398e-01 4.099964499473571777e-01 1.203950121998786926e-01
5.404993891716003418e-01 4.055364131927490234e-01 -4.439381009433418512e-04
5.484409332275390625e-01 4.823557734489440918e-01 -8.627099916338920593e-03
6.049807071685791016e-01 3.877115249633789062e-01 2.883358672261238098e-02
5.415647029876708984e-01 4.638509750366210938e-01 -3.613233938813209534e-02
6.251734495162963867e-01 5.231317877769470215e-01 1.183694899082183838e-01
5.490028858184814453e-01 3.859349191188812256e-01 1.413245219737291336e-02
5.341238975524902344e-01 4.527335464954376221e-01 -4.720986261963844299e-02
5.896080732345581055e-01 6.026400923728942871e-01 4.438787698745727539e-02
5.879185199737548828e-01 6.217590570449829102e-01 6.399431824684143066e-02
6.336332559585571289e-01 4.807121753692626953e-01 8.452942967414855957e-02
6.041716337203979492e-01 5.816081762313842773e-01 5.886470526456832886e-02
6.338437795639038086e-01 3.762660622596740723e-01 7.163506746292114258e-02
5.411461591720581055e-01 6.526783108711242676e-01 7.905509322881698608e-03
5.151565670967102051e-01 4.939698576927185059e-01 -3.935958445072174072e-02
5.536959171295166016e-01 4.603923261165618896e-01 -6.879226770251989365e-03
6.275410652160644531e-01 4.046482443809509277e-01 5.394344031810760498e-02
5.849943757057189941e-01 3.971869051456451416e-01 1.522329635918140411e-02
5.756043195724487305e-01 3.967694342136383057e-01 1.194087136536836624e-02
5.461971759796142578e-01 5.761101841926574707e-01 -2.487771911546587944e-03
6.190968751907348633e-01 5.083457231521606445e-01 4.639754816889762878e-02
5.184955596923828125e-01 6.750372648239135742e-01 1.008282322436571121e-02
5.550073385238647461e-01 6.545567512512207031e-01 3.391317650675773621e-02
5.706056356430053711e-01 6.412371397018432617e-01 4.716327041387557983e-02
5.664368271827697754e-01 3.939158022403717041e-01 1.091418880969285965e-02
5.577452182769775391e-01 3.899894952774047852e-01 1.204439252614974976e-02
5.518760681152343750e-01 3.878549635410308838e-01 1.412380672991275787e-02
6.262828707695007324e-01 3.721134364604949951e-01 4.422007128596305847e-02
5.605475306510925293e-01 3.753224611282348633e-01 1.083096861839294434e-02
5.707430839538574219e-01 3.709377944469451904e-01 9.587460197508335114e-03
5.805876851081848145e-01 3.707004487514495850e-01 1.067726779729127884e-02
5.899671316146850586e-01 3.742509484291076660e-01 1.383218728005886078e-02
5.954528450965881348e-01 3.793739974498748779e-01 1.763117685914039612e-02
6.388664245605468750e-01 3.711503148078918457e-01 1.035799905657768250e-01
5.915433764457702637e-01 3.952406048774719238e-01 1.912837475538253784e-02
5.430908799171447754e-01 5.237758159637451172e-01 -1.730017550289630890e-02
5.367122888565063477e-01 4.873683154582977295e-01 -3.015624918043613434e-02
5.237132310867309570e-01 5.148918628692626953e-01 -2.851583994925022125e-02
5.737384557723999023e-01 6.223839521408081055e-01 3.289919346570968628e-02
5.582420229911804199e-01 6.374652385711669922e-01 2.099958993494510651e-02
5.198962688446044922e-01 6.631627678871154785e-01 -3.949193283915519714e-03
6.014151573181152344e-01 5.984156727790832520e-01 8.533276617527008057e-02
5.526984930038452148e-01 3.817108571529388428e-01 1.281816046684980392e-02
5.335637331008911133e-01 4.216788411140441895e-01 -2.552690170705318451e-02
5.382825732231140137e-01 6.665610074996948242e-01 2.001186646521091461e-02
6.271154284477233887e-01 5.173892378807067871e-01 8.116330951452255249e-02
5.252812504768371582e-01 5.759349465370178223e-01 -1.419638283550739288e-02
5.277794003486633301e-01 5.808978080749511719e-01 -1.584323309361934662e-02
5.300785303115844727e-01 5.879232287406921387e-01 -1.773150451481342316e-02
5.315353274345397949e-01 5.956360101699829102e-01 -1.629820093512535095e-02
5.300512313842773438e-01 6.047239899635314941e-01 -8.288608863949775696e-03
5.416411757469177246e-01 5.574872493743896484e-01 -5.786241497844457626e-03
5.445318818092346191e-01 5.572317838668823242e-01 -5.416302941739559174e-03
5.472263097763061523e-01 5.562697649002075195e-01 -5.184508394449949265e-03
5.580715537071228027e-01 5.495337247848510742e-01 -2.025696681812405586e-03
6.034855246543884277e-01 5.148861408233642578e-01 2.296062745153903961e-02
5.341714620590209961e-01 4.050526022911071777e-01 -1.459245197474956512e-02
5.419884324073791504e-01 3.719435334205627441e-01 5.705913994461297989e-03
5.482792258262634277e-01 3.744218945503234863e-01 1.070286799222230911e-02
5.392240285873413086e-01 5.570439100265502930e-01 -4.814257379621267319e-03
6.009548306465148926e-01 5.560683608055114746e-01 3.862837329506874084e-02
5.322331190109252930e-01 3.701215386390686035e-01 -8.890350349247455597e-03
5.353149771690368652e-01 6.189025044441223145e-01 -2.386845881119370461e-03
5.270855426788330078e-01 4.120308756828308105e-01 -3.312392532825469971e-02
5.390142202377319336e-01 4.490449130535125732e-01 -2.603071741759777069e-02
5.168426632881164551e-01 6.272495388984680176e-01 -9.344417601823806763e-03
5.623347759246826172e-01 5.893439650535583496e-01 1.017735432833433151e-02
5.563650131225585938e-01 4.968033730983734131e-01 -5.554125178605318069e-03
5.501788258552551270e-01 6.063230633735656738e-01 4.187081940472126007e-03
5.813570022583007812e-01 4.970993101596832275e-01 6.054256227798759937e-04
5.647670030593872070e-01 5.146913528442382812e-01 -3.314649220556020737e-03
5.873771905899047852e-01 5.252749323844909668e-01 9.518614970147609711e-03
5.193305015563964844e-01 6.461368799209594727e-01 -8.855021558701992035e-03
5.442412495613098145e-01 4.596472978591918945e-01 -1.803142577409744263e-02
5.712636113166809082e-01 6.030062437057495117e-01 2.065701968967914581e-02
5.559667944908142090e-01 6.201036572456359863e-01 1.256811711937189102e-02
5.722105503082275391e-01 5.689534544944763184e-01 1.208470575511455536e-02
6.132671236991882324e-01 5.366735458374023438e-01 4.918710887432098389e-02
5.860944390296936035e-01 5.731954574584960938e-01 2.332076802849769592e-02
6.180354356765747070e-01 5.513151884078979492e-01 7.492083311080932617e-02
5.705230236053466797e-01 5.375704765319824219e-01 2.447148086503148079e-03
5.390307307243347168e-01 4.338768720626831055e-01 -1.774183847010135651e-02
5.362898111343383789e-01 4.813557863235473633e-01 -4.336501285433769226e-02
5.416818261146545410e-01 4.868200719356536865e-01 -3.128277510404586792e-02
5.334702730178833008e-01 4.695615470409393311e-01 -5.151143297553062439e-02
5.524550080299377441e-01 3.557070493698120117e-01 3.342495765537023544e-03
5.719124674797058105e-01 3.445775508880615234e-01 2.809938741847872734e-03
5.883553624153137207e-01 3.433678448200225830e-01 4.691387061029672623e-03
6.010456085205078125e-01 3.486956954002380371e-01 9.920674376189708710e-03
6.090430021286010742e-01 3.587417304515838623e-01 1.713282987475395203e-02
6.109517216682434082e-01 3.932726979255676270e-01 3.364035114645957947e-02
6.374871730804443359e-01 4.453941583633422852e-01 8.389512449502944946e-02
6.005458235740661621e-01 4.178541004657745361e-01 2.350280061364173889e-02
5.889070630073547363e-01 4.215472042560577393e-01 1.603720523416996002e-02
5.745245814323425293e-01 4.189528822898864746e-01 1.063799951225519180e-02
5.611993670463562012e-01 4.126822054386138916e-01 7.702328264713287354e-03
5.509738922119140625e-01 4.056023657321929932e-01 6.919638253748416901e-03
5.439048409461975098e-01 3.992474675178527832e-01 5.926835350692272186e-03
6.356021761894226074e-01 4.464249014854431152e-01 1.268703937530517578e-01
5.406624674797058105e-01 4.913985133171081543e-01 -2.590343542397022247e-02
5.330174565315246582e-01 4.366670548915863037e-01 -3.485282137989997864e-02
5.293644070625305176e-01 4.810397326946258545e-01 -5.272652953863143921e-02
5.225124955177307129e-01 4.885317683219909668e-01 -4.895078763365745544e-02
5.285907983779907227e-01 4.839712083339691162e-01 -4.734782874584197998e-02
5.371547937393188477e-01 4.959673881530761719e-01 -2.257883362472057343e-02
5.205694437026977539e-01 4.896707236766815186e-01 -5.205617100000381470e-02
5.186043977737426758e-01 4.933931827545166016e-01 -3.918648138642311096e-02
5.448915362358093262e-01 3.858604133129119873e-01 1.202889066189527512e-02
5.387862920761108398e-01 3.893614411354064941e-01 4.709578584879636765e-03
5.349578857421875000e-01 3.918413519859313965e-01 -3.458244260400533676e-03
5.984058976173400879e-01 3.833819031715393066e-01 2.149785496294498444e-02
6.065188050270080566e-01 3.748334050178527832e-01 2.234939299523830414e-02
4.540647268295288086e-01 3.677911162376403809e-01 6.367108318954706192e-03
4.656218290328979492e-01 3.686274886131286621e-01 6.367108318954706192e-03
4.549257755279541016e-01 3.527768850326538086e-01 6.367108318954706192e-03
4.422955513000488281e-01 3.669226169586181641e-01 6.367108318954706192e-03
4.531038403511047363e-01 3.826333880424499512e-01 6.367108318954706192e-03
5.778927206993103027e-01 3.844298720359802246e-01 1.521274074912071228e-02
5.896096229553222656e-01 3.857254683971405029e-01 1.521274074912071228e-02
5.787512063980102539e-01 3.697083294391632080e-01 1.521274074912071228e-02
5.661227107048034668e-01 3.830685019493103027e-01 1.521274074912071228e-02
5.770867466926574707e-01 3.991127908229827881e-01 1.521274074912071228e-02
