5.045345425605773926e-01 5.320328474044799805e-01 -3.519247099757194519e-02
5.113720297813415527e-01 4.764831662178039551e-01 -6.127696111798286438e-02
5.084134936332702637e-01 4.943903088569641113e-01 -3.314543142914772034e-02
5.049671530723571777e-01 4.208419919013977051e-01 -4.509898647665977478e-02
5.129038691520690918e-01 4.592667818069458008e-01 -6.469771265983581543e-02
5.141477584838867188e-01 4.373957514762878418e-01 -5.943317338824272156e-02
5.165171623229980469e-01 3.850050270557403564e-01 -2.638061717152595520e-02
4.328484535217285156e-01 3.687607645988464355e-01 1.209150813519954681e-02
5.192632675170898438e-01 3.394341468811035156e-01 -1.680552400648593903e-02
5.209683179855346680e-01 3.167889714241027832e-01 -1.804221607744693756e-02
5.255001187324523926e-01 2.434535324573516846e-01 -3.168491413816809654e-03
5.043268799781799316e-01 5.368929505348205566e-01 -3.405702859163284302e-02
5.039808750152587891e-01 5.415807962417602539e-01 -3.049489669501781464e-02
5.037552714347839355e-01 5.444039106369018555e-01 -2.543909847736358643e-02
5.025328397750854492e-01 5.673004984855651855e-01 -2.198147587478160858e-02
5.022004246711730957e-01 5.749135017395019531e-01 -2.372891828417778015e-02
5.015422105789184570e-01 5.842664241790771484e-01 -2.592496573925018311e-02
5.008726716041564941e-01 5.929373502731323242e-01 -2.379983849823474884e-02
4.979048073291778564e-01 6.085808277130126953e-01 -1.266927458345890045e-02
5.101771950721740723e-01 4.855060279369354248e-01 -5.565655976533889771e-02
4.995303153991699219e-01 4.845005869865417480e-01 -4.081480577588081360e-02
3.915986418724060059e-01 3.030546307563781738e-01 6.613608449697494507e-02
4.630155563354492188e-01 3.889615237712860107e-01 1.575877657160162926e-03
4.510858654975891113e-01 3.891181945800781250e-01 1.772759016603231430e-03
4.400886297225952148e-01 3.864478766918182373e-01 4.412973765283823013e-03
4.271234869956970215e-01 3.742836713790893555e-01 1.322980131953954697e-02
4.738065600395202637e-01 3.852820992469787598e-01 3.940057940781116486e-03
4.521836340427398682e-01 3.319566249847412109e-01 -1.554918359033763409e-03
4.653699994087219238e-01 3.361010551452636719e-01 -6.254501058720052242e-04
4.394360184669494629e-01 3.337422609329223633e-01 1.376849366351962090e-03
4.305927753448486328e-01 3.405988812446594238e-01 5.298387724906206131e-03
4.153831899166107178e-01 3.844649195671081543e-01 1.812120527029037476e-02
4.525674283504486084e-01 6.228259205818176270e-01 -2.644561463966965675e-03
4.293694198131561279e-01 3.629355430603027344e-01 1.574176549911499023e-02
3.796408176422119141e-01 3.741174042224884033e-01 6.712710112333297729e-02
4.030248820781707764e-01 3.697744905948638916e-01 2.946498990058898926e-02
4.520500004291534424e-01 4.576683640480041504e-01 -1.192397531121969223e-02
4.908414483070373535e-01 5.273951292037963867e-01 -3.445767238736152649e-02
4.918298423290252686e-01 5.395658016204833984e-01 -2.971246652305126190e-02
4.772566258907318115e-01 5.313936471939086914e-01 -2.892882749438285828e-02
4.683474898338317871e-01 5.363558530807495117e-01 -2.126960828900337219e-02
4.814807474613189697e-01 5.398405790328979492e-01 -2.602019533514976501e-02
4.735338389873504639e-01 5.416662693023681641e-01 -1.880151033401489258e-02
4.481959939002990723e-01 5.667153596878051758e-01 -4.014137666672468185e-03
5.020822286605834961e-01 4.749284684658050537e-01 -6.073378399014472961e-02
5.018991231918334961e-01 4.582443833351135254e-01 -6.387934088706970215e-02
4.156047403812408447e-01 3.215287327766418457e-01 9.239844046533107758e-03
4.782646000385284424e-01 4.184363186359405518e-01 -1.056679990142583847e-02
4.760152101516723633e-01 4.695756733417510986e-01 -3.453516587615013123e-02
4.751837849617004395e-01 4.608942866325378418e-01 -3.105573728680610657e-02
4.167763292789459229e-01 4.520832300186157227e-01 2.207215584348887205e-04
5.035656094551086426e-01 4.379911422729492188e-01 -5.665542185306549072e-02
4.452952444553375244e-01 3.032050132751464844e-01 -7.573389448225498199e-03
4.284319281578063965e-01 3.084886670112609863e-01 1.417920575477182865e-04
4.072041511535644531e-01 2.750026285648345947e-01 4.590929299592971802e-02
4.952616393566131592e-01 3.272153735160827637e-01 -1.481740921735763550e-02
4.762156307697296143e-01 3.462581932544708252e-01 3.019712399691343307e-03
4.418686926364898682e-01 5.480365157127380371e-01 -2.384274732321500778e-03
3.805685043334960938e-01 5.337897539138793945e-01 9.153019636869430542e-02
4.838193356990814209e-01 4.800360500812530518e-01 -2.986533753573894501e-02
4.919853508472442627e-01 4.858651161193847656e-01 -3.024948947131633759e-02
4.579361379146575928e-01 5.471265316009521484e-01 -3.369347192347049713e-03
4.612066149711608887e-01 5.474089384078979492e-01 -6.243609357625246048e-03
4.229349493980407715e-01 2.971914112567901611e-01 5.611835978925228119e-03
4.747213721275329590e-01 4.776235818862915039e-01 -2.851548232138156891e-02
4.669136106967926025e-01 3.077117502689361572e-01 -1.271686982363462448e-02
4.663777351379394531e-01 2.939789891242980957e-01 -1.457724533975124359e-02
4.585257172584533691e-01 2.425895780324935913e-01 6.682522129267454147e-03
4.151999950408935547e-01 2.901375889778137207e-01 2.291919663548469543e-02
4.634838700294494629e-01 2.721289992332458496e-01 -4.466048441827297211e-03
4.089893698692321777e-01 3.142809271812438965e-01 1.898320764303207397e-02
4.002526402473449707e-01 3.127487897872924805e-01 4.118897020816802979e-02
4.910363256931304932e-01 5.341528058052062988e-01 -3.343073651194572449e-02
4.792892932891845703e-01 5.360599756240844727e-01 -2.805789560079574585e-02
4.707905650138854980e-01 5.392437577247619629e-01 -2.098842710256576538e-02
4.860681593418121338e-01 4.836127161979675293e-01 -2.716591767966747284e-02
4.596065878868103027e-01 5.473186969757080078e-01 -4.842319525778293610e-03
4.637575149536132812e-01 5.544286966323852539e-01 -1.065710652619600296e-02
4.627538025379180908e-01 5.474991798400878906e-01 -6.394714582711458206e-03
4.896681606769561768e-01 4.739535450935363770e-01 -4.518620669841766357e-02
4.757683873176574707e-01 5.430422425270080566e-01 -1.693268306553363800e-02
4.833529591560363770e-01 5.418953895568847656e-01 -2.161931432783603668e-02
4.927760064601898193e-01 5.424039363861083984e-01 -2.501183375716209412e-02
4.822147488594055176e-01 6.052443981170654297e-01 -1.314060669392347336e-02
4.856656491756439209e-01 5.881244540214538574e-01 -2.399390004575252533e-02
4.872748553752899170e-01 5.798118710517883301e-01 -2.561376243829727173e-02
4.893335402011871338e-01 5.707368254661560059e-01 -2.320892550051212311e-02
4.913350045680999756e-01 5.640966892242431641e-01 -2.151773124933242798e-02
4.751557409763336182e-01 5.556081533432006836e-01 -1.423259265720844269e-02
4.721489548683166504e-01 5.582252144813537598e-01 -1.590765640139579773e-02
4.685543179512023926e-01 5.621252059936523438e-01 -1.772992499172687531e-02
4.655516743659973145e-01 5.663342475891113281e-01 -1.593404263257980347e-02
4.578224420547485352e-01 5.195162892341613770e-01 -1.755763217806816101e-02
3.713926672935485840e-01 4.470554590225219727e-01 1.099612712860107422e-01
5.093051195144653320e-01 4.896751642227172852e-01 -4.093078151345252991e-02
4.698306322097778320e-01 5.519573092460632324e-01 -9.409626014530658722e-03
4.668264389038085938e-01 5.530083179473876953e-01 -1.058185845613479614e-02
4.944526553153991699e-01 4.926494359970092773e-01 -3.102798573672771454e-02
4.773364067077636719e-01 4.881476759910583496e-01 -2.021483704447746277e-02
4.933020770549774170e-01 4.893299937248229980e-01 -3.082684427499771118e-02
4.651334881782531738e-01 4.267752766609191895e-01 -7.933449000120162964e-03
4.451561272144317627e-01 4.355208277702331543e-01 -5.943789612501859665e-03
4.724887311458587646e-01 4.685946702957153320e-01 -2.497889846563339233e-02
4.284972250461578369e-01 2.540632486343383789e-01 2.458376064896583557e-02
4.352850317955017090e-01 2.757226526737213135e-01 8.055943995714187622e-03
4.423550069332122803e-01 2.901020646095275879e-01 -5.398991052061319351e-03
4.562235772609710693e-01 5.812137722969055176e-01 -8.480087853968143463e-03
4.940353631973266602e-01 3.037078380584716797e-01 -1.847408525645732880e-02
4.918281435966491699e-01 2.754533886909484863e-01 -1.091496925801038742e-02
4.897390007972717285e-01 2.399026155471801758e-01 -2.748468657955527306e-03
4.314145445823669434e-01 3.816647529602050781e-01 8.901134133338928223e-03
4.010107517242431641e-01 3.953291177749633789e-01 2.332729287445545197e-02
4.812043309211730957e-01 3.810962438583374023e-01 6.071408279240131378e-03
4.180860817432403564e-01 3.476323485374450684e-01 1.434983219951391220e-02
4.874061346054077148e-01 4.081978797912597656e-01 -1.369056757539510727e-02
4.832682311534881592e-01 4.629358649253845215e-01 -4.502824693918228149e-02
3.884655535221099854e-01 4.067475199699401855e-01 3.448609635233879089e-02
4.081600904464721680e-01 4.083285331726074219e-01 1.278032083064317703e-02
4.231259226799011230e-01 4.164435565471649170e-01 2.854982623830437660e-03
4.460784792900085449e-01 4.161584973335266113e-01 -6.403442239388823509e-04
4.632713198661804199e-01 4.109542369842529297e-01 -1.991123659536242485e-03
4.767593741416931152e-01 4.041821658611297607e-01 -3.784988773986697197e-03
5.050936341285705566e-01 3.876151442527770996e-01 -2.295243181288242340e-02
3.885641992092132568e-01 4.426054656505584717e-01 2.987623587250709534e-02
4.085848629474639893e-01 3.439757823944091797e-01 1.958793774247169495e-02
5.046448707580566406e-01 4.842029213905334473e-01 -5.535934492945671082e-02
4.787745177745819092e-01 4.350780248641967773e-01 -1.613381505012512207e-02
3.741203248500823975e-01 3.724065124988555908e-01 1.042165085673332214e-01
4.873477518558502197e-01 3.958605527877807617e-01 -4.397328011691570282e-03
4.706954061985015869e-01 4.698533415794372559e-01 -1.392360683530569077e-02
4.239055812358856201e-01 3.626443147659301758e-01 1.755131036043167114e-02
4.829654097557067871e-01 4.525412321090698242e-01 -4.054639860987663269e-02
3.740347623825073242e-01 4.887711405754089355e-01 1.037458032369613647e-01
4.824247062206268311e-01 3.750252127647399902e-01 9.140782058238983154e-03
4.930684566497802734e-01 4.430776238441467285e-01 -5.070944502949714661e-02
4.052729308605194092e-01 5.787643194198608398e-01 3.391760587692260742e-02
4.023945629596710205e-01 5.980669856071472168e-01 5.319199711084365845e-02
3.751037120819091797e-01 4.452232122421264648e-01 6.985709071159362793e-02
3.926880061626434326e-01 5.537869334220886230e-01 4.680823162198066711e-02
3.894766569137573242e-01 3.411595821380615234e-01 5.748715624213218689e-02
4.484309554100036621e-01 6.392271518707275391e-01 3.045601770281791687e-03
5.050958395004272461e-01 4.885457754135131836e-01 -4.038421064615249634e-02
4.672785103321075439e-01 4.464806020259857178e-01 -1.293874252587556839e-02
3.919618725776672363e-01 3.724300861358642578e-01 4.015657305717468262e-02
4.427090287208557129e-01 3.768061995506286621e-01 5.774497520178556442e-03
4.521733820438385010e-01 3.798338174819946289e-01 3.536547301337122917e-03
4.608919620513916016e-01 5.560300350189208984e-01 -9.067957289516925812e-03
3.892183899879455566e-01 4.768849611282348633e-01 3.236153721809387207e-02
4.677792191505432129e-01 6.654199957847595215e-01 7.752287201583385468e-03
4.328987896442413330e-01 6.384005546569824219e-01 2.711609192192554474e-02
4.184690713882446289e-01 6.219279170036315918e-01 3.836429119110107422e-02
5.234103798866271973e-01 2.805444002151489258e-01 -1.150542404502630234e-02
4.927950501441955566e-01 6.715992689132690430e-01 6.133087445050477982e-03
4.621871709823608398e-01 3.798910379409790039e-01 3.807187080383300781e-03
4.720778465270996094e-01 3.779007196426391602e-01 6.042054388672113419e-03
4.787948131561279297e-01 3.766169548034667969e-01 8.815829642117023468e-03
3.999268710613250732e-01 3.404515385627746582e-01 3.083337657153606415e-02
4.728510081768035889e-01 3.607827425003051758e-01 4.616064485162496567e-03
4.629500508308410645e-01 3.542177975177764893e-01 2.413520822301506996e-03
4.528347253799438477e-01 3.519600629806518555e-01 2.324660774320363998e-03
4.426992237567901611e-01 3.534094691276550293e-01 4.410379100590944290e-03
4.361928701400756836e-01 3.569947481155395508e-01 7.509136572480201721e-03
3.810380995273590088e-01 3.340106606483459473e-01 8.778745681047439575e-02
4.367312192916870117e-01 3.728088140487670898e-01 9.107724763453006744e-03
5.069721937179565430e-01 5.080435276031494141e-01 -3.098203614354133606e-02
4.697842597961425781e-01 5.112308859825134277e-01 -2.247628383338451385e-02
4.841903150081634521e-01 4.768076241016387939e-01 -3.384386003017425537e-02
4.916175901889801025e-01 5.074257850646972656e-01 -3.092276863753795624e-02
5.176034569740295410e-01 3.629575967788696289e-01 -1.729845441877841949e-02
4.189265966415405273e-01 6.022473573684692383e-01 2.443058043718338013e-02
4.328347146511077881e-01 6.206720471382141113e-01 1.444880291819572449e-02
4.686844348907470703e-01 6.539243459701538086e-01 -6.440338212996721268e-03
3.905725479125976562e-01 5.707997083663940430e-01 7.287500798702239990e-02
4.796271920204162598e-01 3.693957924842834473e-01 7.313550449907779694e-03
4.959529042243957520e-01 4.130285680294036865e-01 -2.859106846153736115e-02
4.936883151531219482e-01 6.601188182830810547e-01 -7.760235108435153961e-03
4.487845897674560547e-01 6.535098552703857422e-01 1.520533952862024307e-02
3.770645260810852051e-01 4.833863973617553711e-01 6.696514040231704712e-02
4.822920262813568115e-01 5.599040985107421875e-01 -1.839436963200569153e-02
4.793203473091125488e-01 5.644889473915100098e-01 -2.022412419319152832e-02
4.762143790721893311e-01 5.711534023284912109e-01 -2.222016453742980957e-02
4.737573862075805664e-01 5.784811377525329590e-01 -2.073420770466327667e-02
4.672493636608123779e-01 5.947957038879394531e-01 -1.247080042958259583e-02
4.671584367752075195e-01 5.443260669708251953e-01 -1.211884431540966034e-02
4.643504619598388672e-01 5.430012345314025879e-01 -1.230424549430608749e-02
4.620521068572998047e-01 5.412992835044860840e-01 -1.241214387118816376e-02
4.482513964176177979e-01 5.321047306060791016e-01 -1.042056269943714142e-02
4.056490957736968994e-01 4.876432716846466064e-01 1.062663737684488297e-02
4.964447915554046631e-01 3.966055810451507568e-01 -1.743322797119617462e-02
4.921919107437133789e-01 3.615199327468872070e-01 2.336271107196807861e-03
4.848409593105316162e-01 3.630368113517761230e-01 5.893802270293235779e-03
4.695248305797576904e-01 5.450806021690368652e-01 -1.108147483319044113e-02
4.012165665626525879e-01 5.292052030563354492e-01 2.653927542269229889e-02
5.030061006546020508e-01 3.614705801010131836e-01 -1.108024362474679947e-02
4.594329893589019775e-01 6.078839898109436035e-01 -6.552923005074262619e-03
5.149524211883544922e-01 4.195353686809539795e-01 -4.808306321501731873e-02
5.048846602439880371e-01 4.051696956157684326e-01 -3.498020395636558533e-02
5.156743526458740234e-01 4.030140042304992676e-01 -3.682068362832069397e-02
4.862837195396423340e-01 4.386041760444641113e-01 -2.998818829655647278e-02
4.951196908950805664e-01 6.435691118240356445e-01 -1.293274015188217163e-02
4.966050088405609131e-01 6.246057152748107910e-01 -1.226267404854297638e-02
4.772168993949890137e-01 6.202754974365234375e-01 -1.115635503083467484e-02
4.362846016883850098e-01 5.716131329536437988e-01 2.181308576837182045e-03
4.594386518001556396e-01 4.818140566349029541e-01 -1.190330646932125092e-02
4.459705650806427002e-01 5.918385386466979980e-01 -1.862443168647587299e-03
4.326202869415283203e-01 4.754874706268310547e-01 -8.929263800382614136e-03
4.474363923072814941e-01 4.968758523464202881e-01 -1.118083670735359192e-02
4.213889539241790771e-01 5.018798708915710449e-01 -1.320177223533391953e-03
4.719818234443664551e-01 6.378985047340393066e-01 -1.127460505813360214e-02
4.785854220390319824e-01 4.481763243675231934e-01 -2.276718243956565857e-02
4.249126315116882324e-01 5.835286378860473633e-01 1.210518926382064819e-02
4.380689859390258789e-01 6.040921211242675781e-01 6.141015794128179550e-03
4.298216402530670166e-01 5.484629273414611816e-01 2.360729500651359558e-03
3.909171223640441895e-01 5.065231323242187500e-01 3.588164597749710083e-02
4.144952893257141113e-01 5.500302314758300781e-01 1.263221912086009979e-02
3.820130228996276855e-01 5.195690393447875977e-01 6.130726262927055359e-02
4.372626841068267822e-01 5.177222490310668945e-01 -6.746321450918912888e-03
4.875660240650177002e-01 4.237890541553497314e-01 -2.187427505850791931e-02
4.865309894084930420e-01 4.706891477108001709e-01 -4.742850363254547119e-02
4.794173836708068848e-01 4.752202928066253662e-01 -3.560501337051391602e-02
4.920194745063781738e-01 4.595598280429840088e-01 -5.477809533476829529e-02
4.843399822711944580e-01 3.415334820747375488e-01 -1.298691495321691036e-03
4.661401808261871338e-01 3.258534669876098633e-01 -3.730202093720436096e-03
4.495561122894287109e-01 3.213910460472106934e-01 -3.786362707614898682e-03
4.351882338523864746e-01 3.241210579872131348e-01 -1.936084008775651455e-04
4.245213568210601807e-01 3.324121236801147461e-01 5.863356404006481171e-03
4.147360920906066895e-01 3.660418093204498291e-01 2.180425636470317841e-02
3.754464685916900635e-01 4.089417457580566406e-01 6.872035562992095947e-02
4.210720062255859375e-01 3.925742506980895996e-01 1.218848396092653275e-02
4.324133098125457764e-01 3.992536067962646484e-01 5.993828177452087402e-03
4.480611979961395264e-01 4.012830555438995361e-01 2.154904650524258614e-03
4.634017944335937500e-01 3.991160392761230469e-01 7.452517747879028320e-04
4.758245050907135010e-01 3.944081068038940430e-01 1.730776275508105755e-03
4.846727550029754639e-01 3.894889354705810547e-01 1.675790874287486076e-03
3.717719316482543945e-01 4.091979265213012695e-01 1.108228117227554321e-01
4.789943397045135498e-01 4.803109169006347656e-01 -3.007352352142333984e-02
4.953560829162597656e-01 4.277281463146209717e-01 -3.815867379307746887e-02
4.942568540573120117e-01 4.719486534595489502e-01 -5.572594702243804932e-02
4.991624355316162109e-01 4.812035560607910156e-01 -5.096025019884109497e-02
4.939245581626892090e-01 4.750238656997680664e-01 -5.030985921621322632e-02
4.813965857028961182e-01 4.858882427215576172e-01 -2.609590254724025726e-02
5.012111663818359375e-01 4.828322529792785645e-01 -5.389377474784851074e-02
5.017173886299133301e-01 4.871897399425506592e-01 -4.056422039866447449e-02
4.863739907741546631e-01 3.756252229213714600e-01 7.810775190591812134e-03
4.921238720417022705e-01 3.804331421852111816e-01 1.335317385382950306e-03
4.958537220954895020e-01 3.831852674484252930e-01 -6.210789084434509277e-03
4.324373602867126465e-01 3.600418567657470703e-01 1.105338055640459061e-02
4.247520267963409424e-01 3.496362566947937012e-01 1.125610526651144028e-02
5.241798162460327148e-01 4.233110547065734863e-01 -4.358724132180213928e-02
5.936607718467712402e-01 3.858243823051452637e-01 2.233156561851501465e-02
5.192344784736633301e-01 4.870987832546234131e-01 -3.967050462961196899e-02
6.327228546142578125e-01 3.352274894714355469e-01 8.124174922704696655e-02
5.610908865928649902e-01 3.976904451847076416e-01 8.281050249934196472e-03
5.719739198684692383e-01 4.003007411956787109e-01 9.818395599722862244e-03
5.824519991874694824e-01 4.013623297214508057e-01 1.364351995289325714e-02
5.973511934280395508e-01 3.932754099369049072e-01 2.401571720838546753e-02
5.520291328430175781e-01 3.931818902492523193e-01 9.250205010175704956e-03
5.815551280975341797e-01 3.475076556205749512e-01 6.842840928584337234e-03
5.682436823844909668e-01 3.490445613861083984e-01 6.015339866280555725e-03
5.933960676193237305e-01 3.516548275947570801e-01 1.103316899389028549e-02
6.004207730293273926e-01 3.602129518985748291e-01 1.570181548595428467e-02
6.045777797698974609e-01 4.069651067256927490e-01 2.974142879247665405e-02
5.386234521865844727e-01 6.322512626647949219e-01 2.104585990309715271e-03
5.980443954467773438e-01 3.810979127883911133e-01 2.641720138490200043e-02
6.363505721092224121e-01 4.069745540618896484e-01 8.244103193283081055e-02
6.174050569534301758e-01 3.963216245174407959e-01 4.243202880024909973e-02
5.650423765182495117e-01 4.725680053234100342e-01 -4.821721464395523071e-03
5.182617306709289551e-01 5.306746959686279297e-01 -3.257288038730621338e-02
5.156458616256713867e-01 5.426400303840637207e-01 -2.794405072927474976e-02
5.307997465133666992e-01 5.377154350280761719e-01 -2.506926096975803375e-02
5.384605526924133301e-01 5.449448823928833008e-01 -1.602793857455253601e-02
5.254597663879394531e-01 5.453623533248901367e-01 -2.264895103871822357e-02
5.327035784721374512e-01 5.491479635238647461e-01 -1.431497745215892792e-02
5.500562191009521484e-01 5.797622203826904297e-01 2.464987803250551224e-03
5.203672051429748535e-01 4.773193597793579102e-01 -5.976793915033340454e-02
5.234532356262207031e-01 4.610380232334136963e-01 -6.274472177028656006e-02
6.155437827110290527e-01 3.476630747318267822e-01 2.150514349341392517e-02
5.457251667976379395e-01 4.271884262561798096e-01 -5.920106079429388046e-03
5.434522628784179688e-01 4.784252345561981201e-01 -3.019338846206665039e-02
5.450735092163085938e-01 4.699582159519195557e-01 -2.659088931977748871e-02
5.979793071746826172e-01 4.758245646953582764e-01 1.154245436191558838e-02
5.240721702575683594e-01 4.406003355979919434e-01 -5.517139285802841187e-02
5.926106572151184082e-01 3.255491256713867188e-01 1.268667750991880894e-03
6.068125963211059570e-01 3.329331576824188232e-01 1.099611911922693253e-02
6.250431537628173828e-01 3.044137358665466309e-01 5.938500165939331055e-02
5.430787205696105957e-01 3.393156528472900391e-01 -1.172375585883855820e-02
5.564402937889099121e-01 3.567802309989929199e-01 8.447738364338874817e-03
5.591472387313842773e-01 5.635709166526794434e-01 5.573855247348546982e-03
6.131536960601806641e-01 5.630698800086975098e-01 1.060540005564689636e-01
5.337618589401245117e-01 4.867266118526458740e-01 -2.684528939425945282e-02
5.251361727714538574e-01 4.903002977371215820e-01 -2.870148234069347382e-02
5.466107130050659180e-01 5.591236352920532227e-01 3.480552695691585541e-03
5.434569120407104492e-01 5.584958791732788086e-01 -1.262923760805279016e-04
6.129522323608398438e-01 3.234763443470001221e-01 1.697018742561340332e-02
5.426012873649597168e-01 4.865051805973052979e-01 -2.425078861415386200e-02
5.722264647483825684e-01 3.265779316425323486e-01 -6.668725982308387756e-03
5.752518177032470703e-01 3.137412369251251221e-01 -8.432646282017230988e-03
5.874626636505126953e-01 2.605308592319488525e-01 1.457127742469310760e-02
6.187872886657714844e-01 3.164442777633666992e-01 3.517354279756546021e-02
5.804681181907653809e-01 2.877570390701293945e-01 2.440245822072029114e-03
6.219150424003601074e-01 3.424325287342071533e-01 3.188067674636840820e-02
6.272649765014648438e-01 3.418714702129364014e-01 5.501141026616096497e-02
5.172327756881713867e-01 5.374308228492736816e-01 -3.152365610003471375e-02
5.281580090522766113e-01 5.420444011688232422e-01 -2.443052642047405243e-02
5.357580184936523438e-01 5.472779870033264160e-01 -1.618370041251182556e-02
5.307661890983581543e-01 4.895652532577514648e-01 -2.456448413431644440e-02
5.449832677841186523e-01 5.588696599006652832e-01 1.515621901489794254e-03
5.407189726829528809e-01 5.656046867370605469e-01 -5.260369274765253067e-03
5.418597459793090820e-01 5.581209063529968262e-01 -4.644978034775704145e-04
5.304998755455017090e-01 4.794910550117492676e-01 -4.221741855144500732e-02
5.302547812461853027e-01 5.499016046524047852e-01 -1.267755497246980667e-02
5.231979489326477051e-01 5.469210743904113770e-01 -1.842825487256050110e-02
5.142922997474670410e-01 5.451982021331787109e-01 -2.318890765309333801e-02
5.134558677673339844e-01 6.090375185012817383e-01 -1.145949400961399078e-02
5.157248377799987793e-01 5.930356979370117188e-01 -2.216802723705768585e-02
5.154839158058166504e-01 5.842483639717102051e-01 -2.368235029280185699e-02
5.146288275718688965e-01 5.746553540229797363e-01 -2.129930444061756134e-02
5.133323669433593750e-01 5.675639510154724121e-01 -1.967979781329631805e-02
5.295184254646301270e-01 5.638824701309204102e-01 -9.971795603632926941e-03
5.322782993316650391e-01 5.674639940261840820e-01 -1.166033558547496796e-02
5.353610515594482422e-01 5.725598931312561035e-01 -1.326925773173570633e-02
5.378054380416870117e-01 5.777726173400878906e-01 -1.123180147260427475e-02
5.500874519348144531e-01 5.318152308464050293e-01 -1.157373096793889999e-02
6.302828192710876465e-01 4.806458055973052979e-01 1.258990615606307983e-01
5.349096059799194336e-01 5.614025592803955078e-01 -4.162499215453863144e-03
5.378326177597045898e-01 5.633159279823303223e-01 -5.385061725974082947e-03
5.218522548675537109e-01 4.962654709815979004e-01 -2.942511998116970062e-02
5.378051996231079102e-01 4.960567355155944824e-01 -1.678249426186084747e-02
5.234193801879882812e-01 4.933917820453643799e-01 -2.931047044694423676e-02
5.565153360366821289e-01 4.387075304985046387e-01 -1.775628421455621719e-03
5.741042494773864746e-01 4.524651169776916504e-01 2.216235036030411720e-03
5.458988547325134277e-01 4.781494140625000000e-01 -2.034160867333412170e-02
6.113342642784118652e-01 2.790862321853637695e-01 3.564241155982017517e-02
6.043384671211242676e-01 2.978559732437133789e-01 1.802109740674495697e-02
5.972768068313598633e-01 3.134974241256713867e-01 3.767161630094051361e-03
5.408902168273925781e-01 5.916331410408020020e-01 -3.102381480857729912e-03
5.487605929374694824e-01 3.179421424865722656e-01 -1.529588457196950912e-02
5.541260242462158203e-01 2.839276790618896484e-01 -7.260602898895740509e-03
5.597726106643676758e-01 2.498519420623779297e-01 1.327135483734309673e-03
5.916643738746643066e-01 3.993313014507293701e-01 1.907689310610294342e-02
6.150878071784973145e-01 4.214496612548828125e-01 3.614034503698348999e-02
5.460425615310668945e-01 3.886408209800720215e-01 1.078649796545505524e-02
6.095309257507324219e-01 3.706657290458679199e-01 2.614624053239822388e-02
5.390743017196655273e-01 4.148575067520141602e-01 -1.000845991075038910e-02
5.385225415229797363e-01 4.703140556812286377e-01 -4.148994386196136475e-02
6.275843977928161621e-01 4.375168979167938232e-01 4.883658140897750854e-02
6.066991686820983887e-01 4.324739575386047363e-01 2.499900385737419128e-02
5.920937061309814453e-01 4.369845092296600342e-01 1.343164127320051193e-02
5.713139176368713379e-01 4.310595393180847168e-01 7.558516692370176315e-03
5.565285682678222656e-01 4.218157827854156494e-01 4.337130580097436905e-03
5.457347035408020020e-01 4.126459062099456787e-01 9.766500443220138550e-04
5.267208218574523926e-01 3.904511034488677979e-01 -2.142460457980632782e-02
6.236177682876586914e-01 4.729461371898651123e-01 4.427500069141387939e-02
6.174218058586120605e-01 3.705444037914276123e-01 3.234611824154853821e-02
5.155981779098510742e-01 4.856307208538055420e-01 -5.458112433552742004e-02
5.435419082641601562e-01 4.435357451438903809e-01 -1.158855389803647995e-02
6.369555592536926270e-01 4.068385064601898193e-01 1.208804994821548462e-01
5.378953218460083008e-01 4.026100039482116699e-01 -6.852669175714254379e-04
5.464791655540466309e-01 4.796945154666900635e-01 -9.125384502112865448e-03
6.025682687759399414e-01 3.826883137226104736e-01 2.879605814814567566e-02
5.397595763206481934e-01 4.599708914756774902e-01 -3.691925480961799622e-02
6.237525939941406250e-01 5.207023620605468750e-01 1.189619228243827820e-01
5.464934110641479492e-01 3.825806379318237305e-01 1.400750130414962769e-02
5.325483679771423340e-01 4.482008218765258789e-01 -4.809902235865592957e-02
5.883708000183105469e-01 6.004616618156433105e-01 4.461663961410522461e-02
5.868992209434509277e-01 6.193382143974304199e-01 6.441994011402130127e-02
6.326106786727905273e-01 4.778826534748077393e-01 8.517715334892272949e-02
6.031886339187622070e-01 5.796216130256652832e-01 5.932535231113433838e-02
6.320740580558776855e-01 3.723449110984802246e-01 7.217431068420410156e-02
5.399121046066284180e-01 6.486750841140747070e-01 8.182055316865444183e-03
5.135238766670227051e-01 4.896759390830993652e-01 -3.990906476974487305e-02
5.523161888122558594e-01 4.576483964920043945e-01 -7.394337095320224762e-03
6.259245872497558594e-01 4.018317461013793945e-01 5.422819033265113831e-02
5.825564265251159668e-01 3.902080357074737549e-01 1.485268399119377136e-02
5.732171535491943359e-01 3.901614844799041748e-01 1.154858432710170746e-02
5.433493852615356445e-01 5.680307745933532715e-01 -3.370407503098249435e-03
6.183232069015502930e-01 5.064114332199096680e-01 4.643600434064865112e-02
5.177565217018127441e-01 6.701809167861938477e-01 1.070896722376346588e-02
5.537712574005126953e-01 6.505576372146606445e-01 3.435735031962394714e-02
5.693778991699218750e-01 6.380415558815002441e-01 4.751741886138916016e-02
5.640262365341186523e-01 3.882568180561065674e-01 1.059860363602638245e-02
5.553218722343444824e-01 3.855467736721038818e-01 1.182007975876331329e-02
5.493947267532348633e-01 3.842100501060485840e-01 1.399762928485870361e-02
6.246684789657592773e-01 3.693582713603973389e-01 4.450393468141555786e-02
5.579815506935119629e-01 3.711347579956054688e-01 1.057053357362747192e-02
5.681416392326354980e-01 3.660698533058166504e-01 9.428835473954677582e-03
5.780547857284545898e-01 3.652909994125366211e-01 1.047837920486927032e-02
5.874622464179992676e-01 3.685982525348663330e-01 1.364652812480926514e-02
5.929145812988281250e-01 3.736753761768341064e-01 1.744254492223262787e-02
6.365858912467956543e-01 3.676522374153137207e-01 1.039077043533325195e-01
5.890504121780395508e-01 3.884805738925933838e-01 1.886963471770286560e-02
5.411000847816467285e-01 5.206505060195922852e-01 -1.786452718079090118e-02
5.343158245086669922e-01 4.836290180683135986e-01 -3.076194971799850464e-02
5.218605399131774902e-01 5.114780068397521973e-01 -2.902290411293506622e-02
5.722886323928833008e-01 6.195353269577026367e-01 3.310848399996757507e-02
5.568811893463134766e-01 6.339876651763916016e-01 2.126727253198623657e-02
5.188769102096557617e-01 6.591106653213500977e-01 -3.674874780699610710e-03
6.004796624183654785e-01 5.963033437728881836e-01 8.590313047170639038e-02
5.502055287361145020e-01 3.780943453311920166e-01 1.264161802828311920e-02
5.321465134620666504e-01 4.177325963973999023e-01 -2.608308382332324982e-02
5.371888875961303711e-01 6.619215011596679688e-01 2.052641473710536957e-02
6.261411905288696289e-01 5.148629546165466309e-01 8.183103054761886597e-02
5.222882032394409180e-01 5.661267042160034180e-01 -1.513705495744943619e-02
5.247560739517211914e-01 5.716801285743713379e-01 -1.687172427773475647e-02
5.269952416419982910e-01 5.793623924255371094e-01 -1.870354451239109039e-02
5.284184813499450684e-01 5.876083970069885254e-01 -1.710711047053337097e-02
5.288775563240051270e-01 6.021230220794677734e-01 -8.533827029168605804e-03
5.384039282798767090e-01 5.535050630569458008e-01 -6.772839929908514023e-03
5.412383079528808594e-01 5.529044866561889648e-01 -6.427556741982698441e-03
5.437883734703063965e-01 5.517770051956176758e-01 -6.223927717655897141e-03
5.562778711318969727e-01 5.465860366821289062e-01 -2.997771371155977249e-03
6.026815772056579590e-01 5.133097171783447266e-01 2.268137969076633453e-02
5.328406095504760742e-01 4.013913869857788086e-01 -1.491139829158782959e-02
5.395874381065368652e-01 3.687137067317962646e-01 5.555497016757726669e-03
5.458856821060180664e-01 3.710982799530029297e-01 1.056238450109958649e-02
5.359844565391540527e-01 5.535950064659118652e-01 -5.774792283773422241e-03
5.999286174774169922e-01 5.544409155845642090e-01 3.856248408555984497e-02
5.300576686859130859e-01 3.671047389507293701e-01 -9.018169716000556946e-03
5.343225002288818359e-01 6.163594126701354980e-01 -2.306976122781634331e-03
5.255748629570007324e-01 4.078060686588287354e-01 -3.365139290690422058e-02
5.374773740768432617e-01 4.453720152378082275e-01 -2.666730992496013641e-02
5.159824490547180176e-01 6.246199011802673340e-01 -9.189944714307785034e-03
5.608921647071838379e-01 5.869300365447998047e-01 9.678988717496395111e-03
5.546558499336242676e-01 4.942212104797363281e-01 -6.034048739820718765e-03
5.489364266395568848e-01 6.038829684257507324e-01 4.000382032245397568e-03
5.804020762443542480e-01 4.949646592140197754e-01 1.231329952133819461e-04
5.632998347282409668e-01 5.121618509292602539e-01 -3.898011287674307823e-03
5.863032937049865723e-01 5.234519839286804199e-01 8.907102048397064209e-03
5.183731913566589355e-01 6.430152654647827148e-01 -8.726499043405056000e-03
5.425390601158142090e-01 4.564910233020782471e-01 -1.861587725579738617e-02
5.698521733283996582e-01 6.005548238754272461e-01 2.045421861112117767e-02
5.547256469726562500e-01 6.172541975975036621e-01 1.257012318819761276e-02
5.707555413246154785e-01 5.665581226348876953e-01 1.141522452235221863e-02
6.123512983322143555e-01 5.348294973373413086e-01 4.931326210498809814e-02
5.848149657249450684e-01 5.712533593177795410e-01 2.288494445383548737e-02
6.171177029609680176e-01 5.490695834159851074e-01 7.560347020626068115e-02
5.690185427665710449e-01 5.352115631103515625e-01 1.721866894513368607e-03
5.376158952713012695e-01 4.303655624389648438e-01 -1.827268488705158234e-02
5.342548489570617676e-01 4.770987033843994141e-01 -4.422845691442489624e-02
5.393044352531433105e-01 4.832209646701812744e-01 -3.193368017673492432e-02
5.317383408546447754e-01 4.648242592811584473e-01 -5.242243781685829163e-02
5.501129031181335449e-01 3.523020744323730469e-01 3.085794625803828239e-03
5.695701837539672852e-01 3.409021496772766113e-01 2.614042023196816444e-03
5.860881805419921875e-01 3.395425677299499512e-01 4.574193619191646576e-03
5.988786816596984863e-01 3.448075652122497559e-01 9.877716191112995148e-03
6.068904995918273926e-01 3.548097014427185059e-01 1.709387451410293579e-02
6.087919473648071289e-01 3.893941938877105713e-01 3.371401503682136536e-02
6.361701488494873047e-01 4.421663284301757812e-01 8.449542522430419922e-02
5.982613563537597656e-01 4.134593307971954346e-01 2.325674891471862793e-02
5.865374803543090820e-01 4.171669483184814453e-01 1.570830494165420532e-02
5.720397233963012695e-01 4.146835505962371826e-01 1.024155411869287491e-02
5.585759878158569336e-01 4.088948667049407959e-01 7.224044762551784515e-03
5.482643246650695801e-01 4.024663567543029785e-01 6.660196930170059204e-03
5.412707924842834473e-01 3.963231742382049561e-01 5.702523980289697647e-03
6.339891552925109863e-01 4.434238672256469727e-01 1.274226605892181396e-01
5.382370948791503906e-01 4.881074726581573486e-01 -2.646126784384250641e-02
5.315676331520080566e-01 4.324408173561096191e-01 -3.555821254849433899e-02
5.275641679763793945e-01 4.763260483741760254e-01 -5.369585379958152771e-02
5.206848382949829102e-01 4.840435981750488281e-01 -4.976971819996833801e-02
5.266693830490112305e-01 4.794690907001495361e-01 -4.821648821234703064e-02
5.347023010253906250e-01 4.928124248981475830e-01 -2.303148619830608368e-02
5.188712477684020996e-01 4.851313829421997070e-01 -5.292215570807456970e-02
5.168030858039855957e-01 4.891389012336730957e-01 -3.977136686444282532e-02
5.424090027809143066e-01 3.827707469463348389e-01 1.193957775831222534e-02
5.362815260887145996e-01 3.863542675971984863e-01 4.560294561088085175e-03
5.325393676757812500e-01 3.887547850608825684e-01 -3.591627581045031548e-03
5.958395004272460938e-01 3.776580095291137695e-01 2.138222940266132355e-02
6.040769815444946289e-01 3.702067136764526367e-01 2.223331108689308167e-02
4.529269337654113770e-01 3.639150857925415039e-01 7.106161676347255707e-03
4.644138216972351074e-01 3.650528192520141602e-01 7.106161676347255707e-03
4.541309773921966553e-01 3.489280343055725098e-01 7.106161676347255707e-03
4.412557482719421387e-01 3.627465069293975830e-01 7.106161676347255707e-03
4.516361653804779053e-01 3.787174224853515625e-01 7.106161676347255707e-03
5.752989053726196289e-01 3.779510259628295898e-01 1.500213425606489182e-02
5.870751142501831055e-01 3.792039453983306885e-01 1.500213425606489182e-02
5.763272643089294434e-01 3.627041876316070557e-01 1.500213425606489182e-02
5.634646415710449219e-01 3.765965700149536133e-01 1.500213425606489182e-02
5.743076205253601074e-01 3.932121694087982178e-01 1.500213425606489182e-02
