5.066319704055786133e-01 5.135970115661621094e-01 -3.876398131251335144e-02
5.132007002830505371e-01 4.610131680965423584e-01 -6.245323643088340759e-02
5.102604627609252930e-01 4.797946512699127197e-01 -3.567696362733840942e-02
5.066170096397399902e-01 4.072324633598327637e-01 -4.392034187912940979e-02
5.146454572677612305e-01 4.439095556735992432e-01 -6.513815373182296753e-02
5.157397985458374023e-01 4.228429198265075684e-01 -5.893826857209205627e-02
5.178160667419433594e-01 3.729629814624786377e-01 -2.315561473369598389e-02
4.350311756134033203e-01 3.589063882827758789e-01 1.464852318167686462e-02
5.203593373298645020e-01 3.305597901344299316e-01 -1.148831192404031754e-02
5.220232605934143066e-01 3.086185455322265625e-01 -1.130390912294387817e-02
5.264434814453125000e-01 2.379001230001449585e-01 7.988139986991882324e-03
5.064111351966857910e-01 5.177580118179321289e-01 -3.797684237360954285e-02
5.060927271842956543e-01 5.219746828079223633e-01 -3.482959046959877014e-02
5.058887004852294922e-01 5.245375037193298340e-01 -3.039581887423992157e-02
5.034614801406860352e-01 5.718966722488403320e-01 -2.550149150192737579e-02
5.035048723220825195e-01 5.765312910079956055e-01 -2.794664725661277771e-02
5.032556056976318359e-01 5.823619961738586426e-01 -3.063048794865608215e-02
5.028897523880004883e-01 5.889817476272583008e-01 -2.900356240570545197e-02
5.001064538955688477e-01 5.987161397933959961e-01 -1.905892789363861084e-02
5.119755268096923828e-01 4.703988432884216309e-01 -5.724995583295822144e-02
5.012015700340270996e-01 4.699108898639678955e-01 -4.282770678400993347e-02
3.933895528316497803e-01 3.002797663211822510e-01 7.078747451305389404e-02
4.643014669418334961e-01 3.781374096870422363e-01 4.343977198004722595e-03
4.525959789752960205e-01 3.786213397979736328e-01 4.189487546682357788e-03
4.418376088142395020e-01 3.761642575263977051e-01 6.551043130457401276e-03
4.290446043014526367e-01 3.641490042209625244e-01 1.528348773717880249e-02
4.749559164047241211e-01 3.740085959434509277e-01 6.841677706688642502e-03
4.554300308227539062e-01 3.220910131931304932e-01 2.384903375059366226e-03
4.681831300258636475e-01 3.260846138000488281e-01 3.757500322535634041e-03
4.428184032440185547e-01 3.238086402416229248e-01 4.880685824900865555e-03
4.337775707244873047e-01 3.306046128273010254e-01 8.525909855961799622e-03
4.171785116195678711e-01 3.746281266212463379e-01 1.954443939030170441e-02
4.539356231689453125e-01 6.134886741638183594e-01 -1.094654761254787445e-02
4.315693080425262451e-01 3.530933856964111328e-01 1.835157722234725952e-02
3.819277286529541016e-01 3.700409531593322754e-01 6.822506338357925415e-02
4.053156077861785889e-01 3.606959581375122070e-01 3.120596334338188171e-02
4.536493420600891113e-01 4.455877840518951416e-01 -1.321958564221858978e-02
4.903528392314910889e-01 5.099495053291320801e-01 -3.815442696213722229e-02
4.913133978843688965e-01 5.205804109573364258e-01 -3.410882130265235901e-02
4.737100303173065186e-01 5.150119662284851074e-01 -3.281418234109878540e-02
4.626244008541107178e-01 5.219718217849731445e-01 -2.486299350857734680e-02
4.785024821758270264e-01 5.225084424018859863e-01 -3.021238185465335846e-02
4.685137271881103516e-01 5.265829563140869141e-01 -2.265066280961036682e-02
4.483641684055328369e-01 5.553192496299743652e-01 -8.593400940299034119e-03
5.038694143295288086e-01 4.596124291419982910e-01 -6.200206652283668518e-02
5.036946535110473633e-01 4.431070387363433838e-01 -6.445590406656265259e-02
4.201435148715972900e-01 3.115803003311157227e-01 1.282307785004377365e-02
4.800619184970855713e-01 4.071248471736907959e-01 -9.415862150490283966e-03
4.770759642124176025e-01 4.554855823516845703e-01 -3.617806732654571533e-02
4.762600660324096680e-01 4.471308588981628418e-01 -3.230758011341094971e-02
4.185517430305480957e-01 4.407378733158111572e-01 -1.502855797298252583e-03
5.052607059478759766e-01 4.236023724079132080e-01 -5.638129636645317078e-02
4.501843154430389404e-01 2.914801537990570068e-01 -2.714252099394798279e-03
4.334137439727783203e-01 2.978397607803344727e-01 4.309386014938354492e-03
4.093561768531799316e-01 2.715180218219757080e-01 5.241531506180763245e-02
4.986925721168518066e-01 3.131933212280273438e-01 -9.665548801422119141e-03
4.785469770431518555e-01 3.357786536216735840e-01 7.428013719618320465e-03
4.418439865112304688e-01 5.357096195220947266e-01 -6.573643069714307785e-03
3.807360529899597168e-01 5.308473706245422363e-01 8.307740837335586548e-02
4.848238229751586914e-01 4.658438563346862793e-01 -3.177255764603614807e-02
4.931889772415161133e-01 4.716408550739288330e-01 -3.259456902742385864e-02
4.509127140045166016e-01 5.395744442939758301e-01 -7.057864684611558914e-03
4.543514251708984375e-01 5.397925376892089844e-01 -9.647333063185214996e-03
4.283788204193115234e-01 2.874149978160858154e-01 1.043555885553359985e-02
4.755203127861022949e-01 4.637354314327239990e-01 -3.054373711347579956e-02
4.712460637092590332e-01 2.946294844150543213e-01 -7.492376025766134262e-03
4.711912572383880615e-01 2.816218137741088867e-01 -8.603656664490699768e-03
4.607469439506530762e-01 2.376264780759811401e-01 1.622868329286575317e-02
4.178364276885986328e-01 2.854063808917999268e-01 2.900155447423458099e-02
4.659691154956817627e-01 2.656712234020233154e-01 3.806762397289276123e-03
4.136732220649719238e-01 3.054174184799194336e-01 2.295279316604137421e-02
4.026805758476257324e-01 3.086907267570495605e-01 4.609771817922592163e-02
4.904362559318542480e-01 5.155601501464843750e-01 -3.742565587162971497e-02
4.759922623634338379e-01 5.191532969474792480e-01 -3.205825760960578918e-02
4.654476642608642578e-01 5.244890451431274414e-01 -2.471402101218700409e-02
4.870477318763732910e-01 4.694959521293640137e-01 -2.930180355906486511e-02
4.526237845420837402e-01 5.397478342056274414e-01 -8.369148708879947662e-03
4.572460055351257324e-01 5.509186983108520508e-01 -1.420071348547935486e-02
4.558654129505157471e-01 5.397233963012695312e-01 -9.821535088121891022e-03
4.911633133888244629e-01 4.594348371028900146e-01 -4.667425155639648438e-02
4.709051847457885742e-01 5.273270010948181152e-01 -2.115769311785697937e-02
4.806851446628570557e-01 5.241600275039672852e-01 -2.629005350172519684e-02
4.923908710479736328e-01 5.232504606246948242e-01 -2.996907383203506470e-02
4.835987389087677002e-01 5.954229831695556641e-01 -1.958050578832626343e-02
4.855686724185943604e-01 5.846626162528991699e-01 -2.919610589742660522e-02
4.866738915443420410e-01 5.783312320709228516e-01 -3.028598986566066742e-02
4.880183637142181396e-01 5.728200674057006836e-01 -2.738961949944496155e-02
4.895256161689758301e-01 5.687869191169738770e-01 -2.504805102944374084e-02
4.693358242511749268e-01 5.574312210083007812e-01 -1.742630824446678162e-02
4.669312834739685059e-01 5.584536790847778320e-01 -1.951775699853897095e-02
4.637481868267059326e-01 5.605371594429016113e-01 -2.155774459242820740e-02
4.612116217613220215e-01 5.635619163513183594e-01 -2.000657841563224792e-02
4.579808115959167480e-01 5.062892436981201172e-01 -2.070109732449054718e-02
3.724974393844604492e-01 4.451275169849395752e-01 1.057150065898895264e-01
5.111058354377746582e-01 4.749356210231781006e-01 -4.308021068572998047e-02
4.628381133079528809e-01 5.506242513656616211e-01 -1.254423055797815323e-02
4.600298106670379639e-01 5.505344867706298828e-01 -1.398826390504837036e-02
4.957745373249053955e-01 4.783138036727905273e-01 -3.376452624797821045e-02
4.780344963073730469e-01 4.744387269020080566e-01 -2.267619594931602478e-02
4.945661723613739014e-01 4.750441014766693115e-01 -3.337313234806060791e-02
4.669213294982910156e-01 4.154590964317321777e-01 -7.568316068500280380e-03
4.471440613269805908e-01 4.239909946918487549e-01 -6.497863214462995529e-03
4.733625352382659912e-01 4.550510048866271973e-01 -2.661097981035709381e-02
4.308016300201416016e-01 2.498185485601425171e-01 3.271493688225746155e-02
4.379326105117797852e-01 2.702717185020446777e-01 1.527682971209287643e-02
4.476999342441558838e-01 2.794173955917358398e-01 3.039720468223094940e-04
4.566259980201721191e-01 5.704690814018249512e-01 -1.353654079139232635e-02
4.983796179294586182e-01 2.904353737831115723e-01 -1.212973147630691528e-02
4.937523603439331055e-01 2.682866454124450684e-01 -1.926911878399550915e-03
4.914706945419311523e-01 2.345391958951950073e-01 7.767859380692243576e-03
4.332391321659088135e-01 3.714448809623718262e-01 1.089174207299947739e-02
4.026099741458892822e-01 3.857568800449371338e-01 2.407389879226684570e-02
4.823661744594573975e-01 3.694621324539184570e-01 9.199473075568675995e-03
4.211226999759674072e-01 3.378086984157562256e-01 1.725332252681255341e-02
4.892635047435760498e-01 3.968715071678161621e-01 -1.203660387545824051e-02
4.847527146339416504e-01 4.485447704792022705e-01 -4.621528089046478271e-02
3.907674252986907959e-01 3.995544612407684326e-01 3.417972847819328308e-02
4.094281196594238281e-01 3.978230059146881104e-01 1.305844262242317200e-02
4.241988658905029297e-01 4.052711725234985352e-01 3.255964489653706551e-03
4.469763040542602539e-01 4.045649468898773193e-01 2.522416434658225626e-05
4.639686644077301025e-01 3.990700542926788330e-01 -7.045516977086663246e-04
4.774913787841796875e-01 3.921722769737243652e-01 -1.982214162126183510e-03
5.067013502120971680e-01 3.757973313331604004e-01 -2.001662924885749817e-02
3.902063965797424316e-01 4.341124594211578369e-01 2.782892435789108276e-02
4.119131565093994141e-01 3.346956372261047363e-01 2.249720320105552673e-02
5.064274668693542480e-01 4.691843688488006592e-01 -5.704074352979660034e-02
4.801853299140930176e-01 4.228574633598327637e-01 -1.588171161711215973e-02
3.756702542304992676e-01 3.707520067691802979e-01 1.044106706976890564e-01
4.882755875587463379e-01 3.837975263595581055e-01 -2.015055622905492783e-03
4.714736938476562500e-01 4.566505551338195801e-01 -1.542819850146770477e-02
4.261147379875183105e-01 3.525508642196655273e-01 2.000504359602928162e-02
4.844224154949188232e-01 4.385807812213897705e-01 -4.124251380562782288e-02
3.744786977767944336e-01 4.863589107990264893e-01 9.728654474020004272e-02
4.837257862091064453e-01 3.636704385280609131e-01 1.267848070710897446e-02
4.947832226753234863e-01 4.290055930614471436e-01 -5.086487904191017151e-02
4.061432778835296631e-01 5.709630846977233887e-01 2.613952942192554474e-02
4.030077457427978516e-01 5.927765965461730957e-01 4.333408176898956299e-02
3.763800859451293945e-01 4.400553107261657715e-01 6.690420210361480713e-02
3.931855261325836182e-01 5.470915436744689941e-01 3.922739624977111816e-02
3.918534517288208008e-01 3.371692895889282227e-01 6.064886227250099182e-02
4.497605562210083008e-01 6.307464241981506348e-01 -6.686134729534387589e-03
5.068288445472717285e-01 4.738440513610839844e-01 -4.256908223032951355e-02
4.686385691165924072e-01 4.342803955078125000e-01 -1.345511898398399353e-02
3.944047689437866211e-01 3.640442490577697754e-01 4.161311686038970947e-02
4.447795152664184570e-01 3.669475018978118896e-01 8.440228179097175598e-03
4.540991187095642090e-01 3.698264658451080322e-01 6.349291186779737473e-03
4.546783268451690674e-01 5.518874526023864746e-01 -1.283860020339488983e-02
3.900483846664428711e-01 4.684187471866607666e-01 2.847479470074176788e-02
4.692862033843994141e-01 6.577628850936889648e-01 -3.508676541969180107e-03
4.338381290435791016e-01 6.317963004112243652e-01 1.667737029492855072e-02
4.192951619625091553e-01 6.157449483871459961e-01 2.836707979440689087e-02
5.244713425636291504e-01 2.732079327106475830e-01 -2.057585399597883224e-03
4.947435259819030762e-01 6.636085510253906250e-01 -4.838161636143922806e-03
4.638618230819702148e-01 3.695853054523468018e-01 6.814852356910705566e-03
4.735035002231597900e-01 3.671510517597198486e-01 9.235588833689689636e-03
4.800975024700164795e-01 3.654128611087799072e-01 1.218279730528593063e-02
4.033603072166442871e-01 3.323111832141876221e-01 3.379022702574729919e-02
4.746778607368469238e-01 3.516020178794860840e-01 8.587430231273174286e-03
4.649796485900878906e-01 3.462471365928649902e-01 6.266994867473840714e-03
4.551845490932464600e-01 3.443158268928527832e-01 5.972690880298614502e-03
4.452456533908843994e-01 3.453245162963867188e-01 7.752573583275079727e-03
4.386730790138244629e-01 3.482097089290618896e-01 1.064875349402427673e-02
3.825997710227966309e-01 3.317685723304748535e-01 9.036767482757568359e-02
4.389194548130035400e-01 3.629791140556335449e-01 1.165256649255752563e-02
5.089446902275085449e-01 4.934487938880920410e-01 -3.386211022734642029e-02
4.702628850936889648e-01 4.975124001502990723e-01 -2.571387961506843567e-02
4.852890968322753906e-01 4.625294804573059082e-01 -3.545120730996131897e-02
4.929569363594055176e-01 4.929810166358947754e-01 -3.403807058930397034e-02
5.187766551971435547e-01 3.527697622776031494e-01 -1.295294892042875290e-02
4.199246764183044434e-01 5.941724181175231934e-01 1.605166122317314148e-02
4.340546429157257080e-01 6.124012470245361328e-01 5.315179005265235901e-03
4.703732132911682129e-01 6.450219154357910156e-01 -1.651796884834766388e-02
3.908716142177581787e-01 5.668662190437316895e-01 6.325650215148925781e-02
4.811472892761230469e-01 3.588128089904785156e-01 1.105673797428607941e-02
4.976588189601898193e-01 4.005389511585235596e-01 -2.695626392960548401e-02
4.958037137985229492e-01 6.507726311683654785e-01 -1.763002201914787292e-02
4.499354958534240723e-01 6.463533639907836914e-01 4.272117745131254196e-03
3.776463270187377930e-01 4.780554175376892090e-01 6.203102692961692810e-02
4.783226251602172852e-01 5.637505054473876953e-01 -2.178933843970298767e-02
4.758588075637817383e-01 5.662030577659606934e-01 -2.410502545535564423e-02
4.734420478343963623e-01 5.703291296958923340e-01 -2.637762762606143951e-02
4.716335833072662354e-01 5.757402181625366211e-01 -2.524904347956180573e-02
4.679869711399078369e-01 5.846551656723022461e-01 -1.817993819713592529e-02
4.602561891078948975e-01 5.321117043495178223e-01 -1.570974290370941162e-02
4.573440551757812500e-01 5.311052203178405762e-01 -1.581735908985137939e-02
4.548684358596801758e-01 5.295031070709228516e-01 -1.586838439106941223e-02
4.481760263442993164e-01 5.191876292228698730e-01 -1.367861498147249222e-02
4.067084789276123047e-01 4.772507846355438232e-01 6.913202349096536636e-03
4.982334375381469727e-01 3.850707709789276123e-01 -1.509180478751659393e-02
4.941831827163696289e-01 3.497503995895385742e-01 6.622728426009416580e-03
4.866038560867309570e-01 3.517868816852569580e-01 1.000974234193563461e-02
4.626178145408630371e-01 5.320830345153808594e-01 -1.487053744494915009e-02
4.017059206962585449e-01 5.202432274818420410e-01 2.079090848565101624e-02
5.051670074462890625e-01 3.492621183395385742e-01 -6.907129194587469101e-03
4.606970548629760742e-01 5.979251265525817871e-01 -1.359153911471366882e-02
5.164211988449096680e-01 4.057712256908416748e-01 -4.665055871009826660e-02
5.065124630928039551e-01 3.923382163047790527e-01 -3.274139761924743652e-02
5.170547962188720703e-01 3.900090456008911133e-01 -3.433990105986595154e-02
4.877924919128417969e-01 4.255176186561584473e-01 -2.976443618535995483e-02
4.973259568214416504e-01 6.335022449493408203e-01 -2.167805284261703491e-02
4.988232254981994629e-01 6.143988370895385742e-01 -1.990522630512714386e-02
4.788952171802520752e-01 6.103478074073791504e-01 -1.884509064257144928e-02
4.371501803398132324e-01 5.606848001480102539e-01 -3.232617396861314774e-03
4.604562222957611084e-01 4.690815508365631104e-01 -1.399262808263301849e-02
4.470134675502777100e-01 5.814861059188842773e-01 -8.116642013192176819e-03
4.341833293437957764e-01 4.635429680347442627e-01 -1.132721360772848129e-02
4.485115110874176025e-01 4.844528436660766602e-01 -1.379447244107723236e-02
4.225812852382659912e-01 4.903972446918487549e-01 -4.724454600363969803e-03
4.737082123756408691e-01 6.282970905303955078e-01 -2.014093101024627686e-02
4.797713160514831543e-01 4.351658523082733154e-01 -2.318284474313259125e-02
4.259608387947082520e-01 5.737811923027038574e-01 5.291426088660955429e-03
4.393556118011474609e-01 5.945564508438110352e-01 -1.580192474648356438e-03
4.305578172206878662e-01 5.368661284446716309e-01 -2.455066191032528877e-03
3.912692368030548096e-01 4.984599947929382324e-01 3.055775910615921021e-02
4.152943789958953857e-01 5.398584008216857910e-01 7.100455462932586670e-03
3.823828101158142090e-01 5.139512419700622559e-01 5.460006743669509888e-02
4.380038380622863770e-01 5.052748918533325195e-01 -1.009590644389390945e-02
4.891762733459472656e-01 4.115167260169982910e-01 -2.094370126724243164e-02
4.880175888538360596e-01 4.561167657375335693e-01 -4.876616224646568298e-02
4.804720282554626465e-01 4.609862565994262695e-01 -3.745169937610626221e-02
4.937271475791931152e-01 4.448032081127166748e-01 -5.578820779919624329e-02
4.870168864727020264e-01 3.294667005538940430e-01 3.606617217883467674e-03
4.696165919303894043e-01 3.145959377288818359e-01 1.066631753928959370e-03
4.535078406333923340e-01 3.105869889259338379e-01 5.782122607342898846e-04
4.392166733741760254e-01 3.137345910072326660e-01 3.614217042922973633e-03
4.282901883125305176e-01 3.221672475337982178e-01 9.289790876209735870e-03
4.169332385063171387e-01 3.565474152565002441e-01 2.393719181418418884e-02
3.773752152919769287e-01 4.043024480342864990e-01 6.778896600008010864e-02
4.226210117340087891e-01 3.822509944438934326e-01 1.350573077797889709e-02
4.338077306747436523e-01 3.885793089866638184e-01 7.350771222263574600e-03
4.492101073265075684e-01 3.902787864208221436e-01 3.706596791744232178e-03
4.643731415271759033e-01 3.877808153629302979e-01 2.890628995373845100e-03
4.767365157604217529e-01 3.827577531337738037e-01 4.144372418522834778e-03
4.856854975223541260e-01 3.777481317520141602e-01 4.447592422366142273e-03
3.733401894569396973e-01 4.076399803161621094e-01 1.088976263999938965e-01
4.798972606658935547e-01 4.662238061428070068e-01 -3.212117776274681091e-02
4.970466494560241699e-01 4.144371747970581055e-01 -3.741112351417541504e-02
4.959497451782226562e-01 4.570123255252838135e-01 -5.700400471687316895e-02
5.009273886680603027e-01 4.665006399154663086e-01 -5.264213308691978455e-02
4.955806136131286621e-01 4.603557884693145752e-01 -5.173232406377792358e-02
4.822030365467071533e-01 4.719419479370117188e-01 -2.835819311439990997e-02
5.029929876327514648e-01 4.679294228553771973e-01 -5.560166016221046448e-02
5.034123063087463379e-01 4.725515544414520264e-01 -4.266534000635147095e-02
4.876590073108673096e-01 3.638913035392761230e-01 1.129385177046060562e-02
4.934718012809753418e-01 3.685736656188964844e-01 4.707707092165946960e-03
4.972204566001892090e-01 3.711388707160949707e-01 -3.238089149817824364e-03
4.347834885120391846e-01 3.506734371185302734e-01 1.391926687210798264e-02
4.275653660297393799e-01 3.395485281944274902e-01 1.414608117192983627e-02
5.255303382873535156e-01 4.096199572086334229e-01 -4.205318167805671692e-02
5.945035219192504883e-01 3.788461387157440186e-01 2.754112146794795990e-02
5.211382508277893066e-01 4.725130200386047363e-01 -4.141458496451377869e-02
6.335145831108093262e-01 3.319799900054931641e-01 9.072070568799972534e-02
5.630784034729003906e-01 3.882746398448944092e-01 1.273267716169357300e-02
5.735369324684143066e-01 3.914947509765625000e-01 1.427700184285640717e-02
5.836964845657348633e-01 3.928113579750061035e-01 1.815738901495933533e-02
5.982696413993835449e-01 3.857211172580718994e-01 2.887726016342639923e-02
5.542969703674316406e-01 3.830932676792144775e-01 1.348634250462055206e-02
5.828537940979003906e-01 3.395621180534362793e-01 1.289970520883798599e-02
5.700223445892333984e-01 3.406189978122711182e-01 1.207704562693834305e-02
5.943365693092346191e-01 3.439921140670776367e-01 1.698726415634155273e-02
6.012458801269531250e-01 3.526791036128997803e-01 2.159312926232814789e-02
6.055467724800109863e-01 3.983016014099121094e-01 3.414580971002578735e-02
5.413606166839599609e-01 6.224136948585510254e-01 -4.989434964954853058e-03
5.988814830780029297e-01 3.744229078292846680e-01 3.180765733122825623e-02
6.369795203208923340e-01 4.019686281681060791e-01 8.769132196903228760e-02
6.183634996414184570e-01 3.874742984771728516e-01 4.750830680131912231e-02
5.670115947723388672e-01 4.600347876548767090e-01 -4.493621643632650375e-03
5.223134160041809082e-01 5.131896734237670898e-01 -3.586838766932487488e-02
5.197674632072448730e-01 5.235953927040100098e-01 -3.200304135680198669e-02
5.367493629455566406e-01 5.210754275321960449e-01 -2.810141630470752716e-02
5.455265045166015625e-01 5.303162932395935059e-01 -1.841069757938385010e-02
5.309616923332214355e-01 5.276824831962585449e-01 -2.613762393593788147e-02
5.391209125518798828e-01 5.337846875190734863e-01 -1.717160083353519440e-02
5.542748570442199707e-01 5.675612092018127441e-01 -4.885261296294629574e-04
5.222131013870239258e-01 4.619717001914978027e-01 -6.079861894249916077e-02
5.251839756965637207e-01 4.458138942718505859e-01 -6.304899603128433228e-02
6.160888671875000000e-01 3.384469747543334961e-01 2.817784249782562256e-02
5.468879342079162598e-01 4.155874848365783691e-01 -3.714656690135598183e-03
5.460973978042602539e-01 4.641527831554412842e-01 -3.083449974656105042e-02
5.476214289665222168e-01 4.559897482395172119e-01 -2.679649367928504944e-02
5.998474359512329102e-01 4.637818634510040283e-01 1.250238995999097824e-02
5.255867242813110352e-01 4.261099994182586670e-01 -5.455151200294494629e-02
5.931958556175231934e-01 3.152595758438110352e-01 8.203704841434955597e-03
6.072824597358703613e-01 3.232723474502563477e-01 1.781573705375194550e-02
6.251928210258483887e-01 3.005511760711669922e-01 7.021499425172805786e-02
5.443601012229919434e-01 3.284177780151367188e-01 -5.911776330322027206e-03
5.585377216339111328e-01 3.477576971054077148e-01 1.422366034239530563e-02
5.635486245155334473e-01 5.504669547080993652e-01 3.328881692141294479e-03
6.154414415359497070e-01 5.592975020408630371e-01 1.021014377474784851e-01
5.364604592323303223e-01 4.724254608154296875e-01 -2.793327718973159790e-02
5.275727510452270508e-01 4.759952127933502197e-01 -3.065412305295467377e-02
5.530050992965698242e-01 5.511026978492736816e-01 1.501997001469135284e-03
5.496419668197631836e-01 5.504844188690185547e-01 -2.030209405347704887e-03
6.133039593696594238e-01 3.138656616210937500e-01 2.463844232261180878e-02
5.455316305160522461e-01 4.723933339118957520e-01 -2.530266158282756805e-02
5.730829834938049316e-01 3.159463405609130859e-01 1.293296554649714381e-05
5.757124423980712891e-01 3.032184839248657227e-01 -9.355733054690063000e-04
5.870232582092285156e-01 2.552989721298217773e-01 2.656368538737297058e-02
6.185130476951599121e-01 3.113542497158050537e-01 4.444290325045585632e-02
5.800862908363342285e-01 2.810153365135192871e-01 1.249441597610712051e-02
6.224477291107177734e-01 3.333180546760559082e-01 3.918967023491859436e-02
6.273888349533081055e-01 3.374534845352172852e-01 6.353168189525604248e-02
5.213580131530761719e-01 5.188693404197692871e-01 -3.513187915086746216e-02
5.338102579116821289e-01 5.249350666999816895e-01 -2.765444666147232056e-02
5.424920320510864258e-01 5.323063135147094727e-01 -1.881646551191806793e-02
5.334964990615844727e-01 4.753426313400268555e-01 -2.605549246072769165e-02
5.512692332267761230e-01 5.508731603622436523e-01 -4.336051060818135738e-04
5.467138886451721191e-01 5.609779953956604004e-01 -7.462337613105773926e-03
5.480631589889526367e-01 5.499892830848693848e-01 -2.427984960377216339e-03
5.325863361358642578e-01 4.648981690406799316e-01 -4.300079494714736938e-02
5.365096926689147949e-01 5.338769555091857910e-01 -1.593328826129436493e-02
5.284752249717712402e-01 5.287674665451049805e-01 -2.242030948400497437e-02
5.183277726173400879e-01 5.258861184120178223e-01 -2.779035829007625580e-02
5.164418220520019531e-01 5.990200638771057129e-01 -1.753895170986652374e-02
5.194268822669982910e-01 5.886453390121459961e-01 -2.695288509130477905e-02
5.190740823745727539e-01 5.819540619850158691e-01 -2.796873077750205994e-02
5.180816054344177246e-01 5.760955810546875000e-01 -2.507407777011394501e-02
5.165852308273315430e-01 5.716381669044494629e-01 -2.283644117414951324e-02
5.350601673126220703e-01 5.644704103469848633e-01 -1.218194141983985901e-02
5.376228690147399902e-01 5.663084387779235840e-01 -1.427080109715461731e-02
5.406837463378906250e-01 5.693560838699340820e-01 -1.608450897037982941e-02
5.429846048355102539e-01 5.731610655784606934e-01 -1.418863888829946518e-02
5.541104078292846680e-01 5.181463360786437988e-01 -1.327884662896394730e-02
6.315520405769348145e-01 4.776562154293060303e-01 1.267351955175399780e-01
5.410084724426269531e-01 5.591911077499389648e-01 -6.016938947141170502e-03
5.439613461494445801e-01 5.598143935203552246e-01 -7.496634032577276230e-03
5.242765545845031738e-01 4.818173050880432129e-01 -3.180377557873725891e-02
5.408634543418884277e-01 4.821130633354187012e-01 -1.847361773252487183e-02
5.258461833000183105e-01 4.790043234825134277e-01 -3.147468343377113342e-02
5.578393340110778809e-01 4.269650876522064209e-01 1.318861450272379443e-05
5.754938721656799316e-01 4.403789341449737549e-01 3.577999537810683250e-03
5.486419796943664551e-01 4.643530249595642090e-01 -2.089711837470531464e-02
6.109276413917541504e-01 2.745035886764526367e-01 4.725998267531394958e-02
6.038098335266113281e-01 2.920360565185546875e-01 2.778569050133228302e-02
5.975925922393798828e-01 3.033776581287384033e-01 1.173513848334550858e-02
5.448570847511291504e-01 5.802800655364990234e-01 -6.810500752180814743e-03
5.494215488433837891e-01 3.072779774665832520e-01 -8.192431181669235229e-03
5.543540120124816895e-01 2.766031622886657715e-01 2.657548291608691216e-03
5.598679780960083008e-01 2.443432956933975220e-01 1.307723205536603928e-02
5.926992297172546387e-01 3.913102447986602783e-01 2.372719347476959229e-02
6.158087849617004395e-01 4.120276272296905518e-01 4.015849903225898743e-02
5.484542250633239746e-01 3.782361745834350586e-01 1.510972995311021805e-02
6.102680563926696777e-01 3.625082373619079590e-01 3.210227936506271362e-02
5.400614738464355469e-01 4.033091664314270020e-01 -7.504799868911504745e-03
5.406290888786315918e-01 4.557868242263793945e-01 -4.185065254569053650e-02
6.285073757171630859e-01 4.294165968894958496e-01 5.228876322507858276e-02
6.075273156166076660e-01 4.226302206516265869e-01 2.836905419826507568e-02
5.931680202484130859e-01 4.265697598457336426e-01 1.639979891479015350e-02
5.729140043258666992e-01 4.203804433345794678e-01 1.018272247165441513e-02
5.585335493087768555e-01 4.110156595706939697e-01 7.104495074599981308e-03
5.478874444961547852e-01 4.017331302165985107e-01 3.889166051521897316e-03
5.277844071388244629e-01 3.785215318202972412e-01 -1.812189444899559021e-02
6.254364848136901855e-01 4.636104106903076172e-01 4.593237861990928650e-02
6.181698441505432129e-01 3.617127835750579834e-01 3.858193010091781616e-02
5.174271464347839355e-01 4.705875217914581299e-01 -5.608267709612846375e-02
5.453414320945739746e-01 4.310728013515472412e-01 -1.030670665204524994e-02
6.379745006561279297e-01 4.040605425834655762e-01 1.262565404176712036e-01
5.400211215019226074e-01 3.917182981967926025e-01 2.567261457443237305e-03
5.492625832557678223e-01 4.662165939807891846e-01 -9.608981199562549591e-03
6.034300923347473145e-01 3.754249811172485352e-01 3.414137661457061768e-02
5.417709946632385254e-01 4.458347856998443604e-01 -3.678710386157035828e-02
6.256029009819030762e-01 5.174138545989990234e-01 1.174103170633316040e-01
5.490086078643798828e-01 3.724935650825500488e-01 1.882647350430488586e-02
5.341317057609558105e-01 4.339785575866699219e-01 -4.763203486800193787e-02
5.912243723869323730e-01 5.920219421386718750e-01 3.962621837854385376e-02
5.894975662231445312e-01 6.132378578186035156e-01 5.796517804265022278e-02
6.343610286712646484e-01 4.718579947948455811e-01 8.637166023254394531e-02
6.061815023422241211e-01 5.722845792770385742e-01 5.502650886774063110e-02
6.324425339698791504e-01 3.677144050598144531e-01 7.922255247831344604e-02
5.425062775611877441e-01 6.396997570991516113e-01 -2.645333879627287388e-04
5.153691768646240234e-01 4.749588966369628906e-01 -4.198973625898361206e-02
5.542667508125305176e-01 4.451145827770233154e-01 -6.640198174864053726e-03
6.268692612648010254e-01 3.927129209041595459e-01 5.937717109918594360e-02
5.836962461471557617e-01 3.825621306896209717e-01 1.982199400663375854e-02
5.747223496437072754e-01 3.819882273674011230e-01 1.639344729483127594e-02
5.491544008255004883e-01 5.626646280288696289e-01 -5.681029520928859711e-03
6.210148334503173828e-01 4.972646534442901611e-01 4.610230028629302979e-02
5.200210213661193848e-01 6.622226238250732422e-01 2.937745011877268553e-04
5.562914609909057617e-01 6.432884931564331055e-01 2.612134069204330444e-02
5.719434618949890137e-01 6.310920119285583496e-01 4.029715806245803833e-02
5.658776760101318359e-01 3.794081211090087891e-01 1.536084152758121490e-02
5.574876666069030762e-01 3.759998977184295654e-01 1.653078198432922363e-02
5.517826080322265625e-01 3.742445707321166992e-01 1.873806305229663849e-02
6.255130767822265625e-01 3.604753613471984863e-01 5.100541561841964722e-02
5.603582859039306641e-01 3.628352284431457520e-01 1.612822338938713074e-02
5.702320337295532227e-01 3.589411377906799316e-01 1.509757433086633682e-02
5.795980691909790039e-01 3.588408231735229492e-01 1.623194478452205658e-02
5.885203480720520020e-01 3.623259663581848145e-01 1.935512199997901917e-02
5.937927365303039551e-01 3.672586679458618164e-01 2.310580387711524963e-02
6.376671195030212402e-01 3.646347820758819580e-01 1.115577891469001770e-01
5.899698138236999512e-01 3.811871707439422607e-01 2.393729239702224731e-02
5.447461009025573730e-01 5.066353678703308105e-01 -2.003572322428226471e-02
5.368877053260803223e-01 4.692487418651580811e-01 -3.166313841938972473e-02
5.245796442031860352e-01 4.969151020050048828e-01 -3.170324116945266724e-02
5.749942660331726074e-01 6.107985973358154297e-01 2.699427679181098938e-02
5.595070123672485352e-01 6.251093745231628418e-01 1.390225160866975784e-02
5.212821960449218750e-01 6.499302387237548828e-01 -1.307221129536628723e-02
6.029728055000305176e-01 5.914959907531738281e-01 8.031781017780303955e-02
5.526793003082275391e-01 3.685889840126037598e-01 1.778819970786571503e-02
5.333598256111145020e-01 4.051035642623901367e-01 -2.387225814163684845e-02
5.396645665168762207e-01 6.542329192161560059e-01 1.120327599346637726e-02
6.285988688468933105e-01 5.088088512420654297e-01 8.085126429796218872e-02
5.269536375999450684e-01 5.687777996063232422e-01 -1.783008873462677002e-02
5.294084548950195312e-01 5.720648169517517090e-01 -1.999640837311744690e-02
5.315771698951721191e-01 5.769181847572326660e-01 -2.208858728408813477e-02
5.329950451850891113e-01 5.830968618392944336e-01 -2.078828215599060059e-02
5.325331687927246094e-01 5.915417671203613281e-01 -1.325769070535898209e-02
5.453664660453796387e-01 5.412094593048095703e-01 -9.033144451677799225e-03
5.483129620552062988e-01 5.408619642257690430e-01 -8.485076017677783966e-03
5.510747432708740234e-01 5.398162007331848145e-01 -8.108626119792461395e-03
5.606518387794494629e-01 5.330763459205627441e-01 -4.448341205716133118e-03
6.055176258087158203e-01 5.023232698440551758e-01 2.194571681320667267e-02
5.337662696838378906e-01 3.896933197975158691e-01 -1.197874266654253006e-02
5.417068600654602051e-01 3.584160208702087402e-01 1.065448392182588577e-02
5.481674671173095703e-01 3.611744046211242676e-01 1.580726169049739838e-02
5.429536700248718262e-01 5.405883193016052246e-01 -8.323614485561847687e-03
6.031448245048522949e-01 5.449258685111999512e-01 3.591198101639747620e-02
5.316815972328186035e-01 3.563941419124603271e-01 -4.400248173624277115e-03
5.373700261116027832e-01 6.059175729751586914e-01 -8.285677991807460785e-03
5.267834067344665527e-01 3.948844671249389648e-01 -3.109873645007610321e-02
5.391692519187927246e-01 4.321001172065734863e-01 -2.568705007433891296e-02
5.186954736709594727e-01 6.144226193428039551e-01 -1.640620827674865723e-02
5.642173290252685547e-01 5.753213167190551758e-01 6.124060135334730148e-03
5.573410391807556152e-01 4.810618758201599121e-01 -6.799597758799791336e-03
5.521352887153625488e-01 5.928918719291687012e-01 -7.715339306741952896e-04
5.827223062515258789e-01 4.825128018856048584e-01 -1.890087733045220375e-04
5.661740899085998535e-01 4.992626309394836426e-01 -4.805730655789375305e-03
5.891010165214538574e-01 5.114459991455078125e-01 7.911347784101963043e-03
5.209207534790039062e-01 6.331088542938232422e-01 -1.696250773966312408e-02
5.447080135345458984e-01 4.432677626609802246e-01 -1.807874999940395355e-02
5.727323293685913086e-01 5.901487469673156738e-01 1.581427268683910370e-02
5.575200319290161133e-01 6.070777177810668945e-01 6.490265019237995148e-03
5.742027163505554199e-01 5.543286204338073730e-01 8.832562714815139771e-03
6.154813766479492188e-01 5.261930227279663086e-01 4.742992669343948364e-02
5.880104899406433105e-01 5.605223774909973145e-01 1.995991729199886322e-02
6.199394464492797852e-01 5.427956581115722656e-01 7.257665693759918213e-02
5.724127888679504395e-01 5.222263932228088379e-01 3.906083293259143829e-04
5.390290617942810059e-01 4.179092943668365479e-01 -1.653284393250942230e-02
5.363597273826599121e-01 4.624367058277130127e-01 -4.480924829840660095e-02
5.419654846191406250e-01 4.688428342342376709e-01 -3.292471170425415039e-02
5.335625410079956055e-01 4.499373733997344971e-01 -5.277026817202568054e-02
5.519394874572753906e-01 3.424805104732513428e-01 9.117886424064636230e-03
5.708898901939392090e-01 3.316687345504760742e-01 9.040497243404388428e-03
5.869113802909851074e-01 3.307248353958129883e-01 1.099511142820119858e-02
5.993933081626892090e-01 3.363034725189208984e-01 1.621738448739051819e-02
6.074345111846923828e-01 3.465365171432495117e-01 2.336648292839527130e-02
6.097112894058227539e-01 3.811237215995788574e-01 3.893678262829780579e-02
6.372902393341064453e-01 4.365907311439514160e-01 8.779402077198028564e-02
5.992855429649353027e-01 4.045048952102661133e-01 2.735825814306735992e-02
5.878056287765502930e-01 4.076235592365264893e-01 1.948308199644088745e-02
5.736738443374633789e-01 4.048531651496887207e-01 1.378180366009473801e-02
5.606100559234619141e-01 3.987551033496856689e-01 1.093070581555366516e-02
5.505544543266296387e-01 3.919177055358886719e-01 1.024023909121751785e-02
5.435847640037536621e-01 3.855912685394287109e-01 9.424701333045959473e-03
6.349204778671264648e-01 4.407049715518951416e-01 1.306575983762741089e-01
5.410697460174560547e-01 4.738453924655914307e-01 -2.766894735395908356e-02
5.329339504241943359e-01 4.190012812614440918e-01 -3.421538695693016052e-02
5.294873714447021484e-01 4.612945914268493652e-01 -5.446749180555343628e-02
5.225112438201904297e-01 4.693258404731750488e-01 -5.116378143429756165e-02
5.285851359367370605e-01 4.647537469863891602e-01 -4.913193732500076294e-02
5.376345515251159668e-01 4.787112474441528320e-01 -2.459218911826610565e-02
5.207074880599975586e-01 4.702043533325195312e-01 -5.440854281187057495e-02
5.187038779258728027e-01 4.744924008846282959e-01 -4.168155416846275330e-02
5.449059009552001953e-01 3.723586797714233398e-01 1.646669395267963409e-02
5.385358333587646484e-01 3.756829798221588135e-01 8.665811270475387573e-03
5.345230102539062500e-01 3.779733180999755859e-01 2.096530124617856927e-06
5.966937541961669922e-01 3.710894584655761719e-01 2.690682373940944672e-02
6.048828959465026855e-01 3.627291321754455566e-01 2.794982120394706726e-02
4.537337124347686768e-01 3.557573556900024414e-01 1.028489693999290466e-02
4.652268588542938232e-01 3.567255735397338867e-01 1.028489693999290466e-02
4.546366930007934570e-01 3.412455618381500244e-01 1.028489693999290466e-02
4.420737326145172119e-01 3.547205030918121338e-01 1.028489693999290466e-02
4.527324438095092773e-01 3.700333237648010254e-01 1.028489693999290466e-02
5.777428150177001953e-01 3.697469532489776611e-01 2.022321149706840515e-02
5.888570547103881836e-01 3.713571429252624512e-01 2.022321149706840515e-02
5.789625644683837891e-01 3.553770780563354492e-01 2.022321149706840515e-02
5.666480064392089844e-01 3.681167960166931152e-01 2.022321149706840515e-02
5.765806436538696289e-01 3.841863870620727539e-01 2.022321149706840515e-02
