5.054455995559692383e-01 5.384640097618103027e-01 -3.222361952066421509e-02
5.124587416648864746e-01 4.781361818313598633e-01 -6.012653559446334839e-02
5.092276930809020996e-01 4.954207837581634521e-01 -3.143763914704322815e-02
5.066424608230590820e-01 4.211245775222778320e-01 -4.567118361592292786e-02
5.141490101814270020e-01 4.608712792396545410e-01 -6.398102641105651855e-02
5.156087875366210938e-01 4.384142160415649414e-01 -5.937715247273445129e-02
5.185153484344482422e-01 3.842852711677551270e-01 -2.851299010217189789e-02
4.346405565738677979e-01 3.678182065486907959e-01 1.003734767436981201e-02
5.215760469436645508e-01 3.399891853332519531e-01 -2.026854269206523895e-02
5.234435796737670898e-01 3.176202476024627686e-01 -2.227022126317024231e-02
5.289369225502014160e-01 2.418931573629379272e-01 -9.932128712534904480e-03
5.052598714828491211e-01 5.434961915016174316e-01 -3.077330254018306732e-02
5.047717094421386719e-01 5.482526421546936035e-01 -2.698693238198757172e-02
5.042862296104431152e-01 5.514479279518127441e-01 -2.153604850172996521e-02
5.038442015647888184e-01 5.580715537071228027e-01 -2.018355950713157654e-02
5.035459399223327637e-01 5.665764212608337402e-01 -2.159359119832515717e-02
5.028807520866394043e-01 5.768898129463195801e-01 -2.386585623025894165e-02
5.020273923873901367e-01 5.868527889251708984e-01 -2.212948352098464966e-02
4.974610805511474609e-01 6.024610400199890137e-01 -1.119125075638294220e-02
5.111970901489257812e-01 4.869237542152404785e-01 -5.429666861891746521e-02
5.004654526710510254e-01 4.854238331317901611e-01 -3.938489407300949097e-02
3.948439359664916992e-01 2.989417910575866699e-01 6.084688380360603333e-02
4.655120670795440674e-01 3.874701261520385742e-01 2.530158599256537855e-05
4.536609649658203125e-01 3.880801796913146973e-01 1.947882265085354447e-04
4.426494240760803223e-01 3.856464922428131104e-01 2.745185745880007744e-03
4.292144179344177246e-01 3.726665377616882324e-01 1.131792739033699036e-02
4.761334061622619629e-01 3.836344480514526367e-01 2.196273300796747208e-03
4.549069404602050781e-01 3.296950757503509521e-01 -4.272685386240482330e-03
4.680812954902648926e-01 3.336700201034545898e-01 -3.338019363582134247e-03
4.421587288379669189e-01 3.318016529083251953e-01 -1.328677055425941944e-03
4.331879615783691406e-01 3.389005959033966064e-01 2.708539133891463280e-03
4.180639982223510742e-01 3.825356364250183105e-01 1.645965687930583954e-02
4.529459476470947266e-01 6.197915077209472656e-01 -6.968978414079174399e-05
4.310120046138763428e-01 3.610990643501281738e-01 1.348263397812843323e-02
3.824766576290130615e-01 3.705930709838867188e-01 6.497952342033386230e-02
4.057022035121917725e-01 3.670620024204254150e-01 2.731568180024623871e-02
4.540825784206390381e-01 4.569260478019714355e-01 -1.127135474234819412e-02
4.925349652767181396e-01 5.331413745880126953e-01 -3.166714310646057129e-02
4.933261871337890625e-01 5.457016229629516602e-01 -2.626647613942623138e-02
4.795700609683990479e-01 5.364634394645690918e-01 -2.613077312707901001e-02
4.707793891429901123e-01 5.407409071922302246e-01 -1.873180642724037170e-02
4.833159446716308594e-01 5.451023578643798828e-01 -2.277050353586673737e-02
4.753520488739013672e-01 5.459105968475341797e-01 -1.586929708719253540e-02
4.484786093235015869e-01 5.640594959259033203e-01 -1.918971887789666653e-03
5.032086372375488281e-01 4.764437973499298096e-01 -5.959613993763923645e-02
5.031681656837463379e-01 4.596735835075378418e-01 -6.316278129816055298e-02
4.193541705608367920e-01 3.202393054962158203e-01 5.607791710644960403e-03
4.804971516132354736e-01 4.172802269458770752e-01 -1.127711776643991470e-02
4.775117933750152588e-01 4.699594676494598389e-01 -3.336455672979354858e-02
4.768624603748321533e-01 4.609546959400177002e-01 -3.009484708309173584e-02
4.192436337471008301e-01 4.506685137748718262e-01 6.995960138738155365e-04
5.050638914108276367e-01 4.388708472251892090e-01 -5.657447874546051025e-02
4.494278728961944580e-01 3.022833466529846191e-01 -1.167956367135047913e-02
4.324803948402404785e-01 3.075804710388183594e-01 -3.964748233556747437e-03
4.108171164989471436e-01 2.713921368122100830e-01 3.972116857767105103e-02
4.987883269786834717e-01 3.254000842571258545e-01 -1.833941973745822906e-02
4.787453413009643555e-01 3.439247012138366699e-01 5.255680298432707787e-04
4.419449865818023682e-01 5.465342402458190918e-01 -1.902694930322468281e-04
3.817977309226989746e-01 5.301172137260437012e-01 9.440830349922180176e-02
4.850936830043792725e-01 4.804915189743041992e-01 -2.850141748785972595e-02
4.930358529090881348e-01 4.863851070404052734e-01 -2.879202738404273987e-02
4.597700834274291992e-01 5.487814545631408691e-01 -1.138160820119082928e-03
4.626436531543731689e-01 5.488621592521667480e-01 -4.014569334685802460e-03
4.271643757820129395e-01 2.962387502193450928e-01 1.156507292762398720e-03
4.761907160282135010e-01 4.777725338935852051e-01 -2.713934332132339478e-02
4.709240496158599854e-01 3.063758015632629395e-01 -1.660180650651454926e-02
4.707372784614562988e-01 2.930277585983276367e-01 -1.887188665568828583e-02
4.625642299652099609e-01 2.402471154928207397e-01 -1.091044032364152372e-04
4.187838733196258545e-01 2.882269620895385742e-01 1.783974654972553253e-02
4.673008620738983154e-01 2.710949182510375977e-01 -9.900384582579135895e-03
4.126603603363037109e-01 3.124816715717315674e-01 1.504202745854854584e-02
4.034596681594848633e-01 3.102642893791198730e-01 3.681536391377449036e-02
4.927565455436706543e-01 5.402347445487976074e-01 -3.031413257122039795e-02
4.814654886722564697e-01 5.412293076515197754e-01 -2.500435151159763336e-02
4.730319976806640625e-01 5.434872508049011230e-01 -1.823299750685691833e-02
4.872844815254211426e-01 4.840282499790191650e-01 -2.581976167857646942e-02
4.612599611282348633e-01 5.488799214363098145e-01 -2.631763229146599770e-03
4.658242166042327881e-01 5.531881451606750488e-01 -8.778666146099567413e-03
4.641411900520324707e-01 5.488802790641784668e-01 -4.223201889544725418e-03
4.909405410289764404e-01 4.747855961322784424e-01 -4.404495656490325928e-02
4.770272970199584961e-01 5.476049184799194336e-01 -1.376705337315797806e-02
4.847075641155242920e-01 5.475491285324096680e-01 -1.803962327539920807e-02
4.938618242740631104e-01 5.489392280578613281e-01 -2.119576558470726013e-02
4.825235307216644287e-01 5.994448661804199219e-01 -1.166974566876888275e-02
4.876574277877807617e-01 5.825725793838500977e-01 -2.239009737968444824e-02
4.893962740898132324e-01 5.728846192359924316e-01 -2.381270378828048706e-02
4.913771152496337891e-01 5.627827048301696777e-01 -2.128029800951480865e-02
4.933399260044097900e-01 5.551991462707519531e-01 -1.983013935387134552e-02
4.768268465995788574e-01 5.507155656814575195e-01 -1.262874156236648560e-02
4.739514589309692383e-01 5.540826320648193359e-01 -1.423206832259893417e-02
4.707657694816589355e-01 5.585532784461975098e-01 -1.602432690560817719e-02
4.679273962974548340e-01 5.635077357292175293e-01 -1.420824509114027023e-02
4.585997164249420166e-01 5.196328759193420410e-01 -1.547108124941587448e-02
3.734636306762695312e-01 4.431059062480926514e-01 1.100932955741882324e-01
5.102689266204833984e-01 4.908762872219085693e-01 -3.936397656798362732e-02
4.711139500141143799e-01 5.497273802757263184e-01 -7.677500136196613312e-03
4.685758650302886963e-01 5.513193607330322266e-01 -8.752843365073204041e-03
4.954742491245269775e-01 4.933328628540039062e-01 -2.933747321367263794e-02
4.787699580192565918e-01 4.882592856884002686e-01 -1.863785833120346069e-02
4.943296909332275391e-01 4.899141788482666016e-01 -2.928264066576957703e-02
4.675497412681579590e-01 4.256539046764373779e-01 -8.292865008115768433e-03
4.476670324802398682e-01 4.344490766525268555e-01 -6.089387927204370499e-03
4.741578698158264160e-01 4.684625864028930664e-01 -2.381624653935432434e-02
4.324396550655364990e-01 2.510632276535034180e-01 1.793888956308364868e-02
4.391379952430725098e-01 2.743367552757263184e-01 2.745528239756822586e-03
4.467374682426452637e-01 2.894244790077209473e-01 -9.865098632872104645e-03
4.568534195423126221e-01 5.774340629577636719e-01 -6.608229130506515503e-03
4.982288479804992676e-01 3.023374378681182861e-01 -2.268018759787082672e-02
4.953040480613708496e-01 2.744691967964172363e-01 -1.635409705340862274e-02
4.936054050922393799e-01 2.379497736692428589e-01 -9.499757550656795502e-03
4.336403906345367432e-01 3.806769251823425293e-01 7.114734034985303879e-03
4.037013053894042969e-01 3.931746184825897217e-01 2.202478982508182526e-02
4.833889007568359375e-01 3.795818090438842773e-01 4.193427041172981262e-03
4.209809303283691406e-01 3.458113670349121094e-01 1.159540656954050064e-02
4.895517528057098389e-01 4.070979952812194824e-01 -1.474549528211355209e-02
4.847110211849212646e-01 4.636655747890472412e-01 -4.407953843474388123e-02
3.913314938545227051e-01 4.040986001491546631e-01 3.355563804507255554e-02
4.111070632934570312e-01 4.066902399063110352e-01 1.194182597100734711e-02
4.262036085128784180e-01 4.151189923286437988e-01 2.238837769255042076e-03
4.488938450813293457e-01 4.146800041198730469e-01 -1.375195570290088654e-03
4.656826257705688477e-01 4.092366695404052734e-01 -2.849446842446923256e-03
4.788018465042114258e-01 4.026127755641937256e-01 -4.927938804030418396e-03
5.071425437927246094e-01 3.867933154106140137e-01 -2.495080791413784027e-02
3.912038803100585938e-01 4.402716755867004395e-01 3.013770282268524170e-02
4.117208719253540039e-01 3.418447971343994141e-01 1.660723797976970673e-02
5.056527853012084961e-01 4.855523705482482910e-01 -5.399615317583084106e-02
4.808144271373748779e-01 4.343838691711425781e-01 -1.608091592788696289e-02
3.768675327301025391e-01 3.680137693881988525e-01 1.015393361449241638e-01
4.893378019332885742e-01 3.947774767875671387e-01 -5.854454822838306427e-03
4.724762141704559326e-01 4.694701135158538818e-01 -1.273567695170640945e-02
4.260175824165344238e-01 3.606331944465637207e-01 1.527421455830335617e-02
4.845959246158599854e-01 4.529004693031311035e-01 -3.988725692033767700e-02
3.757257461547851562e-01 4.851370155811309814e-01 1.052161976695060730e-01
4.843501448631286621e-01 3.736458718776702881e-01 7.025955710560083389e-03
4.946150779724121094e-01 4.437169134616851807e-01 -5.040461942553520203e-02
4.060096740722656250e-01 5.759400129318237305e-01 3.704302757978439331e-02
4.033480286598205566e-01 5.947607755661010742e-01 5.699484050273895264e-02
3.774809241294860840e-01 4.421686232089996338e-01 7.022290676832199097e-02
3.936470448970794678e-01 5.507304072380065918e-01 4.988315701484680176e-02
3.925094604492187500e-01 3.379600644111633301e-01 5.410330370068550110e-02
4.486536681652069092e-01 6.362240314483642578e-01 6.324749905616044998e-03
5.060442090034484863e-01 4.896442890167236328e-01 -3.881747648119926453e-02
4.693916738033294678e-01 4.457722008228302002e-01 -1.249891892075538635e-02
3.944543898105621338e-01 3.689991831779479980e-01 3.804774582386016846e-02
4.450542032718658447e-01 3.767312765121459961e-01 3.934791311621665955e-03
4.547688961029052734e-01 3.793959617614746094e-01 1.726392540149390697e-03
4.631611704826354980e-01 5.553268194198608398e-01 -7.066186983138322830e-03
3.914309740066528320e-01 4.746088683605194092e-01 3.377082943916320801e-02
4.675917625427246094e-01 6.619042158126831055e-01 1.134648919105529785e-02
4.336116015911102295e-01 6.354870796203613281e-01 3.059464320540428162e-02
4.193459749221801758e-01 6.189526319503784180e-01 4.197822883725166321e-02
5.263617038726806641e-01 2.797675132751464844e-01 -1.694221794605255127e-02
4.919625222682952881e-01 6.678563356399536133e-01 9.771187789738178253e-03
4.647376835346221924e-01 3.788492381572723389e-01 1.928276265971362591e-03
4.745347201824188232e-01 3.764520883560180664e-01 4.062330350279808044e-03
4.810173511505126953e-01 3.751178979873657227e-01 6.704985629767179489e-03
4.029082655906677246e-01 3.376869559288024902e-01 2.771135605871677399e-02
4.747026860713958740e-01 3.583352863788604736e-01 2.304195426404476166e-03
4.647482633590698242e-01 3.511331975460052490e-01 -3.445771289989352226e-05
4.546128809452056885e-01 3.489059805870056152e-01 -1.413712743669748306e-04
4.443858861923217773e-01 3.506737351417541504e-01 1.965937204658985138e-03
4.378325343132019043e-01 3.547033667564392090e-01 5.162949208170175552e-03
3.840686082839965820e-01 3.296069502830505371e-01 8.367455750703811646e-02
4.387865662574768066e-01 3.724940419197082520e-01 7.157670799642801285e-03
5.074163675308227539e-01 5.097862482070922852e-01 -2.899034135043621063e-02
4.708499610424041748e-01 5.118184089660644531e-01 -2.048129215836524963e-02
4.854967296123504639e-01 4.773922860622406006e-01 -3.265428915619850159e-02
4.923762083053588867e-01 5.088962912559509277e-01 -2.901821769773960114e-02
5.197969079017639160e-01 3.624708652496337891e-01 -2.005870267748832703e-02
4.195041060447692871e-01 5.996258258819580078e-01 2.757606841623783112e-02
4.333104491233825684e-01 6.180082559585571289e-01 1.766749285161495209e-02
4.684641659259796143e-01 6.504567861557006836e-01 -3.201513551175594330e-03
3.915207087993621826e-01 5.671166777610778809e-01 7.649099826812744141e-02
4.815368652343750000e-01 3.677867949008941650e-01 5.066902376711368561e-03
4.978340566158294678e-01 4.125918447971343994e-01 -2.949817664921283722e-02
4.929063022136688232e-01 6.562494635581970215e-01 -4.514374770224094391e-03
4.491418004035949707e-01 6.503740549087524414e-01 1.868926174938678741e-02
3.791043162345886230e-01 4.804029762744903564e-01 6.853689998388290405e-02
4.842855334281921387e-01 5.524848699569702148e-01 -1.675666496157646179e-02
4.813719391822814941e-01 5.581322312355041504e-01 -1.848851144313812256e-02
4.785277247428894043e-01 5.655623674392700195e-01 -2.054861374199390411e-02
4.761449992656707764e-01 5.740139484405517578e-01 -1.914193294942378998e-02
4.679544568061828613e-01 5.898075103759765625e-01 -1.087212003767490387e-02
4.688840210437774658e-01 5.473565459251403809e-01 -9.622183628380298615e-03
4.664633572101593018e-01 5.461372137069702148e-01 -9.904760867357254028e-03
4.643596112728118896e-01 5.446530580520629883e-01 -1.008548215031623840e-02
4.485414028167724609e-01 5.315729975700378418e-01 -8.357574231922626495e-03
4.074635505676269531e-01 4.858983457088470459e-01 1.207455806434154510e-02
4.985387325286865234e-01 3.956505358219146729e-01 -1.898702979087829590e-02
4.945961534976959229e-01 3.599239885807037354e-01 -4.782996256835758686e-05
4.870001077651977539e-01 3.612682819366455078e-01 3.507279092445969582e-03
4.709826707839965820e-01 5.483422875404357910e-01 -8.422365412116050720e-03
4.023429155349731445e-01 5.268538594245910645e-01 2.891175821423530579e-02
5.057185888290405273e-01 3.602865636348724365e-01 -1.362340897321701050e-02
4.600498080253601074e-01 6.042072176933288574e-01 -4.595946986228227615e-03
5.165880918502807617e-01 4.199039041996002197e-01 -4.874474182724952698e-02
5.067079067230224609e-01 4.048562645912170410e-01 -3.636054322123527527e-02
5.174767374992370605e-01 4.027706086635589600e-01 -3.828362748026847839e-02
4.880910217761993408e-01 4.385012388229370117e-01 -2.987913228571414948e-02
4.944242835044860840e-01 6.394972801208496094e-01 -1.049961987882852554e-02
4.960523545742034912e-01 6.196532845497131348e-01 -1.038398221135139465e-02
4.773728847503662109e-01 6.157544255256652832e-01 -9.293856099247932434e-03
4.366417527198791504e-01 5.695483684539794922e-01 4.384575411677360535e-03
4.609574079513549805e-01 4.813254177570343018e-01 -1.068114861845970154e-02
4.466274380683898926e-01 5.890691876411437988e-01 2.334870659979060292e-04
4.343200922012329102e-01 4.744682013988494873e-01 -7.947454228997230530e-03
4.485048353672027588e-01 4.962682723999023438e-01 -9.740349836647510529e-03
4.224128723144531250e-01 5.006315708160400391e-01 2.876656653825193644e-04
4.718784689903259277e-01 6.342884302139282227e-01 -8.810806088149547577e-03
4.804851114749908447e-01 4.478515684604644775e-01 -2.227687649428844452e-02
4.254333972930908203e-01 5.812500119209289551e-01 1.472053397446870804e-02
4.386556744575500488e-01 6.015381217002868652e-01 8.808253332972526550e-03
4.300702512264251709e-01 5.469916462898254395e-01 4.548877477645874023e-03
3.925976753234863281e-01 5.040945410728454590e-01 3.802497684955596924e-02
4.151849150657653809e-01 5.479184389114379883e-01 1.499934587627649307e-02
3.834878206253051758e-01 5.164837241172790527e-01 6.388041377067565918e-02
4.376710355281829834e-01 5.169825553894042969e-01 -5.023515783250331879e-03
4.895131587982177734e-01 4.231955111026763916e-01 -2.227933704853057861e-02
4.878607392311096191e-01 4.715501368045806885e-01 -4.637847095727920532e-02
4.807859957218170166e-01 4.757627844810485840e-01 -3.430522233247756958e-02
4.933643341064453125e-01 4.606483578681945801e-01 -5.407572165131568909e-02
4.872161448001861572e-01 3.397103548049926758e-01 -4.125745967030525208e-03
4.694326817989349365e-01 3.242862522602081299e-01 -6.985041312873363495e-03
4.529854655265808105e-01 3.201418817043304443e-01 -7.168093230575323105e-03
4.386189579963684082e-01 3.229712247848510742e-01 -3.508937312290072441e-03
4.277764558792114258e-01 3.310940861701965332e-01 2.681593410670757294e-03
4.172267615795135498e-01 3.637702167034149170e-01 1.952759921550750732e-02
3.780279159545898438e-01 4.056455492973327637e-01 6.786118447780609131e-02
4.237951636314392090e-01 3.910380303859710693e-01 1.080778054893016815e-02
4.353095293045043945e-01 3.979362249374389648e-01 4.677213728427886963e-03
4.507952034473419189e-01 3.997840583324432373e-01 9.143209317699074745e-04
4.658316969871520996e-01 3.972893655300140381e-01 -4.160979005973786116e-04
4.779161214828491211e-01 3.925665020942687988e-01 2.831636811606585979e-04
4.866194128990173340e-01 3.879553973674774170e-01 1.233443181263282895e-04
3.742344975471496582e-01 4.049734473228454590e-01 1.094901338219642639e-01
4.803385138511657715e-01 4.806727170944213867e-01 -2.868880890309810638e-02
4.970831274986267090e-01 4.278358817100524902e-01 -3.841923549771308899e-02
4.954403340816497803e-01 4.731622934341430664e-01 -5.465897545218467712e-02
5.001459717750549316e-01 4.822944104671478271e-01 -4.965161159634590149e-02
4.950720071792602539e-01 4.760386645793914795e-01 -4.916951805353164673e-02
4.827330112457275391e-01 4.861666560173034668e-01 -2.460943162441253662e-02
5.022251605987548828e-01 4.840588569641113281e-01 -5.253698304295539856e-02
5.026435256004333496e-01 4.881974160671234131e-01 -3.907473757863044739e-02
4.883848726749420166e-01 3.742160201072692871e-01 5.780905019491910934e-03
4.941242337226867676e-01 3.790668845176696777e-01 -5.596702103503048420e-04
4.980319738388061523e-01 3.823000788688659668e-01 -8.122838102281093597e-03
4.340808391571044922e-01 3.580279648303985596e-01 8.731742389500141144e-03
4.272254407405853271e-01 3.478664457798004150e-01 8.793373592197895050e-03
5.257138609886169434e-01 4.237089753150939941e-01 -4.416614025831222534e-02
5.962568521499633789e-01 3.863736391067504883e-01 2.037967368960380554e-02
5.204184055328369141e-01 4.883136153221130371e-01 -3.826235234737396240e-02
6.338480710983276367e-01 3.325284719467163086e-01 7.688903808593750000e-02
5.633906126022338867e-01 3.985484540462493896e-01 6.804584059864282608e-03
5.739909410476684570e-01 4.013781547546386719e-01 8.334464393556118011e-03
5.842945575714111328e-01 4.024070203304290771e-01 1.209658291190862656e-02
5.994332432746887207e-01 3.932400047779083252e-01 2.224878966808319092e-02
5.547816157341003418e-01 3.938645422458648682e-01 7.541458588093519211e-03
5.841727852821350098e-01 3.465882241725921631e-01 4.266357980668544769e-03
5.710394382476806641e-01 3.484181761741638184e-01 3.395922016352415085e-03
5.958428978919982910e-01 3.507919609546661377e-01 8.476098068058490753e-03
6.027247905731201172e-01 3.595393300056457520e-01 1.324818562716245651e-02
6.057963967323303223e-01 4.068512320518493652e-01 2.823648415505886078e-02
5.372744202613830566e-01 6.294986605644226074e-01 4.834532737731933594e-03
6.007041931152343750e-01 3.806751966476440430e-01 2.426842786371707916e-02
6.368055939674377441e-01 4.046557545661926270e-01 8.043516427278518677e-02
6.184836030006408691e-01 3.953282237052917480e-01 4.039447382092475891e-02
5.653740763664245605e-01 4.727561175823211670e-01 -4.002466797828674316e-03
5.182506442070007324e-01 5.366182327270507812e-01 -2.972315251827239990e-02
5.154602527618408203e-01 5.488686561584472656e-01 -2.440988458693027496e-02
5.295733809471130371e-01 5.428153276443481445e-01 -2.219118922948837280e-02
5.364597439765930176e-01 5.492815971374511719e-01 -1.334184035658836365e-02
5.244137644767761230e-01 5.506455302238464355e-01 -1.924631558358669281e-02
5.310992598533630371e-01 5.532912015914916992e-01 -1.117768324911594391e-02
5.486087203025817871e-01 5.781664252281188965e-01 4.850019235163927078e-03
5.214379429817199707e-01 4.789445102214813232e-01 -5.864543095231056213e-02
5.246487855911254883e-01 4.626074731349945068e-01 -6.204696744680404663e-02
6.172078847885131836e-01 3.465834558010101318e-01 1.799397729337215424e-02
5.468752980232238770e-01 4.264785051345825195e-01 -6.579521577805280685e-03
5.443371534347534180e-01 4.794659614562988281e-01 -2.908147685229778290e-02
5.459349751472473145e-01 4.707040786743164062e-01 -2.569347992539405823e-02
5.980346798896789551e-01 4.757165312767028809e-01 1.229930482804775238e-02
5.254554152488708496e-01 4.416295588016510010e-01 -5.510703846812248230e-02
5.948700904846191406e-01 3.245270252227783203e-01 -2.772096311673521996e-03
6.088140606880187988e-01 3.318418264389038086e-01 7.025122176855802536e-03
6.264352202415466309e-01 3.022333979606628418e-01 5.405570194125175476e-02
5.459729433059692383e-01 3.390061557292938232e-01 -1.525200624018907547e-02
5.594479441642761230e-01 3.566903471946716309e-01 5.985016934573650360e-03
5.580863356590270996e-01 5.634360313415527344e-01 8.080143481492996216e-03
6.127654314041137695e-01 5.602713823318481445e-01 1.095838099718093872e-01
5.347475409507751465e-01 4.877415001392364502e-01 -2.544596605002880096e-02
5.262113213539123535e-01 4.913448989391326904e-01 -2.721741981804370880e-02
5.440741777420043945e-01 5.603501796722412109e-01 6.021199747920036316e-03
5.412678718566894531e-01 5.595219135284423828e-01 2.393834060057997704e-03
6.148630380630493164e-01 3.223519921302795410e-01 1.268084254115819931e-02
5.434239506721496582e-01 4.874249398708343506e-01 -2.292461693286895752e-02
5.748584866523742676e-01 3.258310258388519287e-01 -1.050210744142532349e-02
5.777897834777832031e-01 3.131381273269653320e-01 -1.270960364490747452e-02
5.898078083992004395e-01 2.591373920440673828e-01 8.181098848581314087e-03
6.201053857803344727e-01 3.154575824737548828e-01 3.027574904263019562e-02
5.824546217918395996e-01 2.873418927192687988e-01 -2.998744603246450424e-03
6.235253214836120605e-01 3.412740230560302734e-01 2.808625996112823486e-02
6.283996105194091797e-01 3.403398990631103516e-01 5.078031867742538452e-02
5.171310901641845703e-01 5.436614751815795898e-01 -2.835157699882984161e-02
5.270366668701171875e-01 5.472697615623474121e-01 -2.127593569457530975e-02
5.339361429214477539e-01 5.514695048332214355e-01 -1.325741037726402283e-02
5.317839980125427246e-01 4.905723631381988525e-01 -2.323648519814014435e-02
5.426431298255920410e-01 5.599914789199829102e-01 4.037566017359495163e-03
5.386396646499633789e-01 5.637550950050354004e-01 -3.131418954581022263e-03
5.397744774818420410e-01 5.590525865554809570e-01 1.991392578929662704e-03
5.315263271331787109e-01 4.806778132915496826e-01 -4.112843796610832214e-02
5.288417935371398926e-01 5.543127059936523438e-01 -9.318941272795200348e-03
5.222960114479064941e-01 5.526010990142822266e-01 -1.469777803868055344e-02
5.140388011932373047e-01 5.518225431442260742e-01 -1.929499581456184387e-02
5.122056007385253906e-01 6.033802628517150879e-01 -9.839476086199283600e-03
5.157096385955810547e-01 5.873363018035888672e-01 -2.043748646974563599e-02
5.156482458114624023e-01 5.771586894989013672e-01 -2.174195460975170135e-02
5.149522423744201660e-01 5.665284991264343262e-01 -1.926085539162158966e-02
5.137081742286682129e-01 5.583978891372680664e-01 -1.787452027201652527e-02
5.285460352897644043e-01 5.581706166267395020e-01 -8.159521035850048065e-03
5.312038064002990723e-01 5.627097487449645996e-01 -9.789846837520599365e-03
5.339123010635375977e-01 5.684034824371337891e-01 -1.138495560735464096e-02
5.360864996910095215e-01 5.744365453720092773e-01 -9.331736713647842407e-03
5.493466258049011230e-01 5.329642295837402344e-01 -9.419579990208148956e-03
6.302171945571899414e-01 4.778119921684265137e-01 1.267797499895095825e-01
5.334169268608093262e-01 5.583769083023071289e-01 -2.186945639550685883e-03
5.360428690910339355e-01 5.609711408615112305e-01 -3.315806388854980469e-03
5.226228237152099609e-01 4.973665773868560791e-01 -2.772045694291591644e-02
5.384386181831359863e-01 4.970186948776245117e-01 -1.522971037775278091e-02
5.243662595748901367e-01 4.944657087326049805e-01 -2.773437649011611938e-02
5.573093891143798828e-01 4.381774067878723145e-01 -2.006636699661612511e-03
5.745227932929992676e-01 4.522721469402313232e-01 2.283039269968867302e-03
5.466224551200866699e-01 4.788095355033874512e-01 -1.922599226236343384e-02
6.130940914154052734e-01 2.773598432540893555e-01 2.966119349002838135e-02
6.058852076530456543e-01 2.972402274608612061e-01 1.278331037610769272e-02
5.995067954063415527e-01 3.126277327537536621e-01 -6.357504753395915031e-04
5.391662716865539551e-01 5.885387659072875977e-01 -1.000378746539354324e-03
5.515087246894836426e-01 3.177792727947235107e-01 -1.951198466122150421e-02
5.565775036811828613e-01 2.833455204963684082e-01 -1.273769885301589966e-02
5.626902580261230469e-01 2.484621256589889526e-01 -5.227580200880765915e-03
5.936205983161926270e-01 4.000514745712280273e-01 1.745243370532989502e-02
6.156489253044128418e-01 4.210534393787384033e-01 3.498874232172966003e-02
5.491179823875427246e-01 3.893092274665832520e-01 8.939076215028762817e-03
6.112536787986755371e-01 3.699792325496673584e-01 2.349223569035530090e-02
5.404880642890930176e-01 4.140739440917968750e-01 -1.103255432099103928e-02
5.395324826240539551e-01 4.715090990066528320e-01 -4.060040786862373352e-02
6.280181407928466797e-01 4.360860288143157959e-01 4.808442667126655579e-02
6.071019768714904785e-01 4.325158298015594482e-01 2.431491762399673462e-02
5.925548672676086426e-01 4.373173415660858154e-01 1.298704277724027634e-02
5.723362565040588379e-01 4.313308298587799072e-01 6.972763687372207642e-03
5.581279993057250977e-01 4.220319986343383789e-01 3.559997538104653358e-03
5.478202700614929199e-01 4.129544198513031006e-01 -1.190392358694225550e-04
5.285686254501342773e-01 3.897287845611572266e-01 -2.340743690729141235e-02
6.237553954124450684e-01 4.719724059104919434e-01 4.473743215203285217e-02
6.187673211097717285e-01 3.695268630981445312e-01 2.948636561632156372e-02
5.166274905204772949e-01 4.870705008506774902e-01 -5.323524400591850281e-02
5.445353388786315918e-01 4.433768689632415771e-01 -1.152703259140253067e-02
6.373310685157775879e-01 4.037708938121795654e-01 1.190779656171798706e-01
5.402485728263854980e-01 4.031831622123718262e-01 -2.130850218236446381e-03
5.470927357673645020e-01 4.801490902900695801e-01 -7.993834093213081360e-03
6.047311425209045410e-01 3.820670247077941895e-01 2.662267349660396576e-02
5.407924056053161621e-01 4.608414471149444580e-01 -3.631779924035072327e-02
6.234740018844604492e-01 5.180498361587524414e-01 1.211805343627929688e-01
5.498729944229125977e-01 3.833029270172119141e-01 1.193201355636119843e-02
5.337723493576049805e-01 4.491386115550994873e-01 -4.781390354037284851e-02
5.877345800399780273e-01 5.983392000198364258e-01 4.796570912003517151e-02
5.859923362731933594e-01 6.165680885314941406e-01 6.881105899810791016e-02
6.325954794883728027e-01 4.759608507156372070e-01 8.569748699665069580e-02
6.028436422348022461e-01 5.774511694908142090e-01 6.259181350469589233e-02
6.328789591789245605e-01 3.703052699565887451e-01 6.896049529314041138e-02
5.386072397232055664e-01 6.458849906921386719e-01 1.154377870261669159e-02
5.145709514617919922e-01 4.909047186374664307e-01 -3.834830224514007568e-02
5.529828667640686035e-01 4.576558470726013184e-01 -6.886006798595190048e-03
6.267654895782470703e-01 4.004844427108764648e-01 5.226011201739311218e-02
5.848895311355590820e-01 3.917852342128753662e-01 1.310388278216123581e-02
5.755497217178344727e-01 3.917163312435150146e-01 9.828758426010608673e-03
5.409986376762390137e-01 5.667706727981567383e-01 -1.101923407986760139e-03
6.181872487068176270e-01 5.054744482040405273e-01 4.807471111416816711e-02
5.163960456848144531e-01 6.667907238006591797e-01 1.450554281473159790e-02
5.522518157958984375e-01 6.478979587554931641e-01 3.826801478862762451e-02
5.680384039878845215e-01 6.353762149810791016e-01 5.165847018361091614e-02
5.665575265884399414e-01 3.895369768142700195e-01 8.821211755275726318e-03
5.582268238067626953e-01 3.864983320236206055e-01 9.928858838975429535e-03
5.525953769683837891e-01 3.849771618843078613e-01 1.195217482745647430e-02
6.259157657623291016e-01 3.680140376091003418e-01 4.151046648621559143e-02
5.612494945526123047e-01 3.707027435302734375e-01 8.366990834474563599e-03
5.712110996246337891e-01 3.647918105125427246e-01 7.107905577868223190e-03
5.810530781745910645e-01 3.636816143989562988e-01 8.160731755197048187e-03
5.904273986816406250e-01 3.670960962772369385e-01 1.134085562080144882e-02
5.957731604576110840e-01 3.725814223289489746e-01 1.521601434797048569e-02
6.373879909515380859e-01 3.647244274616241455e-01 1.007209494709968567e-01
5.915254950523376465e-01 3.896944820880889893e-01 1.702804304659366608e-02
5.406867861747741699e-01 5.220736265182495117e-01 -1.581954210996627808e-02
5.353003740310668945e-01 4.847019314765930176e-01 -2.961908467113971710e-02
5.219444632530212402e-01 5.132920742034912109e-01 -2.707394026219844818e-02
5.712946653366088867e-01 6.173611283302307129e-01 3.644729778170585632e-02
5.556718707084655762e-01 6.316317915916442871e-01 2.462247759103775024e-02
5.177004933357238770e-01 6.557386517524719238e-01 -3.462347085587680340e-04
5.999675989151000977e-01 5.933857560157775879e-01 9.020661562681198120e-02
5.535547733306884766e-01 3.785079121589660645e-01 1.047122105956077576e-02
5.336377024650573730e-01 4.175296723842620850e-01 -2.698698639869689941e-02
5.356314778327941895e-01 6.590154170989990234e-01 2.433909475803375244e-02
6.258451342582702637e-01 5.129029154777526855e-01 8.353657275438308716e-02
5.219823122024536133e-01 5.581809282302856445e-01 -1.332596130669116974e-02
5.243613719940185547e-01 5.649331212043762207e-01 -1.498078089207410812e-02
5.263071060180664062e-01 5.734147429466247559e-01 -1.687777228653430939e-02
5.275312662124633789e-01 5.828050971031188965e-01 -1.537024788558483124e-02
5.271722078323364258e-01 5.975352525711059570e-01 -6.685938686132431030e-03
5.362218618392944336e-01 5.561779737472534180e-01 -3.982804249972105026e-03
5.388344526290893555e-01 5.557423830032348633e-01 -3.738695522770285606e-03
5.411825776100158691e-01 5.548235177993774414e-01 -3.616945119574666023e-03
5.553724765777587891e-01 5.473441481590270996e-01 -7.415590225718915462e-04
6.025992631912231445e-01 5.129609704017639160e-01 2.453602291643619537e-02
5.344842076301574707e-01 4.006289243698120117e-01 -1.641296595335006714e-02
5.427118539810180664e-01 3.692606687545776367e-01 3.174170618876814842e-03
5.491583943367004395e-01 3.715940713882446289e-01 8.158406242728233337e-03
5.337790846824645996e-01 5.564125180244445801e-01 -2.859340049326419830e-03
5.996510982513427734e-01 5.533142089843750000e-01 4.127974808216094971e-02
5.327453017234802246e-01 3.677300810813903809e-01 -1.157741155475378036e-02
5.327866077423095703e-01 6.130195260047912598e-01 -1.445043017156422138e-04
5.272684693336486816e-01 4.076072573661804199e-01 -3.503127768635749817e-02
5.385654568672180176e-01 4.456960558891296387e-01 -2.659499272704124451e-02
5.147656202316284180e-01 6.202112436294555664e-01 -7.218960206955671310e-03
5.598257780075073242e-01 5.857650637626647949e-01 1.218107528984546661e-02
5.549895763397216797e-01 4.946934580802917480e-01 -4.742850549519062042e-03
5.474158525466918945e-01 6.016845703125000000e-01 6.335008423775434494e-03
5.804997086524963379e-01 4.951301813125610352e-01 1.421139459125697613e-03
5.632610321044921875e-01 5.126734972000122070e-01 -2.296734601259231567e-03
5.863729715347290039e-01 5.235418677330017090e-01 1.089452020823955536e-02
5.172142982482910156e-01 6.395115852355957031e-01 -6.152201443910598755e-03
5.434343814849853516e-01 4.567827284336090088e-01 -1.816215179860591888e-02
5.688768029212951660e-01 5.989811420440673828e-01 2.336509898304939270e-02
5.533996224403381348e-01 6.151235699653625488e-01 1.543738972395658493e-02
5.701285600662231445e-01 5.663410425186157227e-01 1.400134619325399399e-02
6.120722293853759766e-01 5.336657762527465820e-01 5.172890052199363708e-02
5.843061804771423340e-01 5.702719688415527344e-01 2.563574910163879395e-02
6.168105006217956543e-01 5.469536781311035156e-01 7.829316705465316772e-02
5.687873959541320801e-01 5.358527898788452148e-01 3.780726809054613113e-03
5.388758778572082520e-01 4.301456809043884277e-01 -1.868860423564910889e-02
5.352714657783508301e-01 4.783440530300140381e-01 -4.323020204901695251e-02
5.402117371559143066e-01 4.843471050262451172e-01 -3.068502619862556458e-02
5.328915715217590332e-01 4.661970138549804688e-01 -5.168361961841583252e-02
5.531610250473022461e-01 3.523405194282531738e-01 2.793232852127403021e-04
5.722307562828063965e-01 3.403750658035278320e-01 -5.543711595237255096e-04
5.884587764739990234e-01 3.387987017631530762e-01 1.296804868616163731e-03
6.009603738784790039e-01 3.440977334976196289e-01 6.653648335486650467e-03
6.087867021560668945e-01 3.541047871112823486e-01 1.399033889174461365e-02
6.103233098983764648e-01 3.885335922241210938e-01 3.156754374504089355e-02
6.364508271217346191e-01 4.400382339954376221e-01 8.379434794187545776e-02
5.994476079940795898e-01 4.136826992034912109e-01 2.202265523374080658e-02
5.877230763435363770e-01 4.177528023719787598e-01 1.454857084900140762e-02
5.735552310943603516e-01 4.152631759643554688e-01 9.123874828219413757e-03
5.605628490447998047e-01 4.093531370162963867e-01 6.122367922216653824e-03
5.507590174674987793e-01 4.028739333152770996e-01 5.221227649599313736e-03
5.440388321876525879e-01 3.968446850776672363e-01 4.133110865950584412e-03
6.341074705123901367e-01 4.403966069221496582e-01 1.269424110651016235e-01
5.391357541084289551e-01 4.891316890716552734e-01 -2.511793375015258789e-02
5.329133868217468262e-01 4.327934086322784424e-01 -3.584425151348114014e-02
5.286645293235778809e-01 4.777701497077941895e-01 -5.266490578651428223e-02
5.218172073364257812e-01 4.853478074073791504e-01 -4.848301783204078674e-02
5.277593731880187988e-01 4.807614088058471680e-01 -4.711769521236419678e-02
5.355305075645446777e-01 4.938211739063262939e-01 -2.156946249306201935e-02
5.199359655380249023e-01 4.865194559097290039e-01 -5.157951265573501587e-02
5.179142355918884277e-01 4.903564751148223877e-01 -3.828714787960052490e-02
5.457204580307006836e-01 3.834885358810424805e-01 9.898809716105461121e-03
5.392611622810363770e-01 3.870094418525695801e-01 2.622860716655850410e-03
5.351178050041198730e-01 3.895124495029449463e-01 -5.487562622874975204e-03
5.985991954803466797e-01 3.769026398658752441e-01 1.917927712202072144e-02
6.061996221542358398e-01 3.696165084838867188e-01 1.988714188337326050e-02
4.545661509037017822e-01 3.629610240459442139e-01 4.944767802953720093e-03
4.661866426467895508e-01 3.640559017658233643e-01 4.944767802953720093e-03
4.559080898761749268e-01 3.473424911499023438e-01 4.944767802953720093e-03
4.427468776702880859e-01 3.618108034133911133e-01 4.944767802953720093e-03
4.531333446502685547e-01 3.783950805664062500e-01 4.944767802953720093e-03
5.776892900466918945e-01 3.774111866950988770e-01 1.294287759810686111e-02
5.891188979148864746e-01 3.788223862648010254e-01 1.294287759810686111e-02
5.788444876670837402e-01 3.618428111076354980e-01 1.294287759810686111e-02
5.662156343460083008e-01 3.758994936943054199e-01 1.294287759810686111e-02
5.765450000762939453e-01 3.930611014366149902e-01 1.294287759810686111e-02
