5.123825669288635254e-01 5.461014509201049805e-01 -3.445747122168540955e-02
5.224369168281555176e-01 4.936816990375518799e-01 -6.228771060705184937e-02
5.184571743011474609e-01 5.101257562637329102e-01 -3.365951776504516602e-02
5.158281326293945312e-01 4.366840124130249023e-01 -4.699821770191192627e-02
5.242396593093872070e-01 4.765208363533020020e-01 -6.583322584629058838e-02
5.254016518592834473e-01 4.541561305522918701e-01 -6.076424568891525269e-02
5.270889401435852051e-01 3.998052477836608887e-01 -2.838554978370666504e-02
4.405454099178314209e-01 3.823062181472778320e-01 7.701396942138671875e-03
5.298249125480651855e-01 3.557413518428802490e-01 -1.916749402880668640e-02
5.317252278327941895e-01 3.335160613059997559e-01 -2.057053521275520325e-02
5.365049839019775391e-01 2.587963342666625977e-01 -6.745245307683944702e-03
5.121092796325683594e-01 5.497639775276184082e-01 -3.321858122944831848e-02
5.116864442825317383e-01 5.529246330261230469e-01 -2.971020154654979706e-02
5.113266110420227051e-01 5.547265410423278809e-01 -2.452252432703971863e-02
5.083143711090087891e-01 5.955598354339599609e-01 -1.976115629076957703e-02
5.082269906997680664e-01 6.016066670417785645e-01 -2.138432115316390991e-02
5.077666640281677246e-01 6.090466976165771484e-01 -2.359399013221263885e-02
5.071410536766052246e-01 6.166322231292724609e-01 -2.131823077797889709e-02
5.047432184219360352e-01 6.272578239440917969e-01 -1.018485054373741150e-02
5.208436250686645508e-01 5.023611783981323242e-01 -5.659917369484901428e-02
5.090178251266479492e-01 5.006088614463806152e-01 -4.196861758828163147e-02
3.980526030063629150e-01 3.144757747650146484e-01 5.873173847794532776e-02
4.708935320377349854e-01 4.017056226730346680e-01 -1.208074623718857765e-03
4.591646194458007812e-01 4.018634557723999023e-01 -1.634051557630300522e-03
4.481954574584960938e-01 3.991865217685699463e-01 4.204975848551839590e-04
4.344552755355834961e-01 3.871597647666931152e-01 8.596006780862808228e-03
4.814622104167938232e-01 3.982239961624145508e-01 1.318150665611028671e-03
4.614893496036529541e-01 3.472418189048767090e-01 -5.551957525312900543e-03
4.743054807186126709e-01 3.517651855945587158e-01 -3.928509075194597244e-03
4.486772119998931885e-01 3.482180237770080566e-01 -3.169145202264189720e-03
4.394273459911346436e-01 3.543147444725036621e-01 5.863049300387501717e-04
4.229217767715454102e-01 3.966648578643798828e-01 1.319275610148906708e-02
4.575976729393005371e-01 6.392856836318969727e-01 -1.168211689218878746e-03
4.367758035659790039e-01 3.766778409481048584e-01 1.107795070856809616e-02
3.869577050209045410e-01 3.848882615566253662e-01 6.073492765426635742e-02
4.105830788612365723e-01 3.823948502540588379e-01 2.387057617306709290e-02
4.607749879360198975e-01 4.705213606357574463e-01 -1.433171145617961884e-02
4.968197643756866455e-01 5.413722991943359375e-01 -3.437788039445877075e-02
4.974776506423950195e-01 5.504314899444580078e-01 -2.939162403345108032e-02
4.811332225799560547e-01 5.443682074546813965e-01 -2.918801456689834595e-02
4.703673124313354492e-01 5.492050051689147949e-01 -2.132556587457656860e-02
4.850508868694305420e-01 5.507348179817199707e-01 -2.589720487594604492e-02
4.752691090106964111e-01 5.531012415885925293e-01 -1.850805059075355530e-02
4.530787169933319092e-01 5.812974572181701660e-01 -3.288155188784003258e-03
5.128536820411682129e-01 4.919248521327972412e-01 -6.203718483448028564e-02
5.129386186599731445e-01 4.752239882946014404e-01 -6.538357585668563843e-02
4.254053533077239990e-01 3.344675302505493164e-01 3.065949771553277969e-03
4.877202212810516357e-01 4.316586256027221680e-01 -1.294571720063686371e-02
4.845274388790130615e-01 4.841465055942535400e-01 -3.658807277679443359e-02
4.838177859783172607e-01 4.750258922576904297e-01 -3.313301876187324524e-02
4.253312349319458008e-01 4.634351730346679688e-01 -3.786378307268023491e-03
5.146052837371826172e-01 4.545064270496368408e-01 -5.842006951570510864e-02
4.566542506217956543e-01 3.165048360824584961e-01 -1.280535850673913956e-02
4.391916394233703613e-01 3.216045200824737549e-01 -5.943720228970050812e-03
4.146410524845123291e-01 2.872588038444519043e-01 3.857700899243354797e-02
5.060257315635681152e-01 3.412920534610748291e-01 -1.794910989701747894e-02
4.845888316631317139e-01 3.615225553512573242e-01 3.219946520403027534e-04
4.469723999500274658e-01 5.617424249649047852e-01 -2.389259636402130127e-03
3.841392397880554199e-01 5.441249608993530273e-01 8.796107023954391479e-02
4.921044409275054932e-01 4.948970377445220947e-01 -3.138726577162742615e-02
5.005990862846374512e-01 5.009237527847290039e-01 -3.150519728660583496e-02
4.576139152050018311e-01 5.628235340118408203e-01 -2.916529309004545212e-03
4.609487652778625488e-01 5.631226897239685059e-01 -5.458131432533264160e-03
4.339508414268493652e-01 3.104019165039062500e-01 -6.673005991615355015e-04
4.826676547527313232e-01 4.916131496429443359e-01 -3.040056675672531128e-02
4.784176349639892578e-01 3.214128315448760986e-01 -1.696944050490856171e-02
4.784538745880126953e-01 3.078137040138244629e-01 -1.904496550559997559e-02
4.682874679565429688e-01 2.563914060592651367e-01 8.806106634438037872e-04
4.239714741706848145e-01 3.039272427558898926e-01 1.644099503755569458e-02
4.738626480102539062e-01 2.870404124259948730e-01 -9.284733794629573822e-03
4.187705516815185547e-01 3.274810314178466797e-01 1.251691672950983047e-02
4.082677960395812988e-01 3.256975412368774414e-01 3.456110879778862000e-02
4.968427419662475586e-01 5.464188456535339355e-01 -3.319704160094261169e-02
4.830031394958496094e-01 5.479810833930969238e-01 -2.805844694375991821e-02
4.727168083190917969e-01 5.514026880264282227e-01 -2.084238268435001373e-02
4.942446947097778320e-01 4.983457624912261963e-01 -2.867789193987846375e-02
4.592881798744201660e-01 5.630322694778442383e-01 -4.231834784150123596e-03
4.636542797088623047e-01 5.743741989135742188e-01 -9.473269805312156677e-03
4.624229967594146729e-01 5.631894469261169434e-01 -5.620508920401334763e-03
4.990698099136352539e-01 4.900134205818176270e-01 -4.695019125938415527e-02
4.773883819580078125e-01 5.538277029991149902e-01 -1.655085384845733643e-02
4.868822693824768066e-01 5.520731210708618164e-01 -2.133232168853282928e-02
4.982684254646301270e-01 5.524986386299133301e-01 -2.456904575228691101e-02
4.881431758403778076e-01 6.234641075134277344e-01 -1.117462478578090668e-02
4.905719161033630371e-01 6.119164824485778809e-01 -2.214785292744636536e-02
4.920144379138946533e-01 6.046028733253479004e-01 -2.389967441558837891e-02
4.936471283435821533e-01 5.974242091178894043e-01 -2.147047594189643860e-02
4.953162670135498047e-01 5.921382904052734375e-01 -1.986808329820632935e-02
4.758101105690002441e-01 5.801731944084167480e-01 -1.295984908938407898e-02
4.731364548206329346e-01 5.818420052528381348e-01 -1.453355234116315842e-02
4.697813689708709717e-01 5.848088860511779785e-01 -1.620357111096382141e-02
4.670543670654296875e-01 5.883929133415222168e-01 -1.443067099899053574e-02
4.645485281944274902e-01 5.334455966949462891e-01 -1.821707747876644135e-02
3.764098882675170898e-01 4.568912088871002197e-01 1.045325994491577148e-01
5.196473002433776855e-01 5.061210989952087402e-01 -4.169312119483947754e-02
4.694900214672088623e-01 5.733743906021118164e-01 -8.319241926074028015e-03
4.665437340736389160e-01 5.736104846000671387e-01 -9.409044869244098663e-03
5.033983588218688965e-01 5.077649950981140137e-01 -3.194991126656532288e-02
4.849557280540466309e-01 5.019531250000000000e-01 -2.155940420925617218e-02
5.020805597305297852e-01 5.044223070144653320e-01 -3.198823705315589905e-02
4.744604825973510742e-01 4.394784867763519287e-01 -1.064380723983049393e-02
4.544193446636199951e-01 4.477499723434448242e-01 -9.389583021402359009e-03
4.806473851203918457e-01 4.823006689548492432e-01 -2.694913744926452637e-02
4.370197355747222900e-01 2.669787704944610596e-01 1.787425391376018524e-02
4.448527693748474121e-01 2.901381254196166992e-01 2.271511359140276909e-03
4.541563689708709717e-01 3.037222921848297119e-01 -1.077721174806356430e-02
4.612627923488616943e-01 5.969136953353881836e-01 -7.247388828545808792e-03
5.058155655860900879e-01 3.180959522724151611e-01 -2.187697589397430420e-02
5.025844573974609375e-01 2.907649278640747070e-01 -1.461376249790191650e-02
5.002605915069580078e-01 2.544632852077484131e-01 -7.392348255962133408e-03
4.391122162342071533e-01 3.944153189659118652e-01 4.457637667655944824e-03
4.085102081298828125e-01 4.068114459514617920e-01 1.814893819391727448e-02
4.887835681438446045e-01 3.942317962646484375e-01 3.560042940080165863e-03
4.264495670795440674e-01 3.607093989849090576e-01 9.068378247320652008e-03
4.971597492694854736e-01 4.219090938568115234e-01 -1.599930413067340851e-02
4.927066862583160400e-01 4.785315394401550293e-01 -4.700727015733718872e-02
3.966494500637054443e-01 4.176233708858489990e-01 2.884973958134651184e-02
4.157683849334716797e-01 4.191926121711730957e-01 8.023905567824840546e-03
4.309267401695251465e-01 4.271725714206695557e-01 -1.132014789618551731e-03
4.538990855216979980e-01 4.275768697261810303e-01 -4.057131242007017136e-03
4.710583984851837158e-01 4.229694306850433350e-01 -4.727733787149190903e-03
4.846164882183074951e-01 4.166937768459320068e-01 -6.254011299461126328e-03
5.155924558639526367e-01 4.021565020084381104e-01 -2.529190108180046082e-02
3.962886333465576172e-01 4.531054496765136719e-01 2.469827607274055481e-02
4.171645343303680420e-01 3.570117950439453125e-01 1.372525934129953384e-02
5.150220990180969238e-01 5.009781718254089355e-01 -5.654269456863403320e-02
4.878609776496887207e-01 4.486416876316070557e-01 -1.821955852210521698e-02
3.798355460166931152e-01 3.825587928295135498e-01 9.760818630456924438e-02
4.954182207584381104e-01 4.088137745857238770e-01 -6.709146313369274139e-03
4.786087274551391602e-01 4.829702079296112061e-01 -1.553128659725189209e-02
4.312042593955993652e-01 3.757051229476928711e-01 1.269810274243354797e-02
4.924339652061462402e-01 4.675621390342712402e-01 -4.256840050220489502e-02
3.782493472099304199e-01 4.985409975051879883e-01 9.911324083805084229e-02
4.897496104240417480e-01 3.886037170886993408e-01 6.586559116840362549e-03
5.034546852111816406e-01 4.589985013008117676e-01 -5.267973616719245911e-02
4.096790850162506104e-01 5.912462472915649414e-01 3.281908109784126282e-02
4.055415987968444824e-01 6.107981204986572266e-01 5.219305679202079773e-02
3.816225230693817139e-01 4.553872048854827881e-01 6.429738551378250122e-02
3.972882330417633057e-01 5.652114748954772949e-01 4.429842531681060791e-02
3.970545530319213867e-01 3.527765274047851562e-01 5.090326443314552307e-02
4.528274536132812500e-01 6.562268733978271484e-01 4.422839265316724777e-03
5.151258707046508789e-01 5.049032568931579590e-01 -4.128014668822288513e-02
4.760196208953857422e-01 4.594733715057373047e-01 -1.512149628251791000e-02
3.993911743164062500e-01 3.850779831409454346e-01 3.419415280222892761e-02
4.509714841842651367e-01 3.900352418422698975e-01 1.949894358403980732e-03
4.605183899402618408e-01 3.928723931312561035e-01 7.686530443606898189e-05
4.610150456428527832e-01 5.755528807640075684e-01 -8.023632690310478210e-03
3.959466516971588135e-01 4.874613285064697266e-01 2.794058807194232941e-02
4.718772768974304199e-01 6.835737824440002441e-01 1.009933464229106903e-02
4.358741044998168945e-01 6.543605327606201172e-01 2.804731018841266632e-02
4.213934242725372314e-01 6.363039612770080566e-01 3.855128958821296692e-02
5.342627763748168945e-01 2.964782118797302246e-01 -1.407780405133962631e-02
4.977013170719146729e-01 6.899053454399108887e-01 9.431165643036365509e-03
4.702825546264648438e-01 3.928428888320922852e-01 6.962356274016201496e-04
4.798171520233154297e-01 3.910282552242279053e-01 3.177004633471369743e-03
4.862626194953918457e-01 3.898730874061584473e-01 6.080732215195894241e-03
4.083474874496459961e-01 3.537155985832214355e-01 2.460956200957298279e-02
4.804028868675231934e-01 3.771938681602478027e-01 1.765209017321467400e-03
4.707030653953552246e-01 3.718778192996978760e-01 -9.793124627321958542e-04
4.611098766326904297e-01 3.695962131023406982e-01 -1.505110180005431175e-03
4.511219561100006104e-01 3.700769245624542236e-01 1.870749547379091382e-04
4.443256258964538574e-01 3.724253773689270020e-01 3.175150835886597633e-03
3.869333267211914062e-01 3.446134328842163086e-01 8.065322786569595337e-02
4.447830915451049805e-01 3.862243592739105225e-01 4.894156474620103836e-03
5.167431831359863281e-01 5.233648419380187988e-01 -3.105458244681358337e-02
4.772414863109588623e-01 5.253763198852539062e-01 -2.344138175249099731e-02
4.927566647529602051e-01 4.920373558998107910e-01 -3.552070632576942444e-02
5.003442168235778809e-01 5.223894715309143066e-01 -3.147906064987182617e-02
5.279923081398010254e-01 3.780403137207031250e-01 -1.938483864068984985e-02
4.230124652385711670e-01 6.161528825759887695e-01 2.445677481591701508e-02
4.369010329246520996e-01 6.361958980560302734e-01 1.518863160163164139e-02
4.737938940525054932e-01 6.717994213104248047e-01 -4.288369789719581604e-03
3.938513994216918945e-01 5.822581052780151367e-01 7.031808793544769287e-02
4.870297610759735107e-01 3.840184211730957031e-01 4.587410949170589447e-03
5.061432719230651855e-01 4.278293550014495850e-01 -3.067643754184246063e-02
4.994432330131530762e-01 6.782653331756591797e-01 -4.647928290069103241e-03
4.521802067756652832e-01 6.708709001541137695e-01 1.680915802717208862e-02
3.826911151409149170e-01 4.935864210128784180e-01 6.219089031219482422e-02
4.845725893974304199e-01 5.867690443992614746e-01 -1.702619343996047974e-02
4.818752110004425049e-01 5.902310013771057129e-01 -1.873440109193325043e-02
4.791935980319976807e-01 5.956788659095764160e-01 -2.058956027030944824e-02
4.770367741584777832e-01 6.020494699478149414e-01 -1.902835257351398468e-02
4.725013971328735352e-01 6.119096279144287109e-01 -1.098163146525621414e-02
4.671169519424438477e-01 5.571096539497375488e-01 -1.170895155519247055e-02
4.645513296127319336e-01 5.561876296997070312e-01 -1.201257854700088501e-02
4.624027013778686523e-01 5.547122359275817871e-01 -1.224455982446670532e-02
4.541466236114501953e-01 5.458428859710693359e-01 -1.076532993465662003e-02
4.129851162433624268e-01 4.989006221294403076e-01 7.046243175864219666e-03
5.066055059432983398e-01 4.108095765113830566e-01 -1.976212114095687866e-02
5.006265640258789062e-01 3.755583763122558594e-01 1.117174906539730728e-04
4.927767813205718994e-01 3.772757649421691895e-01 3.310932544991374016e-03
4.692096710205078125e-01 5.572815537452697754e-01 -1.055783499032258987e-02
4.067794978618621826e-01 5.406652092933654785e-01 2.395456284284591675e-02
5.123020410537719727e-01 3.755784630775451660e-01 -1.339116971939802170e-02
4.647612273693084717e-01 6.241708397865295410e-01 -5.031038075685501099e-03
5.259583592414855957e-01 4.356011450290679932e-01 -4.960994049906730652e-02
5.155422687530517578e-01 4.203457832336425781e-01 -3.704763948917388916e-02
5.264710187911987305e-01 4.184165596961975098e-01 -3.854414448142051697e-02
4.958391487598419189e-01 4.531922340393066406e-01 -3.195146471261978149e-02
5.013844370841979980e-01 6.613932251930236816e-01 -9.906517341732978821e-03
5.032148361206054688e-01 6.425221562385559082e-01 -9.466093964874744415e-03
4.831644594669342041e-01 6.377606391906738281e-01 -8.926619775593280792e-03
4.414120912551879883e-01 5.853244066238403320e-01 2.642999403178691864e-03
4.672463536262512207e-01 4.948095083236694336e-01 -1.364117022603750229e-02
4.510110020637512207e-01 6.066997051239013672e-01 -7.666672463528811932e-04
4.409937560558319092e-01 4.879706203937530518e-01 -1.151108369231224060e-02
4.550681114196777344e-01 5.099775195121765137e-01 -1.270571723580360413e-02
4.287862181663513184e-01 5.140572786331176758e-01 -3.407666226848959923e-03
4.776687026023864746e-01 6.553745865821838379e-01 -9.109207428991794586e-03
4.874487221240997314e-01 4.619981050491333008e-01 -2.471490390598773956e-02
4.296501278877258301e-01 5.971279144287109375e-01 1.222377642989158630e-02
4.427781105041503906e-01 6.191521883010864258e-01 7.104453165084123611e-03
4.354262948036193848e-01 5.614175796508789062e-01 1.805060892365872860e-03
3.966600298881530762e-01 5.173565149307250977e-01 3.225860744714736938e-02
4.199163317680358887e-01 5.624093413352966309e-01 1.146975904703140259e-02
3.869752287864685059e-01 5.301415920257568359e-01 5.739011988043785095e-02
4.439998865127563477e-01 5.305421352386474609e-01 -8.057694882154464722e-03
4.971868097782135010e-01 4.379877448081970215e-01 -2.395876683294773102e-02
4.959581792354583740e-01 4.866693615913391113e-01 -4.931056499481201172e-02
4.878853559494018555e-01 4.901488721370697021e-01 -3.745330497622489929e-02
5.023197531700134277e-01 4.760235548019409180e-01 -5.681525915861129761e-02
4.935232698917388916e-01 3.560560345649719238e-01 -3.926740493625402451e-03
4.761212468147277832e-01 3.405323624610900879e-01 -7.364163640886545181e-03
4.598200023174285889e-01 3.354976475238800049e-01 -8.199396543204784393e-03
4.451880455017089844e-01 3.377654552459716797e-01 -5.273901857435703278e-03
4.338285028934478760e-01 3.455423712730407715e-01 5.049290484748780727e-04
4.222057461738586426e-01 3.789672851562500000e-01 1.660011336207389832e-02
3.825697302818298340e-01 4.193299114704132080e-01 6.263281404972076416e-02
4.286867082118988037e-01 4.045441150665283203e-01 7.708923425525426865e-03
4.403259456157684326e-01 4.111358225345611572e-01 1.946832402609288692e-03
4.559301435947418213e-01 4.134265780448913574e-01 -1.303624128922820091e-03
4.711516797542572021e-01 4.115751087665557861e-01 -1.847073552198708057e-03
4.835219383239746094e-01 4.071702957153320312e-01 -7.513269665651023388e-04
4.924099445343017578e-01 4.025916159152984619e-01 -5.211672396399080753e-04
3.772929906845092773e-01 4.191497266292572021e-01 1.047373488545417786e-01
4.870940148830413818e-01 4.947597384452819824e-01 -3.181752189993858337e-02
5.057076811790466309e-01 4.430875480175018311e-01 -4.015344381332397461e-02
5.043958425521850586e-01 4.886569976806640625e-01 -5.733164399862289429e-02
5.089811682701110840e-01 4.976957738399505615e-01 -5.223174020648002625e-02
5.036470890045166016e-01 4.914649724960327148e-01 -5.186785012483596802e-02
4.892663359642028809e-01 5.001428723335266113e-01 -2.756180986762046814e-02
5.113321542739868164e-01 4.994934797286987305e-01 -5.509771779179573059e-02
5.114200711250305176e-01 5.034118294715881348e-01 -4.158942773938179016e-02
4.939454197883605957e-01 3.890678286552429199e-01 5.429391283541917801e-03
5.000712275505065918e-01 3.938540816307067871e-01 -8.010724559426307678e-04
5.042803287506103516e-01 3.965592980384826660e-01 -8.529825136065483093e-03
4.401870369911193848e-01 3.745880722999572754e-01 6.539775058627128601e-03
4.328530728816986084e-01 3.628881573677062988e-01 6.444748956710100174e-03
5.349836349487304688e-01 4.393718838691711426e-01 -4.457359388470649719e-02
6.019157767295837402e-01 4.042453765869140625e-01 2.476265095174312592e-02
5.302590727806091309e-01 5.034848451614379883e-01 -4.010825231671333313e-02
6.396927833557128906e-01 3.504504561424255371e-01 8.417260646820068359e-02
5.704958438873291016e-01 4.131577014923095703e-01 9.885147213935852051e-03
5.814109444618225098e-01 4.162988960742950439e-01 1.167446095496416092e-02
5.917578935623168945e-01 4.174965023994445801e-01 1.573347859084606171e-02
6.056262850761413574e-01 4.108368754386901855e-01 2.659397572278976440e-02
5.612409710884094238e-01 4.078406691551208496e-01 1.007924135774374008e-02
5.907378196716308594e-01 3.659730851650238037e-01 8.359653875231742859e-03
5.775235295295715332e-01 3.663064837455749512e-01 7.051477208733558655e-03
6.023057699203491211e-01 3.707059919834136963e-01 1.286786980926990509e-02
6.091529130935668945e-01 3.793557584285736084e-01 1.788610406219959259e-02
6.131476163864135742e-01 4.226814806461334229e-01 3.258066251873970032e-02
5.444887876510620117e-01 6.486373543739318848e-01 6.647591944783926010e-03
6.059762239456176758e-01 4.005852043628692627e-01 2.890682220458984375e-02
6.408216953277587891e-01 4.214499890804290771e-01 8.664043992757797241e-02
6.244283318519592285e-01 4.113144874572753906e-01 4.546572268009185791e-02
5.735512971878051758e-01 4.863907098770141602e-01 -2.922352636232972145e-03
5.271449685096740723e-01 5.452398061752319336e-01 -3.129507601261138916e-02
5.243998765945434570e-01 5.540673136711120605e-01 -2.651620283722877502e-02
5.398395657539367676e-01 5.516135096549987793e-01 -2.290574274957180023e-02
5.474631786346435547e-01 5.593708753585815430e-01 -1.275466196238994598e-02
5.345724225044250488e-01 5.572835803031921387e-01 -2.038287930190563202e-02
5.417133569717407227e-01 5.624027252197265625e-01 -1.115671359002590179e-02
5.573147535324096680e-01 5.945765972137451172e-01 7.420415990054607391e-03
5.314936637878417969e-01 4.945336580276489258e-01 -6.049017235636711121e-02
5.347685217857360840e-01 4.782826900482177734e-01 -6.355167180299758911e-02
6.234443187713623047e-01 3.640294671058654785e-01 2.339521050453186035e-02
5.546814203262329102e-01 4.410930275917053223e-01 -5.446983035653829575e-03
5.545094013214111328e-01 4.935834109783172607e-01 -2.958529442548751831e-02
5.557520389556884766e-01 4.847232103347778320e-01 -2.591206505894660950e-02
6.048539876937866211e-01 4.888447523117065430e-01 1.471727713942527771e-02
5.352041125297546387e-01 4.573426842689514160e-01 -5.604821071028709412e-02
6.025069952011108398e-01 3.403265178203582764e-01 1.536429394036531448e-03
6.157217621803283691e-01 3.490339517593383789e-01 1.184209715574979782e-02
6.331723928451538086e-01 3.202307820320129395e-01 6.133172288537025452e-02
5.539231300354003906e-01 3.495807051658630371e-01 -1.310011278837919235e-02
5.655863285064697266e-01 3.726254105567932129e-01 9.263035841286182404e-03
5.665370225906372070e-01 5.774702429771423340e-01 1.050083711743354797e-02
6.150552630424499512e-01 5.748929977416992188e-01 1.119057759642601013e-01
5.449540615081787109e-01 5.019609332084655762e-01 -2.634740062057971954e-02
5.362054109573364258e-01 5.056995153427124023e-01 -2.895565703511238098e-02
5.539758205413818359e-01 5.778954625129699707e-01 8.339690975844860077e-03
5.506921410560607910e-01 5.771704912185668945e-01 4.608612041920423508e-03
6.208614110946655273e-01 3.394312262535095215e-01 1.818217337131500244e-02
5.535495877265930176e-01 5.011096000671386719e-01 -2.352130040526390076e-02
5.830675363540649414e-01 3.387646079063415527e-01 -7.141477894037961960e-03
5.857821106910705566e-01 3.259812593460083008e-01 -9.010637179017066956e-03
5.974799394607543945e-01 2.767093777656555176e-01 1.398518402129411697e-02
6.269925236701965332e-01 3.335138559341430664e-01 3.702421858906745911e-02
5.903359651565551758e-01 3.047514557838439941e-01 2.128050196915864944e-03
6.286584734916687012e-01 3.581254482269287109e-01 3.412793576717376709e-02
6.343832015991210938e-01 3.584558963775634766e-01 5.784350261092185974e-02
5.260286331176757812e-01 5.503610372543334961e-01 -3.011976368725299835e-02
5.371878147125244141e-01 5.550431609153747559e-01 -2.213277295231819153e-02
5.447370409965515137e-01 5.612147450447082520e-01 -1.296318415552377701e-02
5.419611334800720215e-01 5.046296119689941406e-01 -2.448028884828090668e-02
5.522975325584411621e-01 5.776047706604003906e-01 6.248213350772857666e-03
5.481327772140502930e-01 5.873751640319824219e-01 -4.665306478273123503e-04
5.490993261337280273e-01 5.767232775688171387e-01 4.192751366645097733e-03
5.416050553321838379e-01 4.959113895893096924e-01 -4.218774288892745972e-02
5.392156839370727539e-01 5.625112652778625488e-01 -9.520679712295532227e-03
5.322362780570983887e-01 5.580603480339050293e-01 -1.609805412590503693e-02
5.229091048240661621e-01 5.557532906532287598e-01 -2.159552089869976044e-02
5.205993652343750000e-01 6.274235248565673828e-01 -8.330194279551506042e-03
5.226148962974548340e-01 6.166357398033142090e-01 -1.897073909640312195e-02
5.224328041076660156e-01 6.088640689849853516e-01 -2.056781388819217682e-02
5.215622186660766602e-01 6.012355089187622070e-01 -1.818993315100669861e-02
5.201295614242553711e-01 5.954640507698059082e-01 -1.673450320959091187e-02
5.370163917541503906e-01 5.892770290374755859e-01 -5.882741883397102356e-03
5.397192239761352539e-01 5.918436646461486816e-01 -7.414357736706733704e-03
5.427386760711669922e-01 5.959122776985168457e-01 -8.783943019807338715e-03
5.449904203414916992e-01 6.004326343536376953e-01 -6.577938795089721680e-03
5.591652393341064453e-01 5.460934638977050781e-01 -8.449763059616088867e-03
6.324372291564941406e-01 4.933364987373352051e-01 1.311449110507965088e-01
5.424240231513977051e-01 5.845565795898437500e-01 3.662200469989329576e-04
5.453954339027404785e-01 5.856767296791076660e-01 -7.060481584630906582e-04
5.325527191162109375e-01 5.116466879844665527e-01 -2.940638549625873566e-02
5.485603213310241699e-01 5.103375315666198730e-01 -1.606130599975585938e-02
5.343235731124877930e-01 5.088060498237609863e-01 -2.953455038368701935e-02
5.650243759155273438e-01 4.522883594036102295e-01 -6.812018691562116146e-04
5.819278359413146973e-01 4.659227430820465088e-01 3.912912216037511826e-03
5.564132928848266602e-01 4.925443530082702637e-01 -1.946668513119220734e-02
6.204854249954223633e-01 2.952458858489990234e-01 3.646203875541687012e-02
6.134516000747680664e-01 3.151744902133941650e-01 1.888467557728290558e-02
6.066253185272216797e-01 3.283880949020385742e-01 4.268332850188016891e-03
5.480387806892395020e-01 6.075359582901000977e-01 1.694235135801136494e-03
5.592781305313110352e-01 3.279021978378295898e-01 -1.680224761366844177e-02
5.645520687103271484e-01 3.003250360488891602e-01 -8.649093098938465118e-03
5.704371929168701172e-01 2.656749784946441650e-01 -7.289772038348019123e-04
6.004258394241333008e-01 4.159315824508666992e-01 2.144995518028736115e-02
6.231998801231384277e-01 4.355776011943817139e-01 3.952457010746002197e-02
5.551660656929016113e-01 4.027605056762695312e-01 1.136448234319686890e-02
6.175550222396850586e-01 3.881232142448425293e-01 2.869377844035625458e-02
5.483389496803283691e-01 4.291338920593261719e-01 -1.004653796553611755e-02
5.495964884757995605e-01 4.864188730716705322e-01 -4.135265946388244629e-02
6.329860687255859375e-01 4.514105021953582764e-01 5.287291109561920166e-02
6.167494654655456543e-01 4.464055299758911133e-01 2.829328738152980804e-02
6.036505699157714844e-01 4.507859051227569580e-01 1.628960855305194855e-02
5.831105709075927734e-01 4.453991651535034180e-01 9.365178644657135010e-03
5.678892731666564941e-01 4.364450573921203613e-01 5.565508268773555756e-03
5.567543506622314453e-01 4.273141920566558838e-01 1.474780496209859848e-03
5.369479656219482422e-01 4.052455127239227295e-01 -2.282735146582126617e-02
6.289831995964050293e-01 4.860388636589050293e-01 4.867944121360778809e-02
6.248309016227722168e-01 3.864402174949645996e-01 3.506715223193168640e-02
5.264373421669006348e-01 5.025290250778198242e-01 -5.528800934553146362e-02
5.531049370765686035e-01 4.577051401138305664e-01 -1.093451771885156631e-02
6.405193805694580078e-01 4.204872846603393555e-01 1.253084391355514526e-01
5.488075017929077148e-01 4.172583222389221191e-01 -7.105616386979818344e-04
5.565829277038574219e-01 4.935569167137145996e-01 -7.936605252325534821e-03
6.105477213859558105e-01 4.011841714382171631e-01 3.140894323587417603e-02
5.505185723304748535e-01 4.755179286003112793e-01 -3.679352998733520508e-02
6.258816123008728027e-01 5.328187346458435059e-01 1.244729906320571899e-01
5.552231073379516602e-01 3.967980444431304932e-01 1.471726223826408386e-02
5.434370636940002441e-01 4.645397365093231201e-01 -4.848925024271011353e-02
5.919340848922729492e-01 6.131941080093383789e-01 5.038571357727050781e-02
5.893967151641845703e-01 6.320361495018005371e-01 7.022562623023986816e-02
6.362670660018920898e-01 4.911575317382812500e-01 9.009264409542083740e-02
6.062928438186645508e-01 5.919059514999389648e-01 6.497048586606979370e-02
6.379696130752563477e-01 3.877151012420654297e-01 7.568792998790740967e-02
5.452562570571899414e-01 6.654428839683532715e-01 1.279367320239543915e-02
5.241606235504150391e-01 5.061553716659545898e-01 -4.052474349737167358e-02
5.614916086196899414e-01 4.714514315128326416e-01 -6.193351466208696365e-03
6.311746835708618164e-01 4.155507981777191162e-01 5.778098106384277344e-02
5.914744138717651367e-01 4.073165357112884521e-01 1.699506305158138275e-02
5.823621749877929688e-01 4.067760109901428223e-01 1.337970886379480362e-02
5.505508780479431152e-01 5.893998146057128906e-01 1.530750771053135395e-03
6.234363317489624023e-01 5.190330147743225098e-01 5.121845752000808716e-02
5.227848291397094727e-01 6.881658434867858887e-01 1.486023422330617905e-02
5.579822659492492676e-01 6.661719083786010742e-01 3.965376317501068115e-02
5.727854967117309570e-01 6.521096229553222656e-01 5.318421125411987305e-02
5.731066465377807617e-01 4.042350649833679199e-01 1.203103456646203995e-02
5.641655921936035156e-01 4.006613492965698242e-01 1.288027688860893250e-02
5.581522583961486816e-01 3.986186981201171875e-01 1.477654092013835907e-02
6.306771636009216309e-01 3.842365145683288574e-01 4.755013063549995422e-02
5.664419531822204590e-01 3.886842429637908936e-01 1.172328647226095200e-02
5.765800476074218750e-01 3.861763179302215576e-01 1.067389082163572311e-02
5.863328576087951660e-01 3.867437243461608887e-01 1.205467991530895233e-02
5.954777598381042480e-01 3.902447223663330078e-01 1.556012593209743500e-02
6.009098291397094727e-01 3.946560919284820557e-01 1.969259232282638550e-02
6.420891880989074707e-01 3.820532560348510742e-01 1.076175868511199951e-01
5.976074337959289551e-01 4.061386585235595703e-01 2.116669341921806335e-02
5.508754849433898926e-01 5.351507067680358887e-01 -1.595488190650939941e-02
5.455406904220581055e-01 4.992208778858184814e-01 -3.057410940527915955e-02
5.321406126022338867e-01 5.266508460044860840e-01 -2.838379703462123871e-02
5.765596032142639160e-01 6.334844231605529785e-01 3.869367018342018127e-02
5.615956187248229980e-01 6.492311358451843262e-01 2.639986202120780945e-02
5.246410965919494629e-01 6.768964529037475586e-01 2.308298571733757854e-04
6.024414300918579102e-01 6.083395481109619141e-01 9.167754650115966797e-02
5.588657259941101074e-01 3.933210372924804688e-01 1.348912902176380157e-02
5.422581434249877930e-01 4.329460263252258301e-01 -2.665527537465095520e-02
5.419610738754272461e-01 6.789387464523315430e-01 2.535721287131309509e-02
6.295208930969238281e-01 5.276319980621337891e-01 8.699194341897964478e-02
5.296306610107421875e-01 5.930970907211303711e-01 -1.160362362861633301e-02
5.321261286735534668e-01 5.974671840667724609e-01 -1.310269348323345184e-02
5.342596173286437988e-01 6.037818789482116699e-01 -1.466456707566976547e-02
5.355820655822753906e-01 6.110481023788452148e-01 -1.290865987539291382e-02
5.361211895942687988e-01 6.194213032722473145e-01 -4.309079144150018692e-03
5.469111204147338867e-01 5.689564943313598633e-01 -2.810518024489283562e-03
5.496668815612792969e-01 5.686675310134887695e-01 -2.312162192538380623e-03
5.522429943084716797e-01 5.677079558372497559e-01 -2.026711357757449150e-03
5.645020008087158203e-01 5.605514645576477051e-01 1.261634402908384800e-03
6.086604595184326172e-01 5.259267687797546387e-01 2.687205933034420013e-02
5.425358414649963379e-01 4.160176515579223633e-01 -1.563481241464614868e-02
5.490285158157348633e-01 3.820300698280334473e-01 5.388684570789337158e-03
5.547761321067810059e-01 3.853751420974731445e-01 1.094974577426910400e-02
5.446375012397766113e-01 5.685011744499206543e-01 -1.806881744414567947e-03
6.047235131263732910e-01 5.668314695358276367e-01 4.375548288226127625e-02
5.405405163764953613e-01 3.799511790275573730e-01 -1.011388283222913742e-02
5.406589508056640625e-01 6.325998306274414062e-01 2.005864400416612625e-03
5.361081957817077637e-01 4.232376813888549805e-01 -3.491587564349174500e-02
5.476728677749633789e-01 4.604502916336059570e-01 -2.664601057767868042e-02
5.225890874862670898e-01 6.421185731887817383e-01 -5.663522053509950638e-03
5.671811699867248535e-01 6.010237336158752441e-01 1.485720183700323105e-02
5.639517307281494141e-01 5.080150365829467773e-01 -4.236303735524415970e-03
5.551618933677673340e-01 6.188890337944030762e-01 8.912952616810798645e-03
5.879158377647399902e-01 5.084851980209350586e-01 3.003844292834401131e-03
5.715778470039367676e-01 5.259872078895568848e-01 -1.048529986292123795e-03
5.929570794105529785e-01 5.364668369293212891e-01 1.308813784271478653e-02
5.246209502220153809e-01 6.604664921760559082e-01 -4.893745761364698410e-03
5.525893568992614746e-01 4.708820879459381104e-01 -1.804217696189880371e-02
5.751630067825317383e-01 6.144563555717468262e-01 2.590601332485675812e-02
5.601612925529479980e-01 6.322597265243530273e-01 1.762356609106063843e-02
5.771856307983398438e-01 5.799758434295654297e-01 1.653066463768482208e-02
6.169989705085754395e-01 5.472074151039123535e-01 5.442603677511215210e-02
5.901484489440917969e-01 5.841690301895141602e-01 2.825610525906085968e-02
6.201760172843933105e-01 5.614498257637023926e-01 8.106581121683120728e-02
5.764111280441284180e-01 5.485932826995849609e-01 5.632943939417600632e-03
5.474023222923278809e-01 4.450688660144805908e-01 -1.820180378854274750e-02
5.454273223876953125e-01 4.934864640235900879e-01 -4.418039321899414062e-02
5.505007505416870117e-01 4.986048936843872070e-01 -3.154124319553375244e-02
5.429639816284179688e-01 4.816816747188568115e-01 -5.287495627999305725e-02
5.598675012588500977e-01 3.654422760009765625e-01 3.265725215896964073e-03
5.795557498931884766e-01 3.560189008712768555e-01 3.071182174608111382e-03
5.958231091499328613e-01 3.564298748970031738e-01 5.500408820807933807e-03
6.081125736236572266e-01 3.625506758689880371e-01 1.131610013544559479e-02
6.155039072036743164e-01 3.727463185787200928e-01 1.904779486358165741e-02
6.164927482604980469e-01 4.059768021106719971e-01 3.646285086870193481e-02
6.401216983795166016e-01 4.560703933238983154e-01 8.921050280332565308e-02
6.077081561088562012e-01 4.289533197879791260e-01 2.606410533189773560e-02
5.968268513679504395e-01 4.321427345275878906e-01 1.801381260156631470e-02
5.824933648109436035e-01 4.297538697719573975e-01 1.200762204825878143e-02
5.688177347183227539e-01 4.238555729389190674e-01 8.725974708795547485e-03
5.582342743873596191e-01 4.169546961784362793e-01 7.235859520733356476e-03
5.511319637298583984e-01 4.105493128299713135e-01 5.994746461510658264e-03
6.365213990211486816e-01 4.566268622875213623e-01 1.323462873697280884e-01
5.493499040603637695e-01 5.030398368835449219e-01 -2.599758654832839966e-02
5.420513749122619629e-01 4.481853842735290527e-01 -3.599115088582038879e-02
5.387902855873107910e-01 4.933746755123138428e-01 -5.407125130295753479e-02
5.316981673240661621e-01 5.007874965667724609e-01 -5.033778026700019836e-02
5.377956032752990723e-01 4.962246417999267578e-01 -4.851572960615158081e-02
5.457347631454467773e-01 5.075125694274902344e-01 -2.263691090047359467e-02
5.298061966896057129e-01 5.019999146461486816e-01 -5.356401950120925903e-02
5.276445150375366211e-01 5.055567622184753418e-01 -4.029352590441703796e-02
5.514326095581054688e-01 3.966548740863800049e-01 1.224802341312170029e-02
5.459797978401184082e-01 4.002838730812072754e-01 4.370531067252159119e-03
5.431376099586486816e-01 4.030440747737884521e-01 -4.301234148442745209e-03
6.038944721221923828e-01 3.979232907295227051e-01 2.371737360954284668e-02
6.124573945999145508e-01 3.889503777027130127e-01 2.471291273832321167e-02
4.585438668727874756e-01 3.796528577804565430e-01 3.500686958432197571e-03
4.703341722488403320e-01 3.808211684226989746e-01 3.500686958432197571e-03
4.595719575881958008e-01 3.652979433536529541e-01 3.500686958432197571e-03
4.465343952178955078e-01 3.783933520317077637e-01 3.500686958432197571e-03
4.574415981769561768e-01 3.937518000602722168e-01 3.500686958432197571e-03
5.828583836555480957e-01 3.952649831771850586e-01 1.665794476866722107e-02
5.945179462432861328e-01 3.968626856803894043e-01 1.665794476866722107e-02
5.839319825172424316e-01 3.808614611625671387e-01 1.665794476866722107e-02
5.711070299148559570e-01 3.936033546924591064e-01 1.665794476866722107e-02
5.818318724632263184e-01 4.095863699913024902e-01 1.665794476866722107e-02
