5.059742331504821777e-01 5.234385728836059570e-01 -3.682490438222885132e-02
5.116805434226989746e-01 4.694624245166778564e-01 -6.198028475046157837e-02
5.086978077888488770e-01 4.879983663558959961e-01 -3.455765917897224426e-02
5.056743025779724121e-01 4.148792326450347900e-01 -4.473521560430526733e-02
5.133296847343444824e-01 4.523105621337890625e-01 -6.503940373659133911e-02
5.147121548652648926e-01 4.309346973896026611e-01 -5.941119417548179626e-02
5.174440145492553711e-01 3.801115751266479492e-01 -2.541687712073326111e-02
4.339141845703125000e-01 3.646114170551300049e-01 1.352811791002750397e-02
5.205820202827453613e-01 3.366301655769348145e-01 -1.511543430387973785e-02
5.224990248680114746e-01 3.145020306110382080e-01 -1.574335433542728424e-02
5.277340412139892578e-01 2.426926344633102417e-01 7.204539724625647068e-04
5.056778788566589355e-01 5.274001955986022949e-01 -3.585415333509445190e-02
5.052717924118041992e-01 5.311091542243957520e-01 -3.253170475363731384e-02
5.049616098403930664e-01 5.333847403526306152e-01 -2.773753367364406586e-02
5.015290975570678711e-01 5.801028609275817871e-01 -2.220148965716362000e-02
5.014749169349670410e-01 5.858579874038696289e-01 -2.416232787072658539e-02
5.010409951210021973e-01 5.929312109947204590e-01 -2.639932557940483093e-02
5.004783868789672852e-01 6.003620624542236328e-01 -2.412903495132923126e-02
4.967708885669708252e-01 6.106169223785400391e-01 -1.332438550889492035e-02
5.104500651359558105e-01 4.787357151508331299e-01 -5.659514665603637695e-02
4.996995925903320312e-01 4.779800176620483398e-01 -4.190938547253608704e-02
3.947860002517700195e-01 3.022570013999938965e-01 6.829650700092315674e-02
4.644615352153778076e-01 3.844852745532989502e-01 3.033936256542801857e-03
4.523147642612457275e-01 3.848397135734558105e-01 3.104773582890629768e-03
4.412482380867004395e-01 3.822573721408843994e-01 5.640437826514244080e-03
4.281851649284362793e-01 3.700390458106994629e-01 1.445672288537025452e-02
4.754495024681091309e-01 3.805035948753356934e-01 5.223435349762439728e-03
4.548418223857879639e-01 3.267987966537475586e-01 4.252470971550792456e-04
4.682014286518096924e-01 3.310286402702331543e-01 1.437018392607569695e-03
4.418507814407348633e-01 3.287385702133178711e-01 3.219448029994964600e-03
4.326422214508056641e-01 3.358803391456604004e-01 7.068768143653869629e-03
4.166057705879211426e-01 3.802254199981689453e-01 1.900679431855678558e-02
4.507355093955993652e-01 6.217586994171142578e-01 -3.840415505692362785e-03
4.304319918155670166e-01 3.585494160652160645e-01 1.720197685062885284e-02
3.825775980949401855e-01 3.722951412200927734e-01 6.780730187892913818e-02
4.048050343990325928e-01 3.659750819206237793e-01 3.049116954207420349e-02
4.524689018726348877e-01 4.521671533584594727e-01 -1.211857702583074570e-02
4.901121854782104492e-01 5.187737941741943359e-01 -3.595587611198425293e-02
4.907679855823516846e-01 5.289026498794555664e-01 -3.156943619251251221e-02
4.738605618476867676e-01 5.230312943458557129e-01 -3.021537512540817261e-02
4.627989232540130615e-01 5.293234586715698242e-01 -2.195773459970951080e-02
4.780922532081604004e-01 5.299920439720153809e-01 -2.749293670058250427e-02
4.680414497852325439e-01 5.333985686302185059e-01 -1.975285448133945465e-02
4.461280703544616699e-01 5.644038915634155273e-01 -4.153036978095769882e-03
5.023420453071594238e-01 4.679220020771026611e-01 -6.139484420418739319e-02
5.022677183151245117e-01 4.513429701328277588e-01 -6.419096142053604126e-02
4.190499782562255859e-01 3.176299333572387695e-01 1.107184402644634247e-02
4.790695905685424805e-01 4.134384989738464355e-01 -1.006947178393602371e-02
4.756221473217010498e-01 4.631375372409820557e-01 -3.519517928361892700e-02
4.748430848121643066e-01 4.545993804931640625e-01 -3.153066709637641907e-02
4.178608059883117676e-01 4.467545449733734131e-01 -7.113334868336096406e-05
5.041323900222778320e-01 4.315386414527893066e-01 -5.662281811237335205e-02
4.495383203029632568e-01 2.981426715850830078e-01 -5.431061610579490662e-03
4.323676824569702148e-01 3.040587902069091797e-01 2.055138349533081055e-03
4.106566011905670166e-01 2.741779088973999023e-01 4.886757209897041321e-02
4.989190101623535156e-01 3.211957812309265137e-01 -1.297686249017715454e-02
4.789830148220062256e-01 3.412742018699645996e-01 5.014890339225530624e-03
4.402530491352081299e-01 5.442620515823364258e-01 -2.604970708489418030e-03
3.807828426361083984e-01 5.324581265449523926e-01 8.855434507131576538e-02
4.834055602550506592e-01 4.736541509628295898e-01 -3.069552965462207794e-02
4.917635023593902588e-01 4.795473217964172363e-01 -3.151847422122955322e-02
4.502348899841308594e-01 5.460110902786254883e-01 -3.482682164758443832e-03
4.535687267780303955e-01 5.460951328277587891e-01 -6.246179342269897461e-03
4.274099469184875488e-01 2.934864759445190430e-01 7.853944785892963409e-03
4.741465449333190918e-01 4.713939726352691650e-01 -2.937380596995353699e-02
4.711398482322692871e-01 3.020797967910766602e-01 -1.058653090149164200e-02
4.709985256195068359e-01 2.887744903564453125e-01 -1.211924105882644653e-02
4.618674814701080322e-01 2.416884005069732666e-01 1.065528858453035355e-02
4.186160564422607422e-01 2.887704968452453613e-01 2.579742856323719025e-02
4.665017426013946533e-01 2.703622281551361084e-01 -9.305028943344950676e-04
4.128077030181884766e-01 3.110848665237426758e-01 2.097650803625583649e-02
4.035460054874420166e-01 3.114759027957916260e-01 4.359731450676918030e-02
4.900917410850524902e-01 5.242889523506164551e-01 -3.506149351596832275e-02
4.758718907833099365e-01 5.269820094108581543e-01 -2.938553504645824432e-02
4.653328657150268555e-01 5.316372513771057129e-01 -2.180317603051662445e-02
4.856500327587127686e-01 4.773343205451965332e-01 -2.825056016445159912e-02
4.518952965736389160e-01 5.461264848709106445e-01 -4.923044703900814056e-03
4.562878608703613281e-01 5.579028129577636719e-01 -1.039609871804714203e-02
4.550332725048065186e-01 5.459888577461242676e-01 -6.416948977857828140e-03
4.896459579467773438e-01 4.673108458518981934e-01 -4.584740847349166870e-02
4.702281653881072998e-01 5.340580344200134277e-01 -1.808519661426544189e-02
4.800195693969726562e-01 5.314539670944213867e-01 -2.333284355700016022e-02
4.916482269763946533e-01 5.313374996185302734e-01 -2.710546739399433136e-02
4.801928400993347168e-01 6.068360805511474609e-01 -1.371615659445524216e-02
4.835717976093292236e-01 5.954322814941406250e-01 -2.421188540756702423e-02
4.849108159542083740e-01 5.883522629737854004e-01 -2.583637274801731110e-02
4.864644408226013184e-01 5.815867781639099121e-01 -2.340770512819290161e-02
4.881313443183898926e-01 5.765095353126525879e-01 -2.155265584588050842e-02
4.683185517787933350e-01 5.641397237777709961e-01 -1.390468236058950424e-02
4.657335281372070312e-01 5.657086968421936035e-01 -1.562945358455181122e-02
4.624800682067871094e-01 5.683907270431518555e-01 -1.736730709671974182e-02
4.598763585090637207e-01 5.718249678611755371e-01 -1.559811178594827652e-02
4.566910266876220703e-01 5.141808390617370605e-01 -1.813253574073314667e-02
3.732271194458007812e-01 4.459961354732513428e-01 1.083607450127601624e-01
5.095916390419006348e-01 4.831437170505523682e-01 -4.220178723335266113e-02
4.619176089763641357e-01 5.570213794708251953e-01 -9.086575359106063843e-03
4.590716361999511719e-01 5.572373867034912109e-01 -1.030449010431766510e-02
4.942274689674377441e-01 4.863183200359344482e-01 -3.236983716487884521e-02
4.766883850097656250e-01 4.820939302444458008e-01 -2.130338922142982483e-02
4.930844306945800781e-01 4.829915165901184082e-01 -3.215993195772171021e-02
4.659088253974914551e-01 4.216354489326477051e-01 -7.680783979594707489e-03
4.461680650711059570e-01 4.301977157592773438e-01 -5.998004693537950516e-03
4.720051586627960205e-01 4.624823629856109619e-01 -2.561591379344463348e-02
4.320624172687530518e-01 2.531760334968566895e-01 2.815989404916763306e-02
4.386606216430664062e-01 2.742251455783843994e-01 1.132964063435792923e-02
4.470835030078887939e-01 2.857569754123687744e-01 -2.826152136549353600e-03
4.539274573326110840e-01 5.801846385002136230e-01 -8.529384620487689972e-03
4.985199272632598877e-01 2.981508970260620117e-01 -1.606550440192222595e-02
4.943061769008636475e-01 2.735130190849304199e-01 -7.272075396031141281e-03
4.925806522369384766e-01 2.390498220920562744e-01 1.315810834057629108e-03
4.324555993080139160e-01 3.774622678756713867e-01 1.007906813174486160e-02
4.022551178932189941e-01 3.909771740436553955e-01 2.400566637516021729e-02
4.830504655838012695e-01 3.760991692543029785e-01 7.367066107690334320e-03
4.201978147029876709e-01 3.434966504573822021e-01 1.599363982677459717e-02
4.883552789688110352e-01 4.033290147781372070e-01 -1.306513417512178421e-02
4.832183122634887695e-01 4.562798142433166504e-01 -4.550943151116371155e-02
3.907418549060821533e-01 4.033326506614685059e-01 3.474892303347587585e-02
4.087724387645721436e-01 4.034717082977294922e-01 1.331463735550642014e-02
4.233849942684173584e-01 4.113079011440277100e-01 3.436658298596739769e-03
4.464514851570129395e-01 4.110350310802459717e-01 -1.568488514749333262e-04
4.638270139694213867e-01 4.057895839214324951e-01 -1.319794566370546818e-03
4.774837493896484375e-01 3.990140855312347412e-01 -3.028948092833161354e-03
5.061271190643310547e-01 3.827474117279052734e-01 -2.199509367346763611e-02
3.900261819362640381e-01 4.384581446647644043e-01 2.947514504194259644e-02
4.111781120300292969e-01 3.402463793754577637e-01 2.123122289776802063e-02
5.048797130584716797e-01 4.774413704872131348e-01 -5.627061799168586731e-02
4.790476560592651367e-01 4.295404553413391113e-01 -1.599421165883541107e-02
3.769934475421905518e-01 3.716536760330200195e-01 1.043372750282287598e-01
4.883033037185668945e-01 3.907149434089660645e-01 -3.515509655699133873e-03
4.702101349830627441e-01 4.639118313789367676e-01 -1.446542702615261078e-02
4.251683056354522705e-01 3.583735823631286621e-01 1.893869973719120026e-02
4.829653203487396240e-01 4.460860788822174072e-01 -4.082003235816955566e-02
3.749351501464843750e-01 4.873598217964172363e-01 1.014112681150436401e-01
4.845577776432037354e-01 3.701787590980529785e-01 1.063478644937276840e-02
4.934538304805755615e-01 4.366751611232757568e-01 -5.078690499067306519e-02
4.048346877098083496e-01 5.761938691139221191e-01 3.213620185852050781e-02
4.015389382839202881e-01 5.966129899024963379e-01 5.035489052534103394e-02
3.766384124755859375e-01 4.426203072071075439e-01 6.886615604162216187e-02
3.926523923873901367e-01 5.512781739234924316e-01 4.464091733098030090e-02
3.926179409027099609e-01 3.395851254463195801e-01 5.909163877367973328e-02
4.464943706989288330e-01 6.384434103965759277e-01 1.155236735939979553e-03
5.053279399871826172e-01 4.820183515548706055e-01 -4.162787646055221558e-02
4.674939215183258057e-01 4.409219622611999512e-01 -1.302851457148790359e-02
3.941362500190734863e-01 3.688526749610900879e-01 4.109577089548110962e-02
4.440271258354187012e-01 3.729555606842041016e-01 7.240485865622758865e-03
4.537274241447448730e-01 3.758736848831176758e-01 5.022933240979909897e-03
4.537371397018432617e-01 5.590339303016662598e-01 -8.909464813768863678e-03
3.899264931678771973e-01 4.727987945079803467e-01 3.128431737422943115e-02
4.654712378978729248e-01 6.657224893569946289e-01 5.306746345013380051e-03
4.308413565158843994e-01 6.376078128814697266e-01 2.479751035571098328e-02
4.169117212295532227e-01 6.206588745117187500e-01 3.593341261148452759e-02
5.252857208251953125e-01 2.786738872528076172e-01 -7.996203377842903137e-03
4.908829927444458008e-01 6.722497940063476562e-01 3.585077822208404541e-03
4.639622271060943604e-01 3.756715059280395508e-01 5.276786629110574722e-03
4.740574657917022705e-01 3.733696341514587402e-01 7.477683015167713165e-03
4.808896183967590332e-01 3.718486428260803223e-01 1.024655718356370926e-02
4.029497504234313965e-01 3.373670876026153564e-01 3.246137499809265137e-02
4.750834405422210693e-01 3.560279607772827148e-01 6.474760826677083969e-03
4.650280177593231201e-01 3.494307100772857666e-01 4.228000994771718979e-03
4.547512531280517578e-01 3.471316695213317871e-01 4.148781765252351761e-03
4.443501234054565430e-01 3.486163616180419922e-01 6.169459782540798187e-03
4.375786483287811279e-01 3.523846268653869629e-01 9.212309494614601135e-03
3.840562701225280762e-01 3.331722915172576904e-01 8.896867930889129639e-02
4.379032552242279053e-01 3.688541352748870850e-01 1.052710041403770447e-02
5.071436166763305664e-01 5.017961263656616211e-01 -3.244667127728462219e-02
4.687515497207641602e-01 5.054172277450561523e-01 -2.351006120443344116e-02
4.838511347770690918e-01 4.703323543071746826e-01 -3.460320085287094116e-02
4.911666214466094971e-01 5.011847615242004395e-01 -3.222015500068664551e-02
5.187134742736816406e-01 3.592397272586822510e-01 -1.594848185777664185e-02
4.178357124328613281e-01 6.001401543617248535e-01 2.274536527693271637e-02
4.312816262245178223e-01 6.191190481185913086e-01 1.264851447194814682e-02
4.667338728904724121e-01 6.538264751434326172e-01 -8.429977111518383026e-03
3.902553319931030273e-01 5.695406794548034668e-01 6.961520761251449585e-02
4.818069934844970703e-01 3.646008968353271484e-01 8.965331129729747772e-03
4.967320859432220459e-01 4.075985550880432129e-01 -2.799904718995094299e-02
4.920336902141571045e-01 6.603915095329284668e-01 -9.817207232117652893e-03
4.464305043220520020e-01 6.532721519470214844e-01 1.289828214794397354e-02
3.777743577957153320e-01 4.807631373405456543e-01 6.528529524803161621e-02
4.771967530250549316e-01 5.709602236747741699e-01 -1.825964637100696564e-02
4.745094180107116699e-01 5.742303133010864258e-01 -2.011304348707199097e-02
4.719339907169342041e-01 5.792871713638305664e-01 -2.200496941804885864e-02
4.699320197105407715e-01 5.854229927062988281e-01 -2.049997448921203613e-02
4.648009538650512695e-01 5.952304601669311523e-01 -1.269292831420898438e-02
4.597051441669464111e-01 5.385734438896179199e-01 -1.256894040852785110e-02
4.570505917072296143e-01 5.377591252326965332e-01 -1.264832634478807449e-02
4.547954797744750977e-01 5.362696051597595215e-01 -1.270571909844875336e-02
4.469558894634246826e-01 5.274040102958679199e-01 -1.057849731296300888e-02
4.062702059745788574e-01 4.828536212444305420e-01 9.744047187268733978e-03
4.974766969680786133e-01 3.917730450630187988e-01 -1.663807779550552368e-02
4.947372376918792725e-01 3.564773797988891602e-01 4.015228711068630219e-03
4.872871339321136475e-01 3.580728173255920410e-01 7.596868090331554413e-03
4.618538618087768555e-01 5.384768247604370117e-01 -1.165235973894596100e-02
4.012766480445861816e-01 5.255197286605834961e-01 2.516650408506393433e-02
5.052914619445800781e-01 3.562634587287902832e-01 -9.596945717930793762e-03
4.574513733386993408e-01 6.071096658706665039e-01 -7.236606907099485397e-03
5.156314373016357422e-01 4.135708808898925781e-01 -4.773024469614028931e-02
5.057366490364074707e-01 3.996713757514953613e-01 -3.421863541007041931e-02
5.164682865142822266e-01 3.975160419940948486e-01 -3.605759143829345703e-02
4.865509867668151855e-01 4.326597154140472412e-01 -2.992543205618858337e-02
4.936532080173492432e-01 6.437008380889892578e-01 -1.433838345110416412e-02
4.953220486640930176e-01 6.253917217254638672e-01 -1.327632460743188858e-02
4.753732681274414062e-01 6.206048727035522461e-01 -1.203008834272623062e-02
4.348988533020019531e-01 5.686410069465637207e-01 1.793458242900669575e-03
4.591808319091796875e-01 4.761544466018676758e-01 -1.245926134288311005e-02
4.441729784011840820e-01 5.898675322532653809e-01 -2.329305978491902351e-03
4.332421720027923584e-01 4.701467752456665039e-01 -9.273818694055080414e-03
4.473468065261840820e-01 4.915439784526824951e-01 -1.156522426754236221e-02
4.218845963478088379e-01 4.969112575054168701e-01 -1.722439774312078953e-03
4.701644778251647949e-01 6.376416683197021484e-01 -1.259494572877883911e-02
4.785076975822448730e-01 4.422077238559722900e-01 -2.291709929704666138e-02
4.238179326057434082e-01 5.807464122772216797e-01 1.113567408174276352e-02
4.365103244781494141e-01 6.020803451538085938e-01 5.037565249949693680e-03
4.289901256561279297e-01 5.444841980934143066e-01 1.906238379888236523e-03
3.911648988723754883e-01 5.028607249259948730e-01 3.436803445219993591e-02
4.140605330467224121e-01 5.463666915893554688e-01 1.179888378828763962e-02
3.822827935218811035e-01 5.170905590057373047e-01 5.909639596939086914e-02
4.370308518409729004e-01 5.127145648002624512e-01 -7.087490987032651901e-03
4.881175458431243896e-01 4.183397591114044189e-01 -2.151001989841461182e-02
4.864874184131622314e-01 4.639739692211151123e-01 -4.799075797200202942e-02
4.790089130401611328e-01 4.687340557575225830e-01 -3.641211614012718201e-02
4.922324717044830322e-01 4.527390301227569580e-01 -5.525588989257812500e-02
4.874717593193054199e-01 3.361494541168212891e-01 8.083073189482092857e-04
4.695630669593811035e-01 3.206806778907775879e-01 -1.576951588504016399e-03
4.528298079967498779e-01 3.163401782512664795e-01 -1.722397631965577602e-03
4.381855726242065430e-01 3.194277286529541016e-01 1.733621349558234215e-03
4.271769225597381592e-01 3.279323577880859375e-01 7.712204009294509888e-03
4.162437021732330322e-01 3.621843457221984863e-01 2.302428707480430603e-02
3.778207302093505859e-01 4.066779613494873047e-01 6.858260929584503174e-02
4.219404757022857666e-01 3.880857527256011963e-01 1.309736631810665131e-02
4.332493245601654053e-01 3.946146368980407715e-01 6.868562661111354828e-03
4.489164352416992188e-01 3.965854048728942871e-01 3.041946562007069588e-03
4.644477963447570801e-01 3.942833244800567627e-01 1.881335861980915070e-03
4.770309329032897949e-01 3.894218802452087402e-01 2.738473704084753990e-03
4.860574305057525635e-01 3.844957947731018066e-01 2.773133805021643639e-03
3.742729425430297852e-01 4.083945751190185547e-01 1.101068779826164246e-01
4.784840047359466553e-01 4.739777743816375732e-01 -3.100155480206012726e-02
4.959445297718048096e-01 4.218074679374694824e-01 -3.790326416492462158e-02
4.944137930870056152e-01 4.650776386260986328e-01 -5.631712079048156738e-02
4.993905127048492432e-01 4.745663404464721680e-01 -5.184853449463844299e-02
4.940562546253204346e-01 4.683139920234680176e-01 -5.098837986588478088e-02
4.808318316936492920e-01 4.797075688838958740e-01 -2.716639824211597443e-02
5.014390349388122559e-01 4.761179983615875244e-01 -5.479902774095535278e-02
5.018974542617797852e-01 4.806753396987915039e-01 -4.172708466649055481e-02
4.884522557258605957e-01 3.706022500991821289e-01 9.181946516036987305e-03
4.938871264457702637e-01 3.753942251205444336e-01 2.588790142908692360e-03
4.972977936267852783e-01 3.780413269996643066e-01 -5.227618385106325150e-03
4.336376786231994629e-01 3.555384874343872070e-01 1.262425538152456284e-02
4.265137016773223877e-01 3.451983630657196045e-01 1.290904730558395386e-02
5.247793793678283691e-01 4.174502193927764893e-01 -4.333643987774848938e-02
5.963724255561828613e-01 3.842676877975463867e-01 2.319655567407608032e-02
5.197359323501586914e-01 4.806774556636810303e-01 -4.085724428296089172e-02
6.336497068405151367e-01 3.360568284988403320e-01 8.244836330413818359e-02
5.625827312469482422e-01 3.963263034820556641e-01 9.351582266390323639e-03
5.740265846252441406e-01 3.993379175662994385e-01 1.071323547512292862e-02
5.848794579505920410e-01 3.998650014400482178e-01 1.435653958469629288e-02
5.997449755668640137e-01 3.907619118690490723e-01 2.464711107313632965e-02
5.530838966369628906e-01 3.906356990337371826e-01 1.024173665791749954e-02
5.834479928016662598e-01 3.435140252113342285e-01 8.291700854897499084e-03
5.695757865905761719e-01 3.449451327323913574e-01 7.647668477147817612e-03
5.956744551658630371e-01 3.477924466133117676e-01 1.226976420730352402e-02
6.029531359672546387e-01 3.565410971641540527e-01 1.684113778173923492e-02
6.069598793983459473e-01 4.036048054695129395e-01 3.003505058586597443e-02
5.380328893661499023e-01 6.317040920257568359e-01 5.721878260374069214e-04
6.006906032562255859e-01 3.790434598922729492e-01 2.726970240473747253e-02
6.362813115119934082e-01 4.068295955657958984e-01 8.235055208206176758e-02
6.189227104187011719e-01 3.920283913612365723e-01 4.275086894631385803e-02
5.655129551887512207e-01 4.676929116249084473e-01 -5.506867077201604843e-03
5.208857655525207520e-01 5.227333307266235352e-01 -3.423677012324333191e-02
5.180758833885192871e-01 5.326883792877197266e-01 -2.998313121497631073e-02
5.338853001594543457e-01 5.304080843925476074e-01 -2.669189870357513428e-02
5.416299104690551758e-01 5.396049022674560547e-01 -1.713389903306961060e-02
5.283806324005126953e-01 5.367239117622375488e-01 -2.442754991352558136e-02
5.356714725494384766e-01 5.428907871246337891e-01 -1.561384554952383041e-02
5.511441826820373535e-01 5.777664780616760254e-01 1.922035240568220615e-03
5.207297205924987793e-01 4.703957140445709229e-01 -6.050160527229309082e-02
5.238808393478393555e-01 4.542312324047088623e-01 -6.314533203840255737e-02
6.174029111862182617e-01 3.409478068351745605e-01 2.257338352501392365e-02
5.463612675666809082e-01 4.225906431674957275e-01 -5.750638898462057114e-03
5.446466207504272461e-01 4.723001718521118164e-01 -3.122134320437908173e-02
5.462922453880310059e-01 4.640270173549652100e-01 -2.743382751941680908e-02
5.979756116867065430e-01 4.715764522552490234e-01 1.057222951203584671e-02
5.246080160140991211e-01 4.342469274997711182e-01 -5.525994673371315002e-02
5.951869487762451172e-01 3.172176480293273926e-01 2.827936783432960510e-03
6.091665029525756836e-01 3.255935609340667725e-01 1.219793595373630524e-02
6.262247562408447266e-01 3.049799501895904541e-01 6.145389378070831299e-02
5.448530316352844238e-01 3.300344347953796387e-01 -1.007898990064859390e-02
5.572685599327087402e-01 3.526806235313415527e-01 1.008044742047786713e-02
5.602210164070129395e-01 5.600926876068115234e-01 4.825993441045284271e-03
6.125849485397338867e-01 5.629764795303344727e-01 1.020903438329696655e-01
5.348966121673583984e-01 4.805224537849426270e-01 -2.796549350023269653e-02
5.260279774665832520e-01 4.841248989105224609e-01 -3.011992014944553375e-02
5.479975342750549316e-01 5.609829425811767578e-01 2.957720309495925903e-03
5.447659492492675781e-01 5.601354837417602539e-01 -4.882590437773615122e-04
6.148759126663208008e-01 3.157656192779541016e-01 1.848314516246318817e-02
5.439143776893615723e-01 4.805824160575866699e-01 -2.547780424356460571e-02
5.748108029365539551e-01 3.172167539596557617e-01 -4.961243364959955215e-03
5.777463912963867188e-01 3.041549921035766602e-01 -6.403869483619928360e-03
5.889162421226501465e-01 2.603083550930023193e-01 1.799456216394901276e-02
6.198196411132812500e-01 3.162473440170288086e-01 3.730610758066177368e-02
5.817326903343200684e-01 2.865695953369140625e-01 5.507988389581441879e-03
6.230858564376831055e-01 3.355619311332702637e-01 3.308887407183647156e-02
6.280078887939453125e-01 3.419921398162841797e-01 5.660321936011314392e-02
5.197420120239257812e-01 5.283548235893249512e-01 -3.333787620067596436e-02
5.310674309730529785e-01 5.341920852661132812e-01 -2.608883194625377655e-02
5.387771129608154297e-01 5.415838956832885742e-01 -1.738147810101509094e-02
5.318849682807922363e-01 4.834491014480590820e-01 -2.587320655584335327e-02
5.463345050811767578e-01 5.606444478034973145e-01 1.055285334587097168e-03
5.421125888824462891e-01 5.709053874015808105e-01 -5.303690209984779358e-03
5.431802272796630859e-01 5.595462322235107422e-01 -8.282593335025012493e-04
5.312734246253967285e-01 4.730032980442047119e-01 -4.313921555876731873e-02
5.332339406013488770e-01 5.429849624633789062e-01 -1.413733977824449539e-02
5.260618329048156738e-01 5.376662015914916992e-01 -2.041207812726497650e-02
5.166231989860534668e-01 5.347660779953002930e-01 -2.545838430523872375e-02
5.132924318313598633e-01 6.109020113945007324e-01 -1.215964835137128830e-02
5.162476301193237305e-01 6.002831459045410156e-01 -2.250772342085838318e-02
5.160310268402099609e-01 5.927244424819946289e-01 -2.406809665262699127e-02
5.151584744453430176e-01 5.855219960212707520e-01 -2.165151573717594147e-02
5.136952400207519531e-01 5.799465775489807129e-01 -1.987208612263202667e-02
5.309785604476928711e-01 5.733641386032104492e-01 -9.929804131388664246e-03
5.336462259292602539e-01 5.758302211761474609e-01 -1.164684817194938660e-02
5.366275906562805176e-01 5.796429514884948730e-01 -1.317821536213159561e-02
5.388523340225219727e-01 5.840171575546264648e-01 -1.115536689758300781e-02
5.512246489524841309e-01 5.268802642822265625e-01 -1.259052380919456482e-02
6.299918889999389648e-01 4.811176359653472900e-01 1.234483942389488220e-01
5.365226268768310547e-01 5.683077573776245117e-01 -4.157571587711572647e-03
5.394409894943237305e-01 5.693435668945312500e-01 -5.396163556724786758e-03
5.226584672927856445e-01 4.900877475738525391e-01 -3.091426007449626923e-02
5.390951633453369141e-01 4.903095066547393799e-01 -1.816455647349357605e-02
5.242676138877868652e-01 4.872215390205383301e-01 -3.079729154706001282e-02
5.571061372756958008e-01 4.340969920158386230e-01 -1.893854001536965370e-03
5.743597149848937988e-01 4.478762149810791016e-01 1.689502154476940632e-03
5.471823811531066895e-01 4.724131226539611816e-01 -2.136469259858131409e-02
6.126598119735717773e-01 2.792967855930328369e-01 3.846204653382301331e-02
6.055758595466613770e-01 2.972332835197448730e-01 2.064836025238037109e-02
5.996683239936828613e-01 3.051308989524841309e-01 5.737612489610910416e-03
5.417145490646362305e-01 5.910162329673767090e-01 -3.465099725872278214e-03
5.504637360572814941e-01 3.077108860015869141e-01 -1.309421937912702560e-02
5.556052923202514648e-01 2.823003530502319336e-01 -3.885077545419335365e-03
5.615152120590209961e-01 2.493255585432052612e-01 5.082441493868827820e-03
5.941612720489501953e-01 3.973551988601684570e-01 1.968408375978469849e-02
6.174539327621459961e-01 4.180057048797607422e-01 3.612301871180534363e-02
5.468506813049316406e-01 3.852463662624359131e-01 1.182236149907112122e-02
6.116026043891906738e-01 3.662338852882385254e-01 2.712649106979370117e-02
5.396918654441833496e-01 4.102843701839447021e-01 -9.649495594203472137e-03
5.393827557563781738e-01 4.639020860195159912e-01 -4.227525740861892700e-02
6.276025176048278809e-01 4.356131851673126221e-01 4.834608361124992371e-02
6.100047826766967773e-01 4.291037917137145996e-01 2.487396262586116791e-02
5.958440899848937988e-01 4.337848722934722900e-01 1.343055907636880875e-02
5.746238827705383301e-01 4.280966818332672119e-01 7.593851070851087570e-03
5.592114329338073730e-01 4.187785089015960693e-01 4.638706333935260773e-03
5.478987097740173340e-01 4.092768430709838867e-01 1.410026801750063896e-03
5.275041460990905762e-01 3.856904506683349609e-01 -2.058510668575763702e-02
6.236397027969360352e-01 4.702999591827392578e-01 4.306693375110626221e-02
6.189623475074768066e-01 3.652066588401794434e-01 3.323384374380111694e-02
5.159205198287963867e-01 4.789221584796905518e-01 -5.555338412523269653e-02
5.444626808166503906e-01 4.384041428565979004e-01 -1.178035978227853775e-02
6.369617581367492676e-01 4.077795445919036865e-01 1.201087012887001038e-01
5.397408008575439453e-01 3.989992141723632812e-01 -6.101018516346812248e-05
5.477690696716308594e-01 4.741516411304473877e-01 -1.004905719310045242e-02
6.048502326011657715e-01 3.798258900642395020e-01 2.958068437874317169e-02
5.406836271286010742e-01 4.538204371929168701e-01 -3.750446811318397522e-02
6.235166192054748535e-01 5.207427144050598145e-01 1.157167628407478333e-01
5.470416545867919922e-01 3.791104555130004883e-01 1.525636017322540283e-02
5.331710577011108398e-01 4.420041143894195557e-01 -4.838626459240913391e-02
5.874552130699157715e-01 5.988097190856933594e-01 4.212935641407966614e-02
5.859222412109375000e-01 6.188045740127563477e-01 6.078270450234413147e-02
6.325516104698181152e-01 4.769273102283477783e-01 8.334773778915405273e-02
6.023535728454589844e-01 5.781813263893127441e-01 5.632667988538742065e-02
6.323549151420593262e-01 3.723892271518707275e-01 7.295127958059310913e-02
5.390075445175170898e-01 6.484330296516418457e-01 5.881576333194971085e-03
5.138881206512451172e-01 4.831837415695190430e-01 -4.119725525379180908e-02
5.531625747680664062e-01 4.525825977325439453e-01 -7.884930819272994995e-03
6.266850233078002930e-01 3.974540233612060547e-01 5.440084263682365417e-02
5.850014686584472656e-01 3.896747231483459473e-01 1.583443768322467804e-02
5.751416087150573730e-01 3.899198770523071289e-01 1.259484514594078064e-02
5.444954037666320801e-01 5.728533864021301270e-01 -3.537568030878901482e-03
6.183543801307678223e-01 5.037281513214111328e-01 4.450586810708045959e-02
5.163555145263671875e-01 6.708651185035705566e-01 7.957532070577144623e-03
5.529893040657043457e-01 6.505394577980041504e-01 3.143060952425003052e-02
5.685567855834960938e-01 6.376320719718933105e-01 4.439238831400871277e-02
5.654113888740539551e-01 3.875402212142944336e-01 1.170424092561006546e-02
5.561917424201965332e-01 3.836359083652496338e-01 1.296961959451436996e-02
5.500460863113403320e-01 3.812406361103057861e-01 1.516775507479906082e-02
6.253355741500854492e-01 3.636142611503601074e-01 4.533002153038978577e-02
5.587247610092163086e-01 3.689762353897094727e-01 1.205914095044136047e-02
5.692771077156066895e-01 3.648840785026550293e-01 1.080889720469713211e-02
5.795921087265014648e-01 3.644525408744812012e-01 1.179938949644565582e-02
5.894875526428222656e-01 3.675774633884429932e-01 1.483480818569660187e-02
5.952957272529602051e-01 3.722738623619079590e-01 1.857601851224899292e-02
6.371077299118041992e-01 3.685691058635711670e-01 1.041579619050025940e-01
5.917255878448486328e-01 3.873838186264038086e-01 1.974763721227645874e-02
5.422965288162231445e-01 5.152106285095214844e-01 -1.926132291555404663e-02
5.354010462760925293e-01 4.773231744766235352e-01 -3.179451450705528259e-02
5.226287245750427246e-01 5.054040551185607910e-01 -3.049413487315177917e-02
5.715645551681518555e-01 6.182424426078796387e-01 3.083114326000213623e-02
5.561021566390991211e-01 6.331096291542053223e-01 1.896313205361366272e-02
5.176630020141601562e-01 6.593410372734069824e-01 -5.907101090997457504e-03
5.995597243309020996e-01 5.960475206375122070e-01 8.171482384204864502e-02
5.508264303207397461e-01 3.749926984310150146e-01 1.399027742445468903e-02
5.328061580657958984e-01 4.125193953514099121e-01 -2.567896991968154907e-02
5.361971259117126465e-01 6.622793674468994141e-01 1.772036775946617126e-02
6.260734796524047852e-01 5.137786269187927246e-01 7.925519347190856934e-02
5.234218835830688477e-01 5.774081945419311523e-01 -1.524794753640890121e-02
5.259355902671813965e-01 5.816418528556823730e-01 -1.699684001505374908e-02
5.280385017395019531e-01 5.875844359397888184e-01 -1.871857978403568268e-02
5.293525457382202148e-01 5.946689248085021973e-01 -1.709921099245548248e-02
5.294301509857177734e-01 6.029453277587890625e-01 -8.972304873168468475e-03
5.409784913063049316e-01 5.505579710006713867e-01 -7.612125482410192490e-03
5.437382459640502930e-01 5.503126978874206543e-01 -7.189786061644554138e-03
5.463729500770568848e-01 5.493122339248657227e-01 -6.941569037735462189e-03
5.573205351829528809e-01 5.422349572181701660e-01 -3.667331999167799950e-03
6.025106906890869141e-01 5.096455812454223633e-01 2.104522846639156342e-02
5.335078835487365723e-01 3.967448770999908447e-01 -1.430356875061988831e-02
5.403247475624084473e-01 3.637406229972839355e-01 6.976217962801456451e-03
5.463871359825134277e-01 3.669997453689575195e-01 1.197293121367692947e-02
5.387575030326843262e-01 5.499331355094909668e-01 -6.679521873593330383e-03
5.995138287544250488e-01 5.517960786819458008e-01 3.641844168305397034e-02
5.312144756317138672e-01 3.616937994956970215e-01 -7.680535316467285156e-03
5.341993570327758789e-01 6.160351037979125977e-01 -3.273457754403352737e-03
5.262502431869506836e-01 4.024230241775512695e-01 -3.299006447196006775e-02
5.383148193359375000e-01 4.397304952144622803e-01 -2.687649056315422058e-02
5.153822302818298340e-01 6.252236366271972656e-01 -1.023387443274259567e-02
5.611822605133056641e-01 5.845491886138916016e-01 8.799016475677490234e-03
5.555455088615417480e-01 4.890702664852142334e-01 -7.062051445245742798e-03
5.491313934326171875e-01 6.024799942970275879e-01 3.156949067488312721e-03
5.803622603416442871e-01 4.904275536537170410e-01 -8.312106947414577007e-04
5.637130141258239746e-01 5.074280500411987305e-01 -4.829902201890945435e-03
5.860052704811096191e-01 5.193340778350830078e-01 7.838794961571693420e-03
5.174230337142944336e-01 6.430649161338806152e-01 -1.027472037822008133e-02
5.436382889747619629e-01 4.509089887142181396e-01 -1.909595541656017303e-02
5.695571899414062500e-01 5.985610485076904297e-01 1.892942748963832855e-02
5.543358922004699707e-01 6.158790588378906250e-01 1.101881731301546097e-02
5.709780454635620117e-01 5.631817579269409180e-01 1.036106701940298080e-02
6.122236251831054688e-01 5.324310064315795898e-01 4.696064814925193787e-02
5.845089554786682129e-01 5.684593319892883301e-01 2.139842137694358826e-02
6.166884303092956543e-01 5.479153394699096680e-01 7.245461642742156982e-02
5.692317485809326172e-01 5.307956933975219727e-01 7.786480709910392761e-04
5.383771061897277832e-01 4.252297878265380859e-01 -1.818421669304370880e-02
5.350548624992370605e-01 4.705777466297149658e-01 -4.506419599056243896e-02
5.404541492462158203e-01 4.769794046878814697e-01 -3.306964784860610962e-02
5.323166251182556152e-01 4.581848680973052979e-01 -5.311514809727668762e-02
5.512559413909912109e-01 3.459325134754180908e-01 4.862444009631872177e-03
5.714234113693237305e-01 3.347193896770477295e-01 4.358022473752498627e-03
5.883611440658569336e-01 3.338848650455474854e-01 6.138879805803298950e-03
6.012687683105468750e-01 3.396089076995849609e-01 1.120215002447366714e-02
6.092169284820556641e-01 3.497999906539916992e-01 1.828544400632381439e-02
6.107370853424072266e-01 3.856311142444610596e-01 3.429312258958816528e-02
6.360510587692260742e-01 4.416087567806243896e-01 8.353090286254882812e-02
6.010769605636596680e-01 4.104705750942230225e-01 2.357346750795841217e-02
5.895045995712280273e-01 4.146379232406616211e-01 1.606217399239540100e-02
5.746390819549560547e-01 4.125722646713256836e-01 1.067864429205656052e-02
5.605489015579223633e-01 4.065635204315185547e-01 7.979605346918106079e-03
5.497561693191528320e-01 3.993298709392547607e-01 7.356439251452684402e-03
5.424684286117553711e-01 3.927147090435028076e-01 6.538812071084976196e-03
6.337655782699584961e-01 4.442834258079528809e-01 1.257916539907455444e-01
5.394541025161743164e-01 4.820164740085601807e-01 -2.770136855542659760e-02
5.322023630142211914e-01 4.267404079437255859e-01 -3.551403060555458069e-02
5.280832052230834961e-01 4.695891439914703369e-01 -5.444863811135292053e-02
5.211003422737121582e-01 4.775111675262451172e-01 -5.075377225875854492e-02
5.272551178932189941e-01 4.728958904743194580e-01 -4.907162114977836609e-02
5.359310507774353027e-01 4.868798255920410156e-01 -2.436974830925464630e-02
5.192444920539855957e-01 4.784917533397674561e-01 -5.391057208180427551e-02
5.172368884086608887e-01 4.826959371566772461e-01 -4.101219773292541504e-02
5.429624319076538086e-01 3.789042532444000244e-01 1.307447813451290131e-02
5.371429920196533203e-01 3.822887539863586426e-01 5.584732629358768463e-03
5.339322090148925781e-01 3.847028315067291260e-01 -2.792021492496132851e-03
5.984218716621398926e-01 3.758921921253204346e-01 2.236953936517238617e-02
6.064821481704711914e-01 3.667322993278503418e-01 2.324366942048072815e-02
4.537046253681182861e-01 3.604770898818969727e-01 8.686208166182041168e-03
4.653175473213195801e-01 3.617456555366516113e-01 8.686208166182041168e-03
4.548738598823547363e-01 3.452398777008056641e-01 8.686208166182041168e-03
4.419050514698028564e-01 3.591625094413757324e-01 8.686208166182041168e-03
4.524334967136383057e-01 3.755558431148529053e-01 8.686208166182041168e-03
5.768665671348571777e-01 3.781958520412445068e-01 1.613620109856128693e-02
5.886048078536987305e-01 3.796331882476806641e-01 1.613620109856128693e-02
5.779550075531005859e-01 3.628987371921539307e-01 1.613620109856128693e-02
5.650836229324340820e-01 3.766330480575561523e-01 1.613620109856128693e-02
5.758063793182373047e-01 3.934510648250579834e-01 1.613620109856128693e-02
