5.050647854804992676e-01 5.280890464782714844e-01 -3.613007068634033203e-02
5.112833976745605469e-01 4.694773852825164795e-01 -6.080893054604530334e-02
5.082860589027404785e-01 4.880718290805816650e-01 -3.355304524302482605e-02
5.057594180107116699e-01 4.143560528755187988e-01 -4.374435544013977051e-02
5.129655599594116211e-01 4.523299038410186768e-01 -6.389193236827850342e-02
5.144885182380676270e-01 4.307309687137603760e-01 -5.828846991062164307e-02
5.176540613174438477e-01 3.793047666549682617e-01 -2.450443431735038757e-02
4.339175224304199219e-01 3.629273474216461182e-01 1.397058460861444473e-02
5.209128856658935547e-01 3.361990153789520264e-01 -1.420221570879220963e-02
5.228680968284606934e-01 3.140866756439208984e-01 -1.484044920653104782e-02
5.284475088119506836e-01 2.415046989917755127e-01 2.093364251777529716e-03
5.049413442611694336e-01 5.337595939636230469e-01 -3.507664799690246582e-02
5.045816898345947266e-01 5.395445823669433594e-01 -3.163513168692588806e-02
5.042541027069091797e-01 5.436671376228332520e-01 -2.665158547461032867e-02
5.040267705917358398e-01 5.511090755462646484e-01 -2.402750402688980103e-02
5.037525296211242676e-01 5.602350831031799316e-01 -2.594389580190181732e-02
5.031376481056213379e-01 5.712376236915588379e-01 -2.853592112660408020e-02
5.024680495262145996e-01 5.816652774810791016e-01 -2.706885710358619690e-02
4.971178174018859863e-01 6.004935503005981445e-01 -1.692715846002101898e-02
5.100383758544921875e-01 4.787223041057586670e-01 -5.541176721453666687e-02
4.995418488979339600e-01 4.778242111206054688e-01 -4.082082211971282959e-02
3.954628407955169678e-01 2.996777296066284180e-01 6.847646832466125488e-02
4.641411006450653076e-01 3.829147815704345703e-01 3.530059941112995148e-03
4.522770941257476807e-01 3.833366334438323975e-01 3.588976571336388588e-03
4.414090514183044434e-01 3.807520568370819092e-01 6.105372682213783264e-03
4.284809231758117676e-01 3.683036565780639648e-01 1.485281158238649368e-02
4.748638570308685303e-01 3.788903951644897461e-01 5.808353889733552933e-03
4.545226991176605225e-01 3.265984654426574707e-01 8.321718778461217880e-04
4.675472974777221680e-01 3.306694626808166504e-01 1.908895210362970829e-03
4.418965876102447510e-01 3.282371163368225098e-01 3.560421057045459747e-03
4.329555034637451172e-01 3.348770141601562500e-01 7.376363035291433334e-03
4.173261821269989014e-01 3.785359561443328857e-01 1.944039203226566315e-02
4.520820379257202148e-01 6.169804930686950684e-01 -7.607913576066493988e-03
4.305155277252197266e-01 3.567990958690643311e-01 1.755802892148494720e-02
3.828440308570861816e-01 3.702060282230377197e-01 6.815539300441741943e-02
4.055436551570892334e-01 3.639871478080749512e-01 3.084713034331798553e-02
4.536024332046508789e-01 4.516020119190216064e-01 -1.167812291532754898e-02
4.920929670333862305e-01 5.228061079978942871e-01 -3.539589047431945801e-02
4.932864606380462646e-01 5.373339056968688965e-01 -3.082866221666336060e-02
4.791184961795806885e-01 5.271174907684326172e-01 -3.001169115304946899e-02
4.706818163394927979e-01 5.326048731803894043e-01 -2.260068245232105255e-02
4.834990799427032471e-01 5.372877717018127441e-01 -2.718935906887054443e-02
4.759235382080078125e-01 5.387722849845886230e-01 -2.018577232956886292e-02
4.481769204139709473e-01 5.608850717544555664e-01 -6.852081976830959320e-03
5.020970106124877930e-01 4.678706228733062744e-01 -6.026461720466613770e-02
5.021129846572875977e-01 4.512390494346618652e-01 -6.307933479547500610e-02
4.194650650024414062e-01 3.168038129806518555e-01 1.135511975735425949e-02
4.799033701419830322e-01 4.127180874347686768e-01 -9.433037601411342621e-03
4.764586687088012695e-01 4.629656672477722168e-01 -3.418622910976409912e-02
4.758243262767791748e-01 4.543765187263488770e-01 -3.055577911436557770e-02
4.190512001514434814e-01 4.459432065486907959e-01 3.076089778915047646e-04
5.040647983551025391e-01 4.312363266944885254e-01 -5.554669722914695740e-02
4.492941200733184814e-01 2.983155250549316406e-01 -5.031058564782142639e-03
4.324718713760375977e-01 3.039111495018005371e-01 2.379300072789192200e-03
4.114906191825866699e-01 2.716049551963806152e-01 4.906900972127914429e-02
4.982907474040985107e-01 3.214090466499328613e-01 -1.214624196290969849e-02
4.781438410282135010e-01 3.404973447322845459e-01 5.560834892094135284e-03
4.419095218181610107e-01 5.426895618438720703e-01 -4.578839521855115891e-03
3.807859420776367188e-01 5.308465361595153809e-01 8.788331598043441772e-02
4.840207397937774658e-01 4.734743237495422363e-01 -2.970928139984607697e-02
4.920505881309509277e-01 4.793735146522521973e-01 -3.048925101757049561e-02
4.610264003276824951e-01 5.430249571800231934e-01 -5.429864861071109772e-03
4.640469551086425781e-01 5.429961681365966797e-01 -8.203879930078983307e-03
4.275259375572204590e-01 2.930570840835571289e-01 8.204833604395389557e-03
4.750984013080596924e-01 4.711956679821014404e-01 -2.838672325015068054e-02
4.706788659095764160e-01 3.023601770401000977e-01 -9.966025128960609436e-03
4.705734252929687500e-01 2.889252901077270508e-01 -1.144422125071287155e-02
4.628402888774871826e-01 2.396937757730484009e-01 1.132631953805685043e-02
4.194312691688537598e-01 2.868357002735137939e-01 2.606834471225738525e-02
4.674920439720153809e-01 2.689000964164733887e-01 -2.808403223752975464e-04
4.133319258689880371e-01 3.100384473800659180e-01 2.129304222762584686e-02
4.041272997856140137e-01 3.094108700752258301e-01 4.388963431119918823e-02
4.924597144126892090e-01 5.307821631431579590e-01 -3.445160761475563049e-02
4.813178777694702148e-01 5.326904058456420898e-01 -2.918950654566287994e-02
4.732589721679687500e-01 5.358814001083374023e-01 -2.235569246113300323e-02
4.862466752529144287e-01 4.771514236927032471e-01 -2.723928168416023254e-02
4.625890552997589111e-01 5.430796146392822266e-01 -6.858775857836008072e-03
4.669814407825469971e-01 5.470327138900756836e-01 -1.304062828421592712e-02
4.655891656875610352e-01 5.429298281669616699e-01 -8.408362977206707001e-03
4.899207651615142822e-01 4.671139121055603027e-01 -4.478425905108451843e-02
4.778356254100799561e-01 5.407323241233825684e-01 -1.837106235325336456e-02
4.851339459419250488e-01 5.402168035507202148e-01 -2.287101000547409058e-02
4.940303564071655273e-01 5.412881374359130859e-01 -2.619456313550472260e-02
4.818933010101318359e-01 5.972067713737487793e-01 -1.736393943428993225e-02
4.880280196666717529e-01 5.768433809280395508e-01 -2.721622772514820099e-02
4.896364510059356689e-01 5.669070482254028320e-01 -2.828783541917800903e-02
4.916184842586517334e-01 5.562170147895812988e-01 -2.544462308287620544e-02
4.936867356300354004e-01 5.481871962547302246e-01 -2.354436367750167847e-02
4.778536856174468994e-01 5.440943241119384766e-01 -1.633276417851448059e-02
4.748732447624206543e-01 5.476462841033935547e-01 -1.822880841791629791e-02
4.716010689735412598e-01 5.521728992462158203e-01 -2.026471868157386780e-02
4.687620401382446289e-01 5.571118593215942383e-01 -1.869800873100757599e-02
4.580177366733551025e-01 5.138180851936340332e-01 -1.867658458650112152e-02
3.730985820293426514e-01 4.442166686058044434e-01 1.083182990550994873e-01
5.091808438301086426e-01 4.831080436706542969e-01 -4.105385020375251770e-02
4.724196791648864746e-01 5.433620810508728027e-01 -1.154746487736701965e-02
4.697777330875396729e-01 5.451033711433410645e-01 -1.285778358578681946e-02
4.944781363010406494e-01 4.862610995769500732e-01 -3.149042278528213501e-02
4.776942133903503418e-01 4.819599390029907227e-01 -2.046039514243602753e-02
4.933404922485351562e-01 4.828809201717376709e-01 -3.117443248629570007e-02
4.669215083122253418e-01 4.210624098777770996e-01 -7.081040181219577789e-03
4.472821354866027832e-01 4.296097159385681152e-01 -5.442825146019458771e-03
4.730889797210693359e-01 4.622026681900024414e-01 -2.468468621373176575e-02
4.329874515533447266e-01 2.508102357387542725e-01 2.847373671829700470e-02
4.396124482154846191e-01 2.724989652633666992e-01 1.177204120904207230e-02
4.468486905097961426e-01 2.856322526931762695e-01 -2.366057829931378365e-03
4.562805891036987305e-01 5.745135545730590820e-01 -1.182653568685054779e-02
4.979290962219238281e-01 2.984767854213714600e-01 -1.527481339871883392e-02
4.951698184013366699e-01 2.722732424736022949e-01 -6.490137428045272827e-03
4.935078620910644531e-01 2.374174296855926514e-01 2.336875535547733307e-03
4.326759576797485352e-01 3.759188652038574219e-01 1.051378436386585236e-02
4.030309915542602539e-01 3.893769085407257080e-01 2.438403293490409851e-02
4.822499454021453857e-01 3.745352327823638916e-01 8.005942218005657196e-03
4.207068383693695068e-01 3.419097065925598145e-01 1.620662584900856018e-02
4.890169501304626465e-01 4.024712443351745605e-01 -1.238275691866874695e-02
4.837403297424316406e-01 4.561315774917602539e-01 -4.445957392454147339e-02
3.913117945194244385e-01 4.017391502857208252e-01 3.506742417812347412e-02
4.097983837127685547e-01 4.022803902626037598e-01 1.368479151278734207e-02
4.243701398372650146e-01 4.103730022907257080e-01 3.818202298134565353e-03
4.469035863876342773e-01 4.100754261016845703e-01 3.167135291732847691e-04
4.638055860996246338e-01 4.046888649463653564e-01 -8.038330124691128731e-04
4.772152602672576904e-01 3.978596627712249756e-01 -2.454525791108608246e-03
5.064918994903564453e-01 3.818387389183044434e-01 -2.114372141659259796e-02
3.908947110176086426e-01 4.372329413890838623e-01 2.974675409495830536e-02
4.117275178432464600e-01 3.385968804359436035e-01 2.144183218479156494e-02
5.045882463455200195e-01 4.773674607276916504e-01 -5.511714890599250793e-02
4.800087511539459229e-01 4.291034042835235596e-01 -1.520487014204263687e-02
3.770551383495330811e-01 3.694552481174468994e-01 1.045934110879898071e-01
4.879241883754730225e-01 3.896300494670867920e-01 -2.844607690349221230e-03
4.714088439941406250e-01 4.636656343936920166e-01 -1.368470955640077591e-02
4.255609810352325439e-01 3.565267026424407959e-01 1.927352882921695709e-02
4.836468994617462158e-01 4.458985626697540283e-01 -3.980110213160514832e-02
3.749533891677856445e-01 4.859357178211212158e-01 1.010634452104568481e-01
4.833965003490447998e-01 3.685721158981323242e-01 1.126124989241361618e-02
4.937317669391632080e-01 4.363881647586822510e-01 -4.975283518433570862e-02
4.050790965557098389e-01 5.739404559135437012e-01 3.014308772981166840e-02
4.018413424491882324e-01 5.944465398788452148e-01 4.845760017633438110e-02
3.770881593227386475e-01 4.410443305969238281e-01 6.915163993835449219e-02
3.928369879722595215e-01 5.491856336593627930e-01 4.355726018548011780e-02
3.930718898773193359e-01 3.374802768230438232e-01 5.940214917063713074e-02
4.474835693836212158e-01 6.341124773025512695e-01 -2.480256371200084686e-03
5.050086975097656250e-01 4.819048047065734863e-01 -4.050333797931671143e-02
4.686020314693450928e-01 4.405410885810852051e-01 -1.230384875088930130e-02
3.947484791278839111e-01 3.668120801448822021e-01 4.143951833248138428e-02
4.439260363578796387e-01 3.713944256305694580e-01 7.738899439573287964e-03
4.535111188888549805e-01 3.742893934249877930e-01 5.537403747439384460e-03
4.642367959022521973e-01 5.491604208946228027e-01 -1.152647845447063446e-02
3.909214437007904053e-01 4.715908467769622803e-01 3.137199208140373230e-02
4.665903747081756592e-01 6.610521674156188965e-01 1.403279136866331100e-03
4.319351613521575928e-01 6.345549821853637695e-01 2.140799537301063538e-02
4.176379740238189697e-01 6.181741356849670410e-01 3.314077109098434448e-02
5.258457660675048828e-01 2.777726650238037109e-01 -7.012409158051013947e-03
4.915349781513214111e-01 6.673455238342285156e-01 -2.010962052736431360e-04
4.635000824928283691e-01 3.740235269069671631e-01 5.836804863065481186e-03
4.733185768127441406e-01 3.716571927070617676e-01 8.073631674051284790e-03
4.798769056797027588e-01 3.701599538326263428e-01 1.085592806339263916e-02
4.035023152828216553e-01 3.356367051601409912e-01 3.272679075598716736e-02
4.741510450839996338e-01 3.550118803977966309e-01 7.011878769844770432e-03
4.643258452415466309e-01 3.488980531692504883e-01 4.757306538522243500e-03
4.543184638023376465e-01 3.467086553573608398e-01 4.625395871698856354e-03
4.441477358341217041e-01 3.479578197002410889e-01 6.577237043529748917e-03
4.375213980674743652e-01 3.512981832027435303e-01 9.603753685951232910e-03
3.844889402389526367e-01 3.307332098484039307e-01 8.923093974590301514e-02
4.378617405891418457e-01 3.672347068786621094e-01 1.100018434226512909e-02
5.067051649093627930e-01 5.021480321884155273e-01 -3.167936950922012329e-02
4.699362516403198242e-01 5.053142905235290527e-01 -2.339338138699531555e-02
4.843994379043579102e-01 4.701368212699890137e-01 -3.356264904141426086e-02
4.915691912174224854e-01 5.013933181762695312e-01 -3.173131868243217468e-02
5.190298557281494141e-01 3.584875762462615967e-01 -1.500129420310258865e-02
4.183310270309448242e-01 5.974845290184020996e-01 1.990239694714546204e-02
4.320937693119049072e-01 6.158610582351684570e-01 9.336563758552074432e-03
4.675482809543609619e-01 6.484706401824951172e-01 -1.233417633920907974e-02
3.902831077575683594e-01 5.675121545791625977e-01 6.858403235673904419e-02
4.807172715663909912e-01 3.631320595741271973e-01 9.541758336126804352e-03
4.971452653408050537e-01 4.068771004676818848e-01 -2.716332487761974335e-02
4.924258291721343994e-01 6.546989679336547852e-01 -1.373401470482349396e-02
4.477023482322692871e-01 6.493616104125976562e-01 9.100497700273990631e-03
3.784071207046508789e-01 4.792216420173645020e-01 6.533530354499816895e-02
4.849142432212829590e-01 5.456434488296508789e-01 -2.044598199427127838e-02
4.818845689296722412e-01 5.515303611755371094e-01 -2.250532433390617371e-02
4.789835214614868164e-01 5.591955780982971191e-01 -2.481466345489025116e-02
4.766478538513183594e-01 5.677793622016906738e-01 -2.372382394969463348e-02
4.672293961048126221e-01 5.872861146926879883e-01 -1.629666984081268311e-02
4.699779152870178223e-01 5.408585667610168457e-01 -1.382274832576513290e-02
4.672477841377258301e-01 5.394707918167114258e-01 -1.400076691061258316e-02
4.648696482181549072e-01 5.377051830291748047e-01 -1.405375730246305466e-02
4.483440518379211426e-01 5.266426801681518555e-01 -1.188664138317108154e-02
4.072352051734924316e-01 4.817406237125396729e-01 9.679637849330902100e-03
4.979833662509918213e-01 3.908522427082061768e-01 -1.585298590362071991e-02
4.939521253108978271e-01 3.553831279277801514e-01 4.745292011648416519e-03
4.863403141498565674e-01 3.568031489849090576e-01 8.232207968831062317e-03
4.722618162631988525e-01 5.419130325317382812e-01 -1.282029692083597183e-02
4.018706679344177246e-01 5.238240957260131836e-01 2.430273406207561493e-02
5.046989321708679199e-01 3.555375039577484131e-01 -8.735266514122486115e-03
4.593418836593627930e-01 6.013250350952148438e-01 -1.104101166129112244e-02
5.155605673789978027e-01 4.131152033805847168e-01 -4.668376222252845764e-02
5.059364438056945801e-01 3.989307880401611328e-01 -3.334452956914901733e-02
5.165364146232604980e-01 3.968241214752197266e-01 -3.513695299625396729e-02
4.872539937496185303e-01 4.323029518127441406e-01 -2.899218536913394928e-02
4.940183460712432861e-01 6.372153162956237793e-01 -1.853345520794391632e-02
4.956866204738616943e-01 6.173378825187683105e-01 -1.726536266505718231e-02
4.767748713493347168e-01 6.131312251091003418e-01 -1.611679419875144958e-02
4.362288117408752441e-01 5.660504102706909180e-01 -1.022913376800715923e-03
4.602228105068206787e-01 4.757674634456634521e-01 -1.212905254215002060e-02
4.459490180015563965e-01 5.858958959579467773e-01 -5.809368565678596497e-03
4.342244565486907959e-01 4.692169725894927979e-01 -9.296077303588390350e-03
4.482260942459106445e-01 4.908756017684936523e-01 -1.191932428628206253e-02
4.224674999713897705e-01 4.958454966545104980e-01 -2.298818435519933701e-03
4.711701571941375732e-01 6.316094398498535156e-01 -1.674340106546878815e-02
4.795064330101013184e-01 4.419534206390380859e-01 -2.203821577131748199e-02
4.246981441974639893e-01 5.781617164611816406e-01 8.332270197570323944e-03
4.378014504909515381e-01 5.986267328262329102e-01 1.636259607039391994e-03
4.299558401107788086e-01 5.430264472961425781e-01 -2.028202652581967413e-05
3.919640183448791504e-01 5.014188885688781738e-01 3.407278284430503845e-02
4.147864580154418945e-01 5.444899797439575195e-01 1.007934659719467163e-02
3.827022910118103027e-01 5.153036117553710938e-01 5.872774496674537659e-02
4.377468824386596680e-01 5.120391845703125000e-01 -8.022514171898365021e-03
4.888016879558563232e-01 4.177181124687194824e-01 -2.070973999798297882e-02
4.868453443050384521e-01 4.638007581233978271e-01 -4.692940413951873779e-02
4.797137677669525146e-01 4.685764610767364502e-01 -3.537221252918243408e-02
4.923788905143737793e-01 4.526055455207824707e-01 -5.418730899691581726e-02
4.867602288722991943e-01 3.357049524784088135e-01 1.392568927258253098e-03
4.690109789371490479e-01 3.205418586730957031e-01 -1.132780336774885654e-03
4.526359140872955322e-01 3.162444829940795898e-01 -1.423951820470392704e-03
4.383164048194885254e-01 3.189114928245544434e-01 1.930063124746084213e-03
4.274961948394775391e-01 3.269816935062408447e-01 7.848564535379409790e-03
4.168468117713928223e-01 3.601182401180267334e-01 2.334516309201717377e-02
3.780351877212524414e-01 4.048451781272888184e-01 6.890497356653213501e-02
4.226701259613037109e-01 3.866574764251708984e-01 1.350337732583284378e-02
4.337975084781646729e-01 3.933176100254058838e-01 7.262130733579397202e-03
4.491111636161804199e-01 3.952780961990356445e-01 3.472812008112668991e-03
4.642711281776428223e-01 3.929002881050109863e-01 2.366158878430724144e-03
4.765883088111877441e-01 3.880093097686767578e-01 3.325253725051879883e-03
4.854832887649536133e-01 3.831555247306823730e-01 3.424125956371426582e-03
3.742107152938842773e-01 4.064198732376098633e-01 1.102375760674476624e-01
4.792644381523132324e-01 4.738219678401947021e-01 -2.998045645654201508e-02
4.962796866893768311e-01 4.213124513626098633e-01 -3.694386407732963562e-02
4.944119751453399658e-01 4.649375081062316895e-01 -5.522827804088592529e-02
4.992226958274841309e-01 4.744138121604919434e-01 -5.073267221450805664e-02
4.940996170043945312e-01 4.681417644023895264e-01 -4.990277439355850220e-02
4.816641211509704590e-01 4.795564711093902588e-01 -2.619277685880661011e-02
5.012269020080566406e-01 4.759755432605743408e-01 -5.366615578532218933e-02
5.016629099845886230e-01 4.805253148078918457e-01 -4.063061252236366272e-02
4.874706864356994629e-01 3.691161870956420898e-01 9.885907173156738281e-03
4.932059645652770996e-01 3.741541504859924316e-01 3.337165107950568199e-03
4.968307316303253174e-01 3.770088255405426025e-01 -4.435498267412185669e-03
4.336770176887512207e-01 3.541153073310852051e-01 1.300593558698892593e-02
4.268855452537536621e-01 3.436782956123352051e-01 1.318833045661449432e-02
5.246114730834960938e-01 4.171232879161834717e-01 -4.221975058317184448e-02
5.942987799644470215e-01 3.840392827987670898e-01 2.434578724205493927e-02
5.190806984901428223e-01 4.808273315429687500e-01 -3.967715427279472351e-02
6.337041258811950684e-01 3.356590867042541504e-01 8.487822860479354858e-02
5.619303584098815918e-01 3.943099379539489746e-01 1.030866801738739014e-02
5.725507140159606934e-01 3.975433707237243652e-01 1.174272131174802780e-02
5.828670859336853027e-01 3.990085721015930176e-01 1.547566521912813187e-02
5.978395938873291016e-01 3.910761177539825439e-01 2.581001445651054382e-02
5.531393289566040039e-01 3.893592953681945801e-01 1.116899121552705765e-02
5.832247734069824219e-01 3.451376855373382568e-01 9.360175579786300659e-03
5.700712800025939941e-01 3.463355302810668945e-01 8.659572340548038483e-03
5.948675274848937988e-01 3.496262431144714355e-01 1.336405426263809204e-02
6.016955971717834473e-01 3.583487272262573242e-01 1.794637367129325867e-02
6.048104763031005859e-01 4.045255482196807861e-01 3.124218806624412537e-02
5.374038815498352051e-01 6.278038024902343750e-01 -2.764890203252434731e-03
5.988186597824096680e-01 3.791669309139251709e-01 2.839722856879234314e-02
6.365076303482055664e-01 4.068798422813415527e-01 8.379425853490829468e-02
6.178773641586303711e-01 3.931834101676940918e-01 4.404398053884506226e-02
5.645633339881896973e-01 4.683915078639984131e-01 -4.513335879892110825e-03
5.180394649505615234e-01 5.266782641410827637e-01 -3.352542221546173096e-02
5.153716206550598145e-01 5.407763123512268066e-01 -2.908368594944477081e-02
5.299841165542602539e-01 5.345200896263122559e-01 -2.617297880351543427e-02
5.371793508529663086e-01 5.423593521118164062e-01 -1.737854257225990295e-02
5.245754122734069824e-01 5.434058308601379395e-01 -2.384470216929912567e-02
5.314427018165588379e-01 5.469528436660766602e-01 -1.571922749280929565e-02
5.492622852325439453e-01 5.756021738052368164e-01 -3.385855234228074551e-04
5.202108621597290039e-01 4.705556631088256836e-01 -5.929039046168327332e-02
5.234343409538269043e-01 4.543660283088684082e-01 -6.194487959146499634e-02
6.169861555099487305e-01 3.441380858421325684e-01 2.382794395089149475e-02
5.458604693412780762e-01 4.225575923919677734e-01 -4.742847755551338196e-03
5.434188842773437500e-01 4.731301367282867432e-01 -2.983636222779750824e-02
5.450971126556396484e-01 4.647891223430633545e-01 -2.608431875705718994e-02
5.972135066986083984e-01 4.726112484931945801e-01 1.176673267036676407e-02
5.242643356323242188e-01 4.341748058795928955e-01 -5.406176671385765076e-02
5.947072505950927734e-01 3.214680552482604980e-01 3.915963694453239441e-03
6.085922718048095703e-01 3.291985988616943359e-01 1.340461336076259613e-02
6.261214017868041992e-01 3.044941425323486328e-01 6.370311230421066284e-02
5.451157093048095703e-01 3.349810838699340820e-01 -9.028577245771884918e-03
5.582903623580932617e-01 3.537110984325408936e-01 1.105676963925361633e-02
5.585821270942687988e-01 5.602910518646240234e-01 3.432056400924921036e-03
6.128319501876831055e-01 5.640323162078857422e-01 1.036209762096405029e-01
5.337609648704528809e-01 4.811905920505523682e-01 -2.664994262158870697e-02
5.251188874244689941e-01 4.845380485057830811e-01 -2.892463840544223785e-02
5.449111461639404297e-01 5.558395385742187500e-01 1.451175427064299583e-03
5.420312881469726562e-01 5.548137426376342773e-01 -2.086327644065022469e-03
6.150474548339843750e-01 3.192504644393920898e-01 1.974966004490852356e-02
5.425913929939270020e-01 4.814471006393432617e-01 -2.413202077150344849e-02
5.744248628616333008e-01 3.224194049835205078e-01 -3.834058996289968491e-03
5.775846242904663086e-01 3.094007074832916260e-01 -5.202560219913721085e-03
5.889773964881896973e-01 2.596237659454345703e-01 1.984645985066890717e-02
6.193656325340270996e-01 3.162124752998352051e-01 3.857131674885749817e-02
5.815378427505493164e-01 2.862285375595092773e-01 6.750897504389286041e-03
6.235916018486022949e-01 3.384861946105957031e-01 3.442738205194473267e-02
6.277438998222351074e-01 3.419645428657531738e-01 5.795907229185104370e-02
5.170142054557800293e-01 5.345230102539062500e-01 -3.256663680076599121e-02
5.272931456565856934e-01 5.395013093948364258e-01 -2.559709362685680389e-02
5.344603061676025391e-01 5.448643565177917480e-01 -1.757817342877388000e-02
5.307658314704895020e-01 4.840614497661590576e-01 -2.463264204561710358e-02
5.434179306030273438e-01 5.554086565971374512e-01 -4.861910711042582989e-04
5.395483374595642090e-01 5.588818192481994629e-01 -7.650274317711591721e-03
5.404942035675048828e-01 5.541942119598388672e-01 -2.477570436894893646e-03
5.303216576576232910e-01 4.734048545360565186e-01 -4.179948568344116211e-02
5.291533470153808594e-01 5.481367111206054688e-01 -1.414343435317277908e-02
5.224454998970031738e-01 5.457770824432373047e-01 -1.970538683235645294e-02
5.140629410743713379e-01 5.444296598434448242e-01 -2.440294250845909119e-02
5.122995972633361816e-01 6.014111042022705078e-01 -1.568545028567314148e-02
5.165686011314392090e-01 5.824044346809387207e-01 -2.541459910571575165e-02
5.162615776062011719e-01 5.718201398849487305e-01 -2.640044689178466797e-02
5.153482556343078613e-01 5.604910254478454590e-01 -2.357478439807891846e-02
5.139487385749816895e-01 5.517957210540771484e-01 -2.175069972872734070e-02
5.289894342422485352e-01 5.523864626884460449e-01 -1.210242602974176407e-02
5.318929553031921387e-01 5.573310256004333496e-01 -1.401633303612470627e-02
5.348824858665466309e-01 5.633704066276550293e-01 -1.585299707949161530e-02
5.373215675354003906e-01 5.696064829826354980e-01 -1.403469685465097427e-02
5.495606064796447754e-01 5.278257727622985840e-01 -1.270999014377593994e-02
6.301469206809997559e-01 4.818617701530456543e-01 1.255637556314468384e-01
5.339699387550354004e-01 5.529257059097290039e-01 -6.319911684840917587e-03
5.367867946624755859e-01 5.558681488037109375e-01 -7.670951541513204575e-03
5.217266678810119629e-01 4.904582798480987549e-01 -2.988047897815704346e-02
5.376802682876586914e-01 4.911531209945678711e-01 -1.704007573425769806e-02
5.233510732650756836e-01 4.875979125499725342e-01 -2.963221631944179535e-02
5.564090013504028320e-01 4.344537854194641113e-01 -8.457109797745943069e-04
5.736412405967712402e-01 4.485851228237152100e-01 2.805078169330954552e-03
5.458724498748779297e-01 4.732083380222320557e-01 -2.004640363156795502e-02
6.125203371047973633e-01 2.787076830863952637e-01 4.046623781323432922e-02
6.050685644149780273e-01 2.971246838569641113e-01 2.190582640469074249e-02
5.996073484420776367e-01 3.091776371002197266e-01 6.937822792679071426e-03
5.398306846618652344e-01 5.862369537353515625e-01 -6.437833420932292938e-03
5.509340167045593262e-01 3.136648833751678467e-01 -1.205663196742534637e-02
5.557694435119628906e-01 2.816576957702636719e-01 -2.774549415335059166e-03
5.618869066238403320e-01 2.484520524740219116e-01 6.734279915690422058e-03
5.920670032501220703e-01 3.971867561340332031e-01 2.085679396986961365e-02
6.149198412895202637e-01 4.187451303005218506e-01 3.740979731082916260e-02
5.473344922065734863e-01 3.846842348575592041e-01 1.276999618858098984e-02
6.104734539985656738e-01 3.682092428207397461e-01 2.820775471627712250e-02
5.394002795219421387e-01 4.099504649639129639e-01 -8.665342815220355988e-03
5.384204387664794922e-01 4.645127952098846436e-01 -4.090421274304389954e-02
6.272441744804382324e-01 4.361351430416107178e-01 4.969188570976257324e-02
6.062623858451843262e-01 4.300127327442169189e-01 2.609362825751304626e-02
5.916678905487060547e-01 4.344297051429748535e-01 1.453123614192008972e-02
5.712795257568359375e-01 4.278705418109893799e-01 8.612501434981822968e-03
5.569082498550415039e-01 4.181358516216278076e-01 5.590507294982671738e-03
5.464240312576293945e-01 4.088188409805297852e-01 2.355735050514340401e-03
5.275786519050598145e-01 3.849940299987792969e-01 -1.959704607725143433e-02
6.230449080467224121e-01 4.713163375854492188e-01 4.440797120332717896e-02
6.183702349662780762e-01 3.673302233219146729e-01 3.445017337799072266e-02
5.154194235801696777e-01 4.789771735668182373e-01 -5.433554202318191528e-02
5.436524152755737305e-01 4.386788308620452881e-01 -1.062783598899841309e-02
6.373816728591918945e-01 4.078502357006072998e-01 1.225944533944129944e-01
5.387930274009704590e-01 3.989115655422210693e-01 9.046315099112689495e-04
5.463997125625610352e-01 4.750026464462280273e-01 -8.911486715078353882e-03
6.032925844192504883e-01 3.804811835289001465e-01 3.068458102643489838e-02
5.397417545318603516e-01 4.543660283088684082e-01 -3.615623340010643005e-02
6.235129833221435547e-01 5.219612717628479004e-01 1.175849363207817078e-01
5.481079220771789551e-01 3.786961138248443604e-01 1.617939770221710205e-02
5.325914025306701660e-01 4.421615004539489746e-01 -4.712287709116935730e-02
5.879668593406677246e-01 5.987832546234130859e-01 4.109364375472068787e-02
5.864199399948120117e-01 6.188138127326965332e-01 6.063915416598320007e-02
6.322795152664184570e-01 4.777151644229888916e-01 8.480721712112426758e-02
6.028591394424438477e-01 5.786142349243164062e-01 5.635652318596839905e-02
6.323911547660827637e-01 3.723041415214538574e-01 7.438346743583679199e-02
5.388339757919311523e-01 6.451224088668823242e-01 2.750279149040579796e-03
5.133808851242065430e-01 4.832130670547485352e-01 -4.003116860985755920e-02
5.521724820137023926e-01 4.531830549240112305e-01 -6.714994553476572037e-03
6.262079477310180664e-01 3.981073498725891113e-01 5.578102543950080872e-02
5.831484794616699219e-01 3.882308006286621094e-01 1.693004742264747620e-02
5.739853382110595703e-01 3.877395987510681152e-01 1.363888848572969437e-02
5.421123504638671875e-01 5.619926452636718750e-01 -5.815839860588312149e-03
6.177062988281250000e-01 5.049404501914978027e-01 4.568404331803321838e-02
5.165349245071411133e-01 6.666377782821655273e-01 4.598374944180250168e-03
5.529034733772277832e-01 6.487727761268615723e-01 2.927551046013832092e-02
5.687272548675537109e-01 6.368440985679626465e-01 4.308712109923362732e-02
5.650258064270019531e-01 3.852305412292480469e-01 1.270744204521179199e-02
5.565598011016845703e-01 3.819301426410675049e-01 1.392204128205776215e-02
5.508458614349365234e-01 3.803079426288604736e-01 1.609790697693824768e-02
6.257166266441345215e-01 3.654857873916625977e-01 4.664451628923416138e-02
5.598745942115783691e-01 3.682900071144104004e-01 1.306850463151931763e-02
5.699868202209472656e-01 3.638333678245544434e-01 1.189010031521320343e-02
5.796811580657958984e-01 3.634680211544036865e-01 1.291366852819919586e-02
5.888006687164306641e-01 3.669385015964508057e-01 1.595144532620906830e-02
5.940004587173461914e-01 3.719702959060668945e-01 1.967568881809711456e-02
6.373413801193237305e-01 3.683555424213409424e-01 1.066773831844329834e-01
5.896414518356323242e-01 3.866903185844421387e-01 2.089061215519905090e-02
5.406956076622009277e-01 5.161126255989074707e-01 -1.879582740366458893e-02
5.342852473258972168e-01 4.779503941535949707e-01 -3.047541715204715729e-02
5.214869379997253418e-01 5.060362815856933594e-01 -2.982774190604686737e-02
5.717096328735351562e-01 6.173968315124511719e-01 2.878697216510772705e-02
5.560752749443054199e-01 6.313152909278869629e-01 1.630115881562232971e-02
5.176002383232116699e-01 6.544916629791259766e-01 -9.505487047135829926e-03
6.000993251800537109e-01 5.965479016304016113e-01 8.274974673986434937e-02
5.519280433654785156e-01 3.746354281902313232e-01 1.494429726153612137e-02
5.325661301612854004e-01 4.121571779251098633e-01 -2.463805116713047028e-02
5.361093282699584961e-01 6.592850685119628906e-01 1.488697994500398636e-02
6.256955862045288086e-01 5.147289633750915527e-01 8.051846921443939209e-02
5.223097205162048340e-01 5.520039796829223633e-01 -1.722439751029014587e-02
5.249427556991577148e-01 5.592498779296875000e-01 -1.919785328209400177e-02
5.271841883659362793e-01 5.682386755943298340e-01 -2.135477028787136078e-02
5.286881923675537109e-01 5.780038237571716309e-01 -2.014835551381111145e-02
5.276728868484497070e-01 5.954902172088623047e-01 -1.234866399317979813e-02
5.367438793182373047e-01 5.506445765495300293e-01 -8.471774868667125702e-03
5.395239591598510742e-01 5.501995682716369629e-01 -8.109211921691894531e-03
5.420800447463989258e-01 5.491428971290588379e-01 -7.835653610527515411e-03
5.557494759559631348e-01 5.430904626846313477e-01 -4.440451506525278091e-03
6.019915938377380371e-01 5.107704401016235352e-01 2.193349413573741913e-02
5.334054231643676758e-01 3.961908817291259766e-01 -1.330195087939500809e-02
5.413144230842590332e-01 3.648620247840881348e-01 8.015912026166915894e-03
5.475957393646240234e-01 3.674969673156738281e-01 1.294120680540800095e-02
5.342525839805603027e-01 5.508227944374084473e-01 -7.526583969593048096e-03
5.994315147399902344e-01 5.525349974632263184e-01 3.657954186201095581e-02
5.314463973045349121e-01 3.633491694927215576e-01 -6.653073243796825409e-03
5.330376029014587402e-01 6.109563708305358887e-01 -6.749359425157308578e-03
5.262196063995361328e-01 4.018807113170623779e-01 -3.200886398553848267e-02
5.375549197196960449e-01 4.399553239345550537e-01 -2.565248124301433563e-02
5.147330164909362793e-01 6.180247068405151367e-01 -1.412636600434780121e-02
5.601481199264526367e-01 5.834265947341918945e-01 6.557249929755926132e-03
5.543182492256164551e-01 4.898893535137176514e-01 -6.257405038923025131e-03
5.478464961051940918e-01 5.995757579803466797e-01 1.071688602678477764e-04
5.797150135040283203e-01 4.911822974681854248e-01 -1.408938987879082561e-04
5.627585649490356445e-01 5.081885457038879395e-01 -4.592737648636102676e-03
5.857070684432983398e-01 5.202922224998474121e-01 8.052757941186428070e-03
5.170909166336059570e-01 6.374416351318359375e-01 -1.414343994110822678e-02
5.426023602485656738e-01 4.514491856098175049e-01 -1.787143945693969727e-02
5.691586732864379883e-01 5.976285934448242188e-01 1.685483008623123169e-02
5.537363886833190918e-01 6.137070059776306152e-01 8.176960982382297516e-03
5.702196955680847168e-01 5.635624527931213379e-01 9.143628180027008057e-03
6.118332147598266602e-01 5.335330367088317871e-01 4.776225239038467407e-02
5.842922329902648926e-01 5.686836242675781250e-01 2.052495256066322327e-02
6.167353391647338867e-01 5.487344264984130859e-01 7.330396026372909546e-02
5.685332417488098145e-01 5.318738222122192383e-01 5.217941361479461193e-04
5.378454923629760742e-01 4.251383841037750244e-01 -1.707974262535572052e-02
5.340789556503295898e-01 4.710925817489624023e-01 -4.370915144681930542e-02
5.392463803291320801e-01 4.777646064758300781e-01 -3.169013187289237976e-02
5.316574573516845703e-01 4.585372507572174072e-01 -5.178695917129516602e-02
5.520898103713989258e-01 3.486973047256469727e-01 5.868361797183752060e-03
5.714827179908752441e-01 3.377438187599182129e-01 5.329798907041549683e-03
5.877901911735534668e-01 3.367881774902343750e-01 7.064539473503828049e-03
6.002818346023559570e-01 3.424401283264160156e-01 1.216795388609170914e-02
6.080694794654846191e-01 3.524551391601562500e-01 1.926311478018760681e-02
6.094094514846801758e-01 3.866946995258331299e-01 3.546075895428657532e-02
6.360999345779418945e-01 4.420056641101837158e-01 8.501151204109191895e-02
5.982725620269775391e-01 4.110974371433258057e-01 2.472776919603347778e-02
5.865841507911682129e-01 4.146287441253662109e-01 1.711109280586242676e-02
5.723013281822204590e-01 4.116255044937133789e-01 1.166429091244935989e-02
5.591797232627868652e-01 4.052961170673370361e-01 8.926750160753726959e-03
5.492143630981445312e-01 3.985135555267333984e-01 8.298208005726337433e-03
5.424067974090576172e-01 3.923123478889465332e-01 7.480902597308158875e-03
6.340816020965576172e-01 4.446084797382354736e-01 1.281633079051971436e-01
5.382186174392700195e-01 4.828219115734100342e-01 -2.636085264384746552e-02
5.317887067794799805e-01 4.266036748886108398e-01 -3.433414548635482788e-02
5.274074673652648926e-01 4.698705971240997314e-01 -5.317780748009681702e-02
5.204833149909973145e-01 4.776421487331390381e-01 -4.953329637646675110e-02
5.264748334884643555e-01 4.731760919094085693e-01 -4.780005663633346558e-02
5.346479415893554688e-01 4.876174926757812500e-01 -2.312913909554481506e-02
5.186758637428283691e-01 4.785922765731811523e-01 -5.268903076648712158e-02
5.166510343551635742e-01 4.827872812747955322e-01 -3.983222693204879761e-02
5.439592599868774414e-01 3.788636028766632080e-01 1.404463779181241989e-02
5.376530885696411133e-01 3.824065327644348145e-01 6.576630752533674240e-03
5.336723327636718750e-01 3.851604163646697998e-01 -1.791324815712869167e-03
5.967807173728942871e-01 3.758571445941925049e-01 2.348428778350353241e-02
6.050535440444946289e-01 3.681707978248596191e-01 2.432752773165702820e-02
4.538884460926055908e-01 3.588792085647583008e-01 9.184748865664005280e-03
4.655521214008331299e-01 3.601065278053283691e-01 9.184748865664005280e-03
4.551257789134979248e-01 3.439248800277709961e-01 9.184748865664005280e-03
4.420509934425354004e-01 3.576169013977050781e-01 9.184748865664005280e-03
4.525529742240905762e-01 3.736675381660461426e-01 9.184748865664005280e-03
5.769272446632385254e-01 3.762223422527313232e-01 1.718983426690101624e-02
5.879926681518554688e-01 3.779699206352233887e-01 1.718983426690101624e-02
5.783113241195678711e-01 3.613611161708831787e-01 1.718983426690101624e-02
5.658390522003173828e-01 3.744029700756072998e-01 1.718983426690101624e-02
5.755780935287475586e-01 3.911209106445312500e-01 1.718983426690101624e-02
