5.139499306678771973e-01 5.442798733711242676e-01 -3.382159024477005005e-02
5.204589366912841797e-01 4.915698170661926270e-01 -6.152375042438507080e-02
5.170772671699523926e-01 5.086518526077270508e-01 -3.291824460029602051e-02
5.139763355255126953e-01 4.350015521049499512e-01 -4.643029719591140747e-02
5.221877098083496094e-01 4.745341241359710693e-01 -6.517744809389114380e-02
5.234450101852416992e-01 4.523212611675262451e-01 -6.027303263545036316e-02
5.256099700927734375e-01 3.984693288803100586e-01 -2.827824279665946960e-02
4.399467110633850098e-01 3.822246789932250977e-01 8.726829662919044495e-03
5.283936858177185059e-01 3.546186685562133789e-01 -1.957280188798904419e-02
5.301896333694458008e-01 3.324438333511352539e-01 -2.121448330581188202e-02
5.349738597869873047e-01 2.596353888511657715e-01 -7.681653369218111038e-03
5.136284232139587402e-01 5.481661558151245117e-01 -3.245547786355018616e-02
5.131363272666931152e-01 5.518317818641662598e-01 -2.879265509545803070e-02
5.127176642417907715e-01 5.541960000991821289e-01 -2.340305037796497345e-02
5.103029012680053711e-01 5.907992124557495117e-01 -2.017898857593536377e-02
5.101225376129150391e-01 5.969807505607604980e-01 -2.166654355823993683e-02
5.095335841178894043e-01 6.044650673866271973e-01 -2.392567694187164307e-02
5.088096261024475098e-01 6.118391752243041992e-01 -2.186257950961589813e-02
5.046542882919311523e-01 6.222800016403198242e-01 -1.082244329154491425e-02
5.190412402153015137e-01 5.002803206443786621e-01 -5.577965453267097473e-02
5.074304938316345215e-01 4.986201822757720947e-01 -4.100615903735160828e-02
3.980603814125061035e-01 3.149697184562683105e-01 6.020855531096458435e-02
4.698968231678009033e-01 4.005856812000274658e-01 -5.877094226889312267e-04
4.581068754196166992e-01 4.007547497749328613e-01 -7.613694760948419571e-04
4.471441805362701416e-01 3.981828093528747559e-01 1.509793917648494244e-03
4.334697723388671875e-01 3.873680233955383301e-01 9.814864955842494965e-03
4.806637465953826904e-01 3.969273269176483154e-01 1.796154188923537731e-03
4.599970579147338867e-01 3.476192951202392578e-01 -5.039547570049762726e-03
4.727748334407806396e-01 3.518583178520202637e-01 -3.657776629552245140e-03
4.471919536590576172e-01 3.485614061355590820e-01 -2.396578667685389519e-03
4.380292296409606934e-01 3.546048104763031006e-01 1.505128690041601658e-03
4.216302037239074707e-01 3.965844810009002686e-01 1.461713295429944992e-02
4.577005207538604736e-01 6.362494826316833496e-01 -8.129135239869356155e-04
4.361057877540588379e-01 3.776067197322845459e-01 1.212069764733314514e-02
3.864751756191253662e-01 3.844780325889587402e-01 6.267366558313369751e-02
4.091103971004486084e-01 3.827746510505676270e-01 2.539811097085475922e-02
4.598174989223480225e-01 4.698286950588226318e-01 -1.287139486521482468e-02
4.985429942607879639e-01 5.403466224670410156e-01 -3.348788991570472717e-02
4.991645514965057373e-01 5.499958992004394531e-01 -2.824949473142623901e-02
4.827498495578765869e-01 5.444121956825256348e-01 -2.807198278605937958e-02
4.721982181072235107e-01 5.500931143760681152e-01 -2.031423151493072510e-02
4.869765937328338623e-01 5.510623455047607422e-01 -2.468704618513584137e-02
4.775247275829315186e-01 5.540121197700500488e-01 -1.746060326695442200e-02
4.536426067352294922e-01 5.798370242118835449e-01 -2.754552522674202919e-03
5.108039379119873047e-01 4.897518157958984375e-01 -6.114393100142478943e-02
5.107803344726562500e-01 4.732361435890197754e-01 -6.457372754812240601e-02
4.228984713554382324e-01 3.332118690013885498e-01 4.228422418236732483e-03
4.864613115787506104e-01 4.306642711162567139e-01 -1.208704430609941483e-02
4.828135669231414795e-01 4.827884435653686523e-01 -3.530954569578170776e-02
4.821427762508392334e-01 4.738449454307556152e-01 -3.190694376826286316e-02
4.246283769607543945e-01 4.630689322948455811e-01 -1.705434173345565796e-03
5.125691890716552734e-01 4.526821970939636230e-01 -5.771635100245475769e-02
4.539303183555603027e-01 3.135290741920471191e-01 -1.222783979028463364e-02
4.364889264106750488e-01 3.196597397327423096e-01 -4.967618267983198166e-03
4.141006767749786377e-01 2.878512442111968994e-01 3.958193585276603699e-02
5.042302012443542480e-01 3.368855714797973633e-01 -1.808979548513889313e-02
4.832513332366943359e-01 3.611704111099243164e-01 4.368297813925892115e-04
4.472692012786865234e-01 5.613369941711425781e-01 -1.357902190648019314e-03
3.846059739589691162e-01 5.430657863616943359e-01 9.126341342926025391e-02
4.905629158020019531e-01 4.933352768421173096e-01 -3.025032766163349152e-02
4.990971982479095459e-01 4.994700849056243896e-01 -3.046140447258949280e-02
4.605111777782440186e-01 5.645851492881774902e-01 -2.152255969122052193e-03
4.639818966388702393e-01 5.645993351936340332e-01 -4.880782682448625565e-03
4.309319853782653809e-01 3.087379634380340576e-01 2.600955776870250702e-04
4.811339080333709717e-01 4.905597567558288574e-01 -2.910913527011871338e-02
4.758816957473754883e-01 3.172940909862518311e-01 -1.674483530223369598e-02
4.755717813968658447e-01 3.037358224391937256e-01 -1.888737455010414124e-02
4.669015407562255859e-01 2.572622895240783691e-01 9.061354794539511204e-04
4.227672219276428223e-01 3.035125434398651123e-01 1.726613566279411316e-02
4.719352424144744873e-01 2.867581248283386230e-01 -9.339917451143264771e-03
4.161958694458007812e-01 3.269395232200622559e-01 1.366646401584148407e-02
4.075821936130523682e-01 3.253235816955566406e-01 3.570906817913055420e-02
4.985131621360778809e-01 5.455881953239440918e-01 -3.221225738525390625e-02
4.847292006015777588e-01 5.481452941894531250e-01 -2.691899612545967102e-02
4.747239053249359131e-01 5.522914528846740723e-01 -1.983251422643661499e-02
4.927640557289123535e-01 4.969331324100494385e-01 -2.753505483269691467e-02
4.622581899166107178e-01 5.646597743034362793e-01 -3.572205081582069397e-03
4.663876891136169434e-01 5.736404061317443848e-01 -9.297327138483524323e-03
4.655355811119079590e-01 5.644901394844055176e-01 -5.077359266579151154e-03
4.973042011260986328e-01 4.878347814083099365e-01 -4.583065584301948547e-02
4.798818230628967285e-01 5.548417568206787109e-01 -1.541302446275949478e-02
4.889515340328216553e-01 5.526264905929565430e-01 -2.000690810382366180e-02
4.999849796295166016e-01 5.524645447731018066e-01 -2.323818020522594452e-02
4.885789155960083008e-01 6.187611222267150879e-01 -1.155949197709560394e-02
4.921425282955169678e-01 6.072032451629638672e-01 -2.244497835636138916e-02
4.937483072280883789e-01 6.002273559570312500e-01 -2.404486574232578278e-02
4.955926537513732910e-01 5.930051207542419434e-01 -2.154988795518875122e-02
4.974026083946228027e-01 5.876451134681701660e-01 -2.004767768085002899e-02
4.784870743751525879e-01 5.775617361068725586e-01 -1.294586248695850372e-02
4.756601154804229736e-01 5.793930888175964355e-01 -1.453167386353015900e-02
4.721616506576538086e-01 5.822678208351135254e-01 -1.628631725907325745e-02
4.692431688308715820e-01 5.855870842933654785e-01 -1.449932809919118881e-02
4.643266797065734863e-01 5.331043601036071777e-01 -1.714393310248851776e-02
3.766825497150421143e-01 4.565730094909667969e-01 1.076103523373603821e-01
5.180311203002929688e-01 5.041580796241760254e-01 -4.086543619632720947e-02
4.724145233631134033e-01 5.721816420555114746e-01 -8.150729350745677948e-03
4.693823456764221191e-01 5.727198123931884766e-01 -9.252172894775867462e-03
5.020335912704467773e-01 5.064916610717773438e-01 -3.101137652993202209e-02
4.836997985839843750e-01 5.011769533157348633e-01 -2.041635103523731232e-02
5.006371736526489258e-01 5.030550360679626465e-01 -3.096979483962059021e-02
4.732758104801177979e-01 4.387432038784027100e-01 -9.480054490268230438e-03
4.533903300762176514e-01 4.472533166408538818e-01 -7.797320373356342316e-03
4.791633784770965576e-01 4.813208281993865967e-01 -2.567179314792156219e-02
4.360348880290985107e-01 2.676789760589599609e-01 1.834042370319366455e-02
4.432256817817687988e-01 2.896810770034790039e-01 2.680371748283505440e-03
4.510773122310638428e-01 3.009983897209167480e-01 -1.024722680449485779e-02
4.620140194892883301e-01 5.941963791847229004e-01 -7.083245553076267242e-03
5.035854578018188477e-01 3.134060204029083252e-01 -2.215393260121345520e-02
5.006610751152038574e-01 2.907041311264038086e-01 -1.513518858700990677e-02
4.987319111824035645e-01 2.554296255111694336e-01 -7.850664667785167694e-03
4.382035732269287109e-01 3.937625885009765625e-01 5.675319582223892212e-03
4.071855545043945312e-01 4.064924120903015137e-01 1.982549577951431274e-02
4.880681633949279785e-01 3.925880193710327148e-01 3.923735581338405609e-03
4.246532320976257324e-01 3.605559468269348145e-01 1.018889807164669037e-02
4.958061575889587402e-01 4.207332134246826172e-01 -1.533704716712236404e-02
4.908211231231689453e-01 4.767293334007263184e-01 -4.586223885416984558e-02
3.958954513072967529e-01 4.171566665172576904e-01 3.089723363518714905e-02
4.142699241638183594e-01 4.183099269866943359e-01 9.736423380672931671e-03
4.292681813240051270e-01 4.260223805904388428e-01 3.865775652229785919e-04
4.524401724338531494e-01 4.265041351318359375e-01 -2.768720733001828194e-03
4.699537158012390137e-01 4.219512343406677246e-01 -3.789156209677457809e-03
4.838400483131408691e-01 4.155517816543579102e-01 -5.530477035790681839e-03
5.140612125396728516e-01 4.008181393146514893e-01 -2.498552016913890839e-02
3.957333564758300781e-01 4.527613520622253418e-01 2.710072882473468781e-02
4.152171611785888672e-01 3.568608164787292480e-01 1.502866111695766449e-02
5.132373571395874023e-01 4.988658130168914795e-01 -5.561771616339683533e-02
4.865418672561645508e-01 4.475836157798767090e-01 -1.719968579709529877e-02
3.800975978374481201e-01 3.825460672378540039e-01 9.991310536861419678e-02
4.947033822536468506e-01 4.072480499744415283e-01 -6.203284487128257751e-03
4.773516356945037842e-01 4.822081029415130615e-01 -1.434221863746643066e-02
4.300045967102050781e-01 3.763448894023895264e-01 1.382093690335750580e-02
4.905929267406463623e-01 4.660308659076690674e-01 -4.149353131651878357e-02
3.786419034004211426e-01 4.980520308017730713e-01 1.024005189538002014e-01
4.890904128551483154e-01 3.869588971138000488e-01 6.848379503935575485e-03
5.014985203742980957e-01 4.572599828243255615e-01 -5.178212746977806091e-02
4.096885323524475098e-01 5.892982482910156250e-01 3.475804999470710754e-02
4.060326814651489258e-01 6.085298657417297363e-01 5.454836040735244751e-02
3.815466165542602539e-01 4.549047350883483887e-01 6.698531657457351685e-02
3.973849117755889893e-01 5.635767579078674316e-01 4.686732217669487000e-02
3.966136872768402100e-01 3.524358868598937988e-01 5.245877057313919067e-02
4.528057873249053955e-01 6.531241536140441895e-01 5.142184440046548843e-03
5.135196447372436523e-01 5.029458999633789062e-01 -4.038562625646591187e-02
4.748663306236267090e-01 4.587298035621643066e-01 -1.388894021511077881e-02
3.981857299804687500e-01 3.857791721820831299e-01 3.592710942029953003e-02
4.501300156116485596e-01 3.887443840503692627e-01 2.841148059815168381e-03
4.594803452491760254e-01 3.914993405342102051e-01 8.359311614185571671e-04
4.635921418666839600e-01 5.748620033264160156e-01 -7.713507395237684250e-03
3.957129716873168945e-01 4.869526028633117676e-01 3.058692812919616699e-02
4.719534516334533691e-01 6.801419258117675781e-01 1.066813804209232330e-02
4.361696243286132812e-01 6.515593528747558594e-01 2.925889939069747925e-02
4.217563867568969727e-01 6.337745785713195801e-01 4.022897034883499146e-02
5.325858592987060547e-01 2.964309453964233398e-01 -1.508590672165155411e-02
4.978534281253814697e-01 6.864984035491943359e-01 9.552597068250179291e-03
4.692161381244659424e-01 3.915498852729797363e-01 1.277164556086063385e-03
4.788687229156494141e-01 3.896531462669372559e-01 3.605419071391224861e-03
4.854752421379089355e-01 3.883114457130432129e-01 6.423180457204580307e-03
4.065815806388854980e-01 3.542893528938293457e-01 2.600803598761558533e-02
4.795099496841430664e-01 3.786962628364562988e-01 2.030390780419111252e-03
4.696340560913085938e-01 3.751886487007141113e-01 -6.149603286758065224e-04
4.602330327033996582e-01 3.735168278217315674e-01 -9.447469492442905903e-04
4.505727887153625488e-01 3.736198544502258301e-01 9.363608551211655140e-04
4.438702464103698730e-01 3.750250339508056641e-01 4.002957604825496674e-03
3.872420191764831543e-01 3.449065387248992920e-01 8.253862708806991577e-02
4.441262483596801758e-01 3.854085505008697510e-01 5.885219201445579529e-03
5.155181288719177246e-01 5.224232077598571777e-01 -3.044300526380538940e-02
4.765536785125732422e-01 5.248751044273376465e-01 -2.233743667602539062e-02
4.911385476589202881e-01 4.902622997760772705e-01 -3.439296409487724304e-02
4.993457198143005371e-01 5.215557217597961426e-01 -3.066105581820011139e-02
5.266405344009399414e-01 3.770182132720947266e-01 -1.955626718699932098e-02
4.229581356048583984e-01 6.139300465583801270e-01 2.584357559680938721e-02
4.368822574615478516e-01 6.336011886596679688e-01 1.622521318495273590e-02
4.737235605716705322e-01 6.683105230331420898e-01 -3.914948552846908569e-03
3.943712115287780762e-01 5.804421305656433105e-01 7.337152212858200073e-02
4.863254427909851074e-01 3.833932876586914062e-01 4.865314811468124390e-03
5.045218467712402344e-01 4.263442754745483398e-01 -3.007762134075164795e-02
4.995181858539581299e-01 6.747115850448608398e-01 -4.703996703028678894e-03
4.523883461952209473e-01 6.677001714706420898e-01 1.768610067665576935e-02
3.828107118606567383e-01 4.928669333457946777e-01 6.511893868446350098e-02
4.869021475315093994e-01 5.830265879631042480e-01 -1.707415841519832611e-02
4.840619266033172607e-01 5.865451097488403320e-01 -1.877205260097980499e-02
4.811368882656097412e-01 5.918213129043579102e-01 -2.075386606156826019e-02
4.787604212760925293e-01 5.978220105171203613e-01 -1.926844008266925812e-02
4.732549190521240234e-01 6.079811453819274902e-01 -1.109120622277259827e-02
4.697858095169067383e-01 5.584250092506408691e-01 -1.085597928613424301e-02
4.669972956180572510e-01 5.576338768005371094e-01 -1.114475168287754059e-02
4.646514952182769775e-01 5.562278032302856445e-01 -1.134426333010196686e-02
4.542388021945953369e-01 5.456423163414001465e-01 -9.719870984554290771e-03
4.125869870185852051e-01 4.982970356941223145e-01 9.428961202502250671e-03
5.051461458206176758e-01 4.095271527767181396e-01 -1.928841322660446167e-02
4.997095465660095215e-01 3.736921846866607666e-01 1.586006255820393562e-04
4.919777214527130127e-01 3.760581314563751221e-01 3.454328048974275589e-03
4.721514582633972168e-01 5.585535764694213867e-01 -9.685199707746505737e-03
4.067799746990203857e-01 5.395456552505493164e-01 2.631183527410030365e-02
5.112466812133789062e-01 3.731638491153717041e-01 -1.338504347950220108e-02
4.651874303817749023e-01 6.209414601325988770e-01 -4.989982582628726959e-03
5.241652727127075195e-01 4.338872134685516357e-01 -4.925817623734474182e-02
5.138159990310668945e-01 4.187678396701812744e-01 -3.665530681610107422e-02
5.248335599899291992e-01 4.168221056461334229e-01 -3.833847120404243469e-02
4.942852556705474854e-01 4.518141448497772217e-01 -3.105145320296287537e-02
5.013906359672546387e-01 6.576019525527954102e-01 -1.030193176120519638e-02
5.031750202178955078e-01 6.382237672805786133e-01 -1.006171107292175293e-02
4.833912849426269531e-01 6.337374448776245117e-01 -9.250592440366744995e-03
4.414620399475097656e-01 5.839523673057556152e-01 3.429634729400277138e-03
4.662076234817504883e-01 4.941603541374206543e-01 -1.232450362294912338e-02
4.513747096061706543e-01 6.044643521308898926e-01 -4.123895487282425165e-04
4.402370452880859375e-01 4.872361719608306885e-01 -9.766432456672191620e-03
4.543559551239013672e-01 5.093207955360412598e-01 -1.135870534926652908e-02
4.282023012638092041e-01 5.133714675903320312e-01 -1.568276318721473217e-03
4.776610732078552246e-01 6.517578363418579102e-01 -9.098309092223644257e-03
4.860068857669830322e-01 4.608755111694335938e-01 -2.365890517830848694e-02
4.295714199542999268e-01 5.953215360641479492e-01 1.337173208594322205e-02
4.428618550300598145e-01 6.167699098587036133e-01 7.806478533893823624e-03
4.352770745754241943e-01 5.607299208641052246e-01 3.162450622767210007e-03
3.966746330261230469e-01 5.165491700172424316e-01 3.493633121252059937e-02
4.197998344898223877e-01 5.611371994018554688e-01 1.319801155477762222e-02
3.871046304702758789e-01 5.290221571922302246e-01 6.037674471735954285e-02
4.435735940933227539e-01 5.302463769912719727e-01 -6.587581243366003036e-03
4.957114160060882568e-01 4.366691112518310547e-01 -2.315610460937023163e-02
4.941267669200897217e-01 4.845874309539794922e-01 -4.817735031247138977e-02
4.862204790115356445e-01 4.885830581188201904e-01 -3.622204065322875977e-02
5.002527236938476562e-01 4.739866852760314941e-01 -5.573915690183639526e-02
4.920153021812438965e-01 3.536400496959686279e-01 -3.930387087166309357e-03
4.741448163986206055e-01 3.385141491889953613e-01 -7.110826671123504639e-03
4.576225876808166504e-01 3.340375423431396484e-01 -7.713319733738899231e-03
4.429648220539093018e-01 3.368488550186157227e-01 -4.467060323804616928e-03
4.318142831325531006e-01 3.448652625083923340e-01 1.527083688415586948e-03
4.207241535186767578e-01 3.794307708740234375e-01 1.788176223635673523e-02
3.822209835052490234e-01 4.188797473907470703e-01 6.497618556022644043e-02
4.273390173912048340e-01 4.040711820125579834e-01 9.085257537662982941e-03
4.388861060142517090e-01 4.103097915649414062e-01 3.216931130737066269e-03
4.546303153038024902e-01 4.125216007232666016e-01 -2.234234270872548223e-04
4.701317250728607178e-01 4.106467962265014648e-01 -1.111749093979597092e-03
4.828001260757446289e-01 4.060783088207244873e-01 -1.701062719803303480e-04
4.918289184570312500e-01 4.012024104595184326e-01 -1.185592627734877169e-04
3.774663209915161133e-01 4.189198017120361328e-01 1.074386537075042725e-01
4.855497479438781738e-01 4.934648275375366211e-01 -3.059286065399646759e-02
5.039610862731933594e-01 4.414911866188049316e-01 -3.939452022314071655e-02
5.024477839469909668e-01 4.863668382167816162e-01 -5.632335692644119263e-02
5.073204040527343750e-01 4.955358505249023438e-01 -5.127255991101264954e-02
5.018869042396545410e-01 4.891903698444366455e-01 -5.084781348705291748e-02
4.878829121589660645e-01 4.990676641464233398e-01 -2.641331963241100311e-02
5.095970630645751953e-01 4.973402321338653564e-01 -5.415940657258033752e-02
5.098218917846679688e-01 5.014329552650451660e-01 -4.066288098692893982e-02
4.933106303215026855e-01 3.872414827346801758e-01 5.654554814100265503e-03
4.994703531265258789e-01 3.921244740486145020e-01 -5.730789853259921074e-04
5.034870505332946777e-01 3.946634829044342041e-01 -8.198296651244163513e-03
4.396343827247619629e-01 3.763347268104553223e-01 7.468388881534337997e-03
4.314672946929931641e-01 3.631356954574584961e-01 7.474430371075868607e-03
5.333381891250610352e-01 4.377182424068450928e-01 -4.440546408295631409e-02
5.997900962829589844e-01 4.045819938182830811e-01 2.292012050747871399e-02
5.286026597023010254e-01 5.015400648117065430e-01 -3.945409134030342102e-02
6.395972371101379395e-01 3.501427471637725830e-01 8.126538246870040894e-02
5.700370073318481445e-01 4.130787551403045654e-01 8.684323169291019440e-03
5.804549455642700195e-01 4.162590205669403076e-01 1.035230513662099838e-02
5.904552936553955078e-01 4.173941612243652344e-01 1.428208313882350922e-02
6.039872765541076660e-01 4.112153053283691406e-01 2.481022663414478302e-02
5.611675977706909180e-01 4.074764251708984375e-01 9.131180122494697571e-03
5.888420343399047852e-01 3.663923144340515137e-01 6.489605642855167389e-03
5.764012932777404785e-01 3.667408823966979980e-01 5.452364217489957809e-03
6.000424623489379883e-01 3.709262311458587646e-01 1.089318748563528061e-02
6.068444848060607910e-01 3.794006705284118652e-01 1.585371419787406921e-02
6.121585369110107422e-01 4.231442213058471680e-01 3.082440234720706940e-02
5.448757410049438477e-01 6.458780765533447266e-01 5.682124756276607513e-03
6.038180589675903320e-01 4.013665616512298584e-01 2.695628069341182709e-02
6.415325403213500977e-01 4.208341240882873535e-01 8.430857211351394653e-02
6.240181922912597656e-01 4.119338393211364746e-01 4.343496635556221008e-02
5.724697113037109375e-01 4.854512214660644531e-01 -3.381623420864343643e-03
5.283333659172058105e-01 5.437349677085876465e-01 -3.093856573104858398e-02
5.252999067306518555e-01 5.532224774360656738e-01 -2.588360011577606201e-02
5.409162044525146484e-01 5.507850646972656250e-01 -2.283891290426254272e-02
5.482825040817260742e-01 5.590847730636596680e-01 -1.320782117545604706e-02
5.352293848991394043e-01 5.568571090698242188e-01 -2.014222554862499237e-02
5.421502590179443359e-01 5.622494816780090332e-01 -1.138859800994396210e-02
5.572810173034667969e-01 5.930482745170593262e-01 6.088330410420894623e-03
5.296756625175476074e-01 4.924338757991790771e-01 -5.985109135508537292e-02
5.329130887985229492e-01 4.763601124286651611e-01 -6.304895877838134766e-02
6.220818758010864258e-01 3.626707792282104492e-01 2.113731950521469116e-02
5.536376833915710449e-01 4.401310086250305176e-01 -5.803919397294521332e-03
5.533381104469299316e-01 4.923502206802368164e-01 -2.946014516055583954e-02
5.546653866767883301e-01 4.835795760154724121e-01 -2.587762661278247833e-02
6.038513183593750000e-01 4.880684316158294678e-01 1.372523978352546692e-02
5.334196090698242188e-01 4.555650353431701660e-01 -5.573660135269165039e-02
6.004583239555358887e-01 3.382023572921752930e-01 -2.865067217499017715e-04
6.137675642967224121e-01 3.471331596374511719e-01 9.806963615119457245e-03
6.328337788581848145e-01 3.201454281806945801e-01 5.838713422417640686e-02
5.528162121772766113e-01 3.485044240951538086e-01 -1.402183342725038528e-02
5.651278495788574219e-01 3.728255927562713623e-01 7.879644632339477539e-03
5.665015578269958496e-01 5.769743323326110840e-01 9.302828460931777954e-03
6.165510416030883789e-01 5.737965106964111328e-01 1.111600250005722046e-01
5.436779856681823730e-01 5.005431175231933594e-01 -2.609120681881904602e-02
5.348111391067504883e-01 5.042355656623840332e-01 -2.834936231374740601e-02
5.542634725570678711e-01 5.778689384460449219e-01 7.148910779505968094e-03
5.508820414543151855e-01 5.769599676132202148e-01 3.422680310904979706e-03
6.194021105766296387e-01 3.372995853424072266e-01 1.589827239513397217e-02
5.524182915687561035e-01 5.000858902931213379e-01 -2.336757257580757141e-02
5.812031030654907227e-01 3.370443284511566162e-01 -8.584476076066493988e-03
5.837580561637878418e-01 3.240903615951538086e-01 -1.054609939455986023e-02
5.962593555450439453e-01 2.772095799446105957e-01 1.172238588333129883e-02
6.267784237861633301e-01 3.328870534896850586e-01 3.433452174067497253e-02
5.892482399940490723e-01 3.044279813766479492e-01 1.225666201207786798e-04
6.279295682907104492e-01 3.570598065853118896e-01 3.163412213325500488e-02
6.343042254447937012e-01 3.577414751052856445e-01 5.506765469908714294e-02
5.270938277244567871e-01 5.490602850914001465e-01 -2.965658530592918396e-02
5.380858182907104492e-01 5.543363094329833984e-01 -2.200857736170291901e-02
5.454025268554687500e-01 5.609611272811889648e-01 -1.330829504877328873e-02
5.406111478805541992e-01 5.033016204833984375e-01 -2.405674755573272705e-02
5.525438189506530762e-01 5.774924755096435547e-01 5.074487999081611633e-03
5.489516854286193848e-01 5.856252312660217285e-01 -1.856310875155031681e-03
5.492474436759948730e-01 5.764239430427551270e-01 3.019780153408646584e-03
5.401211380958557129e-01 4.939186871051788330e-01 -4.185836762189865112e-02
5.394538640975952148e-01 5.625733733177185059e-01 -9.609338827431201935e-03
5.327147245407104492e-01 5.579879283905029297e-01 -1.568225398659706116e-02
5.236923098564147949e-01 5.553944706916809082e-01 -2.077842131257057190e-02
5.202617645263671875e-01 6.227098703384399414e-01 -9.248613379895687103e-03
5.241662263870239258e-01 6.119503378868103027e-01 -1.983875408768653870e-02
5.240237116813659668e-01 6.044856309890747070e-01 -2.131937444210052490e-02
5.231717824935913086e-01 5.967941880226135254e-01 -1.886365190148353577e-02
5.217385292053222656e-01 5.909529328346252441e-01 -1.748397201299667358e-02
5.379651784896850586e-01 5.861650705337524414e-01 -7.114230189472436905e-03
5.407777428627014160e-01 5.889000296592712402e-01 -8.656592108309268951e-03
5.439484119415283203e-01 5.929821133613586426e-01 -1.014548540115356445e-02
5.463441610336303711e-01 5.973418951034545898e-01 -8.004363626241683960e-03
5.583339333534240723e-01 5.455479025840759277e-01 -9.051091969013214111e-03
6.338526606559753418e-01 4.926616847515106201e-01 1.297828108072280884e-01
5.430660843849182129e-01 5.824314355850219727e-01 -9.819582337513566017e-04
5.461033582687377930e-01 5.838134288787841797e-01 -2.068288391456007957e-03
5.311716794967651367e-01 5.103245377540588379e-01 -2.889514900743961334e-02
5.472498536109924316e-01 5.095127224922180176e-01 -1.582160964608192444e-02
5.329188108444213867e-01 5.073993802070617676e-01 -2.892815694212913513e-02
5.639967918395996094e-01 4.515109360218048096e-01 -1.142171793617308140e-03
5.808710455894470215e-01 4.652172625064849854e-01 3.320994088426232338e-03
5.553734302520751953e-01 4.915321469306945801e-01 -1.942646875977516174e-02
6.197766661643981934e-01 2.954010963439941406e-01 3.371392935514450073e-02
6.129530668258666992e-01 3.146180510520935059e-01 1.645071804523468018e-02
6.047086715698242188e-01 3.261081576347351074e-01 2.238978398963809013e-03
5.478212237358093262e-01 6.047166585922241211e-01 2.906465961132198572e-04
5.577429533004760742e-01 3.267130255699157715e-01 -1.790811121463775635e-02
5.630491971969604492e-01 3.002243638038635254e-01 -1.019871607422828674e-02
5.689246654510498047e-01 2.663978636264801025e-01 -2.356150187551975250e-03
5.988625884056091309e-01 4.159757196903228760e-01 1.982250809669494629e-02
6.224166750907897949e-01 4.362439215183258057e-01 3.770566359162330627e-02
5.552905797958374023e-01 4.021383225917816162e-01 1.045888662338256836e-02
6.160286664962768555e-01 3.879877328872680664e-01 2.651775814592838287e-02
5.472345948219299316e-01 4.280321896076202393e-01 -1.033966150134801865e-02
5.481783747673034668e-01 4.847596585750579834e-01 -4.113391414284706116e-02
6.328940391540527344e-01 4.507124722003936768e-01 5.100023001432418823e-02
6.154748201370239258e-01 4.467549324035644531e-01 2.668492123484611511e-02
6.021645665168762207e-01 4.506779313087463379e-01 1.496859639883041382e-02
5.820111632347106934e-01 4.449390470981597900e-01 8.464426733553409576e-03
5.672356486320495605e-01 4.357919394969940186e-01 4.840010777115821838e-03
5.562718510627746582e-01 4.264331161975860596e-01 9.407686884514987469e-04
5.356327891349792480e-01 4.039653539657592773e-01 -2.292495779693126678e-02
6.285076737403869629e-01 4.852793216705322266e-01 4.715488106012344360e-02
6.239278912544250488e-01 3.862603604793548584e-01 3.277827054262161255e-02
5.246859192848205566e-01 5.004509091377258301e-01 -5.456525459885597229e-02
5.519654154777526855e-01 4.566317796707153320e-01 -1.111596450209617615e-02
6.415473818778991699e-01 4.199451804161071777e-01 1.229590475559234619e-01
5.483751893043518066e-01 4.161438345909118652e-01 -1.173025346361100674e-03
5.555579066276550293e-01 4.926826357841491699e-01 -7.976136170327663422e-03
6.088271141052246094e-01 4.016179442405700684e-01 2.941223047673702240e-02
5.491933226585388184e-01 4.740758836269378662e-01 -3.666070476174354553e-02
6.272907853126525879e-01 5.320580005645751953e-01 1.235102340579032898e-01
5.554286241531372070e-01 3.963114321231842041e-01 1.363708358258008957e-02
5.418623089790344238e-01 4.628818035125732422e-01 -4.828685522079467773e-02
5.930300951004028320e-01 6.115611791610717773e-01 4.937253519892692566e-02
5.907678604125976562e-01 6.302347183227539062e-01 6.956323981285095215e-02
6.366041302680969238e-01 4.903026521205902100e-01 8.853981643915176392e-02
6.072099804878234863e-01 5.903766751289367676e-01 6.407041102647781372e-02
6.381990313529968262e-01 3.870314359664916992e-01 7.309594750404357910e-02
5.459364056587219238e-01 6.628102064132690430e-01 1.213130075484514236e-02
5.225232243537902832e-01 5.041924118995666504e-01 -3.975717350840568542e-02
5.604110956192016602e-01 4.705687463283538818e-01 -6.458199582993984222e-03
6.315682530403137207e-01 4.166551232337951660e-01 5.562290549278259277e-02
5.897691249847412109e-01 4.072386920452117920e-01 1.539566460996866226e-02
5.811488032341003418e-01 4.067765474319458008e-01 1.193616446107625961e-02
5.514982342720031738e-01 5.876846909523010254e-01 1.612168562132865191e-04
6.229645013809204102e-01 5.180972218513488770e-01 5.002495646476745605e-02
5.232378244400024414e-01 6.851239204406738281e-01 1.459682080894708633e-02
5.589575767517089844e-01 6.639609336853027344e-01 3.888721019029617310e-02
5.740253329277038574e-01 6.501896381378173828e-01 5.239225924015045166e-02
5.724342465400695801e-01 4.042658805847167969e-01 1.073765102773904800e-02
5.640220046043395996e-01 4.005028307437896729e-01 1.170877646654844284e-02
5.583276748657226562e-01 3.982110321521759033e-01 1.368827652186155319e-02
6.305894851684570312e-01 3.845194578170776367e-01 4.512705653905868530e-02
5.657986402511596680e-01 3.898187279701232910e-01 1.028394885361194611e-02
5.753424763679504395e-01 3.884837925434112549e-01 9.054107591509819031e-03
5.843818783760070801e-01 3.895042836666107178e-01 1.030464097857475281e-02
5.929947495460510254e-01 3.927036821842193604e-01 1.368966512382030487e-02
5.983432531356811523e-01 3.963712751865386963e-01 1.773371547460556030e-02
6.423832774162292480e-01 3.815918564796447754e-01 1.049235388636589050e-01
5.955860614776611328e-01 4.061720669269561768e-01 1.943570002913475037e-02
5.497863888740539551e-01 5.345232486724853516e-01 -1.612375490367412567e-02
5.442411899566650391e-01 4.976285099983215332e-01 -3.026092983782291412e-02
5.308501124382019043e-01 5.258083939552307129e-01 -2.809867076575756073e-02
5.777347683906555176e-01 6.317460536956787109e-01 3.768347576260566711e-02
5.625447630882263184e-01 6.471577286720275879e-01 2.555810101330280304e-02
5.250648260116577148e-01 6.737380623817443848e-01 -1.574581838212907314e-04
6.039208769798278809e-01 6.068009734153747559e-01 9.112605452537536621e-02
5.587616562843322754e-01 3.933414518833160400e-01 1.227039098739624023e-02
5.408999323844909668e-01 4.315038323402404785e-01 -2.670628577470779419e-02
5.426664352416992188e-01 6.763229370117187500e-01 2.476188912987709045e-02
6.298376321792602539e-01 5.265659689903259277e-01 8.581165969371795654e-02
5.309422612190246582e-01 5.892031788825988770e-01 -1.261016167700290680e-02
5.334844589233398438e-01 5.936904549598693848e-01 -1.412463374435901642e-02
5.357205271720886230e-01 5.999519824981689453e-01 -1.585667766630649567e-02
5.371134877204895020e-01 6.069133877754211426e-01 -1.422191876918077469e-02
5.357493758201599121e-01 6.154201030731201172e-01 -5.615619942545890808e-03
5.471757054328918457e-01 5.688977241516113281e-01 -3.543151076883077621e-03
5.501129627227783203e-01 5.686395764350891113e-01 -3.147861920297145844e-03
5.528448224067687988e-01 5.677148103713989258e-01 -2.919270191341638565e-03
5.640684962272644043e-01 5.601315498352050781e-01 2.616046986076980829e-04
6.080057024955749512e-01 5.249032974243164062e-01 2.590649761259555817e-02
5.413347482681274414e-01 4.148074090480804443e-01 -1.582891494035720825e-02
5.489919781684875488e-01 3.814347386360168457e-01 4.530132282525300980e-03
5.547698140144348145e-01 3.850603401660919189e-01 9.847703389823436737e-03
5.447196960449218750e-01 5.685169696807861328e-01 -2.447462407872080803e-03
6.049159169197082520e-01 5.655434727668762207e-01 4.275650158524513245e-02
5.400351881980895996e-01 3.790166974067687988e-01 -1.065587159246206284e-02
5.406509041786193848e-01 6.294606328010559082e-01 8.184623438864946365e-04
5.346401333808898926e-01 4.217060208320617676e-01 -3.487360104918479919e-02
5.463479757308959961e-01 4.591048359870910645e-01 -2.661038748919963837e-02
5.225018858909606934e-01 6.381667852401733398e-01 -6.558893714100122452e-03
5.676276087760925293e-01 5.997449159622192383e-01 1.353019196540117264e-02
5.630903244018554688e-01 5.072060823440551758e-01 -4.507441073656082153e-03
5.553882718086242676e-01 6.167600154876708984e-01 7.580145727843046188e-03
5.870358943939208984e-01 5.074236392974853516e-01 2.297317842021584511e-03
5.709689855575561523e-01 5.250977277755737305e-01 -1.687719370238482952e-03
5.926024317741394043e-01 5.354757308959960938e-01 1.210227981209754944e-02
5.248479843139648438e-01 6.570590138435363770e-01 -5.609947256743907928e-03
5.514516830444335938e-01 4.697434306144714355e-01 -1.808146014809608459e-02
5.759861469268798828e-01 6.129491329193115234e-01 2.469423227012157440e-02
5.607787966728210449e-01 6.302236318588256836e-01 1.653627678751945496e-02
5.775006413459777832e-01 5.792836546897888184e-01 1.532314065843820572e-02
6.169209480285644531e-01 5.460965037345886230e-01 5.339014530181884766e-02
5.905784368515014648e-01 5.829298496246337891e-01 2.709006145596504211e-02
6.208038330078125000e-01 5.601690411567687988e-01 8.012676239013671875e-02
5.762326717376708984e-01 5.480228662490844727e-01 4.735525231808423996e-03
5.461664199829101562e-01 4.438047111034393311e-01 -1.832781732082366943e-02
5.439623594284057617e-01 4.915899932384490967e-01 -4.389028996229171753e-02
5.492633581161499023e-01 4.972114861011505127e-01 -3.129229322075843811e-02
5.413106679916381836e-01 4.797903299331665039e-01 -5.248853936791419983e-02
5.593606829643249512e-01 3.648816645145416260e-01 2.019362291321158409e-03
5.781360864639282227e-01 3.553079068660736084e-01 1.520760240964591503e-03
5.937156677246093750e-01 3.555082678794860840e-01 3.692900994792580605e-03
6.057778000831604004e-01 3.616200685501098633e-01 9.325472638010978699e-03
6.134210824966430664e-01 3.720054030418395996e-01 1.695036888122558594e-02
6.154682636260986328e-01 4.063801169395446777e-01 3.444810956716537476e-02
6.407059431076049805e-01 4.553487002849578857e-01 8.720165491104125977e-02
6.065127849578857422e-01 4.291916489601135254e-01 2.443131059408187866e-02
5.957610607147216797e-01 4.320717155933380127e-01 1.663406938314437866e-02
5.816994309425354004e-01 4.295520484447479248e-01 1.088899467140436172e-02
5.684079527854919434e-01 4.235574603080749512e-01 7.731066085398197174e-03
5.581090450286865234e-01 4.163959026336669922e-01 6.516105495393276215e-03
5.511226654052734375e-01 4.097611904144287109e-01 5.349108483642339706e-03
6.379020810127258301e-01 4.560031592845916748e-01 1.304315179586410522e-01
5.481485724449157715e-01 5.018438696861267090e-01 -2.573076076805591583e-02
5.405472517013549805e-01 4.466309845447540283e-01 -3.592510893940925598e-02
5.371125936508178711e-01 4.912488162517547607e-01 -5.360272899270057678e-02
5.299715399742126465e-01 4.987151026725769043e-01 -4.968576133251190186e-02
5.361863970756530762e-01 4.941167235374450684e-01 -4.804256558418273926e-02
5.443939566612243652e-01 5.064415335655212402e-01 -2.229739911854267120e-02
5.280709862709045410e-01 4.999050498008728027e-01 -5.287031829357147217e-02
5.260049104690551758e-01 5.036023855209350586e-01 -3.958357125520706177e-02
5.516491532325744629e-01 3.959429860115051270e-01 1.136923767626285553e-02
5.460287928581237793e-01 3.994060456752777100e-01 3.772046416997909546e-03
5.427699089050292969e-01 4.018981456756591797e-01 -4.661308135837316513e-03
6.014890670776367188e-01 3.990961015224456787e-01 2.175006642937660217e-02
6.104593873023986816e-01 3.890020847320556641e-01 2.265824377536773682e-02
4.587864875793457031e-01 3.804107010364532471e-01 4.144229926168918610e-03
4.703639447689056396e-01 3.816670179367065430e-01 4.144229926168918610e-03
4.597537815570831299e-01 3.667671382427215576e-01 4.144229926168918610e-03
4.470483660697937012e-01 3.790929317474365234e-01 4.144229926168918610e-03
4.577860832214355469e-01 3.937236964702606201e-01 4.144229926168918610e-03
5.815369486808776855e-01 3.955092430114746094e-01 1.509389001876115799e-02
5.923944711685180664e-01 3.972758352756500244e-01 1.509389001876115799e-02
5.826484560966491699e-01 3.820462524890899658e-01 1.509389001876115799e-02
5.706557631492614746e-01 3.936859071254730225e-01 1.509389001876115799e-02
5.804649591445922852e-01 4.088988006114959717e-01 1.509389001876115799e-02
