5.051752924919128418e-01 5.470240712165832520e-01 -3.381348401308059692e-02
5.136045813560485840e-01 4.920584857463836670e-01 -6.036131456494331360e-02
5.104590654373168945e-01 5.090910792350769043e-01 -3.248168155550956726e-02
5.077692270278930664e-01 4.339286088943481445e-01 -4.478046298027038574e-02
5.153097510337829590e-01 4.745219051837921143e-01 -6.387638300657272339e-02
5.167916417121887207e-01 4.517519474029541016e-01 -5.880108848214149475e-02
5.197514891624450684e-01 3.966293931007385254e-01 -2.637525461614131927e-02
4.357593655586242676e-01 3.786039948463439941e-01 1.144190039485692978e-02
5.231368541717529297e-01 3.503760695457458496e-01 -1.692994870245456696e-02
5.251511335372924805e-01 3.273706436157226562e-01 -1.824636943638324738e-02
5.306988358497619629e-01 2.523555755615234375e-01 -3.753410419449210167e-03
5.047155618667602539e-01 5.517516732215881348e-01 -3.244832530617713928e-02
5.040949583053588867e-01 5.562015771865844727e-01 -2.881995402276515961e-02
5.036779046058654785e-01 5.586779713630676270e-01 -2.383209392428398132e-02
5.020631551742553711e-01 5.793318152427673340e-01 -2.293654158711433411e-02
5.017803907394409180e-01 5.848108530044555664e-01 -2.487450279295444489e-02
5.012285113334655762e-01 5.916581153869628906e-01 -2.747169323265552521e-02
5.005210041999816895e-01 5.990238785743713379e-01 -2.623771876096725464e-02
4.995437860488891602e-01 6.138773560523986816e-01 -1.617880724370479584e-02
5.123292207717895508e-01 5.009613633155822754e-01 -5.472630262374877930e-02
5.011832118034362793e-01 4.992044866085052490e-01 -4.009656608104705811e-02
3.949218988418579102e-01 3.077676892280578613e-01 6.423548609018325806e-02
4.656971096992492676e-01 3.995492756366729736e-01 1.383159658871591091e-03
4.537812471389770508e-01 3.995918631553649902e-01 1.488054520450532436e-03
4.429151117801666260e-01 3.964758515357971191e-01 4.016705788671970367e-03
4.301593899726867676e-01 3.834532797336578369e-01 1.260885875672101974e-02
4.765117764472961426e-01 3.959363102912902832e-01 3.786719636991620064e-03
4.558694660663604736e-01 3.422032296657562256e-01 -2.120329299941658974e-03
4.688790738582611084e-01 3.463686108589172363e-01 -1.029697596095502377e-03
4.432172179222106934e-01 3.440238237380981445e-01 7.081501535139977932e-04
4.343449771404266357e-01 3.506680130958557129e-01 4.582314752042293549e-03
4.186680316925048828e-01 3.927050232887268066e-01 1.754448004066944122e-02
4.538820981979370117e-01 6.307178735733032227e-01 -5.556026007980108261e-03
4.324281215667724609e-01 3.722481131553649902e-01 1.498880423605442047e-02
3.830679059028625488e-01 3.795826137065887451e-01 6.581225246191024780e-02
4.065068364143371582e-01 3.772143721580505371e-01 2.858771570026874542e-02
4.542993605136871338e-01 4.682886004447937012e-01 -1.188913639634847641e-02
4.905745983123779297e-01 5.422272086143493652e-01 -3.337585553526878357e-02
4.906857609748840332e-01 5.537101030349731445e-01 -2.816039696335792542e-02
4.753696918487548828e-01 5.447134971618652344e-01 -2.792034298181533813e-02
4.649020433425903320e-01 5.488229393959045410e-01 -2.045755647122859955e-02
4.789266586303710938e-01 5.530855655670166016e-01 -2.458849176764488220e-02
4.695239961147308350e-01 5.540475845336914062e-01 -1.761847361922264099e-02
4.487563073635101318e-01 5.750095844268798828e-01 -4.633686505258083344e-03
5.041394829750061035e-01 4.902260899543762207e-01 -5.988663807511329651e-02
5.041469335556030273e-01 4.730966687202453613e-01 -6.314473599195480347e-02
4.201881289482116699e-01 3.318112790584564209e-01 8.035383187234401703e-03
4.812242686748504639e-01 4.291916787624359131e-01 -1.047406625002622604e-02
4.773848950862884521e-01 4.824172854423522949e-01 -3.407222032546997070e-02
4.768280982971191406e-01 4.731617867946624756e-01 -3.065128251910209656e-02
4.192750155925750732e-01 4.606175124645233154e-01 2.568333875387907028e-04
5.060930252075195312e-01 4.520066976547241211e-01 -5.613946914672851562e-02
4.503456354141235352e-01 3.152393698692321777e-01 -8.422861807048320770e-03
4.333380758762359619e-01 3.197469711303710938e-01 -9.192783618345856667e-04
4.110293388366699219e-01 2.801858186721801758e-01 4.404103383421897888e-02
4.994423687458038330e-01 3.396692872047424316e-01 -1.513424608856439590e-02
4.794526100158691406e-01 3.566389679908752441e-01 2.738110721111297607e-03
4.418633580207824707e-01 5.572560429573059082e-01 -2.488027326762676239e-03
3.824158906936645508e-01 5.399734377861022949e-01 9.064799547195434570e-02
4.849518835544586182e-01 4.934726655483245850e-01 -2.940431982278823853e-02
4.932177662849426270e-01 4.996731281280517578e-01 -2.967008389532566071e-02
4.523342847824096680e-01 5.587531328201293945e-01 -3.130657831206917763e-03
4.554160833358764648e-01 5.590610504150390625e-01 -5.920739844441413879e-03
4.281620085239410400e-01 3.079699575901031494e-01 4.350014496594667435e-03
4.757871627807617188e-01 4.900699555873870850e-01 -2.805118076503276825e-02
4.718564748764038086e-01 3.200800418853759766e-01 -1.333089638501405716e-02
4.717095196247100830e-01 3.063814342021942139e-01 -1.527208276093006134e-02
4.636677801609039307e-01 2.493849992752075195e-01 5.476140417158603668e-03
4.192631840705871582e-01 2.965443134307861328e-01 2.133096754550933838e-02
4.682776629924774170e-01 2.800025939941406250e-01 -5.408780183643102646e-03
4.137104749679565430e-01 3.233258724212646484e-01 1.753246970474720001e-02
4.039373099803924561e-01 3.187154531478881836e-01 3.952692821621894836e-02
4.903267323970794678e-01 5.485709905624389648e-01 -3.206770494580268860e-02
4.770629703998565674e-01 5.493099093437194824e-01 -2.680208347737789154e-02
4.671214222908020020e-01 5.516195893287658691e-01 -1.995829306542873383e-02
4.871080815792083740e-01 4.970135688781738281e-01 -2.666628733277320862e-02
4.538885653018951416e-01 5.589262247085571289e-01 -4.534203559160232544e-03
4.587032496929168701e-01 5.663342475891113281e-01 -1.105070766061544418e-02
4.568813443183898926e-01 5.592224001884460449e-01 -6.134074181318283081e-03
4.913399815559387207e-01 4.883750379085540771e-01 -4.459343478083610535e-02
4.714163839817047119e-01 5.554270744323730469e-01 -1.576621085405349731e-02
4.805316030979156494e-01 5.551623106002807617e-01 -2.021941915154457092e-02
4.913497567176818848e-01 5.563592314720153809e-01 -2.350231073796749115e-02
4.840458929538726807e-01 6.107564568519592285e-01 -1.652578450739383698e-02
4.850917458534240723e-01 5.950036048889160156e-01 -2.638893388211727142e-02
4.865074455738067627e-01 5.877410173416137695e-01 -2.737449295818805695e-02
4.881386458873748779e-01 5.811527967453002930e-01 -2.451641671359539032e-02
4.897397756576538086e-01 5.763884782791137695e-01 -2.257611043751239777e-02
4.705872535705566406e-01 5.685876011848449707e-01 -1.493375096470117569e-02
4.680757820606231689e-01 5.703715682029724121e-01 -1.689598895609378815e-02
4.649581909179687500e-01 5.734128952026367188e-01 -1.889692805707454681e-02
4.623674154281616211e-01 5.772602558135986328e-01 -1.719582267105579376e-02
4.583684206008911133e-01 5.308279991149902344e-01 -1.698368601500988007e-02
3.741365373134613037e-01 4.526916146278381348e-01 1.087400615215301514e-01
5.114170908927917480e-01 5.048215985298156738e-01 -4.009282588958740234e-02
4.641745984554290771e-01 5.646986961364746094e-01 -9.705604054033756256e-03
4.614917039871215820e-01 5.652400255203247070e-01 -1.099145505577325821e-02
4.959584176540374756e-01 5.066560506820678711e-01 -3.054452128708362579e-02
4.782641828060150146e-01 5.005855560302734375e-01 -1.984335109591484070e-02
4.946703314781188965e-01 5.032470226287841797e-01 -3.026416711509227753e-02
4.680718481540679932e-01 4.371682107448577881e-01 -7.839323952794075012e-03
4.480498433113098145e-01 4.452736079692840576e-01 -5.926205776631832123e-03
4.739056825637817383e-01 4.805594384670257568e-01 -2.458477765321731567e-02
4.330208599567413330e-01 2.598345875740051270e-01 2.298811636865139008e-02
4.398035407066345215e-01 2.826996445655822754e-01 6.741620134562253952e-03
4.478297233581542969e-01 3.018162250518798828e-01 -6.379705853760242462e-03
4.574819505214691162e-01 5.884105563163757324e-01 -9.949171915650367737e-03
4.989227354526519775e-01 3.163405656814575195e-01 -1.891123689711093903e-02
4.966152608394622803e-01 2.842819690704345703e-01 -1.156020630151033401e-02
4.950518310070037842e-01 2.477031350135803223e-01 -3.595341462641954422e-03
4.343066215515136719e-01 3.912990093231201172e-01 8.385275490581989288e-03
4.041484594345092773e-01 4.026980698108673096e-01 2.273111604154109955e-02
4.839254021644592285e-01 3.919759392738342285e-01 5.892410874366760254e-03
4.220130145549774170e-01 3.571428954601287842e-01 1.339366659522056580e-02
4.904584586620330811e-01 4.192014932632446289e-01 -1.362737920135259628e-02
4.850718677043914795e-01 4.766410589218139648e-01 -4.450937360525131226e-02
3.918460011482238770e-01 4.134180843830108643e-01 3.380702435970306396e-02
4.111583828926086426e-01 4.162493050098419189e-01 1.238897442817687988e-02
4.257587492465972900e-01 4.251597821712493896e-01 2.680829027667641640e-03
4.483414292335510254e-01 4.259924590587615967e-01 -6.938148289918899536e-04
4.654787778854370117e-01 4.214293658733367920e-01 -1.973233185708522797e-03
4.789166748523712158e-01 4.150758385658264160e-01 -3.757191356271505356e-03
5.083399415016174316e-01 3.989080488681793213e-01 -2.299283072352409363e-02
3.914946019649505615e-01 4.495888352394104004e-01 2.950049191713333130e-02
4.127005338668823242e-01 3.526971340179443359e-01 1.844253763556480408e-02
5.066474676132202148e-01 4.995041489601135254e-01 -5.449451133608818054e-02
4.812758266925811768e-01 4.464446306228637695e-01 -1.587851345539093018e-02
3.771874308586120605e-01 3.769044280052185059e-01 1.025994941592216492e-01
4.895557463169097900e-01 4.072445034980773926e-01 -4.371258895844221115e-03
4.721126258373260498e-01 4.813565909862518311e-01 -1.359407696872949600e-02
4.272586107254028320e-01 3.718359172344207764e-01 1.676952093839645386e-02
4.849925935268402100e-01 4.655387997627258301e-01 -4.010945186018943787e-02
3.764887154102325439e-01 4.949581325054168701e-01 1.026266440749168396e-01
4.851740002632141113e-01 3.858544826507568359e-01 8.871196769177913666e-03
4.954169392585754395e-01 4.566390812397003174e-01 -5.024615675210952759e-02
4.067707359790802002e-01 5.855251550674438477e-01 3.267748281359672546e-02
4.042930603027343750e-01 6.045112609863281250e-01 5.194621533155441284e-02
3.783234953880310059e-01 4.514017403125762939e-01 6.907466053962707520e-02
3.941416442394256592e-01 5.602378845214843750e-01 4.598752409219741821e-02
3.929816484451293945e-01 3.467460572719573975e-01 5.594343319535255432e-02
4.499286115169525146e-01 6.467149853706359863e-01 1.651925558689981699e-04
5.070151090621948242e-01 5.035495758056640625e-01 -3.958274796605110168e-02
4.695856869220733643e-01 4.574798047542572021e-01 -1.272538211196660995e-02
3.951703310012817383e-01 3.786545097827911377e-01 3.912194073200225830e-02
4.455871880054473877e-01 3.874404132366180420e-01 5.323356017470359802e-03
4.550612568855285645e-01 3.906126022338867188e-01 3.183050779625773430e-03
4.561722576618194580e-01 5.679413676261901855e-01 -9.389467537403106689e-03
3.915398120880126953e-01 4.841279685497283936e-01 3.216905146837234497e-02
4.692730307579040527e-01 6.724277734756469727e-01 4.282888490706682205e-03
4.349511265754699707e-01 6.456401944160461426e-01 2.457458525896072388e-02
4.205777943134307861e-01 6.288888454437255859e-01 3.650480136275291443e-02
5.279884338378906250e-01 2.904478013515472412e-01 -1.188025809824466705e-02
4.938379824161529541e-01 6.787342429161071777e-01 2.693785121664404869e-03
4.650841355323791504e-01 3.905693888664245605e-01 3.519598394632339478e-03
4.750326573848724365e-01 3.885385394096374512e-01 5.763500463217496872e-03
4.816909432411193848e-01 3.873321712017059326e-01 8.528497070074081421e-03
4.039960205554962158e-01 3.477385640144348145e-01 2.952251955866813660e-02
4.756180942058563232e-01 3.702160418033599854e-01 4.298552405089139938e-03
4.658761322498321533e-01 3.628699183464050293e-01 2.038549864664673805e-03
4.558787941932678223e-01 3.603277206420898438e-01 1.841974444687366486e-03
4.457463026046752930e-01 3.619215786457061768e-01 3.806251101195812225e-03
4.391959905624389648e-01 3.658646941184997559e-01 6.852498278021812439e-03
3.841533064842224121e-01 3.384343385696411133e-01 8.598532527685165405e-02
4.395951330661773682e-01 3.830715119838714600e-01 8.540013805031776428e-03
5.088905096054077148e-01 5.224649310111999512e-01 -3.031350299715995789e-02
4.708018302917480469e-01 5.235035419464111328e-01 -2.199694700539112091e-02
4.854674637317657471e-01 4.905252754688262939e-01 -3.332366794347763062e-02
4.931983947753906250e-01 5.212610363960266113e-01 -3.050606325268745422e-02
5.211150050163269043e-01 3.740778565406799316e-01 -1.739069446921348572e-02
4.205213487148284912e-01 6.095418930053710938e-01 2.263179980218410492e-02
4.344799816608428955e-01 6.281601190567016602e-01 1.206796243786811829e-02
4.699868857860565186e-01 6.613747477531433105e-01 -9.662330150604248047e-03
3.922065794467926025e-01 5.769337415695190430e-01 7.199201732873916626e-02
4.823437333106994629e-01 3.797909617424011230e-01 7.025112863630056381e-03
4.988270699977874756e-01 4.250209331512451172e-01 -2.842938899993896484e-02
4.949260056018829346e-01 6.674966216087341309e-01 -1.096395961940288544e-02
4.506175816059112549e-01 6.607129573822021484e-01 1.205706782639026642e-02
3.798565268516540527e-01 4.897917211055755615e-01 6.634906679391860962e-02
4.792903959751129150e-01 5.725918412208557129e-01 -1.931386068463325500e-02
4.767737984657287598e-01 5.759413242340087891e-01 -2.148007228970527649e-02
4.742912054061889648e-01 5.810316801071166992e-01 -2.379859052598476410e-02
4.722625613212585449e-01 5.874060988426208496e-01 -2.262808009982109070e-02
4.689914882183074951e-01 6.009469628334045410e-01 -1.488114893436431885e-02
4.616962671279907227e-01 5.560358166694641113e-01 -1.131926849484443665e-02
4.592261910438537598e-01 5.547639727592468262e-01 -1.157778408378362656e-02
4.572090506553649902e-01 5.531577467918395996e-01 -1.177424564957618713e-02
4.482668638229370117e-01 5.423846244812011719e-01 -1.003069430589675903e-02
4.073423743247985840e-01 4.958005249500274658e-01 1.055869553238153458e-02
4.996345937252044678e-01 4.078061580657958984e-01 -1.741533912718296051e-02
4.951608777046203613e-01 3.725261092185974121e-01 2.237303182482719421e-03
4.876765012741088867e-01 3.737170696258544922e-01 5.694538354873657227e-03
4.638358056545257568e-01 5.567744970321655273e-01 -1.029326394200325012e-02
4.023841619491577148e-01 5.366250276565551758e-01 2.603573910892009735e-02
5.060685873031616211e-01 3.730489611625671387e-01 -1.122844964265823364e-02
4.609570503234863281e-01 6.152799725532531738e-01 -9.395647794008255005e-03
5.177912712097167969e-01 4.329261183738708496e-01 -4.769010841846466064e-02
5.078712105751037598e-01 4.173572063446044922e-01 -3.486554324626922607e-02
5.187075138092041016e-01 4.155030846595764160e-01 -3.664647787809371948e-02
4.887095093727111816e-01 4.509604871273040771e-01 -2.965970896184444427e-02
4.964871108531951904e-01 6.510654687881469727e-01 -1.651767827570438385e-02
4.981091022491455078e-01 6.312170028686523438e-01 -1.597722619771957397e-02
4.787243008613586426e-01 6.271499395370483398e-01 -1.480579189956188202e-02
4.371736943721771240e-01 5.800173878669738770e-01 1.145027345046401024e-03
4.606836438179016113e-01 4.929708242416381836e-01 -1.176399178802967072e-02
4.473782777786254883e-01 5.998159646987915039e-01 -3.836446674540638924e-03
4.343533515930175781e-01 4.851865768432617188e-01 -9.085720404982566833e-03
4.483746886253356934e-01 5.075100660324096680e-01 -1.104324031621217728e-02
4.222974181175231934e-01 5.109566450119018555e-01 -1.498416531831026077e-03
4.732126593589782715e-01 6.456285119056701660e-01 -1.479393057525157928e-02
4.807187616825103760e-01 4.600161015987396240e-01 -2.244279906153678894e-02
4.261632561683654785e-01 5.913476347923278809e-01 1.068095676600933075e-02
4.395585656166076660e-01 6.119261980056762695e-01 3.902120050042867661e-03
4.302846789360046387e-01 5.572910904884338379e-01 1.906686229631304741e-03
3.926743865013122559e-01 5.137417316436767578e-01 3.557433187961578369e-02
4.154707789421081543e-01 5.577791929244995117e-01 1.195485237985849380e-02
3.840838074684143066e-01 5.259791016578674316e-01 6.070166453719139099e-02
4.374782443046569824e-01 5.275878310203552246e-01 -6.670691072940826416e-03
4.902569055557250977e-01 4.355145394802093506e-01 -2.165985666215419769e-02
4.882193207740783691e-01 4.849359095096588135e-01 -4.685488343238830566e-02
4.806742966175079346e-01 4.885412454605102539e-01 -3.508191928267478943e-02
4.940461516380310059e-01 4.739652276039123535e-01 -5.418319255113601685e-02
4.878822565078735352e-01 3.528620600700378418e-01 -1.573669607751071453e-03
4.702097475528717041e-01 3.371922373771667480e-01 -4.238205961883068085e-03
4.538962841033935547e-01 3.326289057731628418e-01 -4.461443051695823669e-03
4.395521283149719238e-01 3.350830972194671631e-01 -1.037135836668312550e-03
4.287562370300292969e-01 3.428409695625305176e-01 4.911282099783420563e-03
4.182953238487243652e-01 3.744835853576660156e-01 2.097881957888603210e-02
3.788180947303771973e-01 4.147582054138183594e-01 6.769251823425292969e-02
4.242147207260131836e-01 4.013181924819946289e-01 1.174996327608823776e-02
4.353175163269042969e-01 4.085644483566284180e-01 5.681294016540050507e-03
4.506871700286865234e-01 4.113022089004516602e-01 1.986491493880748749e-03
4.658792614936828613e-01 4.095338284969329834e-01 6.853755912743508816e-04
4.782399535179138184e-01 4.050465524196624756e-01 1.713590463623404503e-03
4.870655536651611328e-01 4.003889262676239014e-01 1.672270358540117741e-03
3.747454285621643066e-01 4.141111671924591064e-01 1.093913465738296509e-01
4.800597131252288818e-01 4.932867586612701416e-01 -2.957792393863201141e-02
4.980081319808959961e-01 4.404971599578857422e-01 -3.783849254250526428e-02
4.961109757423400879e-01 4.868617355823516846e-01 -5.500223115086555481e-02
5.009638667106628418e-01 4.961824417114257812e-01 -5.016410350799560547e-02
4.956769645214080811e-01 4.898170828819274902e-01 -4.961958900094032288e-02
4.823633730411529541e-01 4.988110959529876709e-01 -2.562662959098815918e-02
5.031188130378723145e-01 4.979749917984008789e-01 -5.304623767733573914e-02
5.034742355346679688e-01 5.020260810852050781e-01 -3.980566188693046570e-02
4.890432953834533691e-01 3.866740465164184570e-01 7.633106783032417297e-03
4.946096539497375488e-01 3.915389776229858398e-01 1.323554897680878639e-03
4.982989728450775146e-01 3.947528600692749023e-01 -6.211361382156610489e-03
4.354652166366577148e-01 3.691891431808471680e-01 1.034477446228265762e-02
4.284169077873229980e-01 3.593740761280059814e-01 1.045113895088434219e-02
5.269967317581176758e-01 4.368876218795776367e-01 -4.306607320904731750e-02
5.973523855209350586e-01 3.986521065235137939e-01 2.310909703373908997e-02
5.218870639801025391e-01 5.022245645523071289e-01 -3.877651318907737732e-02
6.369280815124511719e-01 3.468946814537048340e-01 8.187665045261383057e-02
5.632498264312744141e-01 4.102564454078674316e-01 8.962830528616905212e-03
5.743643641471862793e-01 4.136677682399749756e-01 1.060267724096775055e-02
5.850887298583984375e-01 4.146236777305603027e-01 1.452154479920864105e-02
6.002554297447204590e-01 4.051438868045806885e-01 2.491822652518749237e-02
5.542589426040649414e-01 4.044832587242126465e-01 9.778601117432117462e-03
5.861995816230773926e-01 3.569346964359283447e-01 7.420554291456937790e-03
5.725056529045104980e-01 3.581728935241699219e-01 6.506588775664567947e-03
5.979291200637817383e-01 3.617399930953979492e-01 1.170075684785842896e-02
6.045182943344116211e-01 3.708958625793457031e-01 1.642332039773464203e-02
6.067860126495361328e-01 4.186671674251556396e-01 3.079161606729030609e-02
5.395588278770446777e-01 6.422311067581176758e-01 -1.039652343024499714e-04
6.019012928009033203e-01 3.925706148147583008e-01 2.716287598013877869e-02
6.383816599845886230e-01 4.196616113185882568e-01 8.348699659109115601e-02
6.195435523986816406e-01 4.069960117340087891e-01 4.341762512922286987e-02
5.672690868377685547e-01 4.858795106410980225e-01 -3.876254661008715630e-03
5.196585655212402344e-01 5.464316010475158691e-01 -3.120496310293674469e-02
5.167258381843566895e-01 5.576035380363464355e-01 -2.614273689687252045e-02
5.326362252235412598e-01 5.528047680854797363e-01 -2.347798459231853485e-02
5.405122041702270508e-01 5.597984194755554199e-01 -1.442906912416219711e-02
5.270897746086120605e-01 5.601317882537841797e-01 -2.072590775787830353e-02
5.347049832344055176e-01 5.637212991714477539e-01 -1.246979273855686188e-02
5.520150065422058105e-01 5.901939272880554199e-01 2.808215562254190445e-03
5.227661132812500000e-01 4.930271208286285400e-01 -5.879035592079162598e-02
5.260026454925537109e-01 4.764189720153808594e-01 -6.185525283217430115e-02
6.197624802589416504e-01 3.577762544155120850e-01 2.201699465513229370e-02
5.482048392295837402e-01 4.395764172077178955e-01 -5.214882548898458481e-03
5.463929772377014160e-01 4.927992820739746094e-01 -2.909760549664497375e-02
5.478767752647399902e-01 4.838494360446929932e-01 -2.553624846041202545e-02
5.997995138168334961e-01 4.888038039207458496e-01 1.306830532848834991e-02
5.267610549926757812e-01 4.551310241222381592e-01 -5.446624383330345154e-02
5.986154079437255859e-01 3.344190716743469238e-01 1.519615296274423599e-03
6.121145486831665039e-01 3.424936234951019287e-01 1.134635694324970245e-02
6.296315193176269531e-01 3.159906268119812012e-01 5.977648869156837463e-02
5.483016967773437500e-01 3.475382328033447266e-01 -1.175635866820812225e-02
5.600615143775939941e-01 3.660933077335357666e-01 8.873588405549526215e-03
5.616402029991149902e-01 5.753124952316284180e-01 6.573307327926158905e-03
6.123824715614318848e-01 5.751703977584838867e-01 1.075282394886016846e-01
5.368562340736389160e-01 5.012094974517822266e-01 -2.584644779562950134e-02
5.281547307968139648e-01 5.048780441284179688e-01 -2.786498889327049255e-02
5.482388734817504883e-01 5.737499594688415527e-01 4.738541785627603531e-03
5.452758669853210449e-01 5.730371475219726562e-01 1.112594734877347946e-03
6.183040738105773926e-01 3.331937491893768311e-01 1.729327626526355743e-02
5.456396341323852539e-01 5.005151629447937012e-01 -2.317104116082191467e-02
5.784283876419067383e-01 3.348637819290161133e-01 -6.535048596560955048e-03
5.818223953247070312e-01 3.223136067390441895e-01 -8.317957632243633270e-03
5.923010706901550293e-01 2.710810601711273193e-01 1.452401839196681976e-02
6.228341460227966309e-01 3.291893005371093750e-01 3.544263541698455811e-02
5.847714543342590332e-01 2.992219030857086182e-01 2.489155856892466545e-03
6.258826851844787598e-01 3.524886965751647949e-01 3.233267366886138916e-02
6.309573650360107422e-01 3.547776937484741211e-01 5.546249821782112122e-02
5.184364914894104004e-01 5.527570247650146484e-01 -2.989185415208339691e-02
5.298449993133544922e-01 5.569894313812255859e-01 -2.263431437313556671e-02
5.377267003059387207e-01 5.619704723358154297e-01 -1.442729867994785309e-02
5.339323282241821289e-01 5.039532184600830078e-01 -2.367549948394298553e-02
5.467408895492553711e-01 5.734239816665649414e-01 2.770480001345276833e-03
5.419223308563232422e-01 5.794681906700134277e-01 -4.805815406143665314e-03
5.437577366828918457e-01 5.726959705352783203e-01 7.018504547886550426e-04
5.332199335098266602e-01 4.947250485420227051e-01 -4.118726775050163269e-02
5.322909951210021973e-01 5.644105672836303711e-01 -1.086806971579790115e-02
5.248043537139892578e-01 5.616263747215270996e-01 -1.654579490423202515e-02
5.152342915534973145e-01 5.599220395088195801e-01 -2.141275256872177124e-02
5.146590471267700195e-01 6.151421666145324707e-01 -1.460635941475629807e-02
5.153350234031677246e-01 5.998208522796630859e-01 -2.425658330321311951e-02
5.152850151062011719e-01 5.922419428825378418e-01 -2.512394078075885773e-02
5.147640705108642578e-01 5.853135585784912109e-01 -2.229479886591434479e-02
5.136921405792236328e-01 5.801478624343872070e-01 -2.044320851564407349e-02
5.310417413711547852e-01 5.780892372131347656e-01 -1.001778896898031235e-02
5.333805680274963379e-01 5.807536840438842773e-01 -1.197047717869281769e-02
5.359232425689697266e-01 5.847537517547607422e-01 -1.377060823142528534e-02
5.378434062004089355e-01 5.893602371215820312e-01 -1.178051065653562546e-02
5.526801943778991699e-01 5.451930165290832520e-01 -1.009991299360990524e-02
6.305411458015441895e-01 4.930109977722167969e-01 1.272874027490615845e-01
5.367603898048400879e-01 5.761104226112365723e-01 -3.655483713373541832e-03
5.393905639648437500e-01 5.775135755538940430e-01 -4.978026729077100754e-03
5.244827270507812500e-01 5.109074711799621582e-01 -2.871878817677497864e-02
5.408321022987365723e-01 5.098933577537536621e-01 -1.593050546944141388e-02
5.262525677680969238e-01 5.080128312110900879e-01 -2.851468138396739960e-02
5.587859749794006348e-01 4.512552618980407715e-01 -8.949249750003218651e-04
5.761681795120239258e-01 4.653211534023284912e-01 3.283553523942828178e-03
5.486995577812194824e-01 4.918206930160522461e-01 -1.928699947893619537e-02
6.160581707954406738e-01 2.902691066265106201e-01 3.581308573484420776e-02
6.084983944892883301e-01 3.101546168327331543e-01 1.817858219146728516e-02
6.035941243171691895e-01 3.227322995662689209e-01 4.004597663879394531e-03
5.423064231872558594e-01 6.006093025207519531e-01 -3.773502074182033539e-03
5.546303987503051758e-01 3.262730538845062256e-01 -1.537980325520038605e-02
5.585566759109497070e-01 2.945796847343444824e-01 -7.399999070912599564e-03
5.648142099380493164e-01 2.596278488636016846e-01 1.052172039635479450e-03
5.944472551345825195e-01 4.122774899005889893e-01 2.001033350825309753e-02
6.166918277740478516e-01 4.332111775875091553e-01 3.738172352313995361e-02
5.484266877174377441e-01 3.992403447628021240e-01 1.122263167053461075e-02
6.127461791038513184e-01 3.814045488834381104e-01 2.685029432177543640e-02
5.417465567588806152e-01 4.271351993083953857e-01 -9.462246671319007874e-03
5.412973165512084961e-01 4.852555990219116211e-01 -4.046117514371871948e-02
6.290002465248107910e-01 4.505532383918762207e-01 5.025793984532356262e-02
6.083732843399047852e-01 4.449808597564697266e-01 2.632565796375274658e-02
5.939095616340637207e-01 4.497771263122558594e-01 1.466915477067232132e-02
5.732709765434265137e-01 4.432168602943420410e-01 8.550029247999191284e-03
5.586375594139099121e-01 4.332408010959625244e-01 5.139350425451993942e-03
5.481098890304565430e-01 4.236458539962768555e-01 1.626494457013905048e-03
5.298456549644470215e-01 4.023159146308898926e-01 -2.128138951957225800e-02
6.245996356010437012e-01 4.859704077243804932e-01 4.599465057253837585e-02
6.204992532730102539e-01 3.808498978614807129e-01 3.310155868530273438e-02
5.179149508476257324e-01 5.011512041091918945e-01 -5.360750108957290649e-02
5.461053252220153809e-01 4.564519822597503662e-01 -1.071945670992136002e-02
6.392005085945129395e-01 4.184648990631103516e-01 1.218879818916320801e-01
5.405005812644958496e-01 4.136100709438323975e-01 -1.877385075204074383e-04
5.492098331451416016e-01 4.929850697517395020e-01 -8.186934515833854675e-03
6.056329011917114258e-01 3.937948942184448242e-01 2.956867963075637817e-02
5.424828529357910156e-01 4.742836952209472656e-01 -3.596993535757064819e-02
6.232281327247619629e-01 5.332741141319274902e-01 1.204207092523574829e-01
5.490346550941467285e-01 3.930566906929016113e-01 1.439868193119764328e-02
5.352445244789123535e-01 4.627217352390289307e-01 -4.727707803249359131e-02
5.883840322494506836e-01 6.119264364242553711e-01 4.496530815958976746e-02
5.858141779899597168e-01 6.303517818450927734e-01 6.487916409969329834e-02
6.327178478240966797e-01 4.909234046936035156e-01 8.677559345960617065e-02
6.031969785690307617e-01 5.915412902832031250e-01 6.039762496948242188e-02
6.351054310798645020e-01 3.849915564060211182e-01 7.291828840970993042e-02
5.404374599456787109e-01 6.584901213645935059e-01 6.064533255994319916e-03
5.158455371856689453e-01 5.048611164093017578e-01 -3.904121369123458862e-02
5.547351837158203125e-01 4.706682264804840088e-01 -6.435273680835962296e-03
6.274628639221191406e-01 4.121969938278198242e-01 5.529784411191940308e-02
5.856786966323852539e-01 4.045880138874053955e-01 1.562613621354103088e-02
5.759183764457702637e-01 4.044548869132995605e-01 1.226684544235467911e-02
5.441130995750427246e-01 5.818411707878112793e-01 -2.782638417556881905e-03
6.190615296363830566e-01 5.194432735443115234e-01 4.826734215021133423e-02
5.181468725204467773e-01 6.783314943313598633e-01 7.657739799469709396e-03
5.531158447265625000e-01 6.607754230499267578e-01 3.293402493000030518e-02
5.683404207229614258e-01 6.487075686454772949e-01 4.706047847867012024e-02
5.664563775062561035e-01 4.016221463680267334e-01 1.122127100825309753e-02
5.576382875442504883e-01 3.974614143371582031e-01 1.232888270169496536e-02
5.517897605895996094e-01 3.951183557510375977e-01 1.441627275198698044e-02
6.273334026336669922e-01 3.793929517269134521e-01 4.524512588977813721e-02
5.612483620643615723e-01 3.806822001934051514e-01 1.109261717647314072e-02
5.719650983810424805e-01 3.751875162124633789e-01 1.000182516872882843e-02
5.823822617530822754e-01 3.745668828487396240e-01 1.111537590622901917e-02
5.919903516769409180e-01 3.784677386283874512e-01 1.432382687926292419e-02
5.972395539283752441e-01 3.842568993568420410e-01 1.814125478267669678e-02
6.400429010391235352e-01 3.792376518249511719e-01 1.047235950827598572e-01
5.925082564353942871e-01 4.022697508335113525e-01 1.965968869626522064e-02
5.435281991958618164e-01 5.344680547714233398e-01 -1.669028215110301971e-02
5.373324751853942871e-01 4.983680844306945801e-01 -2.979366295039653778e-02
5.240799784660339355e-01 5.259336233139038086e-01 -2.831120043992996216e-02
5.722792148590087891e-01 6.307651996612548828e-01 3.262231498956680298e-02
5.570394992828369141e-01 6.446866989135742188e-01 1.993438974022865295e-02
5.197370052337646484e-01 6.677944064140319824e-01 -6.511894986033439636e-03
5.995655655860900879e-01 6.077494621276855469e-01 8.716100454330444336e-02
5.529958009719848633e-01 3.882584273815155029e-01 1.308702211827039719e-02
5.349799394607543945e-01 4.306360185146331787e-01 -2.559711039066314697e-02
5.370394587516784668e-01 6.712621450424194336e-01 1.818842627108097076e-02
6.257410645484924316e-01 5.277919173240661621e-01 8.349649608135223389e-02
5.233007073402404785e-01 5.794593691825866699e-01 -1.555083412677049637e-02
5.253700613975524902e-01 5.835995078086853027e-01 -1.759534701704978943e-02
5.270457267761230469e-01 5.893896818161010742e-01 -1.973923482000827789e-02
5.280584096908569336e-01 5.963883996009826660e-01 -1.844308897852897644e-02
5.300055742263793945e-01 6.095068454742431641e-01 -1.034684292972087860e-02
5.406473278999328613e-01 5.679731369018554688e-01 -5.110409576445817947e-03
5.433290004730224609e-01 5.674714446067810059e-01 -4.785607568919658661e-03
5.457326173782348633e-01 5.664815902709960938e-01 -4.604886751621961594e-03
5.590414404869079590e-01 5.592240691184997559e-01 -1.534286770038306713e-03
6.042665839195251465e-01 5.263198614120483398e-01 2.430466189980506897e-02
5.357208847999572754e-01 4.135200381278991699e-01 -1.455657649785280228e-02
5.428052544593811035e-01 3.786128163337707520e-01 5.916077177971601486e-03
5.488549470901489258e-01 3.809963762760162354e-01 1.095470227301120758e-02
5.382806658744812012e-01 5.680142641067504883e-01 -4.178705625236034393e-03
6.009948849678039551e-01 5.668367147445678711e-01 3.982219099998474121e-02
5.335888266563415527e-01 3.772483468055725098e-01 -8.932649157941341400e-03
5.352892279624938965e-01 6.254519224166870117e-01 -4.548629745841026306e-03
5.285552144050598145e-01 4.205375313758850098e-01 -3.337502852082252502e-02
5.401018261909484863e-01 4.589527249336242676e-01 -2.587021701037883759e-02
5.171987414360046387e-01 6.323626041412353516e-01 -1.256086956709623337e-02
5.622380971908569336e-01 5.982711315155029297e-01 9.713220410048961639e-03
5.572799444198608398e-01 5.076604485511779785e-01 -5.095932632684707642e-03
5.498598814010620117e-01 6.142319440841674805e-01 2.886122558265924454e-03
5.826582312583923340e-01 5.082337856292724609e-01 1.114418962970376015e-03
5.658662915229797363e-01 5.255697965621948242e-01 -2.767547033727169037e-03
5.886449217796325684e-01 5.365791320800781250e-01 1.005731429904699326e-02
5.195411443710327148e-01 6.518497467041015625e-01 -1.188765000551939011e-02
5.451607704162597656e-01 4.698427021503448486e-01 -1.770901121199131012e-02
5.706025362014770508e-01 6.119658946990966797e-01 2.026715129613876343e-02
5.553721189498901367e-01 6.279738545417785645e-01 1.128807198256254196e-02
5.726725459098815918e-01 5.787059664726257324e-01 1.222825422883033752e-02
6.129765510559082031e-01 5.476288199424743652e-01 5.097212642431259155e-02
5.860750675201416016e-01 5.832136273384094238e-01 2.368879131972789764e-02
6.167892217636108398e-01 5.616143941879272461e-01 7.717856019735336304e-02
5.717676281929016113e-01 5.482134819030761719e-01 2.975624520331621170e-03
5.402868986129760742e-01 4.433183968067169189e-01 -1.758105866611003876e-02
5.370110273361206055e-01 4.923363924026489258e-01 -4.318664968013763428e-02
5.423054695129394531e-01 4.978449344635009766e-01 -3.088101930916309357e-02
5.344304442405700684e-01 4.801383316516876221e-01 -5.142008140683174133e-02
5.542088150978088379e-01 3.612918257713317871e-01 3.439389634877443314e-03
5.744549632072448730e-01 3.499055206775665283e-01 2.966629574075341225e-03
5.911582112312316895e-01 3.490729331970214844e-01 4.953944589942693710e-03
6.035757660865783691e-01 3.550205528736114502e-01 1.037082821130752563e-02
6.108949780464172363e-01 3.654104173183441162e-01 1.765762269496917725e-02
6.113356351852416992e-01 4.001155793666839600e-01 3.457655757665634155e-02
6.372044086456298828e-01 4.551201760768890381e-01 8.588711172342300415e-02
6.004860401153564453e-01 4.256793856620788574e-01 2.432417497038841248e-02
5.888037681579589844e-01 4.297913610935211182e-01 1.668854616582393646e-02
5.742062330245971680e-01 4.271336197853088379e-01 1.112435571849346161e-02
5.606628656387329102e-01 4.206099808216094971e-01 7.975570857524871826e-03
5.505257248878479004e-01 4.133726656436920166e-01 7.252211216837167740e-03
5.436834692955017090e-01 4.069628715515136719e-01 6.187608931213617325e-03
6.351920962333679199e-01 4.553011357784271240e-01 1.286481171846389771e-01
5.413230061531066895e-01 5.024026036262512207e-01 -2.544538676738739014e-02
5.342866182327270508e-01 4.461158514022827148e-01 -3.488843888044357300e-02
5.301824808120727539e-01 4.919607639312744141e-01 -5.268960446119308472e-02
5.232291221618652344e-01 4.994538128376007080e-01 -4.881188645958900452e-02
5.293162465095520020e-01 4.949123561382293701e-01 -4.723175242543220520e-02
5.378093719482421875e-01 5.069608092308044434e-01 -2.211791090667247772e-02
5.213000774383544922e-01 5.006282329559326172e-01 -5.194177106022834778e-02
5.192949175834655762e-01 5.042964220046997070e-01 -3.889206424355506897e-02
5.449587702751159668e-01 3.930862545967102051e-01 1.230512093752622604e-02
5.389076471328735352e-01 3.968395888805389404e-01 4.928870126605033875e-03
5.353702306747436523e-01 3.995890915393829346e-01 -3.269558772444725037e-03
5.999512672424316406e-01 3.887214064598083496e-01 2.209131978452205658e-02
6.075274944305419922e-01 3.811742663383483887e-01 2.296407148241996765e-02
4.557313621044158936e-01 3.738879561424255371e-01 6.647977046668529510e-03
4.672643244266510010e-01 3.752676546573638916e-01 6.647977046668529510e-03
4.573120474815368652e-01 3.584322333335876465e-01 6.647977046668529510e-03
4.440113902091979980e-01 3.724549114704132080e-01 6.647977046668529510e-03
4.540619254112243652e-01 3.891704380512237549e-01 6.647977046668529510e-03
5.787175297737121582e-01 3.896916806697845459e-01 1.562768593430519104e-02
5.905898809432983398e-01 3.912407755851745605e-01 1.562768593430519104e-02
5.797731876373291016e-01 3.733355998992919922e-01 1.562768593430519104e-02
5.667876005172729492e-01 3.880121707916259766e-01 1.562768593430519104e-02
5.776970386505126953e-01 4.060482978820800781e-01 1.562768593430519104e-02
