5.074324607849121094e-01 5.327877402305603027e-01 -3.457449749112129211e-02
5.129831433296203613e-01 4.750666916370391846e-01 -6.055580079555511475e-02
5.100419521331787109e-01 4.933533370494842529e-01 -3.278535977005958557e-02
5.065628290176391602e-01 4.186155200004577637e-01 -4.441016539931297302e-02
5.145370960235595703e-01 4.576663970947265625e-01 -6.397274881601333618e-02
5.158097147941589355e-01 4.354941844940185547e-01 -5.873772501945495605e-02
5.182766318321228027e-01 3.824833035469055176e-01 -2.577279135584831238e-02
4.366790056228637695e-01 3.674618005752563477e-01 1.284777838736772537e-02
5.211819410324096680e-01 3.370369672775268555e-01 -1.616319082677364349e-02
5.229752063751220703e-01 3.142253756523132324e-01 -1.737889088690280914e-02
5.278501510620117188e-01 2.414946854114532471e-01 -2.304525580257177353e-03
5.070883631706237793e-01 5.377625226974487305e-01 -3.326186537742614746e-02
5.065051913261413574e-01 5.427596569061279297e-01 -2.964295074343681335e-02
5.059979557991027832e-01 5.460705161094665527e-01 -2.459325082600116730e-02
5.051846504211425781e-01 5.594809651374816895e-01 -2.362582832574844360e-02
5.049169659614562988e-01 5.677173137664794922e-01 -2.555212005972862244e-02
5.042904615402221680e-01 5.776961445808410645e-01 -2.821722626686096191e-02
5.035013556480407715e-01 5.871272683143615723e-01 -2.702974341809749603e-02
4.998602569103240967e-01 6.004903316497802734e-01 -1.699314638972282410e-02
5.117968320846557617e-01 4.842394888401031494e-01 -5.496385693550109863e-02
5.008814334869384766e-01 4.831604659557342529e-01 -4.021692648530006409e-02
3.935350179672241211e-01 3.009688556194305420e-01 6.664368510246276855e-02
4.654772877693176270e-01 3.865292370319366455e-01 2.336584962904453278e-03
4.538137614727020264e-01 3.868963718414306641e-01 2.572995843365788460e-03
4.431054592132568359e-01 3.842794299125671387e-01 5.239266902208328247e-03
4.305414259433746338e-01 3.728850185871124268e-01 1.404914446175098419e-02
4.761160016059875488e-01 3.824235498905181885e-01 4.688386339694261551e-03
4.557452797889709473e-01 3.309010863304138184e-01 -9.061334421858191490e-04
4.683916568756103516e-01 3.345372974872589111e-01 7.068098784657195210e-05
4.432970285415649414e-01 3.328074812889099121e-01 2.074551302939653397e-03
4.345014095306396484e-01 3.395365774631500244e-01 6.019437219947576523e-03
4.182030260562896729e-01 3.824992179870605469e-01 1.902313157916069031e-02
4.541766941547393799e-01 6.192410588264465332e-01 -6.228813435882329941e-03
4.332873821258544922e-01 3.621252775192260742e-01 1.647623069584369659e-02
3.817760944366455078e-01 3.720514476299285889e-01 6.800550222396850586e-02
4.055750072002410889e-01 3.676516115665435791e-01 3.034461475908756256e-02
4.535009860992431641e-01 4.558093249797821045e-01 -1.129831001162528992e-02
4.935376346111297607e-01 5.275265574455261230e-01 -3.393434733152389526e-02
4.942248165607452393e-01 5.403416156768798828e-01 -2.883277274668216705e-02
4.789915680885314941e-01 5.311878323554992676e-01 -2.835885807871818542e-02
4.692295491695404053e-01 5.359498262405395508e-01 -2.086343802511692047e-02
4.833206534385681152e-01 5.401504635810852051e-01 -2.516915276646614075e-02
4.746767580509185791e-01 5.414320230484008789e-01 -1.817737519741058350e-02
4.492779970169067383e-01 5.630295872688293457e-01 -5.135743878781795502e-03
5.035075545310974121e-01 4.734264910221099854e-01 -6.000497937202453613e-02
5.033001303672790527e-01 4.565398693084716797e-01 -6.314238905906677246e-02
4.190404713153839111e-01 3.197545111179351807e-01 9.954356588423252106e-03
4.799273014068603516e-01 4.164066910743713379e-01 -9.803019464015960693e-03
4.767053723335266113e-01 4.678715169429779053e-01 -3.384754434227943420e-02
4.759999215602874756e-01 4.590553641319274902e-01 -3.036683797836303711e-02
4.183070063591003418e-01 4.497345685958862305e-01 1.300007686950266361e-03
5.050746798515319824e-01 4.360294044017791748e-01 -5.594642087817192078e-02
4.490801692008972168e-01 3.012090921401977539e-01 -6.858909036964178085e-03
4.321731925010681152e-01 3.067612349987030029e-01 8.818841888569295406e-04
4.089889526367187500e-01 2.726235985755920410e-01 4.639771208167076111e-02
4.982273876667022705e-01 3.235430121421813965e-01 -1.417572330683469772e-02
4.788550436496734619e-01 3.439689278602600098e-01 3.727998817339539528e-03
4.422437250614166260e-01 5.455600619316101074e-01 -2.727048937231302261e-03
3.825856745243072510e-01 5.326302647590637207e-01 9.174522012472152710e-02
4.845265150070190430e-01 4.784984290599822998e-01 -2.929692715406417847e-02
4.929308593273162842e-01 4.845352470874786377e-01 -2.972084470093250275e-02
4.574466943740844727e-01 5.453967452049255371e-01 -3.506865352392196655e-03
4.607534110546112061e-01 5.455636978149414062e-01 -6.390107795596122742e-03
4.265483021736145020e-01 2.952371835708618164e-01 6.358369253575801849e-03
4.752998650074005127e-01 4.760142564773559570e-01 -2.787406183779239655e-02
4.704957306385040283e-01 3.049334287643432617e-01 -1.204275898635387421e-02
4.701036810874938965e-01 2.912366986274719238e-01 -1.387745141983032227e-02
4.606541991233825684e-01 2.400490790605545044e-01 7.372132502496242523e-03
4.168648123741149902e-01 2.873606681823730469e-01 2.367565222084522247e-02
4.653460681438446045e-01 2.692382931709289551e-01 -3.601495409384369850e-03
4.121698141098022461e-01 3.122413754463195801e-01 1.964587159454822540e-02
4.020949304103851318e-01 3.103053569793701172e-01 4.195145890116691589e-02
4.936158359050750732e-01 5.346096158027648926e-01 -3.270365297794342041e-02
4.811173379421234131e-01 5.361277461051940918e-01 -2.733027003705501556e-02
4.718401730060577393e-01 5.388888716697692871e-01 -2.046362124383449554e-02
4.867935776710510254e-01 4.821753799915313721e-01 -2.659658901393413544e-02
4.591673910617828369e-01 5.455416440963745117e-01 -4.972712602466344833e-03
4.639140665531158447e-01 5.507893562316894531e-01 -1.161350309848785400e-02
4.623703658580780029e-01 5.455963015556335449e-01 -6.604110356420278549e-03
4.907608330249786377e-01 4.723424017429351807e-01 -4.449622705578804016e-02
4.767271280288696289e-01 5.429805517196655273e-01 -1.630173251032829285e-02
4.850309491157531738e-01 5.425205230712890625e-01 -2.077069319784641266e-02
4.949010014533996582e-01 5.436412692070007324e-01 -2.412919886410236359e-02
4.845499098300933838e-01 5.975472927093505859e-01 -1.724802516400814056e-02
4.878050088882446289e-01 5.826022028923034668e-01 -2.706188336014747620e-02
4.895971119403839111e-01 5.734207630157470703e-01 -2.797516249120235443e-02
4.917615056037902832e-01 5.636723041534423828e-01 -2.505217492580413818e-02
4.938569664955139160e-01 5.563994646072387695e-01 -2.311642467975616455e-02
4.762164354324340820e-01 5.498198270797729492e-01 -1.544142793864011765e-02
4.730282425880432129e-01 5.529509782791137695e-01 -1.741042360663414001e-02
4.693633913993835449e-01 5.572102665901184082e-01 -1.949841901659965515e-02
4.661489725112915039e-01 5.618866682052612305e-01 -1.782323233783245087e-02
4.585182070732116699e-01 5.180662274360656738e-01 -1.719364523887634277e-02
3.736382126808166504e-01 4.461075663566589355e-01 1.105270832777023315e-01
5.109298825263977051e-01 4.884980916976928711e-01 -4.034996405243873596e-02
4.700859189033508301e-01 5.476458668708801270e-01 -1.021936908364295959e-02
4.670836925506591797e-01 5.490830540657043457e-01 -1.152991410344839096e-02
4.956327378749847412e-01 4.915153980255126953e-01 -3.071392513811588287e-02
4.780217111110687256e-01 4.867845773696899414e-01 -1.978066563606262207e-02
4.943672716617584229e-01 4.880942404270172119e-01 -3.036143444478511810e-02
4.667714238166809082e-01 4.248507022857666016e-01 -7.108198478817939758e-03
4.468419849872589111e-01 4.334800839424133301e-01 -5.021712742745876312e-03
4.732596278190612793e-01 4.668317437171936035e-01 -2.432171069085597992e-02
4.303969740867614746e-01 2.514469623565673828e-01 2.512598410248756409e-02
4.370003044605255127e-01 2.727479338645935059e-01 8.867724798619747162e-03
4.461832344532012939e-01 2.880255579948425293e-01 -4.646524786949157715e-03
4.580444693565368652e-01 5.760519504547119141e-01 -1.057515200227499008e-02
4.973751008510589600e-01 3.002122044563293457e-01 -1.781083270907402039e-02
4.938224852085113525e-01 2.729109227657318115e-01 -1.005509868264198303e-02
4.920199513435363770e-01 2.376241236925125122e-01 -1.948429620824754238e-03
4.347007274627685547e-01 3.798074126243591309e-01 9.741251356899738312e-03
4.034221470355987549e-01 3.931928277015686035e-01 2.429219149053096771e-02
4.834848940372467041e-01 3.779985010623931885e-01 6.789131090044975281e-03
4.214484095573425293e-01 3.460320532321929932e-01 1.509044691920280457e-02
4.890966713428497314e-01 4.060377776622772217e-01 -1.295914780348539352e-02
4.842612743377685547e-01 4.611891210079193115e-01 -4.431483149528503418e-02
3.904798626899719238e-01 4.044953286647796631e-01 3.549955412745475769e-02
4.107167422771453857e-01 4.062016010284423828e-01 1.375621836632490158e-02
4.256761670112609863e-01 4.142569005489349365e-01 3.820600453764200211e-03
4.484612345695495605e-01 4.138948917388916016e-01 2.555035753175616264e-04
4.655023217201232910e-01 4.085507690906524658e-01 -1.185059547424316406e-03
4.789292514324188232e-01 4.015281796455383301e-01 -3.014521207660436630e-03
5.068094730377197266e-01 3.850694000720977783e-01 -2.229416556656360626e-02
3.904308974742889404e-01 4.404080212116241455e-01 3.096042573451995850e-02
4.116121828556060791e-01 3.419804871082305908e-01 2.033746801316738129e-02
5.061765313148498535e-01 4.828844666481018066e-01 -5.466157943010330200e-02
4.801947474479675293e-01 4.331445693969726562e-01 -1.535697001963853836e-02
3.762763738632202148e-01 3.708623051643371582e-01 1.048023179173469543e-01
4.895116984844207764e-01 3.929917812347412109e-01 -3.646224504336714745e-03
4.715678095817565918e-01 4.681145548820495605e-01 -1.332807913422584534e-02
4.274391531944274902e-01 3.614889085292816162e-01 1.831792481243610382e-02
4.840414524078369141e-01 4.506621062755584717e-01 -3.983468189835548401e-02
3.763139247894287109e-01 4.879872202873229980e-01 1.041656434535980225e-01
4.848322868347167969e-01 3.719433844089508057e-01 9.817680343985557556e-03
4.944092035293579102e-01 4.411436617374420166e-01 -4.999711364507675171e-02
4.064473509788513184e-01 5.761122107505798340e-01 3.293488919734954834e-02
4.042165279388427734e-01 5.958688855171203613e-01 5.223968625068664551e-02
3.774541616439819336e-01 4.435166418552398682e-01 7.079763710498809814e-02
3.939573168754577637e-01 5.514221191406250000e-01 4.665381088852882385e-02
3.915347456932067871e-01 3.389154076576232910e-01 5.830596387386322021e-02
4.499610364437103271e-01 6.360977292060852051e-01 -5.309516564011573792e-04
5.066070556640625000e-01 4.873182773590087891e-01 -3.980109468102455139e-02
4.686512053012847900e-01 4.446912109851837158e-01 -1.219373289495706558e-02
3.939778804779052734e-01 3.702930808067321777e-01 4.106049239635467529e-02
4.460880160331726074e-01 3.748382925987243652e-01 6.543116644024848938e-03
4.551770389080047607e-01 3.777032494544982910e-01 4.301496315747499466e-03
4.608770906925201416e-01 5.527675747871398926e-01 -9.943407028913497925e-03
3.908684551715850830e-01 4.748794436454772949e-01 3.336108848452568054e-02
4.694875180721282959e-01 6.622061729431152344e-01 3.696324303746223450e-03
4.347216486930847168e-01 6.360783576965332031e-01 2.430209703743457794e-02
4.203040003776550293e-01 6.196920275688171387e-01 3.644292429089546204e-02
5.254861712455749512e-01 2.783920764923095703e-01 -1.067847013473510742e-02
4.944141805171966553e-01 6.682387590408325195e-01 1.889139530248939991e-03
4.649060964584350586e-01 3.775222301483154297e-01 4.545282106846570969e-03
4.745493531227111816e-01 3.751561641693115234e-01 6.758627947419881821e-03
4.811622202396392822e-01 3.736009001731872559e-01 9.506216272711753845e-03
4.025276303291320801e-01 3.382670879364013672e-01 3.158393874764442444e-02
4.756070673465728760e-01 3.590672612190246582e-01 5.290882196277379990e-03
4.659553766250610352e-01 3.535910546779632568e-01 3.077981760725378990e-03
4.562633335590362549e-01 3.519493341445922852e-01 3.000339725986123085e-03
4.464836716651916504e-01 3.535220921039581299e-01 5.090258549898862839e-03
4.401383996009826660e-01 3.568038642406463623e-01 8.193016052246093750e-03
3.831378221511840820e-01 3.321536779403686523e-01 8.835592865943908691e-02
4.404098689556121826e-01 3.711065649986267090e-01 9.874118492007255554e-03
5.085484981536865234e-01 5.073149204254150391e-01 -3.075585886836051941e-02
4.707272052764892578e-01 5.100402235984802246e-01 -2.216666005551815033e-02
4.849637150764465332e-01 4.752251505851745605e-01 -3.319800645112991333e-02
4.929990172386169434e-01 5.065969824790954590e-01 -3.080257214605808258e-02
5.194252729415893555e-01 3.606894910335540771e-01 -1.669402234256267548e-02
4.202115833759307861e-01 5.996404886245727539e-01 2.248243056237697601e-02
4.342717528343200684e-01 6.179800629615783691e-01 1.163284666836261749e-02
4.703027009963989258e-01 6.501911878585815430e-01 -1.062831468880176544e-02
3.923715353012084961e-01 5.689606666564941406e-01 7.272871583700180054e-02
4.821704328060150146e-01 3.666961789131164551e-01 8.007752709090709686e-03
4.975272119045257568e-01 4.107320308685302734e-01 -2.787885442376136780e-02
4.954327046871185303e-01 6.560944318771362305e-01 -1.219340879470109940e-02
4.505716860294342041e-01 6.507831811904907227e-01 1.163033023476600647e-02
3.793359398841857910e-01 4.817448258399963379e-01 6.776852160692214966e-02
4.841994345188140869e-01 5.528674721717834473e-01 -1.980491541326045990e-02
4.810343682765960693e-01 5.581503510475158691e-01 -2.197051607072353363e-02
4.778109788894653320e-01 5.653107166290283203e-01 -2.439196407794952393e-02
4.751841425895690918e-01 5.733402967453002930e-01 -2.328530140221118927e-02
4.695501923561096191e-01 5.881225466728210449e-01 -1.556251849979162216e-02
4.674603641033172607e-01 5.433543920516967773e-01 -1.181825250387191772e-02
4.645822346210479736e-01 5.420563220977783203e-01 -1.203432306647300720e-02
4.621046185493469238e-01 5.403794646263122559e-01 -1.215558499097824097e-02
4.485809803009033203e-01 5.302587747573852539e-01 -1.023255567997694016e-02
4.067556560039520264e-01 4.854293167591094971e-01 1.145868282765150070e-02
4.981688559055328369e-01 3.942606449127197266e-01 -1.672944240272045135e-02
4.945643246173858643e-01 3.582094311714172363e-01 3.075490240007638931e-03
4.872632026672363281e-01 3.600313067436218262e-01 6.631843280047178268e-03
4.698497653007507324e-01 5.441914200782775879e-01 -1.080382894724607468e-02
4.021297991275787354e-01 5.268832445144653320e-01 2.670630253851413727e-02
5.053022503852844238e-01 3.580205142498016357e-01 -1.044190302491188049e-02
4.614173769950866699e-01 6.031545400619506836e-01 -1.009440142661333084e-02
5.166419744491577148e-01 4.173369705677032471e-01 -4.743897542357444763e-02
5.065091252326965332e-01 4.027032256126403809e-01 -3.432713449001312256e-02
5.173962116241455078e-01 4.005744755268096924e-01 -3.620175644755363464e-02
4.876736700534820557e-01 4.366433620452880859e-01 -2.925408631563186646e-02
4.969279468059539795e-01 6.387926340103149414e-01 -1.763332635164260864e-02
4.984864890575408936e-01 6.183232069015502930e-01 -1.696559600532054901e-02
4.792415499687194824e-01 6.144788861274719238e-01 -1.564376614987850189e-02
4.373224675655364990e-01 5.686371326446533203e-01 7.737340056337416172e-04
4.603204429149627686e-01 4.801446199417114258e-01 -1.149149797856807709e-02
4.476737678050994873e-01 5.881562829017639160e-01 -4.404228180646896362e-03
4.337093532085418701e-01 4.732800424098968506e-01 -8.449000306427478790e-03
4.481519460678100586e-01 4.950374662876129150e-01 -1.086219027638435364e-02
4.218889772891998291e-01 4.996903538703918457e-01 -9.852172806859016418e-04
4.736751317977905273e-01 6.335382461547851562e-01 -1.568441465497016907e-02
4.797753393650054932e-01 4.463033080101013184e-01 -2.205993235111236572e-02
4.260208010673522949e-01 5.806847214698791504e-01 1.047935709357261658e-02
4.395881295204162598e-01 6.009985208511352539e-01 3.420762019231915474e-03
4.303039312362670898e-01 5.460636019706726074e-01 1.873750938102602959e-03
3.923040926456451416e-01 5.045458674430847168e-01 3.653929382562637329e-02
4.152331650257110596e-01 5.473590493202209473e-01 1.218699384480714798e-02
3.838203847408294678e-01 5.177157521247863770e-01 6.179977208375930786e-02
4.374489188194274902e-01 5.157959461212158203e-01 -6.535917520523071289e-03
4.890792965888977051e-01 4.216933846473693848e-01 -2.112971432507038116e-02
4.875663816928863525e-01 4.690368473529815674e-01 -4.672149196267127991e-02
4.801083505153656006e-01 4.736125469207763672e-01 -3.494434058666229248e-02
4.932253658771514893e-01 4.577982425689697266e-01 -5.402858927845954895e-02
4.870687425136566162e-01 3.384783267974853516e-01 -5.881488323211669922e-04
4.693892300128936768e-01 3.236806392669677734e-01 -3.018510760739445686e-03
4.532598853111267090e-01 3.197908997535705566e-01 -3.090738086029887199e-03
4.390004277229309082e-01 3.227528631687164307e-01 5.122948787175118923e-04
4.282437562942504883e-01 3.310043811798095703e-01 6.602262146770954132e-03
4.177346229553222656e-01 3.643498420715332031e-01 2.261682786047458649e-02
3.776797056198120117e-01 4.070526659488677979e-01 6.965564191341400146e-02
4.239382147789001465e-01 3.906075954437255859e-01 1.309319026768207550e-02
4.350963234901428223e-01 3.969914317131042480e-01 6.868177093565464020e-03
4.505355060100555420e-01 3.989638686180114746e-01 3.006392158567905426e-03
4.656813442707061768e-01 3.966444134712219238e-01 1.526099629700183868e-03
4.780100286006927490e-01 3.916212916374206543e-01 2.517531625926494598e-03
4.868227839469909668e-01 3.864966630935668945e-01 2.423516241833567619e-03
3.739606738090515137e-01 4.079239368438720703e-01 1.114023327827453613e-01
4.796172380447387695e-01 4.787697196006774902e-01 -2.945449948310852051e-02
4.968699514865875244e-01 4.255969524383544922e-01 -3.742766752839088440e-02
4.955174922943115234e-01 4.703276157379150391e-01 -5.500087141990661621e-02
5.006042122840881348e-01 4.798194766044616699e-01 -5.027822777628898621e-02
4.951998591423034668e-01 4.734723567962646484e-01 -4.961604997515678406e-02
4.820812344551086426e-01 4.844899773597717285e-01 -2.557105198502540588e-02
5.026926994323730469e-01 4.814595580101013184e-01 -5.320015177130699158e-02
5.031359195709228516e-01 4.859016537666320801e-01 -3.997030109167098999e-02
4.886638224124908447e-01 3.724260330200195312e-01 8.510526269674301147e-03
4.942972958087921143e-01 3.772523999214172363e-01 2.079428173601627350e-03
4.980368912220001221e-01 3.800663948059082031e-01 -5.469018127769231796e-03
4.364162683486938477e-01 3.595249354839324951e-01 1.175349578261375427e-02
4.284532070159912109e-01 3.484130203723907471e-01 1.197698060423135757e-02
5.259190797805786133e-01 4.212733805179595947e-01 -4.292612150311470032e-02
5.960254073143005371e-01 3.862869143486022949e-01 2.287174016237258911e-02
5.211060047149658203e-01 4.859192371368408203e-01 -3.908127918839454651e-02
6.346936225891113281e-01 3.354424834251403809e-01 8.203937113285064697e-02
5.632020235061645508e-01 3.976792097091674805e-01 8.900366723537445068e-03
5.742728710174560547e-01 4.005912244319915771e-01 1.045545097440481186e-02
5.848332047462463379e-01 4.015718102455139160e-01 1.430073287338018417e-02
5.995629429817199707e-01 3.934063315391540527e-01 2.462587878108024597e-02
5.539190769195556641e-01 3.925632536411285400e-01 9.880805388092994690e-03
5.839754343032836914e-01 3.466693758964538574e-01 7.299636956304311752e-03
5.704566240310668945e-01 3.479564487934112549e-01 6.555863190442323685e-03
5.959053635597229004e-01 3.510298728942871094e-01 1.150616072118282318e-02
6.028956174850463867e-01 3.598097860813140869e-01 1.619238220155239105e-02
6.067358255386352539e-01 4.068341851234436035e-01 3.042311035096645355e-02
5.404298901557922363e-01 6.294693946838378906e-01 -1.609861617907881737e-03
6.003384590148925781e-01 3.813931345939636230e-01 2.693260274827480316e-02
6.373862028121948242e-01 4.075836241245269775e-01 8.296385407447814941e-02
6.191436648368835449e-01 3.961045145988464355e-01 4.305338114500045776e-02
5.667048096656799316e-01 4.715344905853271484e-01 -4.351124167442321777e-03
5.207914113998413086e-01 5.312792658805847168e-01 -3.206624090671539307e-02
5.175076723098754883e-01 5.436713695526123047e-01 -2.710772864520549774e-02
5.323359966278076172e-01 5.383875370025634766e-01 -2.454852312803268433e-02
5.390453934669494629e-01 5.455125570297241211e-01 -1.572511531412601471e-02
5.264390707015991211e-01 5.461705327033996582e-01 -2.186427824199199677e-02
5.328792333602905273e-01 5.495918393135070801e-01 -1.377710793167352676e-02
5.522956252098083496e-01 5.766505002975463867e-01 1.173947821371257305e-03
5.221698284149169922e-01 4.759770035743713379e-01 -5.905281379818916321e-02
5.252452492713928223e-01 4.595448672771453857e-01 -6.203744187951087952e-02
6.177446842193603516e-01 3.466119170188903809e-01 2.194490656256675720e-02
5.473315715789794922e-01 4.257732033729553223e-01 -5.219646729528903961e-03
5.458669066429138184e-01 4.772245585918426514e-01 -2.954385243356227875e-02
5.473636388778686523e-01 4.686273336410522461e-01 -2.593445777893066406e-02
5.993731021881103516e-01 4.748965203762054443e-01 1.233315933495759964e-02
5.258405804634094238e-01 4.388394653797149658e-01 -5.449687317013740540e-02
5.954395532608032227e-01 3.232694268226623535e-01 1.754838041961193085e-03
6.093838214874267578e-01 3.313343524932861328e-01 1.146107353270053864e-02
6.272869706153869629e-01 3.041807711124420166e-01 6.012536212801933289e-02
5.455264449119567871e-01 3.354086875915527344e-01 -1.117642689496278763e-02
5.583467483520507812e-01 3.555791676044464111e-01 9.027834050357341766e-03
5.618496537208557129e-01 5.617939233779907227e-01 5.011585075408220291e-03
6.138027906417846680e-01 5.639730691909790039e-01 1.064960882067680359e-01
5.362330675125122070e-01 4.855385422706604004e-01 -2.626804448664188385e-02
5.273960828781127930e-01 4.891923367977142334e-01 -2.817420847713947296e-02
5.458303093910217285e-01 5.581504106521606445e-01 3.173952456563711166e-03
5.426966547966003418e-01 5.574290752410888672e-01 -4.253728257026523352e-04
6.152667403221130371e-01 3.221119344234466553e-01 1.743388921022415161e-02
5.450870394706726074e-01 4.853811562061309814e-01 -2.364972233772277832e-02
5.751378536224365234e-01 3.233479857444763184e-01 -6.144070997834205627e-03
5.780985355377197266e-01 3.106585741043090820e-01 -7.861309684813022614e-03
5.896096229553222656e-01 2.592486143112182617e-01 1.535424496978521347e-02
6.210180521011352539e-01 3.159396052360534668e-01 3.565883636474609375e-02
5.826266407966613770e-01 2.861311435699462891e-01 3.145487047731876373e-03
6.237729191780090332e-01 3.416374325752258301e-01 3.226038441061973572e-02
6.291732192039489746e-01 3.419209718704223633e-01 5.544801428914070129e-02
5.194206237792968750e-01 5.382569432258605957e-01 -3.082537464797496796e-02
5.294238328933715820e-01 5.427777171134948730e-01 -2.376071736216545105e-02
5.361539125442504883e-01 5.477460622787475586e-01 -1.574559882283210754e-02
5.331827998161315918e-01 4.884352684020996094e-01 -2.401426248252391815e-02
5.442234873771667480e-01 5.578620433807373047e-01 1.225681626237928867e-03
5.405744910240173340e-01 5.622099041938781738e-01 -6.326407659798860550e-03
5.410449504852294922e-01 5.569784045219421387e-01 -8.078879327513277531e-04
5.326501727104187012e-01 4.781894087791442871e-01 -4.155541583895683289e-02
5.303332805633544922e-01 5.504785776138305664e-01 -1.213202904909849167e-02
5.240706205368041992e-01 5.479900836944580078e-01 -1.763349026441574097e-02
5.158846378326416016e-01 5.466719865798950195e-01 -2.232306450605392456e-02
5.149996280670166016e-01 6.014494299888610840e-01 -1.562822610139846802e-02
5.182332396507263184e-01 5.872969627380371094e-01 -2.526661194860935211e-02
5.179384350776672363e-01 5.776690840721130371e-01 -2.609130740165710449e-02
5.169530510902404785e-01 5.674208998680114746e-01 -2.317540347576141357e-02
5.154538154602050781e-01 5.596455335617065430e-01 -2.131535857915878296e-02
5.301016569137573242e-01 5.579274892807006836e-01 -1.126601547002792358e-02
5.330855846405029297e-01 5.620464086532592773e-01 -1.323781162500381470e-02
5.362359881401062012e-01 5.674678087234497070e-01 -1.512995641678571701e-02
5.387958288192749023e-01 5.731220245361328125e-01 -1.322683598846197128e-02
5.524676442146301270e-01 5.308691859245300293e-01 -1.131486520171165466e-02
6.308897733688354492e-01 4.821334481239318848e-01 1.267365515232086182e-01
5.347811579704284668e-01 5.572589039802551270e-01 -5.083739757537841797e-03
5.376890301704406738e-01 5.595990419387817383e-01 -6.440064869821071625e-03
5.238859653472900391e-01 4.952872395515441895e-01 -2.912905625998973846e-02
5.401132106781005859e-01 4.950807094573974609e-01 -1.639096252620220184e-02
5.255602002143859863e-01 4.923455417156219482e-01 -2.885335870087146759e-02
5.580784082412719727e-01 4.375534057617187500e-01 -1.056996174156665802e-03
5.755365490913391113e-01 4.514542520046234131e-01 2.958004595711827278e-03
5.482146143913269043e-01 4.769025146961212158e-01 -1.973003894090652466e-02
6.135826110839843750e-01 2.783011198043823242e-01 3.637691587209701538e-02
6.066247224807739258e-01 2.967712581157684326e-01 1.859752833843231201e-02
5.999819040298461914e-01 3.114467859268188477e-01 4.303729161620140076e-03
5.426692366600036621e-01 5.869018435478210449e-01 -5.337363108992576599e-03
5.511844158172607422e-01 3.139519095420837402e-01 -1.472277753055095673e-02
5.561832189559936523e-01 2.820371389389038086e-01 -6.495957262814044952e-03
5.619624853134155273e-01 2.482117265462875366e-01 2.156088594347238541e-03
5.939820408821105957e-01 3.995552062988281250e-01 1.973052881658077240e-02
6.171332001686096191e-01 4.213869869709014893e-01 3.684669733047485352e-02
5.477718114852905273e-01 3.875959515571594238e-01 1.138906273990869522e-02
6.116919517517089844e-01 3.702253103256225586e-01 2.663485519587993622e-02
5.407001972198486328e-01 4.132095873355865479e-01 -9.324586018919944763e-03
5.406751036643981934e-01 4.690117239952087402e-01 -4.080625995993614197e-02
6.284730434417724609e-01 4.375639557838439941e-01 4.954557493329048157e-02
6.091786026954650879e-01 4.321767091751098633e-01 2.573904953896999359e-02
5.948916077613830566e-01 4.364010095596313477e-01 1.417749933898448944e-02
5.740355849266052246e-01 4.302282929420471191e-01 8.283668197691440582e-03
5.590497851371765137e-01 4.207467138767242432e-01 5.029908381402492523e-03
5.480234026908874512e-01 4.112685322761535645e-01 1.683628419414162636e-03
5.284823775291442871e-01 3.881627321243286133e-01 -2.079926431179046631e-02
6.244334578514099121e-01 4.728058278560638428e-01 4.503002017736434937e-02
6.193724274635314941e-01 3.699057102203369141e-01 3.285472095012664795e-02
5.173028111457824707e-01 4.843965470790863037e-01 -5.389394611120223999e-02
5.453298687934875488e-01 4.421168267726898193e-01 -1.086804363876581192e-02
6.380598545074462891e-01 4.078226685523986816e-01 1.217256858944892883e-01
5.400412678718566895e-01 4.009740054607391357e-01 1.286571477976394817e-05
5.487037301063537598e-01 4.784717559814453125e-01 -8.606117218732833862e-03
6.047108173370361328e-01 3.826996088027954102e-01 2.932970970869064331e-02
5.418220758438110352e-01 4.585481882095336914e-01 -3.623149544000625610e-02
6.241632699966430664e-01 5.221864581108093262e-01 1.196767836809158325e-01
5.480315685272216797e-01 3.815529942512512207e-01 1.457150373607873917e-02
5.343990325927734375e-01 4.466247856616973877e-01 -4.742800816893577576e-02
5.900764465332031250e-01 5.995970964431762695e-01 4.335924610495567322e-02
5.879526138305664062e-01 6.188427209854125977e-01 6.361379474401473999e-02
6.329045295715332031e-01 4.786469042301177979e-01 8.577168732881546021e-02
6.046008467674255371e-01 5.792060494422912598e-01 5.885116010904312134e-02
6.335118412971496582e-01 3.726420700550079346e-01 7.265688478946685791e-02
5.416956543922424316e-01 6.465604305267333984e-01 4.481193143874406815e-03
5.152466297149658203e-01 4.885130524635314941e-01 -3.933257237076759338e-02
5.540980696678161621e-01 4.564946591854095459e-01 -6.739590782672166824e-03
6.272743344306945801e-01 4.018748402595520020e-01 5.483989790081977844e-02
5.849819183349609375e-01 3.909586668014526367e-01 1.544006727635860443e-02
5.755027532577514648e-01 3.908990621566772461e-01 1.213766261935234070e-02
5.432617664337158203e-01 5.649979710578918457e-01 -4.367202054709196091e-03
6.192769408226013184e-01 5.063201189041137695e-01 4.708884283900260925e-02
5.192496180534362793e-01 6.675097942352294922e-01 6.672261748462915421e-03
5.550451874732971191e-01 6.495159268379211426e-01 3.166327998042106628e-02
5.705459117889404297e-01 6.373353600502014160e-01 4.573690891265869141e-02
5.660894513130187988e-01 3.886669874191284180e-01 1.117807812988758087e-02
5.571332573890686035e-01 3.853484094142913818e-01 1.239565480500459671e-02
5.510532259941101074e-01 3.834791481494903564e-01 1.457230094820261002e-02
6.261673569679260254e-01 3.689541816711425781e-01 4.497173428535461426e-02
5.596950054168701172e-01 3.709048628807067871e-01 1.112952083349227905e-02
5.700938701629638672e-01 3.664146065711975098e-01 9.947834536433219910e-03
5.801620483398437500e-01 3.659218847751617432e-01 1.099020801484584808e-02
5.896810889244079590e-01 3.692459464073181152e-01 1.412887871265411377e-02
5.952019095420837402e-01 3.741906881332397461e-01 1.790883392095565796e-02
6.381165981292724609e-01 3.682008683681488037e-01 1.047464609146118164e-01
5.914682149887084961e-01 3.890663981437683105e-01 1.942869648337364197e-02
5.431946516036987305e-01 5.198323726654052734e-01 -1.761314831674098969e-02
5.367445349693298340e-01 4.824034571647644043e-01 -3.013913333415985107e-02
5.236464738845825195e-01 5.107724666595458984e-01 -2.891342155635356903e-02
5.740457177162170410e-01 6.185334324836730957e-01 3.095210157334804535e-02
5.586200356483459473e-01 6.326361894607543945e-01 1.828663796186447144e-02
5.206450223922729492e-01 6.559311151504516602e-01 -7.954246364533901215e-03
6.014070510864257812e-01 5.963292717933654785e-01 8.597337454557418823e-02
5.517902374267578125e-01 3.773034811019897461e-01 1.321787945926189423e-02
5.338808894157409668e-01 4.157940447330474854e-01 -2.541137672960758209e-02
5.385758876800537109e-01 6.601653099060058594e-01 1.703745312988758087e-02
6.263923048973083496e-01 5.155177116394042969e-01 8.229742944240570068e-02
5.237185955047607422e-01 5.588144063949584961e-01 -1.661173067986965179e-02
5.264357328414916992e-01 5.650805830955505371e-01 -1.867255195975303650e-02
5.288272500038146973e-01 5.732119083404541016e-01 -2.094680257141590118e-02
5.304340720176696777e-01 5.820901989936828613e-01 -1.974120736122131348e-02
5.303658843040466309e-01 5.957325100898742676e-01 -1.173747703433036804e-02
5.377851128578186035e-01 5.532852411270141602e-01 -6.571582984179258347e-03
5.407841205596923828e-01 5.527876615524291992e-01 -6.271627731621265411e-03
5.434877872467041016e-01 5.517842769622802734e-01 -6.095123011618852615e-03
5.590168833732604980e-01 5.453313589096069336e-01 -2.964630257338285446e-03
6.043419837951660156e-01 5.126405358314514160e-01 2.319632656872272491e-02
5.345141887664794922e-01 3.994355797767639160e-01 -1.424000598490238190e-02
5.413725376129150391e-01 3.668132424354553223e-01 6.248259916901588440e-03
5.475191473960876465e-01 3.697612881660461426e-01 1.117917057126760483e-02
5.351798534393310547e-01 5.534279942512512207e-01 -5.603345576673746109e-03
6.018021106719970703e-01 5.537701845169067383e-01 3.842188790440559387e-02
5.320463776588439941e-01 3.644748032093048096e-01 -8.427957072854042053e-03
5.358929038047790527e-01 6.121516227722167969e-01 -5.985390394926071167e-03
5.273351669311523438e-01 4.055724143981933594e-01 -3.302647918462753296e-02
5.392789244651794434e-01 4.438227415084838867e-01 -2.596343867480754852e-02
5.176525115966796875e-01 6.190837621688842773e-01 -1.375830546021461487e-02
5.630253553390502930e-01 5.849518775939941406e-01 8.081560954451560974e-03
5.568474531173706055e-01 4.932155907154083252e-01 -5.718746688216924667e-03
5.506104826927185059e-01 6.009716391563415527e-01 1.300123985856771469e-03
5.823466777801513672e-01 4.938613474369049072e-01 3.648458805400878191e-04
5.656644701957702637e-01 5.111342072486877441e-01 -3.731521544978022575e-03
5.887569189071655273e-01 5.225484371185302734e-01 8.945192210376262665e-03
5.202078819274902344e-01 6.390912532806396484e-01 -1.323677040636539459e-02
5.445236563682556152e-01 4.550852477550506592e-01 -1.794500835239887238e-02
5.718590617179870605e-01 5.990790128707885742e-01 1.861659996211528778e-02
5.564847588539123535e-01 6.152633428573608398e-01 9.687432087957859039e-03
5.732928514480590820e-01 5.652612447738647461e-01 1.068004406988620758e-02
6.135974526405334473e-01 5.347000360488891602e-01 4.963512346148490906e-02
5.870270133018493652e-01 5.700534582138061523e-01 2.217846363782882690e-02
6.178295612335205078e-01 5.493620038032531738e-01 7.576667517423629761e-02
5.718594789505004883e-01 5.342133641242980957e-01 1.722332672215998173e-03
5.393438935279846191e-01 4.287141263484954834e-01 -1.756571419537067413e-02
5.364336371421813965e-01 4.758084416389465332e-01 -4.354580864310264587e-02
5.417568087577819824e-01 4.820483922958374023e-01 -3.130393475294113159e-02
5.337209701538085938e-01 4.634169042110443115e-01 -5.169397965073585510e-02
5.522299408912658691e-01 3.499628007411956787e-01 3.734233090654015541e-03
5.721166729927062988e-01 3.388668894767761230e-01 3.194170072674751282e-03
5.887504816055297852e-01 3.379808664321899414e-01 5.060005467385053635e-03
6.014864444732666016e-01 3.436770439147949219e-01 1.034143287688493729e-02
6.092993617057800293e-01 3.540660142898559570e-01 1.756946742534637451e-02
6.107642650604248047e-01 3.891471028327941895e-01 3.429146856069564819e-02
6.368340253829956055e-01 4.429314732551574707e-01 8.507765084505081177e-02
6.006532311439514160e-01 4.132683277130126953e-01 2.395016700029373169e-02
5.890801548957824707e-01 4.168564081192016602e-01 1.638291962444782257e-02
5.745142698287963867e-01 4.143112897872924805e-01 1.092713139951229095e-02
5.608431696891784668e-01 4.082801938056945801e-01 7.881909608840942383e-03
5.503135323524475098e-01 4.014053344726562500e-01 7.348291110247373581e-03
5.431545376777648926e-01 3.949427902698516846e-01 6.373086012899875641e-03
6.348653435707092285e-01 4.446965456008911133e-01 1.282717585563659668e-01
5.407353639602661133e-01 4.869886934757232666e-01 -2.587135136127471924e-02
5.333057045936584473e-01 4.306461215019226074e-01 -3.487161174416542053e-02
5.295352935791015625e-01 4.750016331672668457e-01 -5.299799516797065735e-02
5.224851965904235840e-01 4.828300178050994873e-01 -4.910402372479438782e-02
5.286527872085571289e-01 4.781823158264160156e-01 -4.754288122057914734e-02
5.370791554450988770e-01 4.917709529399871826e-01 -2.253077551722526550e-02
5.206285119056701660e-01 4.839002788066864014e-01 -5.224125459790229797e-02
5.186050534248352051e-01 4.879714846611022949e-01 -3.918691352009773254e-02
5.440000891685485840e-01 3.814682662487030029e-01 1.254338398575782776e-02
5.380311012268066406e-01 3.847281336784362793e-01 5.237991455942392349e-03
5.345224142074584961e-01 3.868553042411804199e-01 -2.893897937610745430e-03
5.981593132019042969e-01 3.780253827571868896e-01 2.185254357755184174e-02
6.063994169235229492e-01 3.699327707290649414e-01 2.273369394242763519e-02
4.549450576305389404e-01 3.636994063854217529e-01 7.817766629159450531e-03
4.662576317787170410e-01 3.647765219211578369e-01 7.817766629159450531e-03
4.559618532657623291e-01 3.490799367427825928e-01 7.817766629159450531e-03
4.434208273887634277e-01 3.625480532646179199e-01 7.817766629159450531e-03
4.538511633872985840e-01 3.780944347381591797e-01 7.817766629159450531e-03
5.772065520286560059e-01 3.787976503372192383e-01 1.554400101304054260e-02
5.890946984291076660e-01 3.800352215766906738e-01 1.554400101304054260e-02
5.781853199005126953e-01 3.635171055793762207e-01 1.554400101304054260e-02
5.652719736099243164e-01 3.774566650390625000e-01 1.554400101304054260e-02
5.762965679168701172e-01 3.940294981002807617e-01 1.554400101304054260e-02
