5.061611533164978027e-01 5.327430963516235352e-01 -3.552039340138435364e-02
5.101723670959472656e-01 4.727384746074676514e-01 -6.076967343688011169e-02
5.075429081916809082e-01 4.907857179641723633e-01 -3.341627493500709534e-02
5.048038363456726074e-01 4.172473549842834473e-01 -4.380764812231063843e-02
5.117937326431274414e-01 4.556191563606262207e-01 -6.392497569322586060e-02
5.134033560752868652e-01 4.338612258434295654e-01 -5.844051390886306763e-02
5.169311165809631348e-01 3.818457424640655518e-01 -2.500107698142528534e-02
4.342579841613769531e-01 3.669222295284271240e-01 1.470575015991926193e-02
5.202004313468933105e-01 3.392176926136016846e-01 -1.497343834489583969e-02
5.220717787742614746e-01 3.172594308853149414e-01 -1.569478586316108704e-02
5.276318192481994629e-01 2.454623430967330933e-01 7.742622983641922474e-04
5.060549378395080566e-01 5.372483730316162109e-01 -3.441243246197700500e-02
5.056966543197631836e-01 5.418043136596679688e-01 -3.098247759044170380e-02
5.053783655166625977e-01 5.448163747787475586e-01 -2.602029964327812195e-02
5.044649243354797363e-01 5.633687973022460938e-01 -2.339653298258781433e-02
5.041409730911254883e-01 5.711145401000976562e-01 -2.531993575394153595e-02
5.034317970275878906e-01 5.806931257247924805e-01 -2.787858806550502777e-02
5.026742219924926758e-01 5.895849466323852539e-01 -2.634366601705551147e-02
4.965877234935760498e-01 6.036355495452880859e-01 -1.621801778674125671e-02
5.090430378913879395e-01 4.818413853645324707e-01 -5.535287782549858093e-02
4.984159469604492188e-01 4.806438684463500977e-01 -4.060892015695571899e-02
3.959282338619232178e-01 3.035438060760498047e-01 6.912378966808319092e-02
4.640834629535675049e-01 3.856638967990875244e-01 4.003416281193494797e-03
4.524210393428802490e-01 3.859323263168334961e-01 4.209635779261589050e-03
4.416380524635314941e-01 3.835284709930419922e-01 6.842662114650011063e-03
4.286702573299407959e-01 3.721717000007629395e-01 1.570112630724906921e-02
4.746155440807342529e-01 3.820657134056091309e-01 6.042981985956430435e-03
4.540896415710449219e-01 3.309922814369201660e-01 1.203150604851543903e-03
4.670038819313049316e-01 3.348898291587829590e-01 2.125123515725135803e-03
4.414540231227874756e-01 3.327521383762359619e-01 4.072851035743951797e-03
4.325420856475830078e-01 3.394528627395629883e-01 8.017884567379951477e-03
4.174052774906158447e-01 3.818624019622802734e-01 2.039145119488239288e-02
4.517785310745239258e-01 6.193677186965942383e-01 -5.908212158828973770e-03
4.307589530944824219e-01 3.614252805709838867e-01 1.830259151756763458e-02
3.829543292522430420e-01 3.730413615703582764e-01 6.957094371318817139e-02
4.054787755012512207e-01 3.678808212280273438e-01 3.189438953995704651e-02
4.531518220901489258e-01 4.536337852478027344e-01 -1.081534568220376968e-02
4.927079975605010986e-01 5.271689295768737793e-01 -3.459369391202926636e-02
4.939954578876495361e-01 5.392795801162719727e-01 -2.996188029646873474e-02
4.796695113182067871e-01 5.310418009757995605e-01 -2.890812233090400696e-02
4.714094996452331543e-01 5.362932682037353516e-01 -2.115068398416042328e-02
4.841892421245574951e-01 5.392682552337646484e-01 -2.604731917381286621e-02
4.768111705780029297e-01 5.411950945854187012e-01 -1.878765225410461426e-02
4.475993812084197998e-01 5.627025365829467773e-01 -5.011112429201602936e-03
5.008654594421386719e-01 4.710879027843475342e-01 -6.011214479804039001e-02
5.008578300476074219e-01 4.544794261455535889e-01 -6.297434121370315552e-02
4.188417494297027588e-01 3.211560845375061035e-01 1.201253198087215424e-02
4.795165956020355225e-01 4.148351252079010010e-01 -9.108409285545349121e-03
4.752009809017181396e-01 4.652935266494750977e-01 -3.362315148115158081e-02
4.747390449047088623e-01 4.565965831279754639e-01 -3.000529482960700989e-02
4.190089404582977295e-01 4.478228986263275146e-01 1.572908600792288780e-03
5.029350519180297852e-01 4.343412220478057861e-01 -5.552417039871215820e-02
4.484048485755920410e-01 3.024524748325347900e-01 -4.917736165225505829e-03
4.316814243793487549e-01 3.081890046596527100e-01 2.731600310653448105e-03
4.117149114608764648e-01 2.758333086967468262e-01 4.937902837991714478e-02
4.973761141300201416e-01 3.238189518451690674e-01 -1.259348541498184204e-02
4.774985015392303467e-01 3.445234298706054688e-01 5.669901613146066666e-03
4.413319528102874756e-01 5.442681312561035156e-01 -2.652581781148910522e-03
3.817703127861022949e-01 5.326402187347412109e-01 8.994383364915847778e-02
4.827902019023895264e-01 4.758070111274719238e-01 -2.923804521560668945e-02
4.908906817436218262e-01 4.817832708358764648e-01 -3.024054504930973053e-02
4.623341262340545654e-01 5.477089285850524902e-01 -3.573924303054809570e-03
4.655290842056274414e-01 5.476204156875610352e-01 -6.429673172533512115e-03
4.266296327114105225e-01 2.978225350379943848e-01 8.599556982517242432e-03
4.739042222499847412e-01 4.732549786567687988e-01 -2.780008316040039062e-02
4.696336686611175537e-01 3.057142496109008789e-01 -1.011264510452747345e-02
4.694187343120574951e-01 2.927950024604797363e-01 -1.162092853337526321e-02
4.623533487319946289e-01 2.440386414527893066e-01 1.088288519531488419e-02
4.191852211952209473e-01 2.909314632415771484e-01 2.655725181102752686e-02
4.667025208473205566e-01 2.728034853935241699e-01 -4.980039084330201149e-04
4.126069545745849609e-01 3.146213889122009277e-01 2.200252562761306763e-02
4.041856229305267334e-01 3.132573068141937256e-01 4.471035674214363098e-02
4.930921196937561035e-01 5.339203476905822754e-01 -3.358506411314010620e-02
4.818768501281738281e-01 5.356498956680297852e-01 -2.802973240613937378e-02
4.739655256271362305e-01 5.389862060546875000e-01 -2.091532200574874878e-02
4.850032627582550049e-01 4.794012904167175293e-01 -2.686832286417484283e-02
4.639878869056701660e-01 5.477359890937805176e-01 -5.064804572612047195e-03
4.676990211009979248e-01 5.529713630676269531e-01 -1.131047774106264114e-02
4.670414030551910400e-01 5.475029349327087402e-01 -6.665296386927366257e-03
4.887208640575408936e-01 4.699093103408813477e-01 -4.439108818769454956e-02
4.790525436401367188e-01 5.424446463584899902e-01 -1.700037717819213867e-02
4.860752522945404053e-01 5.413257479667663574e-01 -2.174638211727142334e-02
4.948813319206237793e-01 5.422956943511962891e-01 -2.532665058970451355e-02
4.811781644821166992e-01 6.002863049507141113e-01 -1.641022413969039917e-02
4.875637292861938477e-01 5.844035148620605469e-01 -2.622818201780319214e-02
4.893667995929718018e-01 5.759707689285278320e-01 -2.734743803739547729e-02
4.915752708911895752e-01 5.666617751121520996e-01 -2.453746646642684937e-02
4.936820566654205322e-01 5.598025918006896973e-01 -2.266155183315277100e-02
4.784791469573974609e-01 5.524119138717651367e-01 -1.494308188557624817e-02
4.753929674625396729e-01 5.552781820297241211e-01 -1.678892225027084351e-02
4.718018472194671631e-01 5.591914653778076172e-01 -1.873771473765373230e-02
4.686810970306396484e-01 5.633250474929809570e-01 -1.708311215043067932e-02
4.572009444236755371e-01 5.156502127647399902e-01 -1.727131381630897522e-02
3.738911747932434082e-01 4.466445446014404297e-01 1.100721284747123718e-01
5.083065629005432129e-01 4.860554039478302002e-01 -4.097072407603263855e-02
4.735561013221740723e-01 5.501374602317810059e-01 -9.928632527589797974e-03
4.707031250000000000e-01 5.514178872108459473e-01 -1.120364945381879807e-02
4.934459328651428223e-01 4.887370169162750244e-01 -3.114575706422328949e-02
4.765732288360595703e-01 4.838715195655822754e-01 -1.989247463643550873e-02
4.922352135181427002e-01 4.853271543979644775e-01 -3.089975751936435699e-02
4.666206836700439453e-01 4.230766296386718750e-01 -6.537695415318012238e-03
4.470877051353454590e-01 4.316151142120361328e-01 -4.688113927841186523e-03
4.720639288425445557e-01 4.642387032508850098e-01 -2.407805435359477997e-02
4.328836202621459961e-01 2.551614046096801758e-01 2.842621132731437683e-02
4.391165971755981445e-01 2.766486406326293945e-01 1.192655507475137711e-02
4.457914233207702637e-01 2.903285324573516846e-01 -2.223533811047673225e-03
4.556014537811279297e-01 5.767316818237304688e-01 -1.013077888637781143e-02
4.967738986015319824e-01 3.013827204704284668e-01 -1.576895639300346375e-02
4.942749142646789551e-01 2.760167121887207031e-01 -7.096986752003431320e-03
4.927788376808166504e-01 2.416394501924514771e-01 1.471680589020252228e-03
4.329616427421569824e-01 3.790792822837829590e-01 1.132815703749656677e-02
4.032012820243835449e-01 3.923006951808929443e-01 2.555517666041851044e-02
4.818858504295349121e-01 3.779973983764648438e-01 8.136388845741748810e-03
4.203901290893554688e-01 3.463477492332458496e-01 1.702188886702060699e-02
4.885681271553039551e-01 4.047386050224304199e-01 -1.224579568952322006e-02
4.825111627578735352e-01 4.588674902915954590e-01 -4.403281211853027344e-02
3.914617598056793213e-01 4.041587114334106445e-01 3.652054071426391602e-02
4.101235270500183105e-01 4.044975638389587402e-01 1.487689744681119919e-02
4.247413575649261475e-01 4.121316075325012207e-01 4.861356690526008606e-03
4.472618699073791504e-01 4.118411839008331299e-01 1.042754389345645905e-03
4.641359150409698486e-01 4.067861437797546387e-01 -2.975096576847136021e-04
4.774305522441864014e-01 4.002505242824554443e-01 -2.181288553401827812e-03
5.058025717735290527e-01 3.843649327754974365e-01 -2.143571339547634125e-02
3.911147117614746094e-01 4.392783939838409424e-01 3.143310919404029846e-02
4.114288091659545898e-01 3.429175317287445068e-01 2.235016971826553345e-02
5.034864544868469238e-01 4.804580807685852051e-01 -5.495323985815048218e-02
4.793720245361328125e-01 4.312469661235809326e-01 -1.478393934667110443e-02
3.776134848594665527e-01 3.723902106285095215e-01 1.058178320527076721e-01
4.879742562770843506e-01 3.921950459480285645e-01 -2.773352665826678276e-03
4.705248475074768066e-01 4.655219018459320068e-01 -1.301854196935892105e-02
4.254847764968872070e-01 3.610197901725769043e-01 2.006695047020912170e-02
4.825592637062072754e-01 4.484784007072448730e-01 -3.942352160811424255e-02
3.757867813110351562e-01 4.880638718605041504e-01 1.029581651091575623e-01
4.830513000488281250e-01 3.723395466804504395e-01 1.135597936809062958e-02
4.926384389400482178e-01 4.393012225627899170e-01 -4.956046864390373230e-02
4.055152833461761475e-01 5.753624439239501953e-01 3.236418962478637695e-02
4.026865363121032715e-01 5.958234667778015137e-01 5.051966756582260132e-02
3.775465786457061768e-01 4.433484673500061035e-01 7.099390774965286255e-02
3.935107886791229248e-01 5.507108569145202637e-01 4.577330127358436584e-02
3.931730687618255615e-01 3.407658934593200684e-01 6.050956994295120239e-02
4.471793770790100098e-01 6.365522146224975586e-01 -6.411469657905399799e-04
5.040157437324523926e-01 4.848436713218688965e-01 -4.035909101366996765e-02
4.680329859256744385e-01 4.425471425056457520e-01 -1.168758049607276917e-02
3.945617973804473877e-01 3.706637620925903320e-01 4.265831410884857178e-02
4.441939890384674072e-01 3.744108676910400391e-01 8.395123295485973358e-03
4.536026716232299805e-01 3.771333098411560059e-01 6.079910323023796082e-03
4.648002684116363525e-01 5.546585917472839355e-01 -9.742191061377525330e-03
3.912211060523986816e-01 4.734370410442352295e-01 3.323534131050109863e-02
4.661276340484619141e-01 6.637644767761230469e-01 2.868925686925649643e-03
4.319205582141876221e-01 6.365607976913452148e-01 2.325871959328651428e-02
4.180029332637786865e-01 6.197636127471923828e-01 3.513196110725402832e-02
5.249421000480651855e-01 2.813383936882019043e-01 -8.089210838079452515e-03
4.912111163139343262e-01 6.702523827552795410e-01 9.131185943260788918e-04
4.633722603321075439e-01 3.770300745964050293e-01 6.214321125298738480e-03
4.729807972908020020e-01 3.750746250152587891e-01 8.315360173583030701e-03
4.795090556144714355e-01 3.738108575344085693e-01 1.100040972232818604e-02
4.031144380569458008e-01 3.398908376693725586e-01 3.372211381793022156e-02
4.738219678401947021e-01 3.594017922878265381e-01 7.197265047580003738e-03
4.641245305538177490e-01 3.535258769989013672e-01 4.986118059605360031e-03
4.542723000049591064e-01 3.515355587005615234e-01 4.989646375179290771e-03
4.442514479160308838e-01 3.528602719306945801e-01 7.082154974341392517e-03
4.376961588859558105e-01 3.561159372329711914e-01 1.021650899201631546e-02
3.849930763244628906e-01 3.341062664985656738e-01 9.013519436120986938e-02
4.382085502147674561e-01 3.707023859024047852e-01 1.170547399669885635e-02
5.060037970542907715e-01 5.046105980873107910e-01 -3.139035031199455261e-02
4.690281748771667480e-01 5.072885751724243164e-01 -2.236741036176681519e-02
4.831705689430236816e-01 4.726277887821197510e-01 -3.315556049346923828e-02
4.906368851661682129e-01 5.036872625350952148e-01 -3.116255812346935272e-02
5.183749198913574219e-01 3.612135946750640869e-01 -1.562364958226680756e-02
4.184928834438323975e-01 5.991467237472534180e-01 2.207192406058311462e-02
4.320681691169738770e-01 6.178555488586425781e-01 1.135807763785123825e-02
4.671315550804138184e-01 6.511757373809814453e-01 -1.077801547944545746e-02
3.913384377956390381e-01 5.690241456031799316e-01 7.064321637153625488e-02
4.803528189659118652e-01 3.671854734420776367e-01 9.683474898338317871e-03
4.963950812816619873e-01 4.094554483890533447e-01 -2.714585140347480774e-02
4.920735657215118408e-01 6.574708819389343262e-01 -1.252380479127168655e-02
4.473590254783630371e-01 6.517753601074218750e-01 1.081023272126913071e-02
3.789950311183929443e-01 4.812656641006469727e-01 6.734987348318099976e-02
4.851051270961761475e-01 5.557628870010375977e-01 -1.929431222379207611e-02
4.819984138011932373e-01 5.606215000152587891e-01 -2.129633724689483643e-02
4.787535965442657471e-01 5.673670768737792969e-01 -2.350826002657413483e-02
4.760916829109191895e-01 5.746713876724243164e-01 -2.232808433473110199e-02
4.664472043514251709e-01 5.899918079376220703e-01 -1.488300133496522903e-02
4.710197746753692627e-01 5.442100167274475098e-01 -1.220831088721752167e-02
4.682000279426574707e-01 5.431458353996276855e-01 -1.231554802507162094e-02
4.658234715461730957e-01 5.416142940521240234e-01 -1.234489306807518005e-02
4.476119279861450195e-01 5.283033847808837891e-01 -1.013472210615873337e-02
4.073137640953063965e-01 4.834725558757781982e-01 1.133414637297391891e-02
4.974353313446044922e-01 3.932923078536987305e-01 -1.595814712345600128e-02
4.932587742805480957e-01 3.587228059768676758e-01 4.594430327415466309e-03
4.857475757598876953e-01 3.605674207210540771e-01 8.258016780018806458e-03
4.733164906501770020e-01 5.447023510932922363e-01 -1.121707260608673096e-02
4.021529257297515869e-01 5.253818035125732422e-01 2.630624920129776001e-02
5.041652321815490723e-01 3.582563400268554688e-01 -9.076938033103942871e-03
4.589317440986633301e-01 6.037158966064453125e-01 -9.532049298286437988e-03
5.146147012710571289e-01 4.160235822200775146e-01 -4.693982005119323730e-02
5.050947070121765137e-01 4.016129672527313232e-01 -3.355326130986213684e-02
5.157010555267333984e-01 3.995193243026733398e-01 -3.551468625664710999e-02
4.864298105239868164e-01 4.347679913043975830e-01 -2.874211594462394714e-02
4.936011731624603271e-01 6.399079561233520508e-01 -1.742400601506233215e-02
4.952297508716583252e-01 6.201417446136474609e-01 -1.633008942008018494e-02
4.762910306453704834e-01 6.158821582794189453e-01 -1.489861868321895599e-02
4.359303116798400879e-01 5.677310228347778320e-01 9.451836813241243362e-04
4.594952762126922607e-01 4.776157736778259277e-01 -1.122738327831029892e-02
4.456458687782287598e-01 5.878620147705078125e-01 -4.039869178086519241e-03
4.339074194431304932e-01 4.711605608463287354e-01 -8.083295077085494995e-03
4.476646780967712402e-01 4.927532374858856201e-01 -1.063228957355022430e-02
4.222927689552307129e-01 4.976069331169128418e-01 -6.631592987105250359e-04
4.707428812980651855e-01 6.342875361442565918e-01 -1.529610902070999146e-02
4.787005782127380371e-01 4.441307783126831055e-01 -2.160072885453701019e-02
4.246515631675720215e-01 5.797937512397766113e-01 1.041840761899948120e-02
4.376576244831085205e-01 6.005640625953674316e-01 3.535510739311575890e-03
4.296681284904479980e-01 5.445969700813293457e-01 1.969479024410247803e-03
3.923817574977874756e-01 5.030956268310546875e-01 3.607796877622604370e-02
4.148231744766235352e-01 5.459668040275573730e-01 1.212686020880937576e-02
3.834266662597656250e-01 5.170785188674926758e-01 6.090630963444709778e-02
4.372592568397521973e-01 5.137313008308410645e-01 -6.393835414201021194e-03
4.881251752376556396e-01 4.200923740863800049e-01 -2.048265933990478516e-02
4.855961203575134277e-01 4.666057527065277100e-01 -4.652468487620353699e-02
4.784260988235473633e-01 4.709877669811248779e-01 -3.486390784382820129e-02
4.911272525787353516e-01 4.556559324264526367e-01 -5.393972247838973999e-02
4.858907759189605713e-01 3.390377759933471680e-01 1.339037320576608181e-03
4.682264029979705811e-01 3.242971301078796387e-01 -1.055603614076972008e-03
4.519391357898712158e-01 3.203503191471099854e-01 -1.174099161289632320e-03
4.376887381076812744e-01 3.232482075691223145e-01 2.411110792309045792e-03
4.270001053810119629e-01 3.314237594604492188e-01 8.514525368809700012e-03
4.167720675468444824e-01 3.643480837345123291e-01 2.421792037785053253e-02
3.783266544342041016e-01 4.074089527130126953e-01 7.059798389673233032e-02
4.228517711162567139e-01 3.895102143287658691e-01 1.446425914764404297e-02
4.340237677097320557e-01 3.957294225692749023e-01 8.097816258668899536e-03
4.493183195590972900e-01 3.975471556186676025e-01 4.144377540796995163e-03
4.643588066101074219e-01 3.953882455825805664e-01 2.882496686652302742e-03
4.765475392341613770e-01 3.908275961875915527e-01 3.560791490599513054e-03
4.853152036666870117e-01 3.861223757266998291e-01 3.532640868797898293e-03
3.748847246170043945e-01 4.090707898139953613e-01 1.117422878742218018e-01
4.780272841453552246e-01 4.760076105594635010e-01 -2.946882694959640503e-02
4.953868985176086426e-01 4.240626990795135498e-01 -3.683925420045852661e-02
4.931609928607940674e-01 4.680043160915374756e-01 -5.495318025350570679e-02
4.980663955211639404e-01 4.773719310760498047e-01 -5.052719265222549438e-02
4.929148554801940918e-01 4.710955321788787842e-01 -4.962354525923728943e-02
4.804601073265075684e-01 4.816342592239379883e-01 -2.572676353156566620e-02
5.000943541526794434e-01 4.790272712707519531e-01 -5.348557978868484497e-02
5.006035566329956055e-01 4.833889901638031006e-01 -4.045846685767173767e-02
4.870294332504272461e-01 3.726968169212341309e-01 9.907503612339496613e-03
4.928426742553710938e-01 3.772641420364379883e-01 3.253765869885683060e-03
4.966183900833129883e-01 3.797772526741027832e-01 -4.603900481015443802e-03
4.338712692260742188e-01 3.588438034057617188e-01 1.366268843412399292e-02
4.265953898429870605e-01 3.482503294944763184e-01 1.393061038106679916e-02
5.237812399864196777e-01 4.199368655681610107e-01 -4.265883564949035645e-02
5.952329635620117188e-01 3.870168626308441162e-01 2.245119214057922363e-02
5.185911655426025391e-01 4.836268424987792969e-01 -3.975644335150718689e-02
6.347842216491699219e-01 3.374333679676055908e-01 8.193954080343246460e-02
5.620505809783935547e-01 3.974581956863403320e-01 9.103480726480484009e-03
5.727863907814025879e-01 4.008816778659820557e-01 1.034474931657314301e-02
5.832797884941101074e-01 4.020497202873229980e-01 1.387079246342182159e-02
5.987006425857543945e-01 3.935404121875762939e-01 2.387643977999687195e-02
5.533061027526855469e-01 3.919420242309570312e-01 1.007716450840234756e-02
5.836734771728515625e-01 3.473590016365051270e-01 7.599145639687776566e-03
5.704504251480102539e-01 3.485559225082397461e-01 7.177225314080715179e-03
5.953174829483032227e-01 3.518063426017761230e-01 1.141488552093505859e-02
6.021796464920043945e-01 3.604285418987274170e-01 1.591253466904163361e-02
6.053665280342102051e-01 4.066204428672790527e-01 2.921225875616073608e-02
5.376563668251037598e-01 6.303437948226928711e-01 -2.329122275114059448e-03
5.998481512069702148e-01 3.817217946052551270e-01 2.637278102338314056e-02
6.379939913749694824e-01 4.081684350967407227e-01 8.097423613071441650e-02
6.186867952346801758e-01 3.956053256988525391e-01 4.165245592594146729e-02
5.645717978477478027e-01 4.701208472251892090e-01 -5.347747355699539185e-03
5.197412371635437012e-01 5.307191610336303711e-01 -3.316368162631988525e-02
5.168260931968688965e-01 5.425722599029541016e-01 -2.860786952078342438e-02
5.316656231880187988e-01 5.377866625785827637e-01 -2.599551714956760406e-02
5.387081503868103027e-01 5.452426075935363770e-01 -1.720931380987167358e-02
5.261015295982360840e-01 5.450291633605957031e-01 -2.348691970109939575e-02
5.327991247177124023e-01 5.488915443420410156e-01 -1.537656784057617188e-02
5.498074293136596680e-01 5.776005983352661133e-01 -1.342340838164091110e-04
5.192978382110595703e-01 4.737370908260345459e-01 -5.938057973980903625e-02
5.224525332450866699e-01 4.575615525245666504e-01 -6.213549897074699402e-02
6.177272200584411621e-01 3.461688756942749023e-01 2.128581143915653229e-02
5.455822944641113281e-01 4.244594871997833252e-01 -5.523745436221361160e-03
5.434767603874206543e-01 4.754317998886108398e-01 -3.038848191499710083e-02
5.451303124427795410e-01 4.669232666492462158e-01 -2.667618915438652039e-02
5.974715948104858398e-01 4.738711416721343994e-01 1.028050668537616730e-02
5.233321785926818848e-01 4.372073709964752197e-01 -5.440375953912734985e-02
5.950922369956970215e-01 3.234302997589111328e-01 1.848166342824697495e-03
6.092140078544616699e-01 3.312516510486602783e-01 1.101583894342184067e-02
6.266349554061889648e-01 3.066760897636413574e-01 6.080398336052894592e-02
5.448225140571594238e-01 3.366269767284393311e-01 -1.018719095736742020e-02
5.585708022117614746e-01 3.559487462043762207e-01 9.779755026102066040e-03
5.592240095138549805e-01 5.619875192642211914e-01 3.379355184733867645e-03
6.148901581764221191e-01 5.652382373809814453e-01 1.022855117917060852e-01
5.338048934936523438e-01 4.835923910140991211e-01 -2.698053047060966492e-02
5.249909162521362305e-01 4.869900643825531006e-01 -2.905551716685295105e-02
5.457739233970642090e-01 5.598494410514831543e-01 1.602130010724067688e-03
5.426645874977111816e-01 5.588353872299194336e-01 -1.828834996558725834e-03
6.157457232475280762e-01 3.216389417648315430e-01 1.720513775944709778e-02
5.428293943405151367e-01 4.835238158702850342e-01 -2.462583221495151520e-02
5.745215415954589844e-01 3.241631090641021729e-01 -5.480446852743625641e-03
5.775887370109558105e-01 3.113086223602294922e-01 -6.938195787370204926e-03
5.883994102478027344e-01 2.626425623893737793e-01 1.755110546946525574e-02
6.195487976074218750e-01 3.186050653457641602e-01 3.574035689234733582e-02
5.808976888656616211e-01 2.890920042991638184e-01 4.675600677728652954e-03
6.243582963943481445e-01 3.409670889377593994e-01 3.167330473661422729e-02
6.283115148544311523e-01 3.440119624137878418e-01 5.499644950032234192e-02
5.185812711715698242e-01 5.374653935432434082e-01 -3.213147446513175964e-02
5.289292931556701660e-01 5.419168472290039062e-01 -2.529349364340305328e-02
5.359446406364440918e-01 5.472987294197082520e-01 -1.729415729641914368e-02
5.308485627174377441e-01 4.863944947719573975e-01 -2.492080628871917725e-02
5.441729426383972168e-01 5.594222545623779297e-01 -2.634490374475717545e-04
5.405799150466918945e-01 5.648049712181091309e-01 -7.275979500263929367e-03
5.411524772644042969e-01 5.582311153411865234e-01 -2.205416560173034668e-03
5.299353599548339844e-01 4.762052893638610840e-01 -4.216593876481056213e-02
5.302843451499938965e-01 5.494815707206726074e-01 -1.378121133893728256e-02
5.237801671028137207e-01 5.465689301490783691e-01 -1.931891217827796936e-02
5.153272747993469238e-01 5.452739596366882324e-01 -2.393340505659580231e-02
5.121530890464782715e-01 6.045750975608825684e-01 -1.510493457317352295e-02
5.172321796417236328e-01 5.902165174484252930e-01 -2.483464404940605164e-02
5.169861912727355957e-01 5.811255574226379395e-01 -2.588096447288990021e-02
5.161051154136657715e-01 5.711210966110229492e-01 -2.308778837323188782e-02
5.146921873092651367e-01 5.636518597602844238e-01 -2.125895954668521881e-02
5.297700762748718262e-01 5.611752867698669434e-01 -1.170338317751884460e-02
5.327421426773071289e-01 5.653190612792968750e-01 -1.358786132186651230e-02
5.359291434288024902e-01 5.707690715789794922e-01 -1.537557877600193024e-02
5.384688377380371094e-01 5.762463808059692383e-01 -1.356302574276924133e-02
5.498689413070678711e-01 5.297060012817382812e-01 -1.281077228486537933e-02
6.323390007019042969e-01 4.830576479434967041e-01 1.234860345721244812e-01
5.346745252609252930e-01 5.598288178443908691e-01 -5.964743904769420624e-03
5.376504063606262207e-01 5.621906518936157227e-01 -7.304421160370111465e-03
5.214307308197021484e-01 4.929392337799072266e-01 -2.993286773562431335e-02
5.379354357719421387e-01 4.931268692016601562e-01 -1.732712611556053162e-02
5.231466293334960938e-01 4.900635480880737305e-01 -2.973646856844425201e-02
5.562119483947753906e-01 4.361751675605773926e-01 -1.759206992574036121e-03
5.735497474670410156e-01 4.501410424709320068e-01 1.623687334358692169e-03
5.460502505302429199e-01 4.751891493797302246e-01 -2.060405164957046509e-02
6.124573945999145508e-01 2.812103629112243652e-01 3.778411075472831726e-02
6.048244237899780273e-01 2.997567951679229736e-01 1.939222216606140137e-02
6.000209450721740723e-01 3.114035129547119141e-01 4.742363002151250839e-03
5.402382016181945801e-01 5.886388421058654785e-01 -6.073831580579280853e-03
5.505347847938537598e-01 3.153831362724304199e-01 -1.332403067499399185e-02
5.549174547195434570e-01 2.848467826843261719e-01 -4.351459909230470657e-03
5.610976815223693848e-01 2.519600391387939453e-01 4.936414770781993866e-03
5.927368402481079102e-01 4.000060558319091797e-01 1.906169019639492035e-02
6.153496503829956055e-01 4.208357632160186768e-01 3.522677719593048096e-02
5.476084351539611816e-01 3.869415521621704102e-01 1.170051284134387970e-02
6.111857295036315918e-01 3.702473938465118408e-01 2.592543885111808777e-02
5.390103459358215332e-01 4.120346605777740479e-01 -9.400409646332263947e-03
5.380803942680358887e-01 4.671879708766937256e-01 -4.137239605188369751e-02
6.280620098114013672e-01 4.373925030231475830e-01 4.732817038893699646e-02
6.063907742500305176e-01 4.314816892147064209e-01 2.415345236659049988e-02
5.915502309799194336e-01 4.355453550815582275e-01 1.294789183884859085e-02
5.711667537689208984e-01 4.292342066764831543e-01 7.367986720055341721e-03
5.568531751632690430e-01 4.196446537971496582e-01 4.589500371366739273e-03
5.463672876358032227e-01 4.102116823196411133e-01 1.494963071309030056e-03
5.269488096237182617e-01 3.874222040176391602e-01 -2.025964669883251190e-02
6.238560080528259277e-01 4.724017381668090820e-01 4.231623187661170959e-02
6.191300749778747559e-01 3.694958090782165527e-01 3.195609524846076965e-02
5.145697593688964844e-01 4.820470809936523438e-01 -5.436425283551216125e-02
5.434905290603637695e-01 4.406769275665283203e-01 -1.130092423409223557e-02
6.394023895263671875e-01 4.089878797531127930e-01 1.199029833078384399e-01
5.386866927146911621e-01 4.002531170845031738e-01 8.175536640919744968e-05
5.466604828834533691e-01 4.767965674400329590e-01 -9.412625804543495178e-03
6.041848659515380859e-01 3.827345073223114014e-01 2.857599407434463501e-02
5.394265055656433105e-01 4.568597078323364258e-01 -3.668439015746116638e-02
6.257740259170532227e-01 5.231498479843139648e-01 1.158631443977355957e-01
5.484882593154907227e-01 3.812105059623718262e-01 1.503069140017032623e-02
5.319199562072753906e-01 4.449830651283264160e-01 -4.756982252001762390e-02
5.891673564910888672e-01 6.001641750335693359e-01 4.043702408671379089e-02
5.877295732498168945e-01 6.203872561454772949e-01 6.011056527495384216e-02
6.338176131248474121e-01 4.788676202297210693e-01 8.245474100112915039e-02
6.042466163635253906e-01 5.798060894012451172e-01 5.518895387649536133e-02
6.334194540977478027e-01 3.738724589347839355e-01 7.146338373422622681e-02
5.392259359359741211e-01 6.477610468864440918e-01 3.192395903170108795e-03
5.126474499702453613e-01 4.861257970333099365e-01 -4.000982642173767090e-02
5.521752834320068359e-01 4.549850225448608398e-01 -7.437341846525669098e-03
6.272894144058227539e-01 4.012595415115356445e-01 5.321791395545005798e-02
5.837114453315734863e-01 3.920242786407470703e-01 1.527913473546504974e-02
5.742473602294921875e-01 3.916531801223754883e-01 1.216089725494384766e-02
5.432276725769042969e-01 5.674799680709838867e-01 -5.478893872350454330e-03
6.187012195587158203e-01 5.060238242149353027e-01 4.392370581626892090e-02
5.165932178497314453e-01 6.696565747261047363e-01 5.358371417969465256e-03
5.536756515502929688e-01 6.512729525566101074e-01 2.945337444543838501e-02
5.698037743568420410e-01 6.388743519783020020e-01 4.296221584081649780e-02
5.651444196701049805e-01 3.888659775257110596e-01 1.136795990169048309e-02
5.567130446434020996e-01 3.850642442703247070e-01 1.268622744828462601e-02
5.511400103569030762e-01 3.830188810825347900e-01 1.490137632936239243e-02
6.265754699707031250e-01 3.682388663291931152e-01 4.395430907607078552e-02
5.601684451103210449e-01 3.709204196929931641e-01 1.174518838524818420e-02
5.703196525573730469e-01 3.665855526924133301e-01 1.036513876169919968e-02
5.800563693046569824e-01 3.662388026714324951e-01 1.121776830404996872e-02
5.893412828445434570e-01 3.696039915084838867e-01 1.410077977925539017e-02
5.947400331497192383e-01 3.745220601558685303e-01 1.775345951318740845e-02
6.389227509498596191e-01 3.697265088558197021e-01 1.038120165467262268e-01
5.904153585433959961e-01 3.900718688964843750e-01 1.909916661679744720e-02
5.407813787460327148e-01 5.181456804275512695e-01 -1.892640814185142517e-02
5.342305898666381836e-01 4.804760515689849854e-01 -3.086049668490886688e-02
5.211678147315979004e-01 5.083677768707275391e-01 -2.973751537501811981e-02
5.727473497390747070e-01 6.192002296447753906e-01 2.861740626394748688e-02
5.567891597747802734e-01 6.335217356681823730e-01 1.647126115858554840e-02
5.176221728324890137e-01 6.573218107223510742e-01 -8.684717118740081787e-03
6.017526388168334961e-01 5.978578925132751465e-01 8.177973330020904541e-02
5.522895455360412598e-01 3.771179318428039551e-01 1.371054816991090775e-02
5.319914817810058594e-01 4.145989716053009033e-01 -2.521743625402450562e-02
5.365563035011291504e-01 6.621810197830200195e-01 1.533340010792016983e-02
6.273043751716613770e-01 5.158628225326538086e-01 7.850669324398040771e-02
5.231691002845764160e-01 5.625669956207275391e-01 -1.680517382919788361e-02
5.258005261421203613e-01 5.687305331230163574e-01 -1.875558868050575256e-02
5.281655192375183105e-01 5.768613815307617188e-01 -2.086106501519680023e-02
5.297040343284606934e-01 5.854342579841613770e-01 -1.960458606481552124e-02
5.278898477554321289e-01 5.983568429946899414e-01 -1.187836099416017532e-02
5.379847884178161621e-01 5.534888505935668945e-01 -8.174147456884384155e-03
5.408583283424377441e-01 5.531941056251525879e-01 -7.883620448410511017e-03
5.434903502464294434e-01 5.522886514663696289e-01 -7.679595146328210831e-03
5.562692284584045410e-01 5.448141098022460938e-01 -4.558522254228591919e-03
6.026688814163208008e-01 5.119443535804748535e-01 2.059402503073215485e-02
5.328761339187622070e-01 3.984725177288055420e-01 -1.400335226207971573e-02
5.413270592689514160e-01 3.669449985027313232e-01 7.037953473627567291e-03
5.478117465972900391e-01 3.697612881660461426e-01 1.177193876355886459e-02
5.355151891708374023e-01 5.532964468002319336e-01 -7.208056747913360596e-03
6.005056500434875488e-01 5.537288188934326172e-01 3.547905758023262024e-02
5.311501026153564453e-01 3.649427890777587891e-01 -7.499186787754297256e-03
5.332211256027221680e-01 6.135097146034240723e-01 -6.326266098767518997e-03
5.255010128021240234e-01 4.044755399227142334e-01 -3.253355622291564941e-02
5.371765494346618652e-01 4.423075914382934570e-01 -2.621078863739967346e-02
5.145600438117980957e-01 6.208652853965759277e-01 -1.343624852597713470e-02
5.608071684837341309e-01 5.852172374725341797e-01 6.628258153796195984e-03
5.545565485954284668e-01 4.916138052940368652e-01 -6.769586354494094849e-03
5.482987165451049805e-01 6.017143726348876953e-01 3.893166140187531710e-04
5.799215435981750488e-01 4.927353262901306152e-01 -1.079447916708886623e-03
5.630103349685668945e-01 5.098794102668762207e-01 -5.084603093564510345e-03
5.862180590629577637e-01 5.216897130012512207e-01 7.202829234302043915e-03
5.169885158538818359e-01 6.402156352996826172e-01 -1.338514219969511032e-02
5.425024032592773438e-01 4.535228013992309570e-01 -1.846342161297798157e-02
5.699753165245056152e-01 5.993725061416625977e-01 1.675314828753471375e-02
5.542770624160766602e-01 6.158124804496765137e-01 8.390447124838829041e-03
5.709114670753479004e-01 5.651349425315856934e-01 8.867974393069744110e-03
6.130146384239196777e-01 5.346431732177734375e-01 4.629851132631301880e-02
5.851967334747314453e-01 5.700576305389404297e-01 1.995156519114971161e-02
6.183322072029113770e-01 5.498714447021484375e-01 7.165188342332839966e-02
5.690341591835021973e-01 5.334067940711975098e-01 7.213190110633149743e-05
5.374681949615478516e-01 4.273743033409118652e-01 -1.771519705653190613e-02
5.337182283401489258e-01 4.738738834857940674e-01 -4.412661120295524597e-02
5.392766594886779785e-01 4.801783859729766846e-01 -3.213705494999885559e-02
5.309900641441345215e-01 4.615214467048645020e-01 -5.215964093804359436e-02
5.521645545959472656e-01 3.506693243980407715e-01 4.673704039305448532e-03
5.717687606811523438e-01 3.396391868591308594e-01 3.794704563915729523e-03
5.881174206733703613e-01 3.387166261672973633e-01 5.224362015724182129e-03
6.007009744644165039e-01 3.443483710289001465e-01 1.006997469812631607e-02
6.086471080780029297e-01 3.544169664382934570e-01 1.703835651278495789e-02
6.102008223533630371e-01 3.888572156429290771e-01 3.323173895478248596e-02
6.376012563705444336e-01 4.432112574577331543e-01 8.236511796712875366e-02
5.987328290939331055e-01 4.130715727806091309e-01 2.289020270109176636e-02
5.867928266525268555e-01 4.166507422924041748e-01 1.552273705601692200e-02
5.724105238914489746e-01 4.139155745506286621e-01 1.033756975084543228e-02
5.592705011367797852e-01 4.075865745544433594e-01 7.856208831071853638e-03
5.493137836456298828e-01 4.005036056041717529e-01 7.338271010667085648e-03
5.424895882606506348e-01 3.941294550895690918e-01 6.595510523766279221e-03
6.362570524215698242e-01 4.457371830940246582e-01 1.257457435131072998e-01
5.383669734001159668e-01 4.850639104843139648e-01 -2.677416056394577026e-02
5.311287641525268555e-01 4.292349517345428467e-01 -3.485654294490814209e-02
5.267434716224670410e-01 4.729028344154357910e-01 -5.343360453844070435e-02
5.198665261268615723e-01 4.805771708488464355e-01 -4.963283613324165344e-02
5.259330868721008301e-01 4.761123061180114746e-01 -4.804769903421401978e-02
5.348280668258666992e-01 4.897728264331817627e-01 -2.342970110476016998e-02
5.179282426834106445e-01 4.816038608551025391e-01 -5.275772511959075928e-02
5.160449743270874023e-01 4.856321513652801514e-01 -3.985451161861419678e-02
5.442284941673278809e-01 3.810554742813110352e-01 1.300172321498394012e-02
5.376777648925781250e-01 3.842470943927764893e-01 5.699707195162773132e-03
5.334770083427429199e-01 3.865719437599182129e-01 -2.597117098048329353e-03
5.976542830467224121e-01 3.783537745475769043e-01 2.149799838662147522e-02
6.057417988777160645e-01 3.702917695045471191e-01 2.224262431263923645e-02
4.534544944763183594e-01 3.631789088249206543e-01 9.618298150599002838e-03
4.648393392562866211e-01 3.641985654830932617e-01 9.618298150599002838e-03
4.546511173248291016e-01 3.487290740013122559e-01 9.618298150599002838e-03
4.419006705284118652e-01 3.621654212474822998e-01 9.618298150599002838e-03
4.521861076354980469e-01 3.774381577968597412e-01 9.618298150599002838e-03
5.770089030265808105e-01 3.799971342086791992e-01 1.560876891016960144e-02
5.888329744338989258e-01 3.816252052783966064e-01 1.560876891016960144e-02
5.782500505447387695e-01 3.648006021976470947e-01 1.560876891016960144e-02
5.651360154151916504e-01 3.783022761344909668e-01 1.560876891016960144e-02
5.757997632026672363e-01 3.951884210109710693e-01 1.560876891016960144e-02
