5.063310265541076660e-01 5.215247273445129395e-01 -3.740634396672248840e-02
5.143389105796813965e-01 4.685354828834533691e-01 -6.275770813226699829e-02
5.112829208374023438e-01 4.870807826519012451e-01 -3.501513600349426270e-02
5.077946186065673828e-01 4.137915372848510742e-01 -4.538295790553092957e-02
5.158658027648925781e-01 4.512253403663635254e-01 -6.583010405302047729e-02
5.170658230781555176e-01 4.297188520431518555e-01 -6.005336344242095947e-02
5.192721486091613770e-01 3.789010047912597656e-01 -2.550336159765720367e-02
4.338652789592742920e-01 3.642959594726562500e-01 1.257251482456922531e-02
5.220083594322204590e-01 3.348832428455352783e-01 -1.485081575810909271e-02
5.237706303596496582e-01 3.124779164791107178e-01 -1.540467236191034317e-02
5.287817120552062988e-01 2.407044619321823120e-01 1.241823891177773476e-03
5.060737729072570801e-01 5.255167484283447266e-01 -3.650303184986114502e-02
5.057461261749267578e-01 5.293624997138977051e-01 -3.319235146045684814e-02
5.055385231971740723e-01 5.316597223281860352e-01 -2.850405313074588776e-02
5.030303001403808594e-01 5.809619426727294922e-01 -2.329616807401180267e-02
5.030700564384460449e-01 5.862444639205932617e-01 -2.545080892741680145e-02
5.028464794158935547e-01 5.927861332893371582e-01 -2.779626846313476562e-02
5.024964809417724609e-01 5.998806953430175781e-01 -2.558954432606697083e-02
5.007016658782958984e-01 6.088870763778686523e-01 -1.463485695421695709e-02
5.131154656410217285e-01 4.778900444507598877e-01 -5.731959640979766846e-02
5.022472143173217773e-01 4.772031009197235107e-01 -4.265600442886352539e-02
3.937619030475616455e-01 3.038183450698852539e-01 6.695063412189483643e-02
4.642501175403594971e-01 3.842315375804901123e-01 2.339518629014492035e-03
4.521845579147338867e-01 3.847239315509796143e-01 2.247025258839130402e-03
4.411658644676208496e-01 3.821263909339904785e-01 4.643923602998256683e-03
4.280987679958343506e-01 3.696367144584655762e-01 1.342988945543766022e-02
4.751567244529724121e-01 3.800442218780517578e-01 4.833465442061424255e-03
4.548712372779846191e-01 3.257265686988830566e-01 -4.142139514442533255e-04
4.680179357528686523e-01 3.299426436424255371e-01 8.329892880283296108e-04
4.419267773628234863e-01 3.276511430740356445e-01 2.255787607282400131e-03
4.326950311660766602e-01 3.348796963691711426e-01 6.048903800547122955e-03
4.165953993797302246e-01 3.801079094409942627e-01 1.801790483295917511e-02
4.541297852993011475e-01 6.222503781318664551e-01 -5.848655942827463150e-03
4.304164052009582520e-01 3.581205010414123535e-01 1.629630289971828461e-02
3.826140761375427246e-01 3.744126856327056885e-01 6.689465790987014771e-02
4.047451317310333252e-01 3.658121526241302490e-01 2.951008826494216919e-02
4.539236128330230713e-01 4.521518349647521973e-01 -1.324702613055706024e-02
4.902443587779998779e-01 5.173455476760864258e-01 -3.683873265981674194e-02
4.912049472332000732e-01 5.274966955184936523e-01 -3.250076249241828918e-02
4.739310741424560547e-01 5.216128230094909668e-01 -3.139248862862586975e-02
4.630747437477111816e-01 5.282822251319885254e-01 -2.332541346549987793e-02
4.785774946212768555e-01 5.289360880851745605e-01 -2.864545956254005432e-02
4.687778949737548828e-01 5.326857566833496094e-01 -2.098553627729415894e-02
4.487756490707397461e-01 5.628499388694763184e-01 -5.794649943709373474e-03
5.049371719360351562e-01 4.671351909637451172e-01 -6.233190372586250305e-02
5.048085451126098633e-01 4.504113197326660156e-01 -6.514034420251846313e-02
4.189510941505432129e-01 3.155791759490966797e-01 9.960740804672241211e-03
4.805669486522674561e-01 4.132347106933593750e-01 -1.064662635326385498e-02
4.782058000564575195e-01 4.624891579151153564e-01 -3.633540496230125427e-02
4.773962795734405518e-01 4.539991319179534912e-01 -3.263233974575996399e-02
4.185552895069122314e-01 4.473368525505065918e-01 -1.456224010325968266e-03
5.064530372619628906e-01 4.304929375648498535e-01 -5.746167898178100586e-02
4.495233893394470215e-01 2.953331470489501953e-01 -6.154934875667095184e-03
4.323420524597167969e-01 3.015803694725036621e-01 1.122547080740332603e-03
4.096903800964355469e-01 2.747641205787658691e-01 4.756927862763404846e-02
4.993388354778289795e-01 3.180832266807556152e-01 -1.305572222918272018e-02
4.786921739578247070e-01 3.402622342109680176e-01 4.617995582520961761e-03
4.423806369304656982e-01 5.426557064056396484e-01 -4.335116595029830933e-03
3.816765546798706055e-01 5.352841615676879883e-01 8.687101304531097412e-02
4.859413206577301025e-01 4.728662073612213135e-01 -3.169305622577667236e-02
4.943652153015136719e-01 4.787195026874542236e-01 -3.220873698592185974e-02
4.514299929141998291e-01 5.462019443511962891e-01 -4.967682063579559326e-03
4.548754692077636719e-01 5.462905168533325195e-01 -7.621399126946926117e-03
4.272246062755584717e-01 2.907409369945526123e-01 6.899165455251932144e-03
4.768038094043731689e-01 4.706833362579345703e-01 -3.042784705758094788e-02
4.712257683277130127e-01 2.989524602890014648e-01 -1.108214538544416428e-02
4.711852371692657471e-01 2.854164242744445801e-01 -1.265649683773517609e-02
4.618024826049804688e-01 2.405447959899902344e-01 9.866530075669288635e-03
4.177483022212982178e-01 2.885808348655700684e-01 2.491282857954502106e-02
4.665640294551849365e-01 2.688452601432800293e-01 -1.355324522592127323e-03
4.126442968845367432e-01 3.090561926364898682e-01 1.990054547786712646e-02
4.026620984077453613e-01 3.122104406356811523e-01 4.269539192318916321e-02
4.903642833232879639e-01 5.228228569030761719e-01 -3.598474338650703430e-02
4.761490523815155029e-01 5.257080197334289551e-01 -3.057106956839561462e-02
4.658077359199523926e-01 5.307120680809020996e-01 -2.310704998672008514e-02
4.882261455059051514e-01 4.764958620071411133e-01 -2.905027568340301514e-02
4.531592130661010742e-01 5.463050007820129395e-01 -6.321682594716548920e-03
4.576250314712524414e-01 5.579547882080078125e-01 -1.187259890139102936e-02
4.563605785369873047e-01 5.461785793304443359e-01 -7.777373772114515305e-03
4.920937716960906982e-01 4.666314423084259033e-01 -4.691904783248901367e-02
4.711269140243530273e-01 5.334253311157226562e-01 -1.933059096336364746e-02
4.807016849517822266e-01 5.304770469665527344e-01 -2.447586320340633392e-02
4.922392666339874268e-01 5.299459099769592285e-01 -2.812291122972965240e-02
4.838607311248779297e-01 6.054258346557617188e-01 -1.521692611277103424e-02
4.854020476341247559e-01 5.949673652648925781e-01 -2.585464715957641602e-02
4.865613579750061035e-01 5.882458090782165527e-01 -2.746444940567016602e-02
4.879384636878967285e-01 5.819786787033081055e-01 -2.492917887866497040e-02
4.894517362117767334e-01 5.773756504058837891e-01 -2.288938872516155243e-02
4.697304666042327881e-01 5.645809769630432129e-01 -1.533381454646587372e-02
4.672174751758575439e-01 5.659024715423583984e-01 -1.716477982699871063e-02
4.640125632286071777e-01 5.682759881019592285e-01 -1.897603087127208710e-02
4.614120721817016602e-01 5.714719295501708984e-01 -1.720560342073440552e-02
4.586733281612396240e-01 5.131815075874328613e-01 -1.941579207777976990e-02
3.736033141613006592e-01 4.489548206329345703e-01 1.070311814546585083e-01
5.122274160385131836e-01 4.823777675628662109e-01 -4.275760054588317871e-02
4.633001387119293213e-01 5.573109984397888184e-01 -1.047343481332063675e-02
4.604399502277374268e-01 5.573989152908325195e-01 -1.173637155443429947e-02
4.969300329685211182e-01 4.854884743690490723e-01 -3.306788206100463867e-02
4.793027341365814209e-01 4.813251197338104248e-01 -2.212663739919662476e-02
4.957402050495147705e-01 4.821806550025939941e-01 -3.285475075244903564e-02
4.672437906265258789e-01 4.216968119144439697e-01 -8.441263809800148010e-03
4.471803307533264160e-01 4.304544627666473389e-01 -6.989914458245038986e-03
4.745704531669616699e-01 4.618614017963409424e-01 -2.667097933590412140e-02
4.313535690307617188e-01 2.528552711009979248e-01 2.707610651850700378e-02
4.380253851413726807e-01 2.732666134834289551e-01 1.060487981885671616e-02
4.470160007476806641e-01 2.826935052871704102e-01 -3.620394738391041756e-03
4.568597078323364258e-01 5.789396762847900391e-01 -1.020191702991724014e-02
4.990708827972412109e-01 2.946549355983734131e-01 -1.618785224854946136e-02
4.949942529201507568e-01 2.717624306678771973e-01 -7.308427244424819946e-03
4.931429624557495117e-01 2.374259531497955322e-01 1.046682358719408512e-03
4.323513507843017578e-01 3.772325813770294189e-01 9.026937186717987061e-03
4.022319316864013672e-01 3.914265036582946777e-01 2.288840711116790771e-02
4.827100038528442383e-01 3.755065500736236572e-01 7.081466261297464371e-03
4.201759994029998779e-01 3.424724340438842773e-01 1.498586218804121017e-02
4.899115562438964844e-01 4.028897881507873535e-01 -1.352359447628259659e-02
4.857064783573150635e-01 4.556199610233306885e-01 -4.663566872477531433e-02
3.911795616149902344e-01 4.049496650695800781e-01 3.349060192704200745e-02
4.089176356792449951e-01 4.036980867385864258e-01 1.209147460758686066e-02
4.236148297786712646e-01 4.112333953380584717e-01 2.301823114976286888e-03
4.466586410999298096e-01 4.106729626655578613e-01 -1.010327716358006001e-03
4.639570116996765137e-01 4.052200615406036377e-01 -1.947617041878402233e-03
4.776734411716461182e-01 3.982145190238952637e-01 -3.469613846391439438e-03
5.078706741333007812e-01 3.817603290081024170e-01 -2.226050198078155518e-02
3.905859589576721191e-01 4.399171769618988037e-01 2.802185900509357452e-02
4.110935926437377930e-01 3.391554951667785645e-01 2.010239288210868835e-02
5.074992179870605469e-01 4.766739606857299805e-01 -5.712663382291793823e-02
4.809229671955108643e-01 4.291882812976837158e-01 -1.675160415470600128e-02
3.766709268093109131e-01 3.745042383670806885e-01 1.032728105783462524e-01
4.885970950126647949e-01 3.896831870079040527e-01 -3.777484176680445671e-03
4.726411700248718262e-01 4.633577167987823486e-01 -1.533144060522317886e-02
4.250880181789398193e-01 3.577817678451538086e-01 1.802649535238742828e-02
4.854337573051452637e-01 4.454512298107147217e-01 -4.186394438147544861e-02
3.755356669425964355e-01 4.903219342231750488e-01 9.986602514982223511e-02
4.840584099292755127e-01 3.696324229240417480e-01 1.036888826638460159e-02
4.958082735538482666e-01 4.358585774898529053e-01 -5.176366120576858521e-02
4.066937267780303955e-01 5.777203440666198730e-01 3.023447468876838684e-02
4.033149480819702148e-01 5.991486310958862305e-01 4.838417097926139832e-02
3.770753443241119385e-01 4.448951780796051025e-01 6.764582544565200806e-02
3.940005004405975342e-01 5.530175566673278809e-01 4.285069555044174194e-02
3.921489417552947998e-01 3.411633372306823730e-01 5.820234119892120361e-02
4.500182867050170898e-01 6.394608616828918457e-01 -9.353560162708163261e-04
5.079493522644042969e-01 4.812574684619903564e-01 -4.226060584187507629e-02
4.692615866661071777e-01 4.406812787055969238e-01 -1.393139176070690155e-02
3.938205242156982422e-01 3.692722916603088379e-01 4.002632200717926025e-02
4.439244866371154785e-01 3.728102147579193115e-01 6.316610611975193024e-03
4.535669386386871338e-01 3.757581710815429688e-01 4.197990056127309799e-03
4.550289809703826904e-01 5.590282678604125977e-01 -1.043384894728660583e-02
3.905605673789978027e-01 4.742207825183868408e-01 2.967675030231475830e-02
4.694824218750000000e-01 6.666414141654968262e-01 3.317308146506547928e-03
4.338740110397338867e-01 6.395261883735656738e-01 2.262965589761734009e-02
4.193819463253021240e-01 6.229208111763000488e-01 3.384669870138168335e-02
5.264459848403930664e-01 2.766871452331542969e-01 -7.491078693419694901e-03
4.951113164424896240e-01 6.725692152976989746e-01 2.075361087918281555e-03
4.636787474155426025e-01 3.754404187202453613e-01 4.634429235011339188e-03
4.736280441284179688e-01 3.729966580867767334e-01 7.031599525362253189e-03
4.803879261016845703e-01 3.713416159152984619e-01 9.929371066391468048e-03
4.027021229267120361e-01 3.364622592926025391e-01 3.138125687837600708e-02
4.746084511280059814e-01 3.557555973529815674e-01 5.949403624981641769e-03
4.646365940570831299e-01 3.493725359439849854e-01 3.604276571422815323e-03
4.545658826828002930e-01 3.471604287624359131e-01 3.337026573717594147e-03
4.443152546882629395e-01 3.485588431358337402e-01 5.243013612926006317e-03
4.375770092010498047e-01 3.521474599838256836e-01 8.281774818897247314e-03
3.832533955574035645e-01 3.355041444301605225e-01 8.779599517583847046e-02
4.378283917903900146e-01 3.686207532882690430e-01 9.573299437761306763e-03
5.097860693931579590e-01 5.006673336029052734e-01 -3.286794945597648621e-02
4.711700677871704102e-01 5.045174956321716309e-01 -2.456182613968849182e-02
4.863258898258209229e-01 4.695953130722045898e-01 -3.554259613156318665e-02
4.937958717346191406e-01 5.001670718193054199e-01 -3.296790644526481628e-02
5.203351974487304688e-01 3.578699231147766113e-01 -1.581367291510105133e-02
4.203090071678161621e-01 6.015390753746032715e-01 2.077992446720600128e-02
4.343327581882476807e-01 6.203687191009521484e-01 1.060376223176717758e-02
4.706887602806091309e-01 6.542792916297912598e-01 -1.044036727398633957e-02
3.915302455425262451e-01 5.721630454063415527e-01 6.776032596826553345e-02
4.813153147697448730e-01 3.641368746757507324e-01 8.592322468757629395e-03
4.985911548137664795e-01 4.068052172660827637e-01 -2.855216898024082184e-02
4.963066577911376953e-01 6.602036356925964355e-01 -1.143505983054637909e-02
4.500231742858886719e-01 6.547343730926513672e-01 1.069422438740730286e-02
3.784402012825012207e-01 4.829990863800048828e-01 6.386262178421020508e-02
4.785253405570983887e-01 5.716164112091064453e-01 -1.967840828001499176e-02
4.760187268257141113e-01 5.745002627372741699e-01 -2.169916406273841858e-02
4.735491871833801270e-01 5.791190266609191895e-01 -2.367351762950420380e-02
4.716529250144958496e-01 5.848803520202636719e-01 -2.217158116400241852e-02
4.681596159934997559e-01 5.939994454383850098e-01 -1.433298271149396896e-02
4.606555998325347900e-01 5.382714271545410156e-01 -1.391669362783432007e-02
4.578301608562469482e-01 5.373438596725463867e-01 -1.406330242753028870e-02
4.554132223129272461e-01 5.357840061187744141e-01 -1.417028903961181641e-02
4.487690329551696777e-01 5.260533094406127930e-01 -1.213231869041919708e-02
4.070311784744262695e-01 4.836787879467010498e-01 8.042057044804096222e-03
4.991007149219512939e-01 3.910381197929382324e-01 -1.698504015803337097e-02
4.946770071983337402e-01 3.550478518009185791e-01 3.862840589135885239e-03
4.869449734687805176e-01 3.571997880935668945e-01 7.384581025689840317e-03
4.629576802253723145e-01 5.382235050201416016e-01 -1.294443849474191666e-02
4.022773802280426025e-01 5.265591740608215332e-01 2.330278605222702026e-02
5.058307647705078125e-01 3.543484210968017578e-01 -9.700964204967021942e-03
4.608245790004730225e-01 6.068211197853088379e-01 -9.020740166306495667e-03
5.177915096282958984e-01 4.123193025588989258e-01 -4.818011075258255005e-02
5.076765418052673340e-01 3.986551761627197266e-01 -3.466555103659629822e-02
5.184566974639892578e-01 3.963004946708679199e-01 -3.632758930325508118e-02
4.886404871940612793e-01 4.320474863052368164e-01 -3.072024323046207428e-02
4.978353977203369141e-01 6.431458592414855957e-01 -1.596439443528652191e-02
4.993743300437927246e-01 6.242705583572387695e-01 -1.479808334261178970e-02
4.791327118873596191e-01 6.199665665626525879e-01 -1.379692740738391876e-02
4.374323487281799316e-01 5.681690573692321777e-01 -2.581794979050755501e-05
4.612688720226287842e-01 4.757753908634185791e-01 -1.352104265242815018e-02
4.471610188484191895e-01 5.896108150482177734e-01 -4.140592180192470551e-03
4.342993199825286865e-01 4.702990353107452393e-01 -1.072210725396871567e-02
4.489359259605407715e-01 4.911937415599822998e-01 -1.288206968456506729e-02
4.228243231773376465e-01 4.971311986446380615e-01 -3.452907782047986984e-03
4.739920496940612793e-01 6.376895308494567871e-01 -1.458669360727071762e-02
4.807166457176208496e-01 4.417378306388854980e-01 -2.378625236451625824e-02
4.262214899063110352e-01 5.813246965408325195e-01 9.159077890217304230e-03
4.395492076873779297e-01 6.026667356491088867e-01 3.060320625081658363e-03
4.309415221214294434e-01 5.438964366912841797e-01 6.815337656007613987e-06
3.919111490249633789e-01 5.042533278465270996e-01 3.264534845948219299e-02
4.156836271286010742e-01 5.468460917472839355e-01 9.833256714046001434e-03
3.832454383373260498e-01 5.191358327865600586e-01 5.749726295471191406e-02
4.383990466594696045e-01 5.120516419410705566e-01 -8.734364993870258331e-03
4.899642467498779297e-01 4.177886545658111572e-01 -2.214871160686016083e-02
4.889325499534606934e-01 4.632989764213562012e-01 -4.911289364099502563e-02
4.815456569194793701e-01 4.680562615394592285e-01 -3.748338669538497925e-02
4.947268962860107422e-01 4.520022571086883545e-01 -5.636884644627571106e-02
4.873701930046081543e-01 3.342882692813873291e-01 4.831529513467103243e-04
4.695092737674713135e-01 3.186677694320678711e-01 -2.133988775312900543e-03
4.529501497745513916e-01 3.144193291664123535e-01 -2.427522093057632446e-03
4.383259415626525879e-01 3.176761269569396973e-01 8.257665322162210941e-04
4.272177815437316895e-01 3.264279365539550781e-01 6.704175379127264023e-03
4.161930978298187256e-01 3.616246581077575684e-01 2.207742631435394287e-02
3.780760169029235840e-01 4.089828729629516602e-01 6.750264018774032593e-02
4.219770431518554688e-01 3.879749774932861328e-01 1.205587293952703476e-02
4.333224296569824219e-01 3.944902420043945312e-01 5.910254549235105515e-03
4.489181339740753174e-01 3.963684737682342529e-01 2.239183522760868073e-03
4.643792808055877686e-01 3.939125537872314453e-01 1.251297187991440296e-03
4.769541919231414795e-01 3.888183236122131348e-01 2.399038756266236305e-03
4.860135316848754883e-01 3.836778700351715088e-01 2.542260335758328438e-03
3.744389414787292480e-01 4.113942980766296387e-01 1.089290529489517212e-01
4.811020791530609131e-01 4.732272624969482422e-01 -3.200180828571319580e-02
4.980149269104003906e-01 4.209667742252349854e-01 -3.864936530590057373e-02
4.969327449798583984e-01 4.644081592559814453e-01 -5.735569074749946594e-02
5.019032955169677734e-01 4.738520681858062744e-01 -5.271603167057037354e-02
4.965048432350158691e-01 4.676238596439361572e-01 -5.198058485984802246e-02
4.834670424461364746e-01 4.788920283317565918e-01 -2.800971828401088715e-02
5.040178894996643066e-01 4.753802716732025146e-01 -5.566906929016113281e-02
5.044835209846496582e-01 4.799270033836364746e-01 -4.242865741252899170e-02
4.880820810794830322e-01 3.698531389236450195e-01 9.015950374305248260e-03
4.938976764678955078e-01 3.743184506893157959e-01 2.470917534083127975e-03
4.976826012134552002e-01 3.767363131046295166e-01 -5.364491604268550873e-03
4.336267709732055664e-01 3.551763594150543213e-01 1.171705126762390137e-02
4.264958500862121582e-01 3.442991375923156738e-01 1.190079096704721451e-02
5.269756913185119629e-01 4.161018133163452148e-01 -4.351069033145904541e-02
5.963937640190124512e-01 3.837526142597198486e-01 2.559577673673629761e-02
5.223345160484313965e-01 4.798065423965454102e-01 -4.121083766222000122e-02
6.341344118118286133e-01 3.344104290008544922e-01 8.745914697647094727e-02
5.635352730751037598e-01 3.959684371948242188e-01 1.080170273780822754e-02
5.749105811119079590e-01 3.987334966659545898e-01 1.242979802191257477e-02
5.856516957283020020e-01 3.989630043506622314e-01 1.639609411358833313e-02
6.000049710273742676e-01 3.899389207363128662e-01 2.719550207257270813e-02
5.539638400077819824e-01 3.904670476913452148e-01 1.150599680840969086e-02
5.839184522628784180e-01 3.429221212863922119e-01 1.020590681582689285e-02
5.702148079872131348e-01 3.443994224071502686e-01 9.219400584697723389e-03
5.960283279418945312e-01 3.470841050148010254e-01 1.450274325907230377e-02
6.032454967498779297e-01 3.558051586151123047e-01 1.927659846842288971e-02
6.076331734657287598e-01 4.021365046501159668e-01 3.281456232070922852e-02
5.420649647712707520e-01 6.304771900177001953e-01 1.262087607756257057e-04
6.005463600158691406e-01 3.786616921424865723e-01 2.988365478813648224e-02
6.369698047637939453e-01 4.050902128219604492e-01 8.657822012901306152e-02
6.193221807479858398e-01 3.900336027145385742e-01 4.602816328406333923e-02
5.681576132774353027e-01 4.661800563335418701e-01 -4.397857002913951874e-03
5.215731263160705566e-01 5.210986137390136719e-01 -3.450268507003784180e-02
5.189235210418701172e-01 5.309351682662963867e-01 -3.035213984549045563e-02
5.351423621177673340e-01 5.289039611816406250e-01 -2.664296515285968781e-02
5.431385040283203125e-01 5.381897091865539551e-01 -1.684121228754520416e-02
5.294983983039855957e-01 5.350971817970275879e-01 -2.450449019670486450e-02
5.369408726692199707e-01 5.413742661476135254e-01 -1.546670775860548019e-02
5.546901226043701172e-01 5.749005675315856934e-01 2.306742826476693153e-03
5.233957171440124512e-01 4.693516194820404053e-01 -6.111514568328857422e-02
5.264350771903991699e-01 4.529902040958404541e-01 -6.372798979282379150e-02
6.180483698844909668e-01 3.384783864021301270e-01 2.554019354283809662e-02
5.484364628791809082e-01 4.214512407779693604e-01 -4.844672512263059616e-03
5.469872355461120605e-01 4.709125161170959473e-01 -3.090509213507175446e-02
5.484785437583923340e-01 4.626189470291137695e-01 -2.702519670128822327e-02
6.010213494300842285e-01 4.696556627750396729e-01 1.272999774664640427e-02
5.269734263420104980e-01 4.329107701778411865e-01 -5.562490224838256836e-02
5.962582826614379883e-01 3.145939409732818604e-01 4.798658657819032669e-03
6.099706888198852539e-01 3.230139613151550293e-01 1.473993621766567230e-02
6.267802715301513672e-01 3.029971718788146973e-01 6.587404012680053711e-02
5.463439822196960449e-01 3.272779583930969238e-01 -9.342569857835769653e-03
5.579966306686401367e-01 3.522127270698547363e-01 1.144248992204666138e-02
5.638055205345153809e-01 5.571787357330322266e-01 5.568457301706075668e-03
6.148177981376647949e-01 5.620848536491394043e-01 1.063034012913703918e-01
5.373685359954833984e-01 4.793135821819305420e-01 -2.774999663233757019e-02
5.284978151321411133e-01 4.831050336360931396e-01 -3.019895963370800018e-02
5.493035912513732910e-01 5.598046183586120605e-01 3.581890370696783066e-03
5.459606647491455078e-01 5.590081214904785156e-01 -2.382121419941540807e-05
6.157538294792175293e-01 3.127928972244262695e-01 2.127141691744327545e-02
5.462887287139892578e-01 4.791379272937774658e-01 -2.510652504861354828e-02
5.760924220085144043e-01 3.143982887268066406e-01 -3.571050707250833511e-03
5.789355039596557617e-01 3.011106848716735840e-01 -4.965586122125387192e-03
5.899434089660644531e-01 2.579402327537536621e-01 2.038577198982238770e-02
6.207306385040283203e-01 3.139467239379882812e-01 4.056985676288604736e-02
5.829806327819824219e-01 2.842311859130859375e-01 7.372118066996335983e-03
6.237972974777221680e-01 3.327274322509765625e-01 3.638201951980590820e-02
6.287845373153686523e-01 3.399535417556762695e-01 6.036691367626190186e-02
5.205138921737670898e-01 5.265848636627197266e-01 -3.365617245435714722e-02
5.322924256324768066e-01 5.325561761856079102e-01 -2.611268125474452972e-02
5.401903390884399414e-01 5.400585532188415527e-01 -1.717715710401535034e-02
5.344013571739196777e-01 4.822722375392913818e-01 -2.575303614139556885e-02
5.476070046424865723e-01 5.594908595085144043e-01 1.591125736013054848e-03
5.439000725746154785e-01 5.699791908264160156e-01 -5.153868347406387329e-03
5.444282293319702148e-01 5.584551095962524414e-01 -4.070830473210662603e-04
5.337811708450317383e-01 4.719361364841461182e-01 -4.319021850824356079e-02
5.344164371490478516e-01 5.414395332336425781e-01 -1.407348550856113434e-02
5.271119475364685059e-01 5.360415577888488770e-01 -2.057413570582866669e-02
5.174927711486816406e-01 5.330390334129333496e-01 -2.592751011252403259e-02
5.171406269073486328e-01 6.088465452194213867e-01 -1.316882763057947159e-02
5.186971426010131836e-01 5.997865200042724609e-01 -2.361916191875934601e-02
5.182251334190368652e-01 5.925464034080505371e-01 -2.510957233607769012e-02
5.171290636062622070e-01 5.858616232872009277e-01 -2.259998396039009094e-02
5.156095623970031738e-01 5.807307958602905273e-01 -2.064520306885242462e-02
5.328695178031921387e-01 5.732570886611938477e-01 -1.007347460836172104e-02
5.355739593505859375e-01 5.754714012145996094e-01 -1.192453689873218536e-02
5.387106537818908691e-01 5.789437294006347656e-01 -1.352106500416994095e-02
5.410961508750915527e-01 5.830715298652648926e-01 -1.142862904816865921e-02
5.543149709701538086e-01 5.247882604598999023e-01 -1.197034958750009537e-02
6.306808590888977051e-01 4.800543785095214844e-01 1.285072416067123413e-01
5.382054448127746582e-01 5.677673816680908203e-01 -3.953540232032537460e-03
5.411615967750549316e-01 5.686076879501342773e-01 -5.261089652776718140e-03
5.251496434211730957e-01 4.890128970146179199e-01 -3.104949928820133209e-02
5.416423678398132324e-01 4.889083206653594971e-01 -1.787912100553512573e-02
5.267632007598876953e-01 4.861859977245330811e-01 -3.090728074312210083e-02
5.593681335449218750e-01 4.328326284885406494e-01 -7.322315941564738750e-04
5.769819021224975586e-01 4.462927877902984619e-01 3.223057137802243233e-03
5.493973493576049805e-01 4.709475338459014893e-01 -2.087270841002464294e-02
6.133985519409179688e-01 2.770468890666961670e-01 4.199402034282684326e-02
6.066073179244995117e-01 2.948302030563354492e-01 2.323666960000991821e-02
6.007145643234252930e-01 3.021610379219055176e-01 7.860200479626655579e-03
5.454445481300354004e-01 5.884693861007690430e-01 -3.516060300171375275e-03
5.517212748527526855e-01 3.046606481075286865e-01 -1.228615641593933105e-02
5.569334626197814941e-01 2.800955176353454590e-01 -2.731637330725789070e-03
5.626814961433410645e-01 2.470747977495193481e-01 6.452063564211130142e-03
5.946575999259948730e-01 3.963879048824310303e-01 2.204868942499160767e-02
6.184292435646057129e-01 4.159127175807952881e-01 3.919399157166481018e-02
5.476341247558593750e-01 3.851955831050872803e-01 1.302125398069620132e-02
6.119249463081359863e-01 3.649138212203979492e-01 3.001885861158370972e-02
5.416616201400756836e-01 4.091446101665496826e-01 -8.911908604204654694e-03
5.417740941047668457e-01 4.626454710960388184e-01 -4.221720993518829346e-02
6.292565464973449707e-01 4.336237311363220215e-01 5.182069540023803711e-02
6.112484931945800781e-01 4.270028471946716309e-01 2.761059626936912537e-02
5.974730849266052246e-01 4.318267703056335449e-01 1.562367379665374756e-02
5.762656331062316895e-01 4.266594052314758301e-01 9.266277775168418884e-03
5.607723593711853027e-01 4.177716374397277832e-01 5.944191012531518936e-03
5.493496060371398926e-01 4.085311591625213623e-01 2.474782289937138557e-03
5.293490290641784668e-01 3.844260573387145996e-01 -2.035238780081272125e-02
6.260652542114257812e-01 4.683263003826141357e-01 4.632820188999176025e-02
6.194065809249877930e-01 3.631002008914947510e-01 3.644485771656036377e-02
5.185713768005371094e-01 4.780130088329315186e-01 -5.614969134330749512e-02
5.465508699417114258e-01 4.372104704380035400e-01 -1.106882467865943909e-02
6.373051404953002930e-01 4.065561890602111816e-01 1.255934834480285645e-01
5.410933494567871094e-01 3.984063863754272461e-01 8.359345956705510616e-04
5.500025749206542969e-01 4.726982712745666504e-01 -9.470636956393718719e-03
6.049697399139404297e-01 3.790778517723083496e-01 3.232212364673614502e-02
5.429018139839172363e-01 4.525084793567657471e-01 -3.734716773033142090e-02
6.248142719268798828e-01 5.197754502296447754e-01 1.204605177044868469e-01
5.477404594421386719e-01 3.792015612125396729e-01 1.653106510639190674e-02
5.354840755462646484e-01 4.406751990318298340e-01 -4.849496111273765564e-02
5.915804505348205566e-01 5.975816845893859863e-01 4.383158311247825623e-02
5.898078680038452148e-01 6.182141900062561035e-01 6.327746808528900146e-02
6.342296004295349121e-01 4.752546846866607666e-01 8.734644949436187744e-02
6.062034368515014648e-01 5.769252777099609375e-01 5.880815535783767700e-02
6.330579519271850586e-01 3.705855309963226318e-01 7.705148309469223022e-02
5.431497097015380859e-01 6.475231051445007324e-01 5.512081552296876907e-03
5.165293216705322266e-01 4.823685288429260254e-01 -4.167142882943153381e-02
5.554171204566955566e-01 4.512180089950561523e-01 -6.995293777436017990e-03
6.271333694458007812e-01 3.952136933803558350e-01 5.803314596414566040e-02
5.854950547218322754e-01 3.891444504261016846e-01 1.781977713108062744e-02
5.758755803108215332e-01 3.895994126796722412e-01 1.433323696255683899e-02
5.463484525680541992e-01 5.718109607696533203e-01 -3.287639934569597244e-03
6.213926076889038086e-01 5.019602775573730469e-01 4.752014204859733582e-02
5.204149484634399414e-01 6.706725358963012695e-01 7.161478511989116669e-03
5.568430423736572266e-01 6.499873399734497070e-01 3.222952410578727722e-02
5.724611878395080566e-01 6.370010375976562500e-01 4.596433043479919434e-02
5.661936998367309570e-01 3.874228596687316895e-01 1.324516721069812775e-02
5.569556951522827148e-01 3.836866319179534912e-01 1.437314599752426147e-02
5.507953166961669922e-01 3.813259601593017578e-01 1.651220768690109253e-02
6.257250308990478516e-01 3.610948324203491211e-01 4.886914417147636414e-02
5.593644380569458008e-01 3.691852688789367676e-01 1.355057675391435623e-02
5.697560310363769531e-01 3.651437163352966309e-01 1.251004450023174286e-02
5.798554420471191406e-01 3.646439611911773682e-01 1.370581425726413727e-02
5.895323753356933594e-01 3.675382137298583984e-01 1.698752492666244507e-02
5.952524542808532715e-01 3.720221817493438721e-01 2.087782323360443115e-02
6.375988721847534180e-01 3.671915233135223389e-01 1.095304191112518311e-01
5.919553041458129883e-01 3.867982029914855957e-01 2.198330126702785492e-02
5.450975894927978516e-01 5.134362578392028809e-01 -1.883209683001041412e-02
5.378735661506652832e-01 4.761543571949005127e-01 -3.168952092528343201e-02
5.252600908279418945e-01 5.040108561515808105e-01 -3.059151768684387207e-02
5.755397081375122070e-01 6.169658303260803223e-01 3.179457038640975952e-02
5.601673722267150879e-01 6.320121288299560547e-01 1.924725435674190521e-02
5.218291282653808594e-01 6.586707234382629395e-01 -6.957739125937223434e-03
6.028250455856323242e-01 5.953164100646972656e-01 8.525831997394561768e-02
5.515118241310119629e-01 3.751319646835327148e-01 1.536452397704124451e-02
5.348551869392395020e-01 4.112427830696105957e-01 -2.541539631783962250e-02
5.401476621627807617e-01 6.618514060974121094e-01 1.772532053291797638e-02
6.284100413322448730e-01 5.122190713882446289e-01 8.290806412696838379e-02
5.254204273223876953e-01 5.777910947799682617e-01 -1.568899862468242645e-02
5.280032753944396973e-01 5.816633701324462891e-01 -1.758359186351299286e-02
5.303026437759399414e-01 5.871767997741699219e-01 -1.938251405954360962e-02
5.318796038627624512e-01 5.938893556594848633e-01 -1.775098405778408051e-02
5.332351326942443848e-01 6.006399393081665039e-01 -9.444857947528362274e-03
5.423431396484375000e-01 5.491899847984313965e-01 -7.209293544292449951e-03
5.452162027359008789e-01 5.489265918731689453e-01 -6.710818968713283539e-03
5.479221343994140625e-01 5.479474067687988281e-01 -6.391669623553752899e-03
5.607650279998779297e-01 5.397123098373413086e-01 -2.894358010962605476e-03
6.060786843299865723e-01 5.079633593559265137e-01 2.328595332801342010e-02
5.353914499282836914e-01 3.955375254154205322e-01 -1.380939409136772156e-02
5.413615107536315918e-01 3.629698753356933594e-01 7.938065566122531891e-03
5.471476912498474121e-01 3.667264580726623535e-01 1.319192722439765930e-02
5.400944352149963379e-01 5.485690236091613770e-01 -6.387020926922559738e-03
6.034666895866394043e-01 5.503244400024414062e-01 3.858572244644165039e-02
5.325345396995544434e-01 3.604238927364349365e-01 -7.184197194874286652e-03
5.381243228912353516e-01 6.143342852592468262e-01 -3.739089239388704300e-03
5.282716751098632812e-01 4.011184871196746826e-01 -3.301492333412170410e-02
5.404600501060485840e-01 4.384730458259582520e-01 -2.656926773488521576e-02
5.193599462509155273e-01 6.237465739250183105e-01 -1.135000307112932205e-02
5.647930502891540527e-01 5.821847915649414062e-01 9.334602393209934235e-03
5.580638647079467773e-01 4.874386787414550781e-01 -6.258353590965270996e-03
5.528584718704223633e-01 6.004286408424377441e-01 3.180660540238022804e-03
5.836561322212219238e-01 4.887250363826751709e-01 5.501375417225062847e-04
5.667728185653686523e-01 5.056225657463073730e-01 -3.822246100753545761e-03
5.897014141082763672e-01 5.176017880439758301e-01 9.312643669545650482e-03
5.214982032775878906e-01 6.420738101005554199e-01 -1.138080097734928131e-02
5.457301139831542969e-01 4.496613740921020508e-01 -1.859672553837299347e-02
5.733893513679504395e-01 5.967510342597961426e-01 1.972763054072856903e-02
5.582614541053771973e-01 6.143378019332885742e-01 1.114615425467491150e-02
5.746766328811645508e-01 5.608159303665161133e-01 1.134383212774991989e-02
6.156957745552062988e-01 5.308672189712524414e-01 4.971380904316902161e-02
5.885354280471801758e-01 5.667129755020141602e-01 2.281510457396507263e-02
6.197668313980102539e-01 5.464818477630615234e-01 7.567051053047180176e-02
5.727950334548950195e-01 5.286425948143005371e-01 1.858105533756315708e-03
5.404371023178100586e-01 4.240164756774902344e-01 -1.767095737159252167e-02
5.375545620918273926e-01 4.694182872772216797e-01 -4.510041698813438416e-02
5.428895354270935059e-01 4.756843149662017822e-01 -3.288418799638748169e-02
5.348077416419982910e-01 4.569338560104370117e-01 -5.327501147985458374e-02
5.523085594177246094e-01 3.445268571376800537e-01 6.051763426512479782e-03
5.723828077316284180e-01 3.332455158233642578e-01 5.899182986468076706e-03
5.891517996788024902e-01 3.325098156929016113e-01 8.034531027078628540e-03
6.018398404121398926e-01 3.381898999214172363e-01 1.352964714169502258e-02
6.096088886260986328e-01 3.484345972537994385e-01 2.093233726918697357e-02
6.110531091690063477e-01 3.842474520206451416e-01 3.727533295750617981e-02
6.371503472328186035e-01 4.398881494998931885e-01 8.771242946386337280e-02
6.018723845481872559e-01 4.090381264686584473e-01 2.609924040734767914e-02
5.905733108520507812e-01 4.132083058357238770e-01 1.820597425103187561e-02
5.758246183395385742e-01 4.115124642848968506e-01 1.242706552147865295e-02
5.617459416389465332e-01 4.058769345283508301e-01 9.354905225336551666e-03
5.508913993835449219e-01 3.988650739192962646e-01 8.522945456206798553e-03
5.435569286346435547e-01 3.923248052597045898e-01 7.536485325545072556e-03
6.340792775154113770e-01 4.431557953357696533e-01 1.311835050582885742e-01
5.418837666511535645e-01 4.806857109069824219e-01 -2.746952697634696960e-02
5.343984961509704590e-01 4.254124462604522705e-01 -3.541315719485282898e-02
5.306873321533203125e-01 4.684882462024688721e-01 -5.480023846030235291e-02
5.237281322479248047e-01 4.765779078006744385e-01 -5.122148245573043823e-02
5.298079252243041992e-01 4.718770384788513184e-01 -4.935156181454658508e-02
5.384585261344909668e-01 4.855796098709106445e-01 -2.418457344174385071e-02
5.219018459320068359e-01 4.775616824626922607e-01 -5.446241050958633423e-02
5.198677182197570801e-01 4.818396568298339844e-01 -4.142009094357490540e-02
5.437108278274536133e-01 3.788776397705078125e-01 1.419872324913740158e-02
5.382138490676879883e-01 3.819043040275573730e-01 6.432344671338796616e-03
5.352203249931335449e-01 3.841157555580139160e-01 -2.100751735270023346e-03
5.983500480651855469e-01 3.755506277084350586e-01 2.482615783810615540e-02
6.066770553588867188e-01 3.659129142761230469e-01 2.587366104125976562e-02
4.537833333015441895e-01 3.609485328197479248e-01 7.977866567671298981e-03
4.657216668128967285e-01 3.619543612003326416e-01 7.977866567671298981e-03
4.548564851284027100e-01 3.456400930881500244e-01 7.977866567671298981e-03
4.417046904563903809e-01 3.599148988723754883e-01 7.977866567671298981e-03
4.526287317276000977e-01 3.760155141353607178e-01 7.977866567671298981e-03
5.772603154182434082e-01 3.784528374671936035e-01 1.800623722374439240e-02
5.892529487609863281e-01 3.796182572841644287e-01 1.800623722374439240e-02
5.782955288887023926e-01 3.633489608764648438e-01 1.800623722374439240e-02
5.652103424072265625e-01 3.772250413894653320e-01 1.800623722374439240e-02
5.762414336204528809e-01 3.935142159461975098e-01 1.800623722374439240e-02
