5.055971145629882812e-01 5.367302298545837402e-01 -3.346413373947143555e-02
5.125868916511535645e-01 4.851883649826049805e-01 -6.132057681679725647e-02
5.097594857215881348e-01 5.021596550941467285e-01 -3.292920067906379700e-02
5.065106749534606934e-01 4.283101856708526611e-01 -4.600160941481590271e-02
5.141747593879699707e-01 4.679716229438781738e-01 -6.493055820465087891e-02
5.155198574066162109e-01 4.456199705600738525e-01 -6.003061309456825256e-02
5.181404948234558105e-01 3.916600644588470459e-01 -2.812027931213378906e-02
4.354171752929687500e-01 3.741227090358734131e-01 1.044176798313856125e-02
5.209841728210449219e-01 3.482916355133056641e-01 -1.930310577154159546e-02
5.227413773536682129e-01 3.263087570667266846e-01 -2.089741453528404236e-02
5.276101231575012207e-01 2.530249357223510742e-01 -6.932427641004323959e-03
5.053055882453918457e-01 5.410171747207641602e-01 -3.211240842938423157e-02
5.049136877059936523e-01 5.450317859649658203e-01 -2.855589799582958221e-02
5.046523213386535645e-01 5.472901463508605957e-01 -2.350914478302001953e-02
5.021438002586364746e-01 5.849097967147827148e-01 -2.020970918238162994e-02
5.021060109138488770e-01 5.897298455238342285e-01 -2.201586775481700897e-02
5.017430782318115234e-01 5.958890318870544434e-01 -2.439950779080390930e-02
5.012159347534179688e-01 6.029095649719238281e-01 -2.263221517205238342e-02
4.987508058547973633e-01 6.138216257095336914e-01 -1.204128935933113098e-02
5.114004015922546387e-01 4.939809441566467285e-01 -5.561306700110435486e-02
5.003415942192077637e-01 4.923028349876403809e-01 -4.080034419894218445e-02
3.942726254463195801e-01 3.088990449905395508e-01 6.243289262056350708e-02
4.651765227317810059e-01 3.935477137565612793e-01 6.491155945695936680e-04
4.533477127552032471e-01 3.939824104309082031e-01 6.453547393903136253e-04
4.425252377986907959e-01 3.913546204566955566e-01 3.065499244257807732e-03
4.296595156192779541e-01 3.790024518966674805e-01 1.160383410751819611e-02
4.760409891605377197e-01 3.896980583667755127e-01 2.784192794933915138e-03
4.554290175437927246e-01 3.380991220474243164e-01 -3.380771493539214134e-03
4.683746099472045898e-01 3.422797918319702148e-01 -2.270333701744675636e-03
4.428008198738098145e-01 3.395554721355438232e-01 -5.941783310845494270e-04
4.338842928409576416e-01 3.459789156913757324e-01 3.359405556693673134e-03
4.179077744483947754e-01 3.884660899639129639e-01 1.654463633894920349e-02
4.529373943805694580e-01 6.288491487503051758e-01 -1.130827469751238823e-03
4.319576025009155273e-01 3.682243227958679199e-01 1.391135528683662415e-02
3.827053904533386230e-01 3.788636624813079834e-01 6.498970091342926025e-02
4.059273302555084229e-01 3.733479976654052734e-01 2.747322805225849152e-02
4.537978172302246094e-01 4.631418585777282715e-01 -1.201192010194063187e-02
4.899199306964874268e-01 5.325024127960205078e-01 -3.291832655668258667e-02
4.903487265110015869e-01 5.428484678268432617e-01 -2.771332673728466034e-02
4.738427102565765381e-01 5.359759926795959473e-01 -2.713142149150371552e-02
4.628446996212005615e-01 5.409945249557495117e-01 -1.888905465602874756e-02
4.776861369609832764e-01 5.432537198066711426e-01 -2.375135570764541626e-02
4.676833152770996094e-01 5.455234646797180176e-01 -1.610932126641273499e-02
4.479115605354309082e-01 5.707892179489135742e-01 -1.162761356681585312e-03
5.031347870826721191e-01 4.834384918212890625e-01 -6.080237030982971191e-02
5.030610561370849609e-01 4.667050540447235107e-01 -6.416942924261093140e-02
4.197507798671722412e-01 3.257015347480773926e-01 6.256397347897291183e-03
4.803561866283416748e-01 4.241798520088195801e-01 -1.133335754275321960e-02
4.764536023139953613e-01 4.762414693832397461e-01 -3.470224142074584961e-02
4.758732020854949951e-01 4.672200381755828857e-01 -3.127042204141616821e-02
4.191025495529174805e-01 4.562221765518188477e-01 -6.902521272422745824e-05
5.049495100975036621e-01 4.460366070270538330e-01 -5.728557333350181580e-02
4.493984878063201904e-01 3.078055381774902344e-01 -1.066019106656312943e-02
4.326912462711334229e-01 3.130433559417724609e-01 -3.171649063006043434e-03
4.100257754325866699e-01 2.816906571388244629e-01 4.186465963721275330e-02
4.985024333000183105e-01 3.317368626594543457e-01 -1.735454425215721130e-02
4.789726734161376953e-01 3.521084785461425781e-01 1.596661750227212906e-03
4.413323104381561279e-01 5.518980026245117188e-01 3.377451212145388126e-04
3.822258710861206055e-01 5.377627611160278320e-01 9.199590235948562622e-02
4.840601384639739990e-01 4.868911802768707275e-01 -2.982106432318687439e-02
4.923789203166961670e-01 4.929591119289398193e-01 -3.029287233948707581e-02
4.503046572208404541e-01 5.538762211799621582e-01 -1.784333726391196251e-04
4.534782469272613525e-01 5.542606711387634277e-01 -2.895405283197760582e-03
4.276506304740905762e-01 3.016856908798217773e-01 2.151697408407926559e-03
4.749035239219665527e-01 4.838794767856597900e-01 -2.855749800801277161e-02
4.707306027412414551e-01 3.122580051422119141e-01 -1.552380528301000595e-02
4.706259071826934814e-01 2.989444732666015625e-01 -1.765919290482997894e-02
4.615513384342193604e-01 2.510666847229003906e-01 2.756586065515875816e-03
4.182571768760681152e-01 2.976397871971130371e-01 1.931280829012393951e-02
4.664325714111328125e-01 2.807483673095703125e-01 -7.954876869916915894e-03
4.134131073951721191e-01 3.183665871620178223e-01 1.578239165246486664e-02
4.032765328884124756e-01 3.195176124572753906e-01 3.792906925082206726e-02
4.897820353507995605e-01 5.381126999855041504e-01 -3.158937394618988037e-02
4.756522178649902344e-01 5.400032997131347656e-01 -2.592557668685913086e-02
4.651639461517333984e-01 5.434737801551818848e-01 -1.839970238506793976e-02
4.862465262413024902e-01 4.904108345508575439e-01 -2.725120447576045990e-02
4.518944621086120605e-01 5.540937781333923340e-01 -1.582929282449185848e-03
4.567866325378417969e-01 5.645128488540649414e-01 -7.519047241657972336e-03
4.548763632774353027e-01 5.544195771217346191e-01 -3.116126405075192451e-03
4.904450178146362305e-01 4.816089272499084473e-01 -4.534896835684776306e-02
4.698262810707092285e-01 5.465245246887207031e-01 -1.424139272421598434e-02
4.795612990856170654e-01 5.449762940406799316e-01 -1.931104995310306549e-02
4.912240803241729736e-01 5.452834963798522949e-01 -2.298486605286598206e-02
4.827551245689392090e-01 6.103700399398803711e-01 -1.233829557895660400e-02
4.848604500293731689e-01 5.982761383056640625e-01 -2.271155081689357758e-02
4.860232770442962646e-01 5.915203094482421875e-01 -2.407497353851795197e-02
4.873114228248596191e-01 5.856853723526000977e-01 -2.144612930715084076e-02
4.886477589607238770e-01 5.815395116806030273e-01 -1.966264657676219940e-02
4.684962332248687744e-01 5.703940987586975098e-01 -1.166370697319507599e-02
4.663333594799041748e-01 5.714012384414672852e-01 -1.341308467090129852e-02
4.634734094142913818e-01 5.737569332122802734e-01 -1.514048594981431961e-02
4.611918330192565918e-01 5.770822167396545410e-01 -1.329808868467807770e-02
4.578497111797332764e-01 5.250853300094604492e-01 -1.567765884101390839e-02
3.738344907760620117e-01 4.512733817100524902e-01 1.088420227169990540e-01
5.105699896812438965e-01 4.978376328945159912e-01 -4.081951081752777100e-02
4.619682431221008301e-01 5.640672445297241211e-01 -6.382284685969352722e-03
4.593691527843475342e-01 5.639660358428955078e-01 -7.530469913035631180e-03
4.951322674751281738e-01 4.999185502529144287e-01 -3.084580972790718079e-02
4.774923622608184814e-01 4.942884445190429688e-01 -2.004282735288143158e-02
4.938376843929290771e-01 4.965075552463531494e-01 -3.081732802093029022e-02
4.673529267311096191e-01 4.321979880332946777e-01 -8.572687394917011261e-03
4.475877881050109863e-01 4.405216574668884277e-01 -6.667171139270067215e-03
4.729986786842346191e-01 4.746004939079284668e-01 -2.506451867520809174e-02
4.315134286880493164e-01 2.615615725517272949e-01 2.051698975265026093e-02
4.383895397186279297e-01 2.838277816772460938e-01 4.457540810108184814e-03
4.468910694122314453e-01 2.950801253318786621e-01 -8.611251600086688995e-03
4.563147723674774170e-01 5.856343507766723633e-01 -5.987958516925573349e-03
4.980170726776123047e-01 3.089036643505096436e-01 -2.134827896952629089e-02
4.943341910839080811e-01 2.842807769775390625e-01 -1.421660836786031723e-02
4.924478828907012939e-01 2.490322142839431763e-01 -6.516375578939914703e-03
4.338885843753814697e-01 3.864688575267791748e-01 7.372334133833646774e-03
4.034266471862792969e-01 3.987192511558532715e-01 2.191495150327682495e-02
4.835470318794250488e-01 3.855387270450592041e-01 4.798837006092071533e-03
4.213794171810150146e-01 3.519906997680664062e-01 1.219139155000448227e-02
4.894646108150482178e-01 4.142401814460754395e-01 -1.467427145689725876e-02
4.840998649597167969e-01 4.702968299388885498e-01 -4.529918357729911804e-02
3.916113078594207764e-01 4.110468924045562744e-01 3.317612782120704651e-02
4.102750420570373535e-01 4.117793440818786621e-01 1.173033751547336578e-02
4.249626994132995605e-01 4.202290773391723633e-01 2.152008237317204475e-03
4.477031826972961426e-01 4.202724695205688477e-01 -1.434522098861634731e-03
4.647567272186279297e-01 4.151890873908996582e-01 -2.732794964686036110e-03
4.781959056854248047e-01 4.087061583995819092e-01 -4.717883188277482986e-03
5.069187283515930176e-01 3.941264748573303223e-01 -2.460219338536262512e-02
3.912628591060638428e-01 4.463939070701599121e-01 2.926398254930973053e-02
4.121440649032592773e-01 3.479030132293701172e-01 1.717140153050422668e-02
5.057365894317626953e-01 4.925654530525207520e-01 -5.533880740404129028e-02
4.803433716297149658e-01 4.410393834114074707e-01 -1.652780547738075256e-02
3.767445087432861328e-01 3.768944144248962402e-01 1.017294004559516907e-01
4.888767600059509277e-01 4.007996618747711182e-01 -5.521046463400125504e-03
4.712979793548583984e-01 4.754716157913208008e-01 -1.376708131283521652e-02
4.265906810760498047e-01 3.673019409179687500e-01 1.568059809505939484e-02
4.840048849582672119e-01 4.595039486885070801e-01 -4.092791676521301270e-02
3.760824203491210938e-01 4.929062426090240479e-01 1.033325716853141785e-01
4.848194718360900879e-01 3.796955645084381104e-01 7.780726533383131027e-03
4.943730831146240234e-01 4.507022500038146973e-01 -5.125034973025321960e-02
4.063036441802978516e-01 5.826599597930908203e-01 3.580737859010696411e-02
4.036056399345397949e-01 6.023461818695068359e-01 5.469576269388198853e-02
3.779099285602569580e-01 4.493103921413421631e-01 6.903145462274551392e-02
3.939993381500244141e-01 5.574554204940795898e-01 4.816756397485733032e-02
3.925456702709197998e-01 3.467697203159332275e-01 5.470774695277214050e-02
4.486892521381378174e-01 6.456654667854309082e-01 4.602798726409673691e-03
5.061874389648437500e-01 4.966230690479278564e-01 -4.028134047985076904e-02
4.688180088996887207e-01 4.520938694477081299e-01 -1.315615978091955185e-02
3.951173424720764160e-01 3.755901753902435303e-01 3.813491016626358032e-02
4.452709555625915527e-01 3.822761178016662598e-01 4.414593335241079330e-03
4.546753168106079102e-01 3.851550817489624023e-01 2.275033388286828995e-03
4.544753432273864746e-01 5.657171010971069336e-01 -5.887129344046115875e-03
3.912948966026306152e-01 4.806063473224639893e-01 3.250619024038314819e-02
4.679987728595733643e-01 6.723440885543823242e-01 8.767830207943916321e-03
4.333868324756622314e-01 6.444247364997863770e-01 2.849505655467510223e-02
4.192796945571899414e-01 6.270656585693359375e-01 3.996440395712852478e-02
5.252758264541625977e-01 2.897120714187622070e-01 -1.475065946578979492e-02
4.930975437164306641e-01 6.786779165267944336e-01 7.194982375949621201e-03
4.646354913711547852e-01 3.848474323749542236e-01 2.549916040152311325e-03
4.745703041553497314e-01 3.825465738773345947e-01 4.733567126095294952e-03
4.812689423561096191e-01 3.811325132846832275e-01 7.411092519760131836e-03
4.037011861801147461e-01 3.441727757453918457e-01 2.825275436043739319e-02
4.750789999961853027e-01 3.677322864532470703e-01 3.250495297834277153e-03
4.650581181049346924e-01 3.623902201652526855e-01 8.136250544339418411e-04
4.552355706691741943e-01 3.604629635810852051e-01 6.126847583800554276e-04
4.453501105308532715e-01 3.613631427288055420e-01 2.628337591886520386e-03
4.388787448406219482e-01 3.639622926712036133e-01 5.771382246166467667e-03
3.836579918861389160e-01 3.390322923660278320e-01 8.458773046731948853e-02
4.393413066864013672e-01 3.782473206520080566e-01 7.567121181637048721e-03
5.082576274871826172e-01 5.158533453941345215e-01 -3.036584146320819855e-02
4.701392650604248047e-01 5.174716711044311523e-01 -2.139486558735370636e-02
4.845692813396453857e-01 4.839044511318206787e-01 -3.396543860435485840e-02
4.923667311668395996e-01 5.148092508316040039e-01 -3.032966516911983490e-02
5.192940831184387207e-01 3.703804314136505127e-01 -1.934580318629741669e-02
4.196250736713409424e-01 6.070148944854736328e-01 2.648611180484294891e-02
4.333411455154418945e-01 6.263561248779296875e-01 1.627307198941707611e-02
4.689663350582122803e-01 6.606745719909667969e-01 -5.070642102509737015e-03
3.919964134693145752e-01 5.747389197349548340e-01 7.384178042411804199e-02
4.819935262203216553e-01 3.748818039894104004e-01 5.915715824812650681e-03
4.976654350757598877e-01 4.197495281696319580e-01 -2.954368293285369873e-02
4.941661059856414795e-01 6.669377088546752930e-01 -6.363815627992153168e-03
4.490681290626525879e-01 6.601754426956176758e-01 1.634382270276546478e-02
3.794273734092712402e-01 4.873241782188415527e-01 6.688949465751647949e-02
4.775473773479461670e-01 5.764712095260620117e-01 -1.624356582760810852e-02
4.753545522689819336e-01 5.790089964866638184e-01 -1.815861836075782776e-02
4.731743335723876953e-01 5.834131836891174316e-01 -2.012284286320209503e-02
4.714895784854888916e-01 5.892002582550048828e-01 -1.866300404071807861e-02
4.675409793853759766e-01 5.995721817016601562e-01 -1.072256453335285187e-02
4.594154059886932373e-01 5.490388870239257812e-01 -9.105703793466091156e-03
4.569473266601562500e-01 5.479632616043090820e-01 -9.290593676269054413e-03
4.548987746238708496e-01 5.464410781860351562e-01 -9.489615447819232941e-03
4.478108882904052734e-01 5.367717742919921875e-01 -7.938724011182785034e-03
4.073212146759033203e-01 4.915421903133392334e-01 1.102937664836645126e-02
4.984334707260131836e-01 4.029498398303985596e-01 -1.875017955899238586e-02
4.946897327899932861e-01 3.665242493152618408e-01 8.880177047103643417e-04
4.874128997325897217e-01 3.681835532188415527e-01 4.404078237712383270e-03
4.615124464035034180e-01 5.493987798690795898e-01 -8.030104450881481171e-03
4.022817909717559814e-01 5.328890681266784668e-01 2.773085609078407288e-02
5.053093433380126953e-01 3.667335510253906250e-01 -1.286386791616678238e-02
4.599748253822326660e-01 6.131855249404907227e-01 -5.037445574998855591e-03
5.164091587066650391e-01 4.271377027034759521e-01 -4.902493953704833984e-02
5.065313577651977539e-01 4.120842516422271729e-01 -3.626135364174842834e-02
5.172162055969238281e-01 4.100526571273803711e-01 -3.813176229596138000e-02
4.877287745475769043e-01 4.452740252017974854e-01 -3.050446324050426483e-02
4.957495629787445068e-01 6.499165296554565430e-01 -1.190043240785598755e-02
4.973789155483245850e-01 6.302407383918762207e-01 -1.156627666205167770e-02
4.777840673923492432e-01 6.258754730224609375e-01 -1.029859017580747604e-02
4.366209805011749268e-01 5.757972002029418945e-01 4.702688194811344147e-03
4.602268934249877930e-01 4.873385727405548096e-01 -1.156693790107965469e-02
4.465147852897644043e-01 5.966198444366455078e-01 3.007468185387551785e-04
4.342290461063385010e-01 4.803229570388793945e-01 -8.707295171916484833e-03
4.482238888740539551e-01 5.021407604217529297e-01 -1.015970204025506973e-02
4.224723577499389648e-01 5.061765909194946289e-01 -2.458424714859575033e-04
4.723529815673828125e-01 6.442481279373168945e-01 -1.018697954714298248e-02
4.797740876674652100e-01 4.543069601058959961e-01 -2.306819893419742584e-02
4.255135357379913330e-01 5.878788232803344727e-01 1.434382889419794083e-02
4.386827945709228516e-01 6.092971563339233398e-01 8.083380758762359619e-03
4.300903081893920898e-01 5.523766279220581055e-01 4.635880701243877411e-03
3.924770951271057129e-01 5.102313160896301270e-01 3.659770637750625610e-02
4.152601063251495361e-01 5.537542700767517090e-01 1.454964000731706619e-02
3.838789761066436768e-01 5.233734846115112305e-01 6.195833534002304077e-02
4.375104904174804688e-01 5.221859216690063477e-01 -5.132918711751699448e-03
4.892522096633911133e-01 4.301486015319824219e-01 -2.253703773021697998e-02
4.872971475124359131e-01 4.783003628253936768e-01 -4.764594882726669312e-02
4.797583818435668945e-01 4.821361005306243896e-01 -3.570459038019180298e-02
4.930173456668853760e-01 4.675583839416503906e-01 -5.524023622274398804e-02
4.872271716594696045e-01 3.466090261936187744e-01 -2.940491307526826859e-03
4.694705307483673096e-01 3.312965035438537598e-01 -5.806861910969018936e-03
4.531346559524536133e-01 3.268471956253051758e-01 -6.126616150140762329e-03
4.388957321643829346e-01 3.294690251350402832e-01 -2.664840314537286758e-03
4.281871020793914795e-01 3.371872603893280029e-01 3.424081718549132347e-03
4.174599945545196533e-01 3.702840209007263184e-01 1.984958536922931671e-02
3.784525394439697266e-01 4.132941961288452148e-01 6.728126853704452515e-02
4.233797490596771240e-01 3.967215120792388916e-01 1.092472206801176071e-02
4.345651268959045410e-01 4.035393297672271729e-01 4.857807420194149017e-03
4.500088393688201904e-01 4.056581556797027588e-01 1.145134563557803631e-03
4.652200937271118164e-01 4.034337699413299561e-01 3.351535269757732749e-05
4.776709973812103271e-01 3.987553119659423828e-01 6.920080631971359253e-04
4.865631461143493652e-01 3.941140472888946533e-01 6.242423551157116890e-04
3.743789494037628174e-01 4.134866297245025635e-01 1.090053245425224304e-01
4.791768193244934082e-01 4.868885874748229980e-01 -3.011949174106121063e-02
4.969258904457092285e-01 4.349036812782287598e-01 -3.887443244457244873e-02
4.951523840427398682e-01 4.800949692726135254e-01 -5.587857216596603394e-02
5.000836849212646484e-01 4.892539083957672119e-01 -5.097989365458488464e-02
4.947886466979980469e-01 4.829613566398620605e-01 -5.043509975075721741e-02
4.815225303173065186e-01 4.923717379570007324e-01 -2.605600096285343170e-02
5.022301673889160156e-01 4.910514950752258301e-01 -5.387583374977111816e-02
5.026466250419616699e-01 4.951077997684478760e-01 -4.050348699092864990e-02
4.887235760688781738e-01 3.802526593208312988e-01 6.440717261284589767e-03
4.941841363906860352e-01 3.852798342704772949e-01 5.562555452343076468e-05
4.976684749126434326e-01 3.884076774120330811e-01 -7.673153188079595566e-03
4.350568950176239014e-01 3.661545515060424805e-01 9.249470196664333344e-03
4.278252422809600830e-01 3.544252514839172363e-01 9.340358898043632507e-03
5.255106091499328613e-01 4.309490323066711426e-01 -4.440805688500404358e-02
5.960530042648315430e-01 3.927884697914123535e-01 2.139208838343620300e-02
5.209121108055114746e-01 4.951367676258087158e-01 -3.958468139171600342e-02
6.333898901939392090e-01 3.432549834251403809e-01 7.904285192489624023e-02
5.634449720382690430e-01 4.042178392410278320e-01 7.828456349670886993e-03
5.743777155876159668e-01 4.071088731288909912e-01 9.268957190215587616e-03
5.848957896232604980e-01 4.079462885856628418e-01 1.296277530491352081e-02
5.995714068412780762e-01 3.996658325195312500e-01 2.316086180508136749e-02
5.544031858444213867e-01 3.989600241184234619e-01 8.462486788630485535e-03
5.835648775100708008e-01 3.534728288650512695e-01 5.547954235225915909e-03
5.702449083328247070e-01 3.548991382122039795e-01 4.769705701619386673e-03
5.953990817070007324e-01 3.576406240463256836e-01 9.671096689999103546e-03
6.024901270866394043e-01 3.661866784095764160e-01 1.442924328148365021e-02
6.067357063293457031e-01 4.127302169799804688e-01 2.902245521545410156e-02
5.395254492759704590e-01 6.391062140464782715e-01 3.853930393233895302e-03
6.003910303115844727e-01 3.879709243774414062e-01 2.531523816287517548e-02
6.363193988800048828e-01 4.143195450305938721e-01 8.143205195665359497e-02
6.189434528350830078e-01 4.015731513500213623e-01 4.134834930300712585e-02
5.658988356590270996e-01 4.788962900638580322e-01 -4.518336150795221329e-03
5.206975936889648438e-01 5.362954139709472656e-01 -3.094728477299213409e-02
5.182598829269409180e-01 5.465481281280517578e-01 -2.588585950434207916e-02
5.344755649566650391e-01 5.432388782501220703e-01 -2.309405617415904999e-02
5.429700613021850586e-01 5.511173009872436523e-01 -1.344277616590261459e-02
5.292317867279052734e-01 5.498433709144592285e-01 -2.024839818477630615e-02
5.372550487518310547e-01 5.546679496765136719e-01 -1.145215891301631927e-02
5.523976683616638184e-01 5.847787261009216309e-01 5.556415766477584839e-03
5.217314958572387695e-01 4.860312640666961670e-01 -5.979419499635696411e-02
5.247763395309448242e-01 4.697154462337493896e-01 -6.297586858272552490e-02
6.171584725379943848e-01 3.515158891677856445e-01 1.929113455116748810e-02
5.465514063835144043e-01 4.334638118743896484e-01 -6.375050172209739685e-03
5.456008911132812500e-01 4.857573807239532471e-01 -3.010404668748378754e-02
5.470345020294189453e-01 4.769258201122283936e-01 -2.653874643146991730e-02
5.982304811477661133e-01 4.814148247241973877e-01 1.194663532078266144e-02
5.253955125808715820e-01 4.488265216350555420e-01 -5.573690682649612427e-02
5.947394371032714844e-01 3.283891975879669189e-01 -1.384797040373086929e-03
6.087192893028259277e-01 3.364040851593017578e-01 8.257364854216575623e-03
6.257840394973754883e-01 3.130166828632354736e-01 5.665808543562889099e-02
5.453156828880310059e-01 3.426600992679595947e-01 -1.415150798857212067e-02
5.584453940391540527e-01 3.623884618282318115e-01 7.359828799962997437e-03
5.618332624435424805e-01 5.684834122657775879e-01 8.551359176635742188e-03
6.129621267318725586e-01 5.692312121391296387e-01 1.079471558332443237e-01
5.360879302024841309e-01 4.940820634365081787e-01 -2.658250369131565094e-02
5.273133516311645508e-01 4.977388381958007812e-01 -2.863716147840023041e-02
5.506073832511901855e-01 5.682709217071533203e-01 6.920618470758199692e-03
5.475000739097595215e-01 5.677015781402587891e-01 3.437655279412865639e-03
6.144865751266479492e-01 3.267386555671691895e-01 1.416119560599327087e-02
5.449901223182678223e-01 4.934423267841339111e-01 -2.405373938381671906e-02
5.745336413383483887e-01 3.292776048183441162e-01 -9.187995456159114838e-03
5.773500204086303711e-01 3.162865638732910156e-01 -1.119288243353366852e-02
5.884220004081726074e-01 2.700746953487396240e-01 1.130225788801908493e-02
6.192815303802490234e-01 3.258663415908813477e-01 3.233553096652030945e-02
5.812344551086425781e-01 2.974329292774200439e-01 -6.676900084130465984e-04
6.229621171951293945e-01 3.463876247406005859e-01 2.954048104584217072e-02
6.276221275329589844e-01 3.508109450340270996e-01 5.267237499356269836e-02
5.197541117668151855e-01 5.420334339141845703e-01 -2.960360050201416016e-02
5.318261981010437012e-01 5.470781326293945312e-01 -2.214421704411506653e-02
5.402325391769409180e-01 5.531530976295471191e-01 -1.341227255761623383e-02
5.331496596336364746e-01 4.968215227127075195e-01 -2.450378052890300751e-02
5.490218400955200195e-01 5.680178403854370117e-01 4.995096009224653244e-03
5.442211031913757324e-01 5.773805975914001465e-01 -1.908063306473195553e-03
5.459842681884765625e-01 5.673847794532775879e-01 3.038541879504919052e-03
5.322533845901489258e-01 4.875403642654418945e-01 -4.221516475081443787e-02
5.348188877105712891e-01 5.550088286399841309e-01 -9.826922789216041565e-03
5.269196629524230957e-01 5.509849786758422852e-01 -1.599471457302570343e-02
5.168740153312683105e-01 5.486227869987487793e-01 -2.109189704060554504e-02
5.145621299743652344e-01 6.144956350326538086e-01 -1.059800758957862854e-02
5.166374444961547852e-01 6.032735109329223633e-01 -2.078212425112724304e-02
5.165694355964660645e-01 5.960621237754821777e-01 -2.204222977161407471e-02
5.158791542053222656e-01 5.898013710975646973e-01 -1.944012381136417389e-02
5.146237015724182129e-01 5.852158665657043457e-01 -1.773703470826148987e-02
5.329455733299255371e-01 5.796893239021301270e-01 -7.231252733618021011e-03
5.353029966354370117e-01 5.816453099250793457e-01 -8.986054919660091400e-03
5.379976034164428711e-01 5.851308107376098633e-01 -1.049857959151268005e-02
5.399397015571594238e-01 5.894168615341186523e-01 -8.404611609876155853e-03
5.523868203163146973e-01 5.381672978401184082e-01 -9.444537572562694550e-03
6.300398707389831543e-01 4.872941374778747559e-01 1.264753490686416626e-01
5.389009118080139160e-01 5.752028822898864746e-01 -9.367201710119843483e-04
5.416830182075500488e-01 5.759384632110595703e-01 -2.119203098118305206e-03
5.237752795219421387e-01 5.037845969200134277e-01 -2.917042188346385956e-02
5.401268601417541504e-01 5.027903318405151367e-01 -1.643011346459388733e-02
5.254686474800109863e-01 5.008717775344848633e-01 -2.920670062303543091e-02
5.571513772010803223e-01 4.448114931583404541e-01 -1.991427736356854439e-03
5.744455456733703613e-01 4.584415555000305176e-01 2.038604114204645157e-03
5.480023622512817383e-01 4.848570525646209717e-01 -2.015700377523899078e-02
6.121321320533752441e-01 2.881569266319274902e-01 3.260738775134086609e-02
6.049210429191589355e-01 3.075410127639770508e-01 1.500912103801965714e-02
5.991273522377014160e-01 3.163341879844665527e-01 1.034066779538989067e-03
5.426895618438720703e-01 5.968234539031982422e-01 -4.090916190762072802e-04
5.506113171577453613e-01 3.208120465278625488e-01 -1.803555525839328766e-02
5.553399324417114258e-01 2.932887673377990723e-01 -1.038911100476980209e-02
5.611943602561950684e-01 2.595205903053283691e-01 -2.145444741472601891e-03
5.940149426460266113e-01 4.058416187763214111e-01 1.829859800636768341e-02
6.170012950897216797e-01 4.270735085010528564e-01 3.565387427806854248e-02
5.485087633132934570e-01 3.939210176467895508e-01 9.848975576460361481e-03
6.113556027412414551e-01 3.759037554264068604e-01 2.476916648447513580e-02
5.399981141090393066e-01 4.213291108608245850e-01 -1.074087154120206833e-02
5.402210354804992676e-01 4.782027304172515869e-01 -4.155983775854110718e-02
6.273356080055236816e-01 4.440663456916809082e-01 4.856951907277107239e-02
6.093517541885375977e-01 4.380815327167510986e-01 2.481352537870407104e-02
5.952454209327697754e-01 4.426248967647552490e-01 1.345987245440483093e-02
5.745269656181335449e-01 4.369075298309326172e-01 7.331583183258771896e-03
5.596070885658264160e-01 4.276323616504669189e-01 4.033706150949001312e-03
5.486721992492675781e-01 4.182755351066589355e-01 3.740421379916369915e-04
5.280867218971252441e-01 3.971670567989349365e-01 -2.298537082970142365e-02
6.234334707260131836e-01 4.788434803485870361e-01 4.468534141778945923e-02
6.188900470733642578e-01 3.751928508281707764e-01 3.081595711410045624e-02
5.169501900672912598e-01 4.941148161888122559e-01 -5.451978743076324463e-02
5.447634458541870117e-01 4.500169456005096436e-01 -1.169774122536182404e-02
6.371249556541442871e-01 4.138444662094116211e-01 1.200131401419639587e-01
5.407659411430358887e-01 4.081983268260955811e-01 -1.569908927194774151e-03
5.484932661056518555e-01 4.860257506370544434e-01 -8.733614347875118256e-03
6.045799255371093750e-01 3.889531791210174561e-01 2.769969217479228973e-02
5.413348078727722168e-01 4.674481749534606934e-01 -3.708715736865997314e-02
6.235204935073852539e-01 5.271890163421630859e-01 1.201816499233245850e-01
5.490145683288574219e-01 3.878908753395080566e-01 1.299732644110918045e-02
5.338794589042663574e-01 4.561800360679626465e-01 -4.850091412663459778e-02
5.888084173202514648e-01 6.060224771499633789e-01 4.710273817181587219e-02
5.867488384246826172e-01 6.252065300941467285e-01 6.684984266757965088e-02
6.321896314620971680e-01 4.844608902931213379e-01 8.550667017698287964e-02
6.034157276153564453e-01 5.852465629577636719e-01 6.143210455775260925e-02
6.322376132011413574e-01 3.803404271602630615e-01 7.044901698827743530e-02
5.406071543693542480e-01 6.560258865356445312e-01 9.979099035263061523e-03
5.149489641189575195e-01 4.978413879871368408e-01 -3.978674858808517456e-02
5.534971356391906738e-01 4.639397561550140381e-01 -7.268304936587810516e-03
6.267688274383544922e-01 4.071935713291168213e-01 5.322198197245597839e-02
5.849642753601074219e-01 3.973636925220489502e-01 1.412694621831178665e-02
5.755278468132019043e-01 3.973324894905090332e-01 1.084759086370468140e-02
5.463848710060119629e-01 5.793955326080322266e-01 4.732843808596953750e-05
6.184226274490356445e-01 5.121552348136901855e-01 4.751730710268020630e-02
5.181325078010559082e-01 6.776285767555236816e-01 1.193598005920648575e-02
5.540416240692138672e-01 6.577137708663940430e-01 3.629139065742492676e-02
5.694659948348999023e-01 6.445234417915344238e-01 4.983680322766304016e-02
5.662826299667358398e-01 3.951137959957122803e-01 9.834889322519302368e-03
5.575967431068420410e-01 3.917008340358734131e-01 1.094362698495388031e-02
5.518176555633544922e-01 3.897514641284942627e-01 1.297907251864671707e-02
6.254277229309082031e-01 3.740311264991760254e-01 4.287276044487953186e-02
5.601049065589904785e-01 3.777368068695068359e-01 9.624346159398555756e-03
5.701506137847900391e-01 3.735335767269134521e-01 8.282709866762161255e-03
5.800269842147827148e-01 3.730609416961669922e-01 9.308609180152416229e-03
5.895334482192993164e-01 3.763118982315063477e-01 1.246655452996492386e-02
5.950759053230285645e-01 3.811007440090179443e-01 1.635814458131790161e-02
6.370683908462524414e-01 3.750810623168945312e-01 1.022997200489044189e-01
5.914649963378906250e-01 3.954931497573852539e-01 1.802078075706958771e-02
5.430976152420043945e-01 5.274893045425415039e-01 -1.657865382730960846e-02
5.365008711814880371e-01 4.912125766277313232e-01 -3.071122616529464722e-02
5.235842466354370117e-01 5.191458463668823242e-01 -2.833473868668079376e-02
5.729027390480041504e-01 6.257513761520385742e-01 3.562301397323608398e-02
5.574824810028076172e-01 6.408358812332153320e-01 2.344905957579612732e-02
5.195007920265197754e-01 6.664024591445922852e-01 -2.187245991080999374e-03
6.002638936042785645e-01 6.021347045898437500e-01 8.813977241516113281e-02
5.526092052459716797e-01 3.837881684303283691e-01 1.161811780184507370e-02
5.333442687988281250e-01 4.247615933418273926e-01 -2.688767574727535248e-02
5.375691056251525879e-01 6.694591045379638672e-01 2.205824851989746094e-02
6.257325410842895508e-01 5.211864709854125977e-01 8.280045539140701294e-02
5.248061418533325195e-01 5.831770300865173340e-01 -1.284191850572824478e-02
5.269922018051147461e-01 5.866265892982482910e-01 -1.465187314897775650e-02
5.287960767745971680e-01 5.919221639633178711e-01 -1.644622720777988434e-02
5.298244953155517578e-01 5.986101627349853516e-01 -1.489019393920898438e-02
5.303283333778381348e-01 6.074773073196411133e-01 -6.623902823776006699e-03
5.434024930000305176e-01 5.605151653289794922e-01 -3.554861992597579956e-03
5.460258126258850098e-01 5.600903630256652832e-01 -3.199716098606586456e-03
5.484780073165893555e-01 5.590846538543701172e-01 -3.065336495637893677e-03
5.589494705200195312e-01 5.521830916404724121e-01 -2.427725994493812323e-04
6.032600998878479004e-01 5.188319087028503418e-01 2.381158992648124695e-02
5.339235067367553711e-01 4.080453515052795410e-01 -1.604593917727470398e-02
5.417485237121582031e-01 3.736473917961120605e-01 4.304512403905391693e-03
5.479981899261474609e-01 3.762944340705871582e-01 9.362247772514820099e-03
5.411772131919860840e-01 5.602562427520751953e-01 -2.523683011531829834e-03
6.007432937622070312e-01 5.598666667938232422e-01 4.045541957020759583e-02
5.324143171310424805e-01 3.722460269927978516e-01 -1.070499885827302933e-02
5.353232622146606445e-01 6.223203539848327637e-01 -6.195814348757266998e-04
5.269398093223571777e-01 4.149084091186523438e-01 -3.486352786421775818e-02
5.387543439865112305e-01 4.524633288383483887e-01 -2.696654386818408966e-02
5.168870091438293457e-01 6.305967569351196289e-01 -8.248280733823776245e-03
5.624448060989379883e-01 5.922939777374267578e-01 1.248328387737274170e-02
5.563588738441467285e-01 5.005604624748229980e-01 -5.407412536442279816e-03
5.501188039779663086e-01 6.096102595329284668e-01 6.394179537892341614e-03
5.812446475028991699e-01 5.009565353393554688e-01 7.989529985934495926e-04
5.648613572120666504e-01 5.183545947074890137e-01 -2.573539502918720245e-03
5.874972939491271973e-01 5.290775299072265625e-01 1.043971907347440720e-02
5.192070007324218750e-01 6.498532295227050781e-01 -7.522844709455966949e-03
5.440610647201538086e-01 4.631543457508087158e-01 -1.865475624799728394e-02
5.708915591239929199e-01 6.063019037246704102e-01 2.307860553264617920e-02
5.555595159530639648e-01 6.235493421554565430e-01 1.480839122086763382e-02
5.725252032279968262e-01 5.717560052871704102e-01 1.403777580708265305e-02
6.127187609672546387e-01 5.405051112174987793e-01 5.087511613965034485e-02
5.859344601631164551e-01 5.765061974525451660e-01 2.530133724212646484e-02
6.169364452362060547e-01 5.551104545593261719e-01 7.717881351709365845e-02
5.710154175758361816e-01 5.407613515853881836e-01 3.680098569020628929e-03
5.387613177299499512e-01 4.371532201766967773e-01 -1.870814152061939240e-02
5.360150337219238281e-01 4.851703047752380371e-01 -4.426464810967445374e-02
5.415161252021789551e-01 4.907241463661193848e-01 -3.183342888951301575e-02
5.332279205322265625e-01 4.732229411602020264e-01 -5.271104350686073303e-02
5.521494746208190918e-01 3.567539751529693604e-01 1.699209678918123245e-03
5.716491341590881348e-01 3.454330563545227051e-01 8.946415618993341923e-04
5.881134271621704102e-01 3.442595601081848145e-01 2.706123283132910728e-03
6.008159518241882324e-01 3.497169017791748047e-01 8.005638606846332550e-03
6.087743639945983887e-01 3.597833812236785889e-01 1.534836459904909134e-02
6.106040477752685547e-01 3.949370682239532471e-01 3.260179609060287476e-02
6.359223723411560059e-01 4.491276144981384277e-01 8.420802652835845947e-02
6.007640361785888672e-01 4.193658530712127686e-01 2.278173528611660004e-02
5.892884135246276855e-01 4.231882393360137939e-01 1.525537855923175812e-02
5.747799277305603027e-01 4.209156930446624756e-01 9.801611304283142090e-03
5.611933469772338867e-01 4.149664640426635742e-01 6.948403082787990570e-03
5.508453249931335449e-01 4.080869257450103760e-01 5.938136018812656403e-03
5.437932014465332031e-01 4.017080962657928467e-01 4.898391664028167725e-03
6.339250802993774414e-01 4.502362906932830811e-01 1.272735595703125000e-01
5.406204462051391602e-01 4.952869117259979248e-01 -2.630280889570713043e-02
5.327895283699035645e-01 4.399302005767822266e-01 -3.612851351499557495e-02
5.291165113449096680e-01 4.848430156707763672e-01 -5.373681336641311646e-02
5.222098231315612793e-01 4.923664927482604980e-01 -4.972591251134872437e-02
5.282917022705078125e-01 4.877594411373138428e-01 -4.822637140750885010e-02
5.371034741401672363e-01 4.998381733894348145e-01 -2.281693369150161743e-02
5.203078985214233398e-01 4.935461282730102539e-01 -5.285859107971191406e-02
5.183597207069396973e-01 4.972318112850189209e-01 -3.966637328267097473e-02
5.448244214057922363e-01 3.878696560859680176e-01 1.084859482944011688e-02
5.386614203453063965e-01 3.916263878345489502e-01 3.461436601355671883e-03
5.351609587669372559e-01 3.941994011402130127e-01 -4.892736207693815231e-03
5.981259346008300781e-01 3.847880363464355469e-01 2.026896364986896515e-02
6.061223745346069336e-01 3.761668801307678223e-01 2.105009183287620544e-02
4.544180631637573242e-01 3.710764646530151367e-01 5.582930520176887512e-03
4.660270214080810547e-01 3.720664978027343750e-01 5.582930520176887512e-03
4.553573131561279297e-01 3.567777276039123535e-01 5.582930520176887512e-03
4.426180720329284668e-01 3.700053691864013672e-01 5.582930520176887512e-03
4.533786177635192871e-01 3.851857185363769531e-01 5.582930520176887512e-03
5.774827003479003906e-01 3.846483528614044189e-01 1.402406301349401474e-02
5.892747640609741211e-01 3.858259916305541992e-01 1.402406301349401474e-02
5.783686637878417969e-01 3.696166276931762695e-01 1.402406301349401474e-02
5.656473040580749512e-01 3.833691477775573730e-01 1.402406301349401474e-02
5.766414999961853027e-01 3.997205197811126709e-01 1.402406301349401474e-02
