4.997959136962890625e-01 5.074196457862854004e-01 -4.143821075558662415e-02
5.034885406494140625e-01 4.481388330459594727e-01 -6.248411908745765686e-02
5.018929243087768555e-01 4.692038595676422119e-01 -3.674552217125892639e-02
4.976095259189605713e-01 3.970495462417602539e-01 -4.176034033298492432e-02
5.047631859779357910e-01 4.312250614166259766e-01 -6.466908007860183716e-02
5.062007904052734375e-01 4.112353324890136719e-01 -5.786387249827384949e-02
5.095469355583190918e-01 3.646343052387237549e-01 -2.022900246083736420e-02
4.302568435668945312e-01 3.562799394130706787e-01 2.109707891941070557e-02
5.124437212944030762e-01 3.224890530109405518e-01 -7.511553820222616196e-03
5.140219330787658691e-01 3.005298674106597900e-01 -6.548429373651742935e-03
5.186475515365600586e-01 2.347839474678039551e-01 1.523185335099697113e-02
4.996953308582305908e-01 5.113493204116821289e-01 -4.092354327440261841e-02
4.995578527450561523e-01 5.154813528060913086e-01 -3.794804960489273071e-02
4.995244741439819336e-01 5.180611014366149902e-01 -3.385575860738754272e-02
4.974044859409332275e-01 5.696936249732971191e-01 -2.833132818341255188e-02
4.974209070205688477e-01 5.744425058364868164e-01 -3.109754063189029694e-02
4.972364008426666260e-01 5.804144740104675293e-01 -3.377273678779602051e-02
4.969420731067657471e-01 5.870308876037597656e-01 -3.195679932832717896e-02
4.936632513999938965e-01 5.949552059173583984e-01 -2.203292399644851685e-02
5.027139782905578613e-01 4.581283032894134521e-01 -5.757304280996322632e-02
4.928519725799560547e-01 4.586524963378906250e-01 -4.293871298432350159e-02
3.910874724388122559e-01 3.027175068855285645e-01 8.151526749134063721e-02
4.586401283740997314e-01 3.732083439826965332e-01 9.047414176166057587e-03
4.472649693489074707e-01 3.737693727016448975e-01 9.442389011383056641e-03
4.367982149124145508e-01 3.717904686927795410e-01 1.235516183078289032e-02
4.242075979709625244e-01 3.618640899658203125e-01 2.182874456048011780e-02
4.691087007522583008e-01 3.692808151245117188e-01 1.109576784074306488e-02
4.485771656036376953e-01 3.193376362323760986e-01 8.677732199430465698e-03
4.611600041389465332e-01 3.228452801704406738e-01 9.421997703611850739e-03
4.361779689788818359e-01 3.213745355606079102e-01 1.165963057428598404e-02
4.275033771991729736e-01 3.283958435058593750e-01 1.550707034766674042e-02
4.126073718070983887e-01 3.718627393245697021e-01 2.606254257261753082e-02
4.477654695510864258e-01 6.090992093086242676e-01 -1.304596103727817535e-02
4.268422126770019531e-01 3.516513109207153320e-01 2.509330213069915771e-02
3.791336417198181152e-01 3.706204593181610107e-01 7.647823542356491089e-02
4.007907509803771973e-01 3.587054610252380371e-01 3.865943476557731628e-02
4.468162059783935547e-01 4.390140771865844727e-01 -1.050627138465642929e-02
4.840174615383148193e-01 5.036172866821289062e-01 -3.986218944191932678e-02
4.855803251266479492e-01 5.144325494766235352e-01 -3.644469752907752991e-02
4.686000943183898926e-01 5.096492767333984375e-01 -3.377211838960647583e-02
4.587426185607910156e-01 5.179525613784790039e-01 -2.527964115142822266e-02
4.738662838935852051e-01 5.172291398048400879e-01 -3.179383650422096252e-02
4.650136232376098633e-01 5.224193930625915527e-01 -2.372330613434314728e-02
4.430049359798431396e-01 5.506348609924316406e-01 -9.013120085000991821e-03
4.942575395107269287e-01 4.470050036907196045e-01 -6.164316833019256592e-02
4.938829243183135986e-01 4.308301210403442383e-01 -6.353278458118438721e-02
4.126336574554443359e-01 3.084616065025329590e-01 2.152092382311820984e-02
4.727059900760650635e-01 4.005322456359863281e-01 -6.270032376050949097e-03
4.687217175960540771e-01 4.457749724388122559e-01 -3.472095355391502380e-02
4.680296480655670166e-01 4.380466938018798828e-01 -3.060377761721611023e-02
4.127727448940277100e-01 4.360147118568420410e-01 2.947216620668768883e-03
4.957811236381530762e-01 4.123004972934722900e-01 -5.475610122084617615e-02
4.411181509494781494e-01 2.877522110939025879e-01 5.049872677773237228e-03
4.249295890331268311e-01 2.943038642406463623e-01 1.283159852027893066e-02
4.056720435619354248e-01 2.729734182357788086e-01 6.354745477437973022e-02
4.895011484622955322e-01 3.078537583351135254e-01 -4.624045919626951218e-03
4.715663194656372070e-01 3.320334553718566895e-01 1.240843348205089569e-02
4.368100762367248535e-01 5.306336879730224609e-01 -6.223298143595457077e-03
3.796318173408508301e-01 5.303844809532165527e-01 8.544644713401794434e-02
4.767376780509948730e-01 4.557935595512390137e-01 -3.104648925364017487e-02
4.852268695831298828e-01 4.615888893604278564e-01 -3.270619362592697144e-02
4.488828480243682861e-01 5.391007065773010254e-01 -7.168212439864873886e-03
4.523499906063079834e-01 5.392947196960449219e-01 -1.005406118929386139e-02
4.196637868881225586e-01 2.840962707996368408e-01 1.959349401295185089e-02
4.676428139209747314e-01 4.546377658843994141e-01 -2.942361123859882355e-02
4.618822932243347168e-01 2.903330028057098389e-01 -9.085568017326295376e-04
4.613296687602996826e-01 2.774302959442138672e-01 -1.436958555132150650e-03
4.541285634040832520e-01 2.365475296974182129e-01 2.624237909913063049e-02
4.125938415527343750e-01 2.839785516262054443e-01 3.919515386223793030e-02
4.583906531333923340e-01 2.617970705032348633e-01 1.257205847650766373e-02
4.063539803028106689e-01 3.026871681213378906e-01 3.221803903579711914e-02
3.987160921096801758e-01 3.083590269088745117e-01 5.615697428584098816e-02
4.844074845314025879e-01 5.093411803245544434e-01 -3.943761438131332397e-02
4.710835516452789307e-01 5.137239098548889160e-01 -3.336428478360176086e-02
4.616973698139190674e-01 5.202553272247314453e-01 -2.548183128237724304e-02
4.791410863399505615e-01 4.596467912197113037e-01 -2.886517159640789032e-02
4.506275653839111328e-01 5.392915606498718262e-01 -8.661671541631221771e-03
4.542815685272216797e-01 5.499323606491088867e-01 -1.481384225189685822e-02
4.538608193397521973e-01 5.391650795936584473e-01 -1.027122698724269867e-02
4.824579060077667236e-01 4.480924606323242188e-01 -4.563970863819122314e-02
4.675328135490417480e-01 5.230866074562072754e-01 -2.250059694051742554e-02
4.761865437030792236e-01 5.188431143760681152e-01 -2.822915650904178619e-02
4.868987202644348145e-01 5.171518921852111816e-01 -3.259707614779472351e-02
4.770095646381378174e-01 5.914822220802307129e-01 -2.182978577911853790e-02
4.796806573867797852e-01 5.825619101524353027e-01 -3.127153217792510986e-02
4.808205962181091309e-01 5.762860178947448730e-01 -3.237160295248031616e-02
4.822818934917449951e-01 5.706602334976196289e-01 -2.953181043267250061e-02
4.839836955070495605e-01 5.664551854133605957e-01 -2.696532197296619415e-02
4.657611846923828125e-01 5.558950901031494141e-01 -1.826011575758457184e-02
4.630479514598846436e-01 5.569689273834228516e-01 -2.045976743102073669e-02
4.596938788890838623e-01 5.588994026184082031e-01 -2.252258360385894775e-02
4.570072889328002930e-01 5.616163611412048340e-01 -2.090556919574737549e-02
4.517051577568054199e-01 4.989182054996490479e-01 -2.028877660632133484e-02
3.715504109859466553e-01 4.466409981250762939e-01 1.113426908850669861e-01
5.022810697555541992e-01 4.633703827857971191e-01 -4.381736367940902710e-02
4.599551260471343994e-01 5.496113300323486328e-01 -1.305493433028459549e-02
4.570468366146087646e-01 5.495835542678833008e-01 -1.460184343159198761e-02
4.877200424671173096e-01 4.683545827865600586e-01 -3.421790897846221924e-02
4.705637693405151367e-01 4.657375812530517578e-01 -2.227224782109260559e-02
4.865628480911254883e-01 4.650377035140991211e-01 -3.362913057208061218e-02
4.597289860248565674e-01 4.093324244022369385e-01 -4.223625175654888153e-03
4.403759539127349854e-01 4.183550477027893066e-01 -2.595693338662385941e-03
4.655432701110839844e-01 4.464686810970306396e-01 -2.513285726308822632e-02
4.256118535995483398e-01 2.500466108322143555e-01 4.351808503270149231e-02
4.314921796321868896e-01 2.676602005958557129e-01 2.496476843953132629e-02
4.382579028606414795e-01 2.757988870143890381e-01 8.745475672185420990e-03
4.507288634777069092e-01 5.659446716308593750e-01 -1.438930723816156387e-02
4.882812500000000000e-01 2.853305041790008545e-01 -6.232131272554397583e-03
4.857298135757446289e-01 2.636620700359344482e-01 5.623513367027044296e-03
4.840187430381774902e-01 2.324836999177932739e-01 1.645064167678356171e-02
4.284751713275909424e-01 3.679386675357818604e-01 1.715476252138614655e-02
3.986255824565887451e-01 3.829441964626312256e-01 3.072805143892765045e-02
4.763973057270050049e-01 3.647565245628356934e-01 1.331484317779541016e-02
4.151589870452880859e-01 3.355591297149658203e-01 2.489443123340606689e-02
4.817408621311187744e-01 3.898907303810119629e-01 -8.909032680094242096e-03
4.759075045585632324e-01 4.378170967102050781e-01 -4.473793879151344299e-02
3.864729702472686768e-01 3.977652192115783691e-01 4.101670905947685242e-02
4.053494930267333984e-01 3.941412866115570068e-01 1.910131797194480896e-02
4.196999967098236084e-01 4.007122218608856201e-01 8.494080975651741028e-03
4.420754611492156982e-01 3.995082974433898926e-01 4.431605339050292969e-03
4.587934017181396484e-01 3.939141035079956055e-01 3.108466509729623795e-03
4.720431268215179443e-01 3.867798745632171631e-01 1.534518785774707794e-03
4.985711574554443359e-01 3.678214550018310547e-01 -1.667050831019878387e-02
3.858228325843811035e-01 4.315441250801086426e-01 3.355816006660461426e-02
4.060435295104980469e-01 3.324543237686157227e-01 3.078988008201122284e-02
4.973542690277099609e-01 4.570492804050445557e-01 -5.706149339675903320e-02
4.725440144538879395e-01 4.153581559658050537e-01 -1.342152059078216553e-02
3.746190965175628662e-01 3.735418915748596191e-01 1.128221824765205383e-01
4.823196232318878174e-01 3.779624700546264648e-01 1.391181489452719688e-03
4.640828073024749756e-01 4.487530291080474854e-01 -1.409119646996259689e-02
4.209030866622924805e-01 3.510020673274993896e-01 2.692242898046970367e-02
4.757661521434783936e-01 4.286434948444366455e-01 -3.948513790965080261e-02
3.734788894653320312e-01 4.868864417076110840e-01 1.013913974165916443e-01
4.778996407985687256e-01 3.590897321701049805e-01 1.703069917857646942e-02
4.856876134872436523e-01 4.183435440063476562e-01 -4.906740412116050720e-02
4.025581777095794678e-01 5.673872828483581543e-01 2.649247832596302032e-02
4.001642167568206787e-01 5.899978280067443848e-01 4.310206696391105652e-02
3.736310601234436035e-01 4.393273293972015381e-01 7.267146557569503784e-02
3.905138373374938965e-01 5.442818999290466309e-01 4.071405157446861267e-02
3.886445164680480957e-01 3.375596106052398682e-01 6.997289508581161499e-02
4.436742067337036133e-01 6.268601417541503906e-01 -9.310769848525524139e-03
4.981553852558135986e-01 4.623952209949493408e-01 -4.312251135706901550e-02
4.613706767559051514e-01 4.273234903812408447e-01 -1.102423947304487228e-02
3.905584812164306641e-01 3.626595735549926758e-01 4.947804287075996399e-02
4.395807981491088867e-01 3.623970150947570801e-01 1.427862606942653656e-02
4.485277533531188965e-01 3.648040592670440674e-01 1.175942458212375641e-02
4.517036080360412598e-01 5.507216453552246094e-01 -1.339618396013975143e-02
3.861665129661560059e-01 4.654734432697296143e-01 3.282877057790756226e-02
4.632067680358886719e-01 6.550113558769226074e-01 -7.525983266532421112e-03
4.286195635795593262e-01 6.283907294273376465e-01 1.464112754911184311e-02
4.150398373603820801e-01 6.124136447906494141e-01 2.716698683798313141e-02
5.164186954498291016e-01 2.678551673889160156e-01 4.066254943609237671e-03
4.892170727252960205e-01 6.613150238990783691e-01 -1.010917220264673233e-02
4.580544233322143555e-01 3.646205663681030273e-01 1.180166006088256836e-02
4.675467312335968018e-01 3.624795079231262207e-01 1.387167349457740784e-02
4.741660952568054199e-01 3.608317971229553223e-01 1.666837185621261597e-02
3.978956639766693115e-01 3.304648399353027344e-01 4.253736138343811035e-02
4.686121940612792969e-01 3.486509025096893311e-01 1.358622405678033829e-02
4.590040743350982666e-01 3.442793488502502441e-01 1.171016786247491837e-02
4.495175480842590332e-01 3.429492115974426270e-01 1.190873607993125916e-02
4.399704635143280029e-01 3.443477749824523926e-01 1.411309186369180679e-02
4.336645901203155518e-01 3.471754789352416992e-01 1.715876907110214233e-02
3.811246156692504883e-01 3.346304595470428467e-01 1.001155972480773926e-01
4.339668750762939453e-01 3.593254685401916504e-01 1.784660667181015015e-02
5.009536743164062500e-01 4.831689894199371338e-01 -3.541946411132812500e-02
4.631753861904144287e-01 4.891450703144073486e-01 -2.554625645279884338e-02
4.769393205642700195e-01 4.520768523216247559e-01 -3.454380854964256287e-02
4.851665794849395752e-01 4.831285774707794189e-01 -3.478537872433662415e-02
5.108886361122131348e-01 3.452495336532592773e-01 -9.542875923216342926e-03
4.153461754322052002e-01 5.902187824249267578e-01 1.525558065623044968e-02
4.286975562572479248e-01 6.083450913429260254e-01 3.562078345566987991e-03
4.639797508716583252e-01 6.414256691932678223e-01 -2.015904337167739868e-02
3.891791105270385742e-01 5.652002096176147461e-01 6.426658481359481812e-02
4.751784503459930420e-01 3.547699451446533203e-01 1.574372313916683197e-02
4.893782138824462891e-01 3.919232785701751709e-01 -2.422808296978473663e-02
4.898058474063873291e-01 6.476979255676269531e-01 -2.246713638305664062e-02
4.440267980098724365e-01 6.431342363357543945e-01 1.347420271486043930e-03
3.750970363616943359e-01 4.767372906208038330e-01 6.633047014474868774e-02
4.736771881580352783e-01 5.616611838340759277e-01 -2.308261580765247345e-02
4.709188938140869141e-01 5.642650127410888672e-01 -2.547905780375003815e-02
4.682901203632354736e-01 5.683817863464355469e-01 -2.769551053643226624e-02
4.663428962230682373e-01 5.735749602317810059e-01 -2.652400918304920197e-02
4.616037905216217041e-01 5.804105997085571289e-01 -1.952683553099632263e-02
4.577712416648864746e-01 5.296056866645812988e-01 -1.627948693931102753e-02
4.547324776649475098e-01 5.285533666610717773e-01 -1.613175496459007263e-02
4.521610140800476074e-01 5.270162224769592285e-01 -1.596564799547195435e-02
4.426878392696380615e-01 5.129315257072448730e-01 -1.301575452089309692e-02
4.020617008209228516e-01 4.729118049144744873e-01 1.049050223082304001e-02
4.904174506664276123e-01 3.775807023048400879e-01 -1.186991669237613678e-02
4.868889749050140381e-01 3.446589708328247070e-01 1.071004197001457214e-02
4.800294339656829834e-01 3.473331332206726074e-01 1.453628856688737869e-02
4.601726830005645752e-01 5.294229984283447266e-01 -1.564547419548034668e-02
3.981261551380157471e-01 5.165053606033325195e-01 2.300565689802169800e-02
4.971387088298797607e-01 3.431174159049987793e-01 -3.014397574588656425e-03
4.545173048973083496e-01 5.934464335441589355e-01 -1.527905371040105820e-02
5.073527693748474121e-01 3.952963352203369141e-01 -4.497660323977470398e-02
4.979082345962524414e-01 3.831951022148132324e-01 -2.994984202086925507e-02
5.083904862403869629e-01 3.805637955665588379e-01 -3.196852281689643860e-02
4.795626699924468994e-01 4.165884554386138916e-01 -2.767960540950298309e-02
4.910646080970764160e-01 6.297921538352966309e-01 -2.581135369837284088e-02
4.924712479114532471e-01 6.105200052261352539e-01 -2.348041906952857971e-02
4.723815917968750000e-01 6.061381697654724121e-01 -2.156152389943599701e-02
4.318752586841583252e-01 5.559366345405578613e-01 -3.458917606621980667e-03
4.536359906196594238e-01 4.618495404720306396e-01 -1.239361613988876343e-02
4.412622451782226562e-01 5.768221020698547363e-01 -9.105949662625789642e-03
4.281600415706634521e-01 4.575584232807159424e-01 -8.378989994525909424e-03
4.423484504222869873e-01 4.777664244174957275e-01 -1.210764702409505844e-02
4.175212085247039795e-01 4.850851595401763916e-01 -2.186411060392856598e-03
4.671872854232788086e-01 6.241191625595092773e-01 -2.317667752504348755e-02
4.718708097934722900e-01 4.268753528594970703e-01 -2.123083733022212982e-02
4.209674894809722900e-01 5.693656206130981445e-01 4.976079333573579788e-03
4.337281286716461182e-01 5.900924801826477051e-01 -2.943095518276095390e-03
4.256176352500915527e-01 5.319617390632629395e-01 -1.618963084183633327e-03
3.879191875457763672e-01 4.953929185867309570e-01 3.374082222580909729e-02
4.109113216400146484e-01 5.354984402656555176e-01 8.313703350722789764e-03
3.800029754638671875e-01 5.120667219161987305e-01 5.750342458486557007e-02
4.327034950256347656e-01 4.994713366031646729e-01 -8.490526117384433746e-03
4.812417328357696533e-01 4.034649133682250977e-01 -1.836464926600456238e-02
4.791747927665710449e-01 4.448417127132415771e-01 -4.750699922442436218e-02
4.721092879772186279e-01 4.508554339408874512e-01 -3.639517724514007568e-02
4.843809306621551514e-01 4.331243932247161865e-01 -5.439284816384315491e-02
4.791063964366912842e-01 3.247709572315216064e-01 8.607873693108558655e-03
4.615525603294372559e-01 3.104521930217742920e-01 7.172293029725551605e-03
4.455403983592987061e-01 3.069767355918884277e-01 7.444078102707862854e-03
4.316415488719940186e-01 3.105874359607696533e-01 1.109414920210838318e-02
4.213300347328186035e-01 3.194776177406311035e-01 1.712569408118724823e-02
4.119623005390167236e-01 3.546180725097656250e-01 3.108200803399085999e-02
3.745993375778198242e-01 4.042456746101379395e-01 7.492805272340774536e-02
4.180275797843933105e-01 3.789060711860656738e-01 1.961047016084194183e-02
4.290022850036621094e-01 3.843171000480651855e-01 1.288475468754768372e-02
4.440841376781463623e-01 3.855276703834533691e-01 8.562440052628517151e-03
4.589367210865020752e-01 3.829132914543151855e-01 7.079986389726400375e-03
4.711332917213439941e-01 3.778242766857147217e-01 7.957805879414081573e-03
4.797775447368621826e-01 3.725256025791168213e-01 8.012115024030208588e-03
3.723581433296203613e-01 4.099325835704803467e-01 1.160292699933052063e-01
4.719065129756927490e-01 4.565947353839874268e-01 -3.125974908471107483e-02
4.883647859096527100e-01 4.047963619232177734e-01 -3.516843914985656738e-02
4.867730140686035156e-01 4.448678791522979736e-01 -5.617554113268852234e-02
4.923441410064697266e-01 4.547492563724517822e-01 -5.247858539223670959e-02
4.868414103984832764e-01 4.485912621021270752e-01 -5.101086199283599854e-02
4.744797945022583008e-01 4.626439511775970459e-01 -2.791122347116470337e-02
4.941315352916717529e-01 4.559631943702697754e-01 -5.554977431893348694e-02
4.949264228343963623e-01 4.612183868885040283e-01 -4.299494251608848572e-02
4.815226197242736816e-01 3.590763211250305176e-01 1.529065240174531937e-02
4.870096445083618164e-01 3.631204962730407715e-01 8.280934765934944153e-03
4.904727041721343994e-01 3.650889992713928223e-01 2.034748031292110682e-04
4.299072921276092529e-01 3.494891524314880371e-01 2.054839394986629486e-02
4.217147827148437500e-01 3.375945389270782471e-01 2.121628634631633759e-02
5.167052745819091797e-01 3.992212712764739990e-01 -4.109132289886474609e-02
5.895544886589050293e-01 3.739029169082641602e-01 2.550515159964561462e-02
5.120863914489746094e-01 4.609864354133605957e-01 -4.244520142674446106e-02
6.305645704269409180e-01 3.301679491996765137e-01 8.858203887939453125e-02
5.569221973419189453e-01 3.830245733261108398e-01 1.195253431797027588e-02
5.677716135978698730e-01 3.867640197277069092e-01 1.296344399452209473e-02
5.783407092094421387e-01 3.879207670688629150e-01 1.634372770786285400e-02
5.935751199722290039e-01 3.801245987415313721e-01 2.643572539091110229e-02
5.478687286376953125e-01 3.768926560878753662e-01 1.344111468642950058e-02
5.774920582771301270e-01 3.322821259498596191e-01 1.223574671894311905e-02
5.641885995864868164e-01 3.330302834510803223e-01 1.225859671831130981e-02
5.894582867622375488e-01 3.370457589626312256e-01 1.575559377670288086e-02
5.968216061592102051e-01 3.460310995578765869e-01 1.994322054088115692e-02
6.011037230491638184e-01 3.923580050468444824e-01 3.107463568449020386e-02
5.368806719779968262e-01 6.183615326881408691e-01 -1.115801744163036346e-02
5.941544771194458008e-01 3.691205382347106934e-01 2.969334460794925690e-02
6.343967318534851074e-01 3.993023335933685303e-01 8.296783268451690674e-02
6.143115162849426270e-01 3.804739117622375488e-01 4.422216489911079407e-02
5.605620741844177246e-01 4.522385895252227783e-01 -7.477662991732358932e-03
5.154691934585571289e-01 5.065016746520996094e-01 -3.920798376202583313e-02
5.130403041839599609e-01 5.171147584915161133e-01 -3.587598726153373718e-02
5.299049615859985352e-01 5.150726437568664551e-01 -3.237327560782432556e-02
5.384694337844848633e-01 5.255518555641174316e-01 -2.334332652390003204e-02
5.239832401275634766e-01 5.219332575798034668e-01 -3.067843616008758545e-02
5.317677855491638184e-01 5.290725231170654297e-01 -2.215513400733470917e-02
5.499377846717834473e-01 5.623788237571716309e-01 -6.591117009520530701e-03
5.126788616180419922e-01 4.491499364376068115e-01 -6.119010224938392639e-02
5.155529975891113281e-01 4.332867562770843506e-01 -6.304429471492767334e-02
6.122915744781494141e-01 3.293343782424926758e-01 2.676959335803985596e-02
5.401893258094787598e-01 4.082374274730682373e-01 -4.256958607584238052e-03
5.382863879203796387e-01 4.538360536098480225e-01 -3.288242220878601074e-02
5.400834679603576660e-01 4.462503790855407715e-01 -2.870929427444934845e-02
5.943338871002197266e-01 4.570381045341491699e-01 7.734976708889007568e-03
5.162891149520874023e-01 4.145867824554443359e-01 -5.411181226372718811e-02
5.886235833168029785e-01 3.045138716697692871e-01 9.051023982465267181e-03
6.031374931335449219e-01 3.134645223617553711e-01 1.760513707995414734e-02
6.214824914932250977e-01 2.977656126022338867e-01 6.982367485761642456e-02
5.381495356559753418e-01 3.160651326179504395e-01 -3.081053262576460838e-03
5.522928237915039062e-01 3.400039970874786377e-01 1.474844198673963547e-02
5.589758753776550293e-01 5.445305705070495605e-01 -3.071719780564308167e-03
6.142856478691101074e-01 5.574437379837036133e-01 9.257908165454864502e-02
5.285315513610839844e-01 4.619417190551757812e-01 -2.986027114093303680e-02
5.193037986755371094e-01 4.656485915184020996e-01 -3.208870068192481995e-02
5.450633168220520020e-01 5.504502058029174805e-01 -4.565882496535778046e-03
5.416867733001708984e-01 5.497446656227111816e-01 -7.783848326653242111e-03
6.097670793533325195e-01 3.033843040466308594e-01 2.444715797901153564e-02
5.380081534385681152e-01 4.627654254436492920e-01 -2.762502618134021759e-02
5.678591728210449219e-01 3.041218817234039307e-01 1.853380119428038597e-03
5.706035494804382324e-01 2.908875942230224609e-01 1.348376041278243065e-03
5.807147622108459473e-01 2.512645125389099121e-01 3.002680465579032898e-02
6.140867471694946289e-01 3.062916100025177002e-01 4.433225840330123901e-02
5.734899044036865234e-01 2.746768593788146973e-01 1.562462281435728073e-02
6.192328929901123047e-01 3.238531947135925293e-01 3.763087838888168335e-02
6.235280036926269531e-01 3.334105312824249268e-01 6.189534813165664673e-02
5.145763754844665527e-01 5.122804045677185059e-01 -3.876566886901855469e-02
5.269411802291870117e-01 5.189611315727233887e-01 -3.210857510566711426e-02
5.353221297264099121e-01 5.274540185928344727e-01 -2.378484047949314117e-02
5.255196690559387207e-01 4.651418924331665039e-01 -2.774945273995399475e-02
5.433459877967834473e-01 5.501903295516967773e-01 -6.295334547758102417e-03
5.397467017173767090e-01 5.603218674659729004e-01 -1.287719327956438065e-02
5.402193665504455566e-01 5.491504073143005371e-01 -8.070427924394607544e-03
5.239533185958862305e-01 4.530791640281677246e-01 -4.433677718043327332e-02
5.292786955833435059e-01 5.291710495948791504e-01 -2.100584656000137329e-02
5.215467810630798340e-01 5.230983495712280273e-01 -2.716900594532489777e-02
5.116561055183410645e-01 5.195522308349609375e-01 -3.201607987284660339e-02
5.107487440109252930e-01 5.951061844825744629e-01 -2.132305316627025604e-02
5.137744545936584473e-01 5.870037078857421875e-01 -3.075183369219303131e-02
5.131990313529968262e-01 5.802958011627197266e-01 -3.187251463532447815e-02
5.120261311531066895e-01 5.742663741111755371e-01 -2.900007553398609161e-02
5.103875398635864258e-01 5.696188807487487793e-01 -2.645973861217498779e-02
5.282489061355590820e-01 5.634701848030090332e-01 -1.678882911801338196e-02
5.310367345809936523e-01 5.654994249343872070e-01 -1.900679431855678558e-02
5.343117713928222656e-01 5.684328079223632812e-01 -2.094918675720691681e-02
5.368463397026062012e-01 5.720417499542236328e-01 -1.920574530959129333e-02
5.480714440345764160e-01 5.100152492523193359e-01 -1.793284155428409576e-02
6.308923959732055664e-01 4.766888320446014404e-01 1.191343516111373901e-01
5.339007377624511719e-01 5.584807991981506348e-01 -1.115092448890209198e-02
5.369504094123840332e-01 5.592070817947387695e-01 -1.274592150002717972e-02
5.161175131797790527e-01 4.716747999191284180e-01 -3.355187922716140747e-02
5.334759950637817383e-01 4.730248153209686279e-01 -2.082420326769351959e-02
5.175976753234863281e-01 4.687515199184417725e-01 -3.299433737993240356e-02
5.515366196632385254e-01 4.198690950870513916e-01 -1.530194189399480820e-03
5.694786310195922852e-01 4.333028793334960938e-01 8.831077138893306255e-04
5.413945317268371582e-01 4.551491141319274902e-01 -2.315604873001575470e-02
6.061359643936157227e-01 2.708604037761688232e-01 4.870422556996345520e-02
5.985612869262695312e-01 2.861430048942565918e-01 2.922011353075504303e-02
5.933694839477539062e-01 2.921825349330902100e-01 1.280105765908956528e-02
5.402720570564270020e-01 5.755348801612854004e-01 -1.238787639886140823e-02
5.432832837104797363e-01 2.941341698169708252e-01 -4.684588871896266937e-03
5.468257069587707520e-01 2.706096172332763672e-01 7.304015103727579117e-03
5.525263547897338867e-01 2.405730336904525757e-01 1.846029981970787048e-02
5.877213478088378906e-01 3.861083388328552246e-01 2.148895338177680969e-02
6.118383407592773438e-01 4.059929549694061279e-01 3.616954013705253601e-02
5.417596697807312012e-01 3.713561892509460449e-01 1.537363231182098389e-02
6.061130762100219727e-01 3.554622828960418701e-01 3.001026250422000885e-02
5.329932570457458496e-01 3.957136869430541992e-01 -7.312906906008720398e-03
5.321450829505920410e-01 4.444503188133239746e-01 -4.319083690643310547e-02
6.244618296623229980e-01 4.248408377170562744e-01 4.713448882102966309e-02
6.031275987625122070e-01 4.169267117977142334e-01 2.434644475579261780e-02
5.881834626197814941e-01 4.207859933376312256e-01 1.302021555602550507e-02
5.671069025993347168e-01 4.142703115940093994e-01 7.992871105670928955e-03
5.522950291633605957e-01 4.044600427150726318e-01 5.897767376154661179e-03
5.412843227386474609e-01 3.946721851825714111e-01 3.622114891186356544e-03
5.198431611061096191e-01 3.702375292778015137e-01 -1.599780842661857605e-02
6.210897564888000488e-01 4.585401117801666260e-01 3.967709094285964966e-02
6.143046021461486816e-01 3.538466691970825195e-01 3.619744256138801575e-02
5.081152915954589844e-01 4.583126008510589600e-01 -5.670787021517753601e-02
5.383480191230773926e-01 4.228778481483459473e-01 -1.143450103700160980e-02
6.367958188056945801e-01 4.034233987331390381e-01 1.208862662315368652e-01
5.331071019172668457e-01 3.842564523220062256e-01 3.050524042919278145e-03
5.423514842987060547e-01 4.576913416385650635e-01 -1.199785619974136353e-02
5.990542173385620117e-01 3.695127964019775391e-01 3.182176500558853149e-02
5.336176156997680664e-01 4.353123605251312256e-01 -3.790514916181564331e-02
6.248697638511657715e-01 5.160324573516845703e-01 1.088618487119674683e-01
5.424116849899291992e-01 3.655347824096679688e-01 1.917069032788276672e-02
5.253369808197021484e-01 4.228954017162322998e-01 -4.792091995477676392e-02
5.879549384117126465e-01 5.879070758819580078e-01 3.095901012420654297e-02
5.871794223785400391e-01 6.103655695915222168e-01 4.861543327569961548e-02
6.315296888351440430e-01 4.685295820236206055e-01 7.913638651371002197e-02
6.029353141784667969e-01 5.682716369628906250e-01 4.594229161739349365e-02
6.291636228561401367e-01 3.645276427268981934e-01 7.605272531509399414e-02
5.383410453796386719e-01 6.364102959632873535e-01 -7.197587285190820694e-03
5.064150691032409668e-01 4.633741974830627441e-01 -4.292367771267890930e-02
5.476241707801818848e-01 4.372639358043670654e-01 -8.650089614093303680e-03
6.232094764709472656e-01 3.854025006294250488e-01 5.545017495751380920e-02
5.782305598258972168e-01 3.783083558082580566e-01 1.822864077985286713e-02
5.688422322273254395e-01 3.777434825897216797e-01 1.523133553564548492e-02
5.422618389129638672e-01 5.618458986282348633e-01 -1.134518906474113464e-02
6.167730093002319336e-01 4.921132922172546387e-01 3.877902776002883911e-02
5.155345797538757324e-01 6.600635051727294922e-01 -6.160782650113105774e-03
5.533772110939025879e-01 6.407012343406677246e-01 1.811982691287994385e-02
5.694214105606079102e-01 6.283239722251892090e-01 3.162738308310508728e-02
5.596734285354614258e-01 3.746723532676696777e-01 1.472810376435518265e-02
5.510931015014648438e-01 3.703127801418304443e-01 1.636284030973911285e-02
5.453069210052490234e-01 3.677094280719757080e-01 1.891213655471801758e-02
6.220093369483947754e-01 3.520549833774566650e-01 4.826736450195312500e-02
5.538579821586608887e-01 3.567357957363128662e-01 1.612935960292816162e-02
5.639221668243408203e-01 3.537371754646301270e-01 1.471320632845163345e-02
5.734643936157226562e-01 3.540993928909301758e-01 1.539740245789289474e-02
5.827721357345581055e-01 3.575095534324645996e-01 1.803105138242244720e-02
5.884536504745483398e-01 3.621008098125457764e-01 2.142642438411712646e-02
6.354532241821289062e-01 3.635371029376983643e-01 1.078008264303207397e-01
5.848258137702941895e-01 3.765618205070495605e-01 2.204365283250808716e-02
5.380307435989379883e-01 4.977187514305114746e-01 -2.373305894434452057e-02
5.288269519805908203e-01 4.583099782466888428e-01 -3.322900831699371338e-02
5.169059634208679199e-01 4.868750870227813721e-01 -3.406444191932678223e-02
5.718452930450439453e-01 6.069766879081726074e-01 1.883924938738346100e-02
5.559669137001037598e-01 6.215366721153259277e-01 6.320854183286428452e-03
5.162695050239562988e-01 6.467385888099670410e-01 -1.907249353826045990e-02
6.010912656784057617e-01 5.890292525291442871e-01 7.058902829885482788e-02
5.460963249206542969e-01 3.618890643119812012e-01 1.803694292902946472e-02
5.254139900207519531e-01 3.960410952568054199e-01 -2.311913482844829559e-02
5.360516905784606934e-01 6.518789529800415039e-01 3.869733307510614395e-03
6.258284449577331543e-01 5.053166151046752930e-01 7.264061272144317627e-02
5.204996466636657715e-01 5.672595500946044922e-01 -2.202451974153518677e-02
5.232081413269042969e-01 5.707636475563049316e-01 -2.439014241099357605e-02
5.256180167198181152e-01 5.756657123565673828e-01 -2.655740082263946533e-02
5.273521542549133301e-01 5.817844867706298828e-01 -2.530749514698982239e-02
5.275095701217651367e-01 5.872433781623840332e-01 -1.814209111034870148e-02
5.377887487411499023e-01 5.381583571434020996e-01 -1.442926470190286636e-02
5.408155322074890137e-01 5.377476215362548828e-01 -1.402109209448099136e-02
5.436552762985229492e-01 5.366766452789306641e-01 -1.369259692728519440e-02
5.552963614463806152e-01 5.258864760398864746e-01 -1.006426010280847549e-02
6.003692746162414551e-01 4.960316419601440430e-01 1.545202452689409256e-02
5.262643694877624512e-01 3.817220032215118408e-01 -1.080659963190555573e-02
5.350077152252197266e-01 3.497391343116760254e-01 1.209664810448884964e-02
5.415351986885070801e-01 3.534551262855529785e-01 1.660357229411602020e-02
5.355092287063598633e-01 5.373953580856323242e-01 -1.373531576246023178e-02
5.989040136337280273e-01 5.396301746368408203e-01 2.800651825964450836e-02
5.245372056961059570e-01 3.469669222831726074e-01 -2.054479904472827911e-03
5.326351523399353027e-01 6.015697121620178223e-01 -1.369025930762290955e-02
5.183867216110229492e-01 3.854791820049285889e-01 -2.937188558280467987e-02
5.314123034477233887e-01 4.226240217685699463e-01 -2.623022906482219696e-02
5.131824612617492676e-01 6.103740930557250977e-01 -2.087734453380107880e-02
5.601356029510498047e-01 5.700500011444091797e-01 -5.117305554449558258e-04
5.507501959800720215e-01 4.729772806167602539e-01 -9.972945787012577057e-03
5.479430556297302246e-01 5.881642103195190430e-01 -6.866072770208120346e-03
5.766332745552062988e-01 4.749493598937988281e-01 -4.576615989208221436e-03
5.600609183311462402e-01 4.914428591728210449e-01 -9.095460176467895508e-03
5.835738778114318848e-01 5.045028328895568848e-01 2.034157980233430862e-03
5.156170129776000977e-01 6.292047500610351562e-01 -2.223393134772777557e-02
5.374954342842102051e-01 4.343198239803314209e-01 -1.944528706371784210e-02
5.690687298774719238e-01 5.854511260986328125e-01 8.359466679394245148e-03
5.535697340965270996e-01 6.027793884277343750e-01 -3.782869898714125156e-04
5.697185397148132324e-01 5.483798384666442871e-01 1.971146790310740471e-03
6.115342974662780762e-01 5.212245583534240723e-01 3.939302265644073486e-02
5.837754011154174805e-01 5.550734996795654297e-01 1.250187493860721588e-02
6.170860528945922852e-01 5.391290187835693359e-01 6.352299451828002930e-02
5.669711232185363770e-01 5.150871872901916504e-01 -5.138646345585584641e-03
5.315697193145751953e-01 4.092936217784881592e-01 -1.677115075290203094e-02
5.277450680732727051e-01 4.506418108940124512e-01 -4.611165076494216919e-02
5.340126156806945801e-01 4.581612646579742432e-01 -3.483287617564201355e-02
5.244092345237731934e-01 4.378276765346527100e-01 -5.344879999756813049e-02
5.457552075386047363e-01 3.327855169773101807e-01 1.052122563123703003e-02
5.653669238090515137e-01 3.224956989288330078e-01 9.993216022849082947e-03
5.818859934806823730e-01 3.222588896751403809e-01 1.117505133152008057e-02
5.947343111038208008e-01 3.282961249351501465e-01 1.554557960480451584e-02
6.031225919723510742e-01 3.389196693897247314e-01 2.207498252391815186e-02
6.055336594581604004e-01 3.746376335620880127e-01 3.624514490365982056e-02
6.345683336257934570e-01 4.335810244083404541e-01 8.158789575099945068e-02
5.945631265640258789e-01 3.988536596298217773e-01 2.436873875558376312e-02
5.825679302215576172e-01 4.020535349845886230e-01 1.707633957266807556e-02
5.679308176040649414e-01 3.992792665958404541e-01 1.209211722016334534e-02
5.544289350509643555e-01 3.927474319934844971e-01 9.947044774889945984e-03
5.441011190414428711e-01 3.851353526115417480e-01 1.015702262520790100e-02
5.368849039077758789e-01 3.782803416252136230e-01 9.812051430344581604e-03
6.342834830284118652e-01 4.400486350059509277e-01 1.240546777844429016e-01
5.333202481269836426e-01 4.637441039085388184e-01 -2.972358092665672302e-02
5.245660543441772461e-01 4.089522063732147217e-01 -3.403540700674057007e-02
5.202130675315856934e-01 4.488030672073364258e-01 -5.524994805455207825e-02
5.132226943969726562e-01 4.573353528976440430e-01 -5.193214491009712219e-02
5.195145010948181152e-01 4.526185095310211182e-01 -5.006296932697296143e-02
5.299202203750610352e-01 4.690398871898651123e-01 -2.661452814936637878e-02
5.113964080810546875e-01 4.580208063125610352e-01 -5.511362105607986450e-02
5.096889734268188477e-01 4.629638791084289551e-01 -4.265313223004341125e-02
5.380657315254211426e-01 3.650331497192382812e-01 1.712628453969955444e-02
5.316504240036010742e-01 3.678112328052520752e-01 9.757157415151596069e-03
5.274147987365722656e-01 3.699612915515899658e-01 1.375780208036303520e-03
5.916953086853027344e-01 3.657636642456054688e-01 2.500031329691410065e-02
6.005804538726806641e-01 3.562804460525512695e-01 2.595180831849575043e-02
4.489937722682952881e-01 3.520241081714630127e-01 1.588853448629379272e-02
4.601326286792755127e-01 3.526122868061065674e-01 1.588853448629379272e-02
4.496359229087829590e-01 3.380980789661407471e-01 1.588853448629379272e-02
4.376874566078186035e-01 3.513317704200744629e-01 1.588853448629379272e-02
4.482424259185791016e-01 3.657044470310211182e-01 1.588853448629379272e-02
5.723312497138977051e-01 3.650181293487548828e-01 1.928816363215446472e-02
5.836971998214721680e-01 3.667807877063751221e-01 1.928816363215446472e-02
5.737209916114807129e-01 3.502152562141418457e-01 1.928816363215446472e-02
5.610203742980957031e-01 3.632242083549499512e-01 1.928816363215446472e-02
5.709533095359802246e-01 3.798459172248840332e-01 1.928816363215446472e-02
