5.017046928405761719e-01 5.429486036300659180e-01 -3.386095166206359863e-02
5.076566934585571289e-01 4.842592775821685791e-01 -6.044490635395050049e-02
5.052170157432556152e-01 5.019776821136474609e-01 -3.266451135277748108e-02
5.019071698188781738e-01 4.278374612331390381e-01 -4.430741071701049805e-02
5.091778635978698730e-01 4.668360054492950439e-01 -6.391593068838119507e-02
5.106714963912963867e-01 4.446119964122772217e-01 -5.876876786351203918e-02
5.138654708862304688e-01 3.914215862751007080e-01 -2.612836286425590515e-02
4.316203594207763672e-01 3.778337538242340088e-01 1.414086297154426575e-02
5.170742273330688477e-01 3.459767103195190430e-01 -1.658597216010093689e-02
5.188670158386230469e-01 3.229824304580688477e-01 -1.788011565804481506e-02
5.240044593811035156e-01 2.480325549840927124e-01 -3.244278719648718834e-03
5.013158321380615234e-01 5.483373999595642090e-01 -3.250538557767868042e-02
5.008096098899841309e-01 5.533878207206726074e-01 -2.895099110901355743e-02
5.004471540451049805e-01 5.567058324813842773e-01 -2.402898296713829041e-02
5.003240108489990234e-01 5.566255450248718262e-01 -2.336770854890346527e-02
4.999608993530273438e-01 5.639283657073974609e-01 -2.542223781347274780e-02
4.993440508842468262e-01 5.729534029960632324e-01 -2.824139967560768127e-02
4.986088275909423828e-01 5.824419260025024414e-01 -2.735144086182117462e-02
4.955946505069732666e-01 6.053563952445983887e-01 -1.775983721017837524e-02
5.066034793853759766e-01 4.933921992778778076e-01 -5.483468249440193176e-02
4.958987832069396973e-01 4.921005070209503174e-01 -3.994455561041831970e-02
3.909400105476379395e-01 3.094626665115356445e-01 6.897646933794021606e-02
4.609963297843933105e-01 3.968161344528198242e-01 3.169485833495855331e-03
4.493140876293182373e-01 3.968746364116668701e-01 3.600140335038304329e-03
4.386036396026611328e-01 3.941667675971984863e-01 6.471704691648483276e-03
4.257887899875640869e-01 3.834842443466186523e-01 1.548956055194139481e-02
4.716509282588958740e-01 3.933187127113342285e-01 5.293897353112697601e-03
4.512209594249725342e-01 3.416637182235717773e-01 9.500082524027675390e-05
4.640587866306304932e-01 3.456621766090393066e-01 8.298168540932238102e-04
4.385432600975036621e-01 3.435069918632507324e-01 3.274532500654459000e-03
4.296507835388183594e-01 3.503195047378540039e-01 7.351060863584280014e-03
4.142687916755676270e-01 3.928405940532684326e-01 2.062651142477989197e-02
4.508483111858367920e-01 6.259198784828186035e-01 -5.907700397074222565e-03
4.281733930110931396e-01 3.729116916656494141e-01 1.782857254147529602e-02
3.799614608287811279e-01 3.810460865497589111e-01 7.003495097160339355e-02
4.024006426334381104e-01 3.791850805282592773e-01 3.208144381642341614e-02
4.496836364269256592e-01 4.640664458274841309e-01 -1.025397889316082001e-02
4.883163571357727051e-01 5.372884869575500488e-01 -3.295367211103439331e-02
4.888163805007934570e-01 5.505467653274536133e-01 -2.781371213495731354e-02
4.748130440711975098e-01 5.404272675514221191e-01 -2.694565244019031525e-02
4.655458927154541016e-01 5.446218252182006836e-01 -1.902230270206928253e-02
4.782728850841522217e-01 5.494630932807922363e-01 -2.372792176902294159e-02
4.697696566581726074e-01 5.497378110885620117e-01 -1.639489457011222839e-02
4.453863203525543213e-01 5.683386325836181641e-01 -3.199667669832706451e-03
4.982856214046478271e-01 4.826763272285461426e-01 -5.974384769797325134e-02
4.981729388236999512e-01 4.657444953918457031e-01 -6.291995942592620850e-02
4.152038097381591797e-01 3.310178518295288086e-01 1.143377088010311127e-02
4.763146042823791504e-01 4.252506792545318604e-01 -9.171642363071441650e-03
4.722698032855987549e-01 4.763410985469818115e-01 -3.312814980745315552e-02
4.717749953269958496e-01 4.674502313137054443e-01 -2.964042127132415771e-02
4.147417545318603516e-01 4.577748179435729980e-01 3.075802698731422424e-03
5.001444220542907715e-01 4.452167153358459473e-01 -5.576526746153831482e-02
4.450386762619018555e-01 3.118597567081451416e-01 -6.001992151141166687e-03
4.281314313411712646e-01 3.176057040691375732e-01 2.085611224174499512e-03
4.061238169670104980e-01 2.810205221176147461e-01 4.838155210018157959e-02
4.938939511775970459e-01 3.346701562404632568e-01 -1.419346127659082413e-02
4.745125770568847656e-01 3.553973734378814697e-01 4.314272198826074600e-03
4.381170868873596191e-01 5.509832501411437988e-01 -5.459618405438959599e-04
3.810300827026367188e-01 5.412318706512451172e-01 9.469551593065261841e-02
4.798935055732727051e-01 4.869918823242187500e-01 -2.874199859797954559e-02
4.881692230701446533e-01 4.930031895637512207e-01 -2.938855439424514771e-02
4.539462924003601074e-01 5.518365502357482910e-01 -1.214124378748238087e-03
4.566073715686798096e-01 5.517278909683227539e-01 -4.130502231419086456e-03
4.229677915573120117e-01 3.064322471618652344e-01 7.602172903716564178e-03
4.708652794361114502e-01 4.840125739574432373e-01 -2.714816667139530182e-02
4.663932323455810547e-01 3.157580196857452393e-01 -1.157238055020570755e-02
4.660671055316925049e-01 3.018767237663269043e-01 -1.342842634767293930e-02
4.571477770805358887e-01 2.477151006460189819e-01 8.079810999333858490e-03
4.142473340034484863e-01 2.966554462909698486e-01 2.498636581003665924e-02
4.619027674198150635e-01 2.779085636138916016e-01 -3.203316358849406242e-03
4.088804125785827637e-01 3.238500654697418213e-01 2.115903235971927643e-02
3.996680378913879395e-01 3.195766210556030273e-01 4.351047798991203308e-02
4.883189797401428223e-01 5.448110103607177734e-01 -3.163963556289672852e-02
4.765533208847045898e-01 5.454263687133789062e-01 -2.585481107234954834e-02
4.676452875137329102e-01 5.473187565803527832e-01 -1.862957142293453217e-02
4.821155071258544922e-01 4.905046820640563965e-01 -2.614107169210910797e-02
4.553263187408447266e-01 5.518099069595336914e-01 -2.698147436603903770e-03
4.606432318687438965e-01 5.550046563148498535e-01 -9.631424210965633392e-03
4.580371975898742676e-01 5.516886711120605469e-01 -4.385761450976133347e-03
4.859295189380645752e-01 4.815021455287933350e-01 -4.397584125399589539e-02
4.713102877140045166e-01 5.514495372772216797e-01 -1.462415046989917755e-02
4.796324074268341064e-01 5.520066618919372559e-01 -1.944126188755035400e-02
4.894098639488220215e-01 5.539566278457641602e-01 -2.318078652024269104e-02
4.804919660091400146e-01 6.026014685630798340e-01 -1.760763861238956451e-02
4.849382340908050537e-01 5.789134502410888672e-01 -2.694286778569221497e-02
4.862614870071411133e-01 5.695076584815979004e-01 -2.760848589241504669e-02
4.877993166446685791e-01 5.607418417930603027e-01 -2.451124601066112518e-02
4.894824922084808350e-01 5.540442466735839844e-01 -2.247181721031665802e-02
4.715213775634765625e-01 5.515228509902954102e-01 -1.394383236765861511e-02
4.691171646118164062e-01 5.546576380729675293e-01 -1.602506637573242188e-02
4.665485620498657227e-01 5.588409304618835449e-01 -1.814028806984424591e-02
4.642113447189331055e-01 5.638974308967590332e-01 -1.643589325249195099e-02
4.540773332118988037e-01 5.247742533683776855e-01 -1.535005588084459305e-02
3.722082376480102539e-01 4.550750851631164551e-01 1.134110614657402039e-01
5.059064030647277832e-01 4.974422752857208252e-01 -4.023615270853042603e-02
4.652050733566284180e-01 5.516077876091003418e-01 -8.263694122433662415e-03
4.630489647388458252e-01 5.531284809112548828e-01 -9.599177166819572449e-03
4.909124374389648438e-01 4.998687803745269775e-01 -3.034435212612152100e-02
4.735571742057800293e-01 4.944469332695007324e-01 -1.918251626193523407e-02
4.896193444728851318e-01 4.965164661407470703e-01 -3.002068959176540375e-02
4.631825685501098633e-01 4.334820210933685303e-01 -6.243859883397817612e-03
4.432650208473205566e-01 4.418684244155883789e-01 -3.853375557810068130e-03
4.690393209457397461e-01 4.748881757259368896e-01 -2.355629205703735352e-02
4.272467494010925293e-01 2.596052885055541992e-01 2.661779895424842834e-02
4.340721070766448975e-01 2.818712592124938965e-01 9.776101447641849518e-03
4.424380660057067871e-01 2.987607121467590332e-01 -3.750062547624111176e-03
4.542219936847686768e-01 5.813412666320800781e-01 -9.175287559628486633e-03
4.930475950241088867e-01 3.109673559665679932e-01 -1.786960661411285400e-02
4.899696707725524902e-01 2.809599339962005615e-01 -1.019078399986028671e-02
4.882475435733795166e-01 2.446921318769454956e-01 -2.051404910162091255e-03
4.300767779350280762e-01 3.899374902248382568e-01 1.111888140439987183e-02
4.002242088317871094e-01 4.032463431358337402e-01 2.613321132957935333e-02
4.790436923503875732e-01 3.892956972122192383e-01 7.271043024957180023e-03
4.172295629978179932e-01 3.573887348175048828e-01 1.660578697919845581e-02
4.853844046592712402e-01 4.150318801403045654e-01 -1.250870525836944580e-02
4.796530008316040039e-01 4.702256917953491211e-01 -4.373845458030700684e-02
3.882703781127929688e-01 4.133322834968566895e-01 3.762059658765792847e-02
4.068775475025177002e-01 4.151135981082916260e-01 1.557921431958675385e-02
4.211756289005279541e-01 4.224997758865356445e-01 5.434851162135601044e-03
4.436404705047607422e-01 4.228655099868774414e-01 1.444720313884317875e-03
4.607961177825927734e-01 4.183286130428314209e-01 -2.982118458021432161e-04
4.743098020553588867e-01 4.117066264152526855e-01 -2.386596053838729858e-03
5.026494860649108887e-01 3.941377401351928711e-01 -2.238870039582252502e-02
3.878399133682250977e-01 4.488169252872467041e-01 3.324536979198455811e-02
4.081395566463470459e-01 3.537158370018005371e-01 2.198959328234195709e-02
5.010200738906860352e-01 4.920506775379180908e-01 -5.442293360829353333e-02
4.763332009315490723e-01 4.418565332889556885e-01 -1.470352336764335632e-02
3.745490312576293945e-01 3.794564902782440186e-01 1.075236275792121887e-01
4.848615229129791260e-01 4.032647609710693359e-01 -3.239049809053540230e-03
4.674358665943145752e-01 4.759494662284851074e-01 -1.258257869631052017e-02
4.227371811866760254e-01 3.726373910903930664e-01 1.974978111684322357e-02
4.796652197837829590e-01 4.595634341239929199e-01 -3.928034752607345581e-02
3.748834729194641113e-01 4.969817698001861572e-01 1.070595532655715942e-01
4.803981184959411621e-01 3.834154605865478516e-01 1.027639675885438919e-02
4.897723495960235596e-01 4.502991139888763428e-01 -4.962783679366111755e-02
4.043197035789489746e-01 5.835852026939392090e-01 3.482969477772712708e-02
4.027371704578399658e-01 6.035795807838439941e-01 5.453854799270629883e-02
3.757287263870239258e-01 4.523898363113403320e-01 7.315044105052947998e-02
3.916792869567871094e-01 5.593544840812683105e-01 4.884702712297439575e-02
3.893415927886962891e-01 3.479723632335662842e-01 6.010447070002555847e-02
4.470718502998352051e-01 6.428999900817871094e-01 -2.250286634080111980e-04
5.015802979469299316e-01 4.962688684463500977e-01 -3.960941731929779053e-02
4.648282825946807861e-01 4.530546069145202637e-01 -1.137078367173671722e-02
3.916062414646148682e-01 3.820796608924865723e-01 4.295023158192634583e-02
4.413318037986755371e-01 3.846119046211242676e-01 7.679606787860393524e-03
4.505707919597625732e-01 3.874496817588806152e-01 5.272710230201482773e-03
4.583580195903778076e-01 5.574095249176025391e-01 -7.891757413744926453e-03
3.880085945129394531e-01 4.832192957401275635e-01 3.570695966482162476e-02
4.663221836090087891e-01 6.684235334396362305e-01 3.385104471817612648e-03
4.328237473964691162e-01 6.432668566703796387e-01 2.543307654559612274e-02
4.187781810760498047e-01 6.271464824676513672e-01 3.819861635565757751e-02
5.214142799377441406e-01 2.859700918197631836e-01 -1.139863580465316772e-02
4.904965162277221680e-01 6.741003990173339844e-01 9.488264331594109535e-04
4.603619277477264404e-01 3.875880837440490723e-01 5.348075646907091141e-03
4.700772166252136230e-01 3.859190940856933594e-01 7.381745148450136185e-03
4.767401814460754395e-01 3.848613202571868896e-01 1.002709008753299713e-02
3.998154699802398682e-01 3.503224253654479980e-01 3.329401835799217224e-02
4.708739519119262695e-01 3.706410825252532959e-01 5.949937738478183746e-03
4.612705111503601074e-01 3.648640513420104980e-01 3.900126088410615921e-03
4.516331553459167480e-01 3.627124130725860596e-01 3.975544590502977371e-03
4.416483938694000244e-01 3.640235364437103271e-01 6.233220454305410385e-03
4.350953102111816406e-01 3.673629760742187500e-01 9.436016902327537537e-03
3.809000253677368164e-01 3.406240046024322510e-01 9.088028222322463989e-02
4.354680776596069336e-01 3.811524808406829834e-01 1.110481657087802887e-02
5.038617849349975586e-01 5.154018402099609375e-01 -3.049194253981113434e-02
4.663107395172119141e-01 5.171963572502136230e-01 -2.088714018464088440e-02
4.802772104740142822e-01 4.839807152748107910e-01 -3.267829492688179016e-02
4.883407950401306152e-01 5.144397616386413574e-01 -3.020462952554225922e-02
5.152689218521118164e-01 3.694774508476257324e-01 -1.711741089820861816e-02
4.181744754314422607e-01 6.069129109382629395e-01 2.395392209291458130e-02
4.319195151329040527e-01 6.250718235969543457e-01 1.252654753625392914e-02
4.668776094913482666e-01 6.565145254135131836e-01 -1.091839279979467392e-02
3.908344805240631104e-01 5.770697593688964844e-01 7.550100237131118774e-02
4.775730669498443604e-01 3.782659769058227539e-01 8.563017472624778748e-03
4.933402538299560547e-01 4.198918938636779785e-01 -2.763801440596580505e-02
4.913800954818725586e-01 6.620464324951171875e-01 -1.298062596470117569e-02
4.480962157249450684e-01 6.575495004653930664e-01 1.206872053444385529e-02
3.774647116661071777e-01 4.904933273792266846e-01 7.016071677207946777e-02
4.797617793083190918e-01 5.520930886268615723e-01 -1.873488724231719971e-02
4.772623181343078613e-01 5.572788715362548828e-01 -2.100072056055068970e-02
4.751425385475158691e-01 5.639463067054748535e-01 -2.348400093615055084e-02
4.733131229877471924e-01 5.721799135208129883e-01 -2.245111390948295593e-02
4.656449556350708008e-01 5.933550000190734863e-01 -1.490743085741996765e-02
4.629134535789489746e-01 5.506208539009094238e-01 -9.713978506624698639e-03
4.607065021991729736e-01 5.495472550392150879e-01 -9.821897372603416443e-03
4.588079452514648438e-01 5.482190847396850586e-01 -9.944318793714046478e-03
4.440965950489044189e-01 5.362520813941955566e-01 -8.022464811801910400e-03
4.030984938144683838e-01 4.934065937995910645e-01 1.350203622132539749e-02
4.942502975463867188e-01 4.033415913581848145e-01 -1.654987968504428864e-02
4.901019930839538574e-01 3.693046867847442627e-01 3.346769139170646667e-03
4.828659594058990479e-01 3.714581131935119629e-01 7.079590577632188797e-03
4.650394320487976074e-01 5.515630245208740234e-01 -8.780592121183872223e-03
3.989599347114562988e-01 5.346091389656066895e-01 2.882946468889713287e-02
5.006887912750244141e-01 3.685163259506225586e-01 -1.051935646682977676e-02
4.578241407871246338e-01 6.092232465744018555e-01 -9.707556106150150299e-03
5.117715001106262207e-01 4.264895617961883545e-01 -4.756842926144599915e-02
5.020971894264221191e-01 4.119098484516143799e-01 -3.435821086168289185e-02
5.127652287483215332e-01 4.096925854682922363e-01 -3.644951805472373962e-02
4.834862649440765381e-01 4.455740749835968018e-01 -2.878821082413196564e-02
4.927381575107574463e-01 6.447825431823730469e-01 -1.848167926073074341e-02
4.942571818828582764e-01 6.238646507263183594e-01 -1.784804649651050568e-02
4.752752482891082764e-01 6.202977895736694336e-01 -1.611978374421596527e-02
4.342142939567565918e-01 5.747318863868713379e-01 2.584191039204597473e-03
4.563388824462890625e-01 4.878121614456176758e-01 -1.043363008648157120e-02
4.444894194602966309e-01 5.942950248718261719e-01 -3.250684821978211403e-03
4.297244548797607422e-01 4.812360703945159912e-01 -7.056886330246925354e-03
4.440893232822418213e-01 5.025021433830261230e-01 -9.295389987528324127e-03
4.179572463035583496e-01 5.072585940361022949e-01 7.967925048433244228e-04
4.698970615863800049e-01 6.398789286613464355e-01 -1.604575105011463165e-02
4.757442474365234375e-01 4.548812806606292725e-01 -2.142883278429508209e-02
4.234720170497894287e-01 5.874597430229187012e-01 1.214520074427127838e-02
4.367671608924865723e-01 6.077606081962585449e-01 4.381130915135145187e-03
4.268750548362731934e-01 5.523097515106201172e-01 3.947086632251739502e-03
3.894096016883850098e-01 5.127563476562500000e-01 3.883839771151542664e-02
4.122251868247985840e-01 5.543568134307861328e-01 1.423043757677078247e-02
3.817842006683349609e-01 5.262055397033691406e-01 6.421049684286117554e-02
4.333091676235198975e-01 5.224993228912353516e-01 -4.586657509207725525e-03
4.850877225399017334e-01 4.306666553020477295e-01 -2.065580151975154877e-02
4.827716946601867676e-01 4.781700968742370605e-01 -4.617115482687950134e-02
4.755290150642395020e-01 4.821924269199371338e-01 -3.430924564599990845e-02
4.883334338665008545e-01 4.670675396919250488e-01 -5.359437316656112671e-02
4.827252626419067383e-01 3.497669100761413574e-01 -1.524377876194193959e-04
4.650963544845581055e-01 3.346526920795440674e-01 -2.349498914554715157e-03
4.488253295421600342e-01 3.304210901260375977e-01 -2.182967495173215866e-03
4.344598948955535889e-01 3.334557116031646729e-01 1.696506631560623646e-03
4.237329363822937012e-01 3.419423401355743408e-01 7.975960150361061096e-03
4.137650728225708008e-01 3.757774829864501953e-01 2.418940886855125427e-02
3.760065436363220215e-01 4.160654842853546143e-01 7.193935662508010864e-02
4.197479486465454102e-01 4.003860354423522949e-01 1.465249527245759964e-02
4.307784736156463623e-01 4.064349830150604248e-01 8.258058689534664154e-03
4.460574090480804443e-01 4.086862206459045410e-01 4.141083918511867523e-03
4.611822068691253662e-01 4.068884849548339844e-01 2.390895271673798561e-03
4.735645353794097900e-01 4.023036360740661621e-01 3.126359311863780022e-03
4.823716282844543457e-01 3.973092436790466309e-01 2.867734292522072792e-03
3.725097477436065674e-01 4.166981279850006104e-01 1.142653897404670715e-01
4.750759899616241455e-01 4.869837760925292969e-01 -2.883230522274971008e-02
4.924434423446655273e-01 4.347572326660156250e-01 -3.711951524019241333e-02
4.904724359512329102e-01 4.796159863471984863e-01 -5.461154505610466003e-02
4.955451488494873047e-01 4.889305830001831055e-01 -4.998805001378059387e-02
4.901953935623168945e-01 4.826934039592742920e-01 -4.920890182256698608e-02
4.774834513664245605e-01 4.924722015857696533e-01 -2.502832934260368347e-02
4.975700080394744873e-01 4.906028211116790771e-01 -5.292281880974769592e-02
4.981262385845184326e-01 4.948321878910064697e-01 -3.973620012402534485e-02
4.842502176761627197e-01 3.838737308979034424e-01 8.868985809385776520e-03
4.898102283477783203e-01 3.881026804447174072e-01 2.336311852559447289e-03
4.933862686157226562e-01 3.903996348381042480e-01 -5.322716198861598969e-03
4.312714338302612305e-01 3.702101409435272217e-01 1.305279694497585297e-02
4.236648678779602051e-01 3.594948649406433105e-01 1.336879003793001175e-02
5.210301876068115234e-01 4.303068518638610840e-01 -4.329330846667289734e-02
5.943301916122436523e-01 3.955287039279937744e-01 2.103320695459842682e-02
5.162783861160278320e-01 4.947996735572814941e-01 -3.919380158185958862e-02
6.334303021430969238e-01 3.411731123924255371e-01 7.837375253438949585e-02
5.603052973747253418e-01 4.072953164577484131e-01 7.676460314542055130e-03
5.714811086654663086e-01 4.106504619121551514e-01 9.028193540871143341e-03
5.821679234504699707e-01 4.113272428512573242e-01 1.266350597143173218e-02
5.975338816642761230e-01 4.014046192169189453e-01 2.271001785993576050e-02
5.510394573211669922e-01 4.014730453491210938e-01 8.883263915777206421e-03
5.816750526428222656e-01 3.532083630561828613e-01 5.757500883191823959e-03
5.679366588592529297e-01 3.547162413597106934e-01 5.290348082780838013e-03
5.937870740890502930e-01 3.577002286911010742e-01 9.777504950761795044e-03
6.009575128555297852e-01 3.667007684707641602e-01 1.434148568660020828e-02
6.041066050529479980e-01 4.140212535858154297e-01 2.846590243279933929e-02
5.364606380462646484e-01 6.358134746551513672e-01 -2.828316297382116318e-03
5.988594889640808105e-01 3.892270922660827637e-01 2.502051368355751038e-02
6.356279253959655762e-01 4.141145646572113037e-01 8.028563857078552246e-02
6.167353987693786621e-01 4.012117385864257812e-01 4.079684242606163025e-02
5.631580352783203125e-01 4.791097044944763184e-01 -5.507580470293760300e-03
5.152437090873718262e-01 5.413979291915893555e-01 -3.178687766194343567e-02
5.124481320381164551e-01 5.543634891510009766e-01 -2.671376429498195648e-02
5.273466706275939941e-01 5.483282208442687988e-01 -2.454975806176662445e-02
5.348600745201110840e-01 5.552374124526977539e-01 -1.576528698205947876e-02
5.222559571266174316e-01 5.564861297607421875e-01 -2.165881544351577759e-02
5.297709107398986816e-01 5.592975020408630371e-01 -1.361802686005830765e-02
5.492884516716003418e-01 5.818759799003601074e-01 8.455900824628770351e-04
5.168504118919372559e-01 4.851344227790832520e-01 -5.910197272896766663e-02
5.198594927787780762e-01 4.685787260532379150e-01 -6.216835230588912964e-02
6.152746081352233887e-01 3.513506650924682617e-01 1.965169981122016907e-02
5.433984398841857910e-01 4.340411126613616943e-01 -6.047847215086221695e-03
5.413748025894165039e-01 4.853881597518920898e-01 -3.026693128049373627e-02
5.429266095161437988e-01 4.766963124275207520e-01 -2.671308070421218872e-02
5.966828465461730957e-01 4.818031787872314453e-01 1.069642044603824615e-02
5.206555724143981934e-01 4.478436112403869629e-01 -5.478110909461975098e-02
5.926871299743652344e-01 3.287105262279510498e-01 1.253892987733706832e-04
6.068096160888671875e-01 3.364017605781555176e-01 9.478822350502014160e-03
6.256883740425109863e-01 3.098560273647308350e-01 5.672969296574592590e-02
5.422914624214172363e-01 3.419298529624938965e-01 -1.198211777955293655e-02
5.556591153144836426e-01 3.629169166088104248e-01 7.929022423923015594e-03
5.592606663703918457e-01 5.671178102493286133e-01 4.474949091672897339e-03
6.126581430435180664e-01 5.708668231964111328e-01 1.037453711032867432e-01
5.318903326988220215e-01 4.938670694828033447e-01 -2.681319043040275574e-02
5.229830741882324219e-01 4.975768625736236572e-01 -2.839877083897590637e-02
5.437594056129455566e-01 5.662687420845031738e-01 3.088503377512097359e-03
5.411284565925598145e-01 5.653223395347595215e-01 -3.189235576428472996e-04
6.126651167869567871e-01 3.266555964946746826e-01 1.529281772673130035e-02
5.408989787101745605e-01 4.931972622871398926e-01 -2.433927170932292938e-02
5.723414421081542969e-01 3.291848301887512207e-01 -7.400194182991981506e-03
5.750211477279663086e-01 3.166396617889404297e-01 -9.233650751411914825e-03
5.867142677307128906e-01 2.651455104351043701e-01 1.300554070621728897e-02
6.185567975044250488e-01 3.224557936191558838e-01 3.320681303739547729e-02
5.789194703102111816e-01 2.930061221122741699e-01 1.466558431275188923e-03
6.214372515678405762e-01 3.455580174922943115e-01 2.977126091718673706e-02
6.272080540657043457e-01 3.484152853488922119e-01 5.272662267088890076e-02
5.140300989151000977e-01 5.488513708114624023e-01 -3.045651316642761230e-02
5.247576236724853516e-01 5.529560446739196777e-01 -2.361616119742393494e-02
5.323991775512695312e-01 5.574199557304382324e-01 -1.565552875399589539e-02
5.289413332939147949e-01 4.966544508934020996e-01 -2.442718856036663055e-02
5.424355268478393555e-01 5.658264160156250000e-01 1.265669008716940880e-03
5.373431444168090820e-01 5.674080252647399902e-01 -6.284717004746198654e-03
5.397086143493652344e-01 5.648043155670166016e-01 -6.852702354080975056e-04
5.278148651123046875e-01 4.871488511562347412e-01 -4.202265292406082153e-02
5.277466177940368652e-01 5.604236125946044922e-01 -1.198276784271001816e-02
5.203073024749755859e-01 5.585489273071289062e-01 -1.746663637459278107e-02
5.111477971076965332e-01 5.574992299079895020e-01 -2.204364724457263947e-02
5.108606815338134766e-01 6.064029335975646973e-01 -1.652123592793941498e-02
5.121698379516601562e-01 5.833289027214050293e-01 -2.579081803560256958e-02
5.121757984161376953e-01 5.736293792724609375e-01 -2.641358412802219391e-02
5.118149518966674805e-01 5.645554065704345703e-01 -2.333706058561801910e-02
5.109376311302185059e-01 5.574893951416015625e-01 -2.132935635745525360e-02
5.274834036827087402e-01 5.604662299156188965e-01 -1.130079012364149094e-02
5.296455025672912598e-01 5.644159913063049316e-01 -1.338305603712797165e-02
5.317113995552062988e-01 5.693975687026977539e-01 -1.533424668014049530e-02
5.333677530288696289e-01 5.750861167907714844e-01 -1.346682384610176086e-02
5.493018031120300293e-01 5.374813079833984375e-01 -1.159402076154947281e-02
6.298705339431762695e-01 4.886747002601623535e-01 1.234861239790916443e-01
5.329912900924682617e-01 5.624253153800964355e-01 -5.024402402341365814e-03
5.351550579071044922e-01 5.647816061973571777e-01 -6.405036896467208862e-03
5.193554759025573730e-01 5.036072731018066406e-01 -2.931229211390018463e-02
5.361831188201904297e-01 5.026838183403015137e-01 -1.690983213484287262e-02
5.210804939270019531e-01 5.006981492042541504e-01 -2.905092760920524597e-02
5.543939471244812012e-01 4.454905092716217041e-01 -2.077670069411396980e-03
5.721644163131713867e-01 4.589471518993377686e-01 1.657066866755485535e-03
5.440376400947570801e-01 4.847021698951721191e-01 -2.050239033997058868e-02
6.114384531974792480e-01 2.840399742126464844e-01 3.344407305121421814e-02
6.035914421081542969e-01 3.034020662307739258e-01 1.648898981511592865e-02
5.971600413322448730e-01 3.168617486953735352e-01 2.495591528713703156e-03
5.391637682914733887e-01 5.920364260673522949e-01 -5.793404299765825272e-03
5.475785732269287109e-01 3.206031918525695801e-01 -1.563216000795364380e-02
5.521838068962097168e-01 2.891687452793121338e-01 -7.705475669354200363e-03
5.585002303123474121e-01 2.543165683746337891e-01 5.096876411698758602e-04
5.917040705680847168e-01 4.086984097957611084e-01 1.791158691048622131e-02
6.143384575843811035e-01 4.275825023651123047e-01 3.473253175616264343e-02
5.449020266532897949e-01 3.961791992187500000e-01 1.044558826833963394e-02
6.094354391098022461e-01 3.763582110404968262e-01 2.454967983067035675e-02
5.366094708442687988e-01 4.217099547386169434e-01 -1.005029585212469101e-02
5.358190536499023438e-01 4.777114987373352051e-01 -4.141037911176681519e-02
6.259946227073669434e-01 4.443128705024719238e-01 4.724135622382164001e-02
6.059850454330444336e-01 4.395270943641662598e-01 2.379953861236572266e-02
5.913518667221069336e-01 4.446289539337158203e-01 1.255888678133487701e-02
5.705512166023254395e-01 4.387567043304443359e-01 7.003116421401500702e-03
5.557756423950195312e-01 4.292927980422973633e-01 3.992248792201280594e-03
5.448632836341857910e-01 4.199446141719818115e-01 8.224342018365859985e-04
5.241112112998962402e-01 3.969606161117553711e-01 -2.136579528450965881e-02
6.220934987068176270e-01 4.794816672801971436e-01 4.289760813117027283e-02
6.169648170471191406e-01 3.748066425323486328e-01 3.049959987401962280e-02
5.121679306030273438e-01 4.935252964496612549e-01 -5.389409512281417847e-02
5.412640571594238281e-01 4.503578543663024902e-01 -1.166692655533552170e-02
6.370269060134887695e-01 4.137297868728637695e-01 1.181046068668365479e-01
5.367688536643981934e-01 4.100152254104614258e-01 -7.160578388720750809e-04
5.447809696197509766e-01 4.861143529415130615e-01 -9.361850097775459290e-03
6.028970479965209961e-01 3.897988796234130859e-01 2.736051380634307861e-02
5.370877385139465332e-01 4.670936465263366699e-01 -3.688903525471687317e-02
6.230959296226501465e-01 5.290400385856628418e-01 1.166437640786170959e-01
5.453607439994812012e-01 3.901031613349914551e-01 1.358489599078893661e-02
5.294020175933837891e-01 4.554603695869445801e-01 -4.790727049112319946e-02
5.873238444328308105e-01 6.060895323753356934e-01 4.184957221150398254e-02
5.852930545806884766e-01 6.253773570060729980e-01 6.152404472231864929e-02
6.308611035346984863e-01 4.853427708148956299e-01 8.333010971546173096e-02
6.025718450546264648e-01 5.859512090682983398e-01 5.706517770886421204e-02
6.317319273948669434e-01 3.791152834892272949e-01 6.988023221492767334e-02
5.374902486801147461e-01 6.528981924057006836e-01 3.126719966530799866e-03
5.102637410163879395e-01 4.974344074726104736e-01 -3.929911553859710693e-02
5.502987504005432129e-01 4.643501937389373779e-01 -7.667652331292629242e-03
6.250156164169311523e-01 4.058007895946502686e-01 5.235699936747550964e-02
5.826164484024047852e-01 4.018780291080474854e-01 1.380897499620914459e-02
5.728349685668945312e-01 4.018775224685668945e-01 1.068554911762475967e-02
5.393286347389221191e-01 5.704742074012756348e-01 -4.367176443338394165e-03
6.173046231269836426e-01 5.131161212921142578e-01 4.509219899773597717e-02
5.149222016334533691e-01 6.734057664871215820e-01 5.214447155594825745e-03
5.510001182556152344e-01 6.559057235717773438e-01 2.983649820089340210e-02
5.669819116592407227e-01 6.438239812850952148e-01 4.384561255574226379e-02
5.632436275482177734e-01 3.990274369716644287e-01 9.927918203175067902e-03
5.542310476303100586e-01 3.947523832321166992e-01 1.129236631095409393e-02
5.482175350189208984e-01 3.922799527645111084e-01 1.353788841515779495e-02
6.239740252494812012e-01 3.726116716861724854e-01 4.241749644279479980e-02
5.574563741683959961e-01 3.784244358539581299e-01 9.943752549588680267e-03
5.680839419364929199e-01 3.733386099338531494e-01 8.621064014732837677e-03
5.784032344818115234e-01 3.727428019046783447e-01 9.470660239458084106e-03
5.881363153457641602e-01 3.762288689613342285e-01 1.244384050369262695e-02
5.937508344650268555e-01 3.815153837203979492e-01 1.612574420869350433e-02
6.369858980178833008e-01 3.739892244338989258e-01 1.010418757796287537e-01
5.894796848297119141e-01 3.993228971958160400e-01 1.767893508076667786e-02
5.394657850265502930e-01 5.269002318382263184e-01 -1.796399429440498352e-02
5.322643518447875977e-01 4.909597039222717285e-01 -3.065274842083454132e-02
5.192148685455322266e-01 5.186034440994262695e-01 -2.901087887585163116e-02
5.706056356430053711e-01 6.250374317169189453e-01 2.961597591638565063e-02
5.546941161155700684e-01 6.390893459320068359e-01 1.692582108080387115e-02
5.164137482643127441e-01 6.620198488235473633e-01 -9.132436476647853851e-03
5.996471047401428223e-01 6.030513644218444824e-01 8.353083580732345581e-02
5.492438673973083496e-01 3.855587840080261230e-01 1.214865781366825104e-02
5.293899774551391602e-01 4.245909452438354492e-01 -2.597566880285739899e-02
5.342081189155578613e-01 6.663124561309814453e-01 1.529355533421039581e-02
6.244654655456542969e-01 5.223714113235473633e-01 8.002497255802154541e-02
5.200864076614379883e-01 5.585722923278808594e-01 -1.670266129076480865e-02
5.219787955284118652e-01 5.644826292991638184e-01 -1.890969090163707733e-02
5.232978463172912598e-01 5.717462301254272461e-01 -2.127869985997676849e-02
5.241529941558837891e-01 5.804789662361145020e-01 -2.014815993607044220e-02
5.264614224433898926e-01 6.007515192031860352e-01 -1.239934656769037247e-02
5.355946421623229980e-01 5.621398687362670898e-01 -6.449999287724494934e-03
5.379891991615295410e-01 5.617365837097167969e-01 -6.211001891642808914e-03
5.401293039321899414e-01 5.609313845634460449e-01 -6.118595134466886520e-03
5.563620924949645996e-01 5.512479543685913086e-01 -3.343526739627122879e-03
6.022500395774841309e-01 5.194922089576721191e-01 2.150245197117328644e-02
5.302590727806091309e-01 4.081206619739532471e-01 -1.487395074218511581e-02
5.384010076522827148e-01 3.750221133232116699e-01 5.466206930577754974e-03
5.448058843612670898e-01 3.778793811798095703e-01 1.022279262542724609e-02
5.331691503524780273e-01 5.623873472213745117e-01 -5.477830767631530762e-03
5.998482108116149902e-01 5.604373812675476074e-01 3.677062317728996277e-02
5.283657312393188477e-01 3.729067444801330566e-01 -9.108640253543853760e-03
5.320349931716918945e-01 6.179723739624023438e-01 -6.992709357291460037e-03
5.226778388023376465e-01 4.145524799823760986e-01 -3.348289057612419128e-02
5.348444581031799316e-01 4.523823857307434082e-01 -2.659509517252445221e-02
5.135797858238220215e-01 6.247813701629638672e-01 -1.486038882285356522e-02
5.596883296966552734e-01 5.906553864479064941e-01 7.353769149631261826e-03
5.531814098358154297e-01 5.005569458007812500e-01 -6.603627931326627731e-03
5.469161272048950195e-01 6.067920327186584473e-01 4.832032136619091034e-04
5.794174075126647949e-01 5.010010004043579102e-01 -1.038575661368668079e-03
5.624695420265197754e-01 5.181506872177124023e-01 -4.604304675012826920e-03
5.863460898399353027e-01 5.292911529541015625e-01 7.536837365478277206e-03
5.160987377166748047e-01 6.452553868293762207e-01 -1.442779507488012314e-02
5.403149127960205078e-01 4.632931351661682129e-01 -1.868997327983379364e-02
5.684326291084289551e-01 6.052216291427612305e-01 1.753306761384010315e-02
5.526470541954040527e-01 6.215151548385620117e-01 8.527798578143119812e-03
5.703921914100646973e-01 5.710175633430480957e-01 9.740049019455909729e-03
6.118194460868835449e-01 5.415349006652832031e-01 4.775762185454368591e-02
5.843114852905273438e-01 5.762513279914855957e-01 2.090927958488464355e-02
6.160150766372680664e-01 5.562677979469299316e-01 7.366049289703369141e-02
5.692539215087890625e-01 5.404930710792541504e-01 7.984219118952751160e-04
5.350627303123474121e-01 4.372599720954895020e-01 -1.824504323303699493e-02
5.315679907798767090e-01 4.846858084201812744e-01 -4.406506195664405823e-02
5.372645854949951172e-01 4.903680086135864258e-01 -3.190903365612030029e-02
5.285438895225524902e-01 4.724059402942657471e-01 -5.210153385996818542e-02
5.494184494018554688e-01 3.572574555873870850e-01 2.767032943665981293e-03
5.693963170051574707e-01 3.455387949943542480e-01 1.958215143531560898e-03
5.861072540283203125e-01 3.445050716400146484e-01 3.547522472217679024e-03
5.988924503326416016e-01 3.501459956169128418e-01 8.573928847908973694e-03
6.068841218948364258e-01 3.603504896163940430e-01 1.558747235685586929e-02
6.085605025291442871e-01 3.952686190605163574e-01 3.223292902112007141e-02
6.348931193351745605e-01 4.495635032653808594e-01 8.248595148324966431e-02
5.978591442108154297e-01 4.212290644645690918e-01 2.210215665400028229e-02
5.859788060188293457e-01 4.255828261375427246e-01 1.481007318943738937e-02
5.714045166969299316e-01 4.233181178569793701e-01 9.620419703423976898e-03
5.578241348266601562e-01 4.171518385410308838e-01 6.774851121008396149e-03
5.474049448966979980e-01 4.099414348602294922e-01 6.450758781284093857e-03
5.402338504791259766e-01 4.035328626632690430e-01 5.579652730375528336e-03
6.338924169540405273e-01 4.508472383022308350e-01 1.247713863849639893e-01
5.364684462547302246e-01 4.950170218944549561e-01 -2.646549791097640991e-02
5.285980701446533203e-01 4.394772648811340332e-01 -3.539999946951866150e-02
5.243936777114868164e-01 4.841479361057281494e-01 -5.325842276215553284e-02
5.175336599349975586e-01 4.919002652168273926e-01 -4.919338971376419067e-02
5.237214565277099609e-01 4.872756004333496094e-01 -4.782663658261299133e-02
5.329866409301757812e-01 4.996584653854370117e-01 -2.300947532057762146e-02
5.155686736106872559e-01 4.930000007152557373e-01 -5.227124318480491638e-02
5.137057304382324219e-01 4.968589246273040771e-01 -3.922232240438461304e-02
5.412642359733581543e-01 3.899800479412078857e-01 1.166037935763597488e-02
5.350274443626403809e-01 3.933933377265930176e-01 4.516507033258676529e-03
5.310850143432617188e-01 3.959978222846984863e-01 -3.539506578817963600e-03
5.967024564743041992e-01 3.856129050254821777e-01 2.001701295375823975e-02
6.044597625732421875e-01 3.768489360809326172e-01 2.077252604067325592e-02
4.519098699092864990e-01 3.743651509284973145e-01 8.760658092796802521e-03
4.638608396053314209e-01 3.755961954593658447e-01 8.760658092796802521e-03
4.530720412731170654e-01 3.598989844322204590e-01 8.760658092796802521e-03
4.398556053638458252e-01 3.731265664100646973e-01 8.760658092796802521e-03
4.506983458995819092e-01 3.886133730411529541e-01 8.760658092796802521e-03
5.755606293678283691e-01 3.875952363014221191e-01 1.408381108194589615e-02
5.874786376953125000e-01 3.889916539192199707e-01 1.408381108194589615e-02
5.765101909637451172e-01 3.719547390937805176e-01 1.408381108194589615e-02
5.635848045349121094e-01 3.861463665962219238e-01 1.408381108194589615e-02
5.746394395828247070e-01 4.032198190689086914e-01 1.408381108194589615e-02
