5.055219531059265137e-01 5.220547914505004883e-01 -3.722666203975677490e-02
5.135882496833801270e-01 4.667119979858398438e-01 -6.270368397235870361e-02
5.105383396148681641e-01 4.851920306682586670e-01 -3.490158170461654663e-02
5.070613026618957520e-01 4.125066101551055908e-01 -4.523983225226402283e-02
5.150920748710632324e-01 4.496026039123535156e-01 -6.581418961286544800e-02
5.163227915763854980e-01 4.283069372177124023e-01 -6.006724759936332703e-02
5.186781287193298340e-01 3.780582547187805176e-01 -2.552547492086887360e-02
4.347020685672760010e-01 3.636956214904785156e-01 1.358519308269023895e-02
5.214422345161437988e-01 3.349672853946685791e-01 -1.492000184953212738e-02
5.231785774230957031e-01 3.129323124885559082e-01 -1.550397556275129318e-02
5.279339551925659180e-01 2.418902069330215454e-01 1.114215701818466187e-03
5.053581595420837402e-01 5.260075330734252930e-01 -3.623070195317268372e-02
5.050678253173828125e-01 5.298625826835632324e-01 -3.284629061818122864e-02
5.048556923866271973e-01 5.321944355964660645e-01 -2.805270440876483917e-02
5.027263760566711426e-01 5.730732083320617676e-01 -2.382503077387809753e-02
5.026702880859375000e-01 5.786880254745483398e-01 -2.596221305429935455e-02
5.023187994956970215e-01 5.858640074729919434e-01 -2.846426330506801605e-02
5.018405914306640625e-01 5.934041738510131836e-01 -2.659662254154682159e-02
5.002705454826354980e-01 6.043216586112976074e-01 -1.598102785646915436e-02
5.123745799064636230e-01 4.760011434555053711e-01 -5.722865089774131775e-02
5.013608336448669434e-01 4.752663373947143555e-01 -4.240239784121513367e-02
3.931303620338439941e-01 3.031841516494750977e-01 6.843772530555725098e-02
4.647350609302520752e-01 3.827543854713439941e-01 3.064787248149514198e-03
4.527814984321594238e-01 3.832305967807769775e-01 3.072870429605245590e-03
4.417952895164489746e-01 3.809127211570739746e-01 5.576200317591428757e-03
4.287528395652770996e-01 3.690126538276672363e-01 1.447169762104749680e-02
4.756693840026855469e-01 3.788705766201019287e-01 5.432451609522104263e-03
4.554911851882934570e-01 3.258337974548339844e-01 3.222111263312399387e-04
4.685627818107604980e-01 3.298981189727783203e-01 1.471018884330987930e-03
4.426002502441406250e-01 3.278186321258544922e-01 3.074155654758214951e-03
4.333881735801696777e-01 3.349765241146087646e-01 6.960201542824506760e-03
4.168356657028198242e-01 3.793476819992065430e-01 1.912156306207180023e-02
4.536008536815643311e-01 6.196371316909790039e-01 -6.513686385005712509e-03
4.311394691467285156e-01 3.579714298248291016e-01 1.730224676430225372e-02
3.819548487663269043e-01 3.731003999710083008e-01 6.848674267530441284e-02
4.050361216068267822e-01 3.652256727218627930e-01 3.073103167116641998e-02
4.532899558544158936e-01 4.502404034137725830e-01 -1.255045831203460693e-02
4.901409447193145752e-01 5.179520845413208008e-01 -3.658828139305114746e-02
4.912331104278564453e-01 5.280125141143798828e-01 -3.207641467452049255e-02
4.748897254467010498e-01 5.224710106849670410e-01 -3.100362233817577362e-02
4.647276699542999268e-01 5.287669897079467773e-01 -2.292703464627265930e-02
4.794095456600189209e-01 5.293567776679992676e-01 -2.816110290586948395e-02
4.702703356742858887e-01 5.328924655914306641e-01 -2.053441666066646576e-02
4.476812779903411865e-01 5.596849918365478516e-01 -5.812641233205795288e-03
5.040968656539916992e-01 4.652770161628723145e-01 -6.219364702701568604e-02
5.039525032043457031e-01 4.487612545490264893e-01 -6.502974778413772583e-02
4.198119044303894043e-01 3.152790367603302002e-01 1.087346393615007401e-02
4.800612330436706543e-01 4.117008447647094727e-01 -1.013221312314271927e-02
4.771397411823272705e-01 4.604479074478149414e-01 -3.578475490212440491e-02
4.764004051685333252e-01 4.520559906959533691e-01 -3.205202892422676086e-02
4.180150628089904785e-01 4.454536139965057373e-01 -3.936060238629579544e-04
5.056201815605163574e-01 4.290378391742706299e-01 -5.734144896268844604e-02
4.502825140953063965e-01 2.947326600551605225e-01 -5.658891983330249786e-03
4.332470893859863281e-01 3.012410402297973633e-01 1.796380616724491119e-03
4.091166555881500244e-01 2.747794389724731445e-01 4.878844693303108215e-02
4.996518790721893311e-01 3.170035481452941895e-01 -1.290664542466402054e-02
4.791537225246429443e-01 3.398942947387695312e-01 5.210958886891603470e-03
4.409873187541961670e-01 5.400153398513793945e-01 -3.966286778450012207e-03
3.806271553039550781e-01 5.327602624893188477e-01 8.875782042741775513e-02
4.849278032779693604e-01 4.707022607326507568e-01 -3.121854737401008606e-02
4.934085011482238770e-01 4.766396582126617432e-01 -3.191232681274414062e-02
4.536185264587402344e-01 5.443347096443176270e-01 -4.640921950340270996e-03
4.570629298686981201e-01 5.443578362464904785e-01 -7.380630820989608765e-03
4.282525181770324707e-01 2.904500663280487061e-01 7.650133688002824783e-03
4.757418036460876465e-01 4.685181379318237305e-01 -2.987125515937805176e-02
4.716885387897491455e-01 2.981129586696624756e-01 -1.074344012886285782e-02
4.717399179935455322e-01 2.846382856369018555e-01 -1.229916140437126160e-02
4.611036777496337891e-01 2.415723502635955811e-01 1.046441122889518738e-02
4.172450900077819824e-01 2.887459993362426758e-01 2.586513943970203400e-02
4.659678339958190918e-01 2.696816325187683105e-01 -8.490523905493319035e-04
4.133987426757812500e-01 3.087067902088165283e-01 2.091033011674880981e-02
4.021075367927551270e-01 3.118323683738708496e-01 4.392742738127708435e-02
4.903652369976043701e-01 5.234045982360839844e-01 -3.564854711294174194e-02
4.770455658435821533e-01 5.263224244117736816e-01 -3.013122640550136566e-02
4.673483967781066895e-01 5.310441255569458008e-01 -2.269056625664234161e-02
4.872357249259948730e-01 4.743318259716033936e-01 -2.863388508558273315e-02
4.553702175617218018e-01 5.444052219390869141e-01 -6.051462143659591675e-03
4.596707522869110107e-01 5.539509057998657227e-01 -1.196043472737073898e-02
4.585840404033660889e-01 5.442735552787780762e-01 -7.571776863187551498e-03
4.911549091339111328e-01 4.645833969116210938e-01 -4.652660712599754333e-02
4.726075828075408936e-01 5.336080789566040039e-01 -1.882214285433292389e-02
4.814655184745788574e-01 5.308336019515991211e-01 -2.390717156231403351e-02
4.922373890876770020e-01 5.304055809974670410e-01 -2.758299931883811951e-02
4.835945963859558105e-01 6.008289456367492676e-01 -1.645738072693347931e-02
4.852833449840545654e-01 5.884815454483032227e-01 -2.674907632172107697e-02
4.866302907466888428e-01 5.812858939170837402e-01 -2.812431566417217255e-02
4.882063567638397217e-01 5.744111537933349609e-01 -2.538920566439628601e-02
4.898461401462554932e-01 5.695161223411560059e-01 -2.336230874061584473e-02
4.714335501194000244e-01 5.584660768508911133e-01 -1.558109372854232788e-02
4.687434434890747070e-01 5.600061416625976562e-01 -1.746628433465957642e-02
4.654155671596527100e-01 5.627868771553039551e-01 -1.936994493007659912e-02
4.626403450965881348e-01 5.663170814514160156e-01 -1.761612668633460999e-02
4.575827121734619141e-01 5.108941793441772461e-01 -1.896795257925987244e-02
3.728212118148803711e-01 4.469218850135803223e-01 1.091002300381660461e-01
5.114907622337341309e-01 4.804738163948059082e-01 -4.260465130209922791e-02
4.654727876186370850e-01 5.527737736701965332e-01 -1.055062934756278992e-02
4.625801444053649902e-01 5.530899167060852051e-01 -1.183129008859395981e-02
4.960317313671112061e-01 4.834535717964172363e-01 -3.285308927297592163e-02
4.783404767513275146e-01 4.791101217269897461e-01 -2.166993729770183563e-02
4.948073327541351318e-01 4.801228940486907959e-01 -3.259119018912315369e-02
4.667882919311523438e-01 4.200356900691986084e-01 -7.798912003636360168e-03
4.467372894287109375e-01 4.287393987178802490e-01 -6.231517996639013290e-03
4.735928475856781006e-01 4.598037898540496826e-01 -2.606412395834922791e-02
4.307806789875030518e-01 2.534627616405487061e-01 2.796956896781921387e-02
4.375494718551635742e-01 2.738958001136779785e-01 1.134011987596750259e-02
4.478909969329833984e-01 2.822980582714080811e-01 -3.042434109374880791e-03
4.561388492584228516e-01 5.753259658813476562e-01 -1.061861496418714523e-02
4.994158744812011719e-01 2.936429977416992188e-01 -1.607108861207962036e-02
4.943164587020874023e-01 2.725610136985778809e-01 -7.057194132357835770e-03
4.923329949378967285e-01 2.386122494935989380e-01 1.304910751059651375e-03
4.330129325389862061e-01 3.762339651584625244e-01 1.002937555313110352e-02
4.021496176719665527e-01 3.904415667057037354e-01 2.414047718048095703e-02
4.832542240619659424e-01 3.745456933975219727e-01 7.653424516320228577e-03
4.208207130432128906e-01 3.423075079917907715e-01 1.598468795418739319e-02
4.893807172775268555e-01 4.015448689460754395e-01 -1.313025411218404770e-02
4.847510457038879395e-01 4.537500441074371338e-01 -4.620268568396568298e-02
3.905378580093383789e-01 4.033929109573364258e-01 3.492721915245056152e-02
4.088591933250427246e-01 4.025657773017883301e-01 1.327784359455108643e-02
4.236506819725036621e-01 4.100904464721679688e-01 3.304199781268835068e-03
4.468383789062500000e-01 4.094632565975189209e-01 -2.341535582672804594e-04
4.642269313335418701e-01 4.040539562702178955e-01 -1.311182742938399315e-03
4.779881238937377930e-01 3.972207307815551758e-01 -2.959652571007609367e-03
5.072621107101440430e-01 3.808475732803344727e-01 -2.213596738874912262e-02
3.899482786655426025e-01 4.380601346492767334e-01 2.950491942465305328e-02
4.116644263267517090e-01 3.388760089874267578e-01 2.119798026978969574e-02
5.067064762115478516e-01 4.747786521911621094e-01 -5.696473643183708191e-02
4.802777469158172607e-01 4.275341331958770752e-01 -1.616458967328071594e-02
3.760228157043457031e-01 3.729485273361206055e-01 1.050994917750358582e-01
4.889366030693054199e-01 3.888683319091796875e-01 -3.351788735017180443e-03
4.717317223548889160e-01 4.612698554992675781e-01 -1.470146141946315765e-02
4.257860481739044189e-01 3.575229644775390625e-01 1.904759928584098816e-02
4.845038652420043945e-01 4.437072277069091797e-01 -4.141995310783386230e-02
3.746792078018188477e-01 4.881113469600677490e-01 1.018980890512466431e-01
4.846290051937103271e-01 3.687700033187866211e-01 1.096591539680957794e-02
4.949506521224975586e-01 4.343127310276031494e-01 -5.149549990892410278e-02
4.053253531455993652e-01 5.752993226051330566e-01 3.096766583621501923e-02
4.021573364734649658e-01 5.966113805770874023e-01 4.948014393448829651e-02
3.763707280158996582e-01 4.430581927299499512e-01 6.938652694225311279e-02
3.926577866077423096e-01 5.505529046058654785e-01 4.402616247534751892e-02
3.915583193302154541e-01 3.402723073959350586e-01 5.962923541665077209e-02
4.494474530220031738e-01 6.373571157455444336e-01 -1.456504454836249352e-03
5.071490406990051270e-01 4.793363809585571289e-01 -4.206643998622894287e-02
4.686373174190521240e-01 4.388907253742218018e-01 -1.326189469546079636e-02
3.941773772239685059e-01 3.685310482978820801e-01 4.140745848417282104e-02
4.447688460350036621e-01 3.715153932571411133e-01 7.247290574014186859e-03
4.543024599552154541e-01 3.742499053478240967e-01 5.040849093347787857e-03
4.569625258445739746e-01 5.552914738655090332e-01 -1.045776903629302979e-02
3.897741436958312988e-01 4.721634089946746826e-01 3.115090355277061462e-02
4.693382978439331055e-01 6.648858785629272461e-01 2.538768108934164047e-03
4.332503080368041992e-01 6.374539732933044434e-01 2.268857322633266449e-02
4.184619486331939697e-01 6.206539869308471680e-01 3.439695388078689575e-02
5.257579684257507324e-01 2.774006426334381104e-01 -7.530545815825462341e-03
4.952452182769775391e-01 6.709609031677246094e-01 1.023499062284827232e-03
4.642927348613739014e-01 3.740050196647644043e-01 5.358520895242691040e-03
4.742321074008941650e-01 3.717994093894958496e-01 7.676090579479932785e-03
4.810134172439575195e-01 3.703503310680389404e-01 1.053402479737997055e-02
4.031667113304138184e-01 3.360514044761657715e-01 3.259025886654853821e-02
4.750192165374755859e-01 3.559350371360778809e-01 6.617981009185314178e-03
4.650960564613342285e-01 3.500328660011291504e-01 4.295350518077611923e-03
4.550834298133850098e-01 3.479890823364257812e-01 4.123744089156389236e-03
4.449464380741119385e-01 3.492527902126312256e-01 6.109400652348995209e-03
4.382428824901580811e-01 3.525465428829193115e-01 9.207916446030139923e-03
3.825976848602294922e-01 3.343492150306701660e-01 8.944775909185409546e-02
4.387064576148986816e-01 3.676775395870208740e-01 1.055260933935642242e-02
5.089743733406066895e-01 4.988839328289031982e-01 -3.282460942864418030e-02
4.701727032661437988e-01 5.023090839385986328e-01 -2.419404685497283936e-02
4.853204488754272461e-01 4.674537777900695801e-01 -3.508924320340156555e-02
4.929152131080627441e-01 4.982278048992156982e-01 -3.284759819507598877e-02
5.197746753692626953e-01 3.574317991733551025e-01 -1.582325994968414307e-02
4.191639423370361328e-01 5.991938114166259766e-01 2.102757059037685394e-02
4.334228634834289551e-01 6.182165145874023438e-01 1.045319251716136932e-02
4.704145789146423340e-01 6.521150469779968262e-01 -1.136045716702938080e-02
3.903476297855377197e-01 5.694710612297058105e-01 6.935417652130126953e-02
4.818340539932250977e-01 3.637195229530334473e-01 9.216991253197193146e-03
4.979421496391296387e-01 4.055336713790893555e-01 -2.826816402375698090e-02
4.962879419326782227e-01 6.582525372505187988e-01 -1.258202921599149704e-02
4.496536850929260254e-01 6.528285741806030273e-01 1.031077094376087189e-02
3.776208758354187012e-01 4.808974564075469971e-01 6.555708497762680054e-02
4.795699715614318848e-01 5.643152594566345215e-01 -2.002886123955249786e-02
4.769040942192077637e-01 5.674511790275573730e-01 -2.209839597344398499e-02
4.742344617843627930e-01 5.725772380828857422e-01 -2.422562055289745331e-02
4.721128046512603760e-01 5.787637829780578613e-01 -2.285400591790676117e-02
4.677619040012359619e-01 5.898414850234985352e-01 -1.517290994524955750e-02
4.628409147262573242e-01 5.378739833831787109e-01 -1.357173174619674683e-02
4.600128829479217529e-01 5.369743704795837402e-01 -1.369864307343959808e-02
4.576458334922790527e-01 5.355159044265747070e-01 -1.377097889780998230e-02
4.474943280220031738e-01 5.236415863037109375e-01 -1.165890414267778397e-02
4.061474502086639404e-01 4.815725088119506836e-01 9.188106283545494080e-03
4.985350966453552246e-01 3.899306356906890869e-01 -1.672273129224777222e-02
4.951242804527282715e-01 3.542674481868743896e-01 4.323844332247972488e-03
4.874279797077178955e-01 3.564499616622924805e-01 7.942347787320613861e-03
4.651012420654296875e-01 5.378993749618530273e-01 -1.256952714174985886e-02
4.010261893272399902e-01 5.242206454277038574e-01 2.438900992274284363e-02
5.062574744224548340e-01 3.537174165248870850e-01 -9.467076510190963745e-03
4.603399634361267090e-01 6.035708785057067871e-01 -9.864783845841884613e-03
5.171110033988952637e-01 4.110698103904724121e-01 -4.818574339151382446e-02
5.069956183433532715e-01 3.975182771682739258e-01 -3.456187620759010315e-02
5.178279280662536621e-01 3.952115178108215332e-01 -3.634304180741310120e-02
4.879125058650970459e-01 4.304639101028442383e-01 -3.027951158583164215e-02
4.976864755153656006e-01 6.406091451644897461e-01 -1.730298064649105072e-02
4.990824460983276367e-01 6.207996606826782227e-01 -1.617604866623878479e-02
4.788620471954345703e-01 6.164097785949707031e-01 -1.501821819692850113e-02
4.362677931785583496e-01 5.654448270797729492e-01 1.870007145043928176e-05
4.603216350078582764e-01 4.735869169235229492e-01 -1.293571759015321732e-02
4.463614225387573242e-01 5.866857171058654785e-01 -4.561046138405799866e-03
4.334873259067535400e-01 4.682529568672180176e-01 -9.986374527215957642e-03
4.479098618030548096e-01 4.889730513095855713e-01 -1.231015939265489578e-02
4.217094779014587402e-01 4.949635267257690430e-01 -2.631326671689748764e-03
4.737121164798736572e-01 6.349377632141113281e-01 -1.567617803812026978e-02
4.799308180809020996e-01 4.399621486663818359e-01 -2.322527021169662476e-02
4.250748455524444580e-01 5.788345336914062500e-01 9.342896752059459686e-03
4.386703372001647949e-01 6.002440452575683594e-01 2.784703858196735382e-03
4.295504689216613770e-01 5.414209961891174316e-01 4.612230695784091949e-04
3.909107446670532227e-01 5.020329952239990234e-01 3.403009474277496338e-02
4.143408238887786865e-01 5.444319844245910645e-01 1.050909608602523804e-02
3.821907639503479004e-01 5.167929530143737793e-01 5.903897807002067566e-02
4.371093213558197021e-01 5.097947120666503906e-01 -8.152851834893226624e-03
4.893158972263336182e-01 4.163231253623962402e-01 -2.170635759830474854e-02
4.879754483699798584e-01 4.612920880317687988e-01 -4.871958866715431213e-02
4.804962873458862305e-01 4.659421443939208984e-01 -3.698608651757240295e-02
4.938110411167144775e-01 4.502601027488708496e-01 -5.610506236553192139e-02
4.877637922763824463e-01 3.336078524589538574e-01 9.705898119136691093e-04
4.700528681278228760e-01 3.184269666671752930e-01 -1.612479449249804020e-03
4.536127448081970215e-01 3.143793642520904541e-01 -1.858234289102256298e-03
4.390864670276641846e-01 3.177500367164611816e-01 1.544253318570554256e-03
4.279806911945343018e-01 3.263975977897644043e-01 7.560837548226118088e-03
4.166444242000579834e-01 3.613293170928955078e-01 2.315641753375530243e-02
3.773857951164245605e-01 4.074041247367858887e-01 6.919840723276138306e-02
4.222828149795532227e-01 3.870735168457031250e-01 1.311072334647178650e-02
4.336377680301666260e-01 3.934252858161926270e-01 6.815253756940364838e-03
4.493175148963928223e-01 3.950800001621246338e-01 3.019161289557814598e-03
4.647690057754516602e-01 3.926055729389190674e-01 1.941095222719013691e-03
4.773726165294647217e-01 3.876879811286926270e-01 2.949878107756376266e-03
4.864455759525299072e-01 3.827238082885742188e-01 3.039958421140909195e-03
3.737349808216094971e-01 4.095817208290100098e-01 1.108884289860725403e-01
4.800503253936767578e-01 4.710547327995300293e-01 -3.149460256099700928e-02
4.972774684429168701e-01 4.195726513862609863e-01 -3.835042193531990051e-02
4.960334599018096924e-01 4.624953567981719971e-01 -5.710439011454582214e-02
5.010378956794738770e-01 4.719408452510833740e-01 -5.250228568911552429e-02
4.956148862838745117e-01 4.656685292720794678e-01 -5.169293284416198730e-02
4.824830293655395508e-01 4.766999781131744385e-01 -2.756998874247074127e-02
5.031831264495849609e-01 4.734832644462585449e-01 -5.548714846372604370e-02
5.036343932151794434e-01 4.779834449291229248e-01 -4.220452904701232910e-02
4.886010587215423584e-01 3.689816296100616455e-01 9.566746652126312256e-03
4.943496286869049072e-01 3.734531700611114502e-01 2.909981878474354744e-03
4.980591237545013428e-01 3.760704398155212402e-01 -5.047657061368227005e-03
4.342988431453704834e-01 3.553280830383300781e-01 1.266638562083244324e-02
4.271951019763946533e-01 3.442540168762207031e-01 1.288726180791854858e-02
5.264240503311157227e-01 4.148462414741516113e-01 -4.359787702560424805e-02
5.965200066566467285e-01 3.840114772319793701e-01 2.498938515782356262e-02
5.217874050140380859e-01 4.779098331928253174e-01 -4.113825410604476929e-02
6.343690156936645508e-01 3.338407874107360840e-01 8.619777113199234009e-02
5.636171698570251465e-01 3.953049778938293457e-01 1.052534207701683044e-02
5.750811100006103516e-01 3.979695737361907959e-01 1.204182859510183334e-02
5.858216285705566406e-01 3.983874917030334473e-01 1.590520329773426056e-02
6.000603437423706055e-01 3.905166387557983398e-01 2.655155584216117859e-02
5.539478063583374023e-01 3.900127112865447998e-01 1.130275893956422806e-02
5.842076539993286133e-01 3.441243469715118408e-01 9.658827446401119232e-03
5.704178810119628906e-01 3.453581631183624268e-01 8.837009780108928680e-03
5.964207649230957031e-01 3.484007418155670166e-01 1.383633352816104889e-02
6.036158800125122070e-01 3.571678102016448975e-01 1.856393925845623016e-02
6.074941158294677734e-01 4.026177823543548584e-01 3.213841095566749573e-02
5.424577593803405762e-01 6.284110546112060547e-01 -1.137059298343956470e-03
6.005666255950927734e-01 3.794983625411987305e-01 2.920972369611263275e-02
6.372427940368652344e-01 4.038251042366027832e-01 8.568131923675537109e-02
6.189137697219848633e-01 3.911777734756469727e-01 4.520907625555992126e-02
5.679813623428344727e-01 4.646929204463958740e-01 -4.618396982550621033e-03
5.206061601638793945e-01 5.211730003356933594e-01 -3.445811942219734192e-02
5.180146694183349609e-01 5.311999917030334473e-01 -3.006820380687713623e-02
5.342410802841186523e-01 5.287323594093322754e-01 -2.669221721589565277e-02
5.424133539199829102e-01 5.377011299133300781e-01 -1.706331409513950348e-02
5.286002159118652344e-01 5.349646210670471191e-01 -2.434679679572582245e-02
5.361864566802978516e-01 5.408006310462951660e-01 -1.548314094543457031e-02
5.544422268867492676e-01 5.725783705711364746e-01 1.513453084044158459e-03
5.227595567703247070e-01 4.675472378730773926e-01 -6.112921610474586487e-02
5.258089303970336914e-01 4.514065384864807129e-01 -6.379587203264236450e-02
6.184250116348266602e-01 3.409506976604461670e-01 2.455012872815132141e-02
5.481322407722473145e-01 4.201407432556152344e-01 -4.969156347215175629e-03
5.467376112937927246e-01 4.692778885364532471e-01 -3.101956844329833984e-02
5.482620000839233398e-01 4.610942900180816650e-01 -2.713205292820930481e-02
6.010410189628601074e-01 4.682859778404235840e-01 1.230234373360872269e-02
5.263671278953552246e-01 4.315017163753509521e-01 -5.572411417961120605e-02
5.969433784484863281e-01 3.164266347885131836e-01 4.027402028441429138e-03
6.106076836585998535e-01 3.252374529838562012e-01 1.382683217525482178e-02
6.267813444137573242e-01 3.029565215110778809e-01 6.460478156805038452e-02
5.465016365051269531e-01 3.278511762619018555e-01 -9.609102271497249603e-03
5.580329298973083496e-01 3.527819216251373291e-01 1.119405962526798248e-02
5.636847615242004395e-01 5.554686784744262695e-01 4.976709373295307159e-03
6.158000230789184570e-01 5.601519346237182617e-01 1.056808084249496460e-01
5.370368957519531250e-01 4.775004088878631592e-01 -2.773953229188919067e-02
5.280881524085998535e-01 4.812319278717041016e-01 -3.013009205460548401e-02
5.492030382156372070e-01 5.577914118766784668e-01 3.087836317718029022e-03
5.459279417991638184e-01 5.567692518234252930e-01 -4.958629142493009567e-04
6.161981821060180664e-01 3.156892061233520508e-01 2.030466683208942413e-02
5.460289120674133301e-01 4.774491190910339355e-01 -2.518310956656932831e-02
5.766446590423583984e-01 3.156794905662536621e-01 -4.103437997400760651e-03
5.795776844024658203e-01 3.027207851409912109e-01 -5.538998171687126160e-03
5.893058180809020996e-01 2.587917447090148926e-01 1.952259801328182220e-02
6.206935644149780273e-01 3.139283657073974609e-01 3.957464173436164856e-02
5.824887156486511230e-01 2.847978174686431885e-01 6.765249650925397873e-03
6.239411830902099609e-01 3.358291387557983398e-01 3.533573821187019348e-02
6.289485692977905273e-01 3.394855856895446777e-01 5.937113240361213684e-02
5.196013450622558594e-01 5.267694592475891113e-01 -3.350523114204406738e-02
5.314097404479980469e-01 5.323859453201293945e-01 -2.605531364679336548e-02
5.394713878631591797e-01 5.395216345787048340e-01 -1.729057729244232178e-02
5.340352058410644531e-01 4.804443717002868652e-01 -2.573433145880699158e-02
5.475192666053771973e-01 5.573483705520629883e-01 1.118522137403488159e-03
5.435242056846618652e-01 5.662665367126464844e-01 -5.882706027477979660e-03
5.443947315216064453e-01 5.561498403549194336e-01 -8.986284374259412289e-04
5.333430767059326172e-01 4.700789749622344971e-01 -4.325816780328750610e-02
5.336276888847351074e-01 5.408231019973754883e-01 -1.402391958981752396e-02
5.261999368667602539e-01 5.359218120574951172e-01 -2.031576447188854218e-02
5.166093111038208008e-01 5.332854986190795898e-01 -2.554784715175628662e-02
5.166306495666503906e-01 6.044379472732543945e-01 -1.453044824302196503e-02
5.176984667778015137e-01 5.936026573181152344e-01 -2.466547675430774689e-02
5.173215866088867188e-01 5.858855843544006348e-01 -2.591377682983875275e-02
5.163428187370300293e-01 5.785320997238159180e-01 -2.321539632976055145e-02
5.148600339889526367e-01 5.731535553932189941e-01 -2.124559506773948669e-02
5.321537852287292480e-01 5.673985481262207031e-01 -1.076671667397022247e-02
5.349283218383789062e-01 5.700083971023559570e-01 -1.268373522907495499e-02
5.380904078483581543e-01 5.740308165550231934e-01 -1.439040899276733398e-02
5.405253171920776367e-01 5.786045789718627930e-01 -1.238584797829389572e-02
5.539073348045349121e-01 5.231758356094360352e-01 -1.233349554240703583e-02
6.311482191085815430e-01 4.782619476318359375e-01 1.277162134647369385e-01
5.376862287521362305e-01 5.632101893424987793e-01 -4.631894640624523163e-03
5.406848788261413574e-01 5.644525885581970215e-01 -5.973448511213064194e-03
5.245994925498962402e-01 4.871529936790466309e-01 -3.105604089796543121e-02
5.412541627883911133e-01 4.871832728385925293e-01 -1.791013218462467194e-02
5.262898802757263184e-01 4.843128919601440430e-01 -3.086152486503124237e-02
5.590851306915283203e-01 4.314909279346466064e-01 -9.038438438437879086e-04
5.768063068389892578e-01 4.449710547924041748e-01 2.942179329693317413e-03
5.491678714752197266e-01 4.693583548069000244e-01 -2.095449343323707581e-02
6.130673885345458984e-01 2.774828076362609863e-01 4.084145277738571167e-02
6.063272953033447266e-01 2.951606214046478271e-01 2.239963971078395844e-02
6.013834476470947266e-01 3.044635653495788574e-01 7.066559977829456329e-03
5.450637340545654297e-01 5.854952335357666016e-01 -4.573676269501447678e-03
5.520569086074829102e-01 3.058542311191558838e-01 -1.262924075126647949e-02
5.562829971313476562e-01 2.807533144950866699e-01 -3.077833680436015129e-03
5.618728995323181152e-01 2.481603920459747314e-01 5.953626241534948349e-03
5.947640538215637207e-01 3.962808549404144287e-01 2.146798744797706604e-02
6.179544925689697266e-01 4.159567356109619141e-01 3.846495598554611206e-02
5.475171208381652832e-01 3.847959935665130615e-01 1.286436617374420166e-02
6.121155619621276855e-01 3.665341734886169434e-01 2.913610637187957764e-02
5.413116216659545898e-01 4.079384207725524902e-01 -9.025144390761852264e-03
5.414364337921142578e-01 4.610287249088287354e-01 -4.232425987720489502e-02
6.294066905975341797e-01 4.323224127292633057e-01 5.101681500673294067e-02
6.110967993736267090e-01 4.263514280319213867e-01 2.695036679506301880e-02
5.975152850151062012e-01 4.305543303489685059e-01 1.511842105537652969e-02
5.763227343559265137e-01 4.254238903522491455e-01 8.925669826567173004e-03
5.607118606567382812e-01 4.167609214782714844e-01 5.717206746339797974e-03
5.491583943367004395e-01 4.075593948364257812e-01 2.326387679204344749e-03
5.288550853729248047e-01 3.835290968418121338e-01 -2.044271677732467651e-02
6.262445449829101562e-01 4.668889343738555908e-01 4.563222452998161316e-02
6.194404363632202148e-01 3.649984598159790039e-01 3.548863157629966736e-02
5.179122686386108398e-01 4.761365056037902832e-01 -5.611179769039154053e-02
5.462718009948730469e-01 4.358418583869934082e-01 -1.112911570817232132e-02
6.376251578330993652e-01 4.051436781883239746e-01 1.245457231998443604e-01
5.408614873886108398e-01 3.973160088062286377e-01 7.316662231460213661e-04
5.497583150863647461e-01 4.711060822010040283e-01 -9.512088261544704437e-03
6.050430536270141602e-01 3.801824450492858887e-01 3.158269822597503662e-02
5.426013469696044922e-01 4.510419070720672607e-01 -3.744832798838615417e-02
6.254633069038391113e-01 5.179411172866821289e-01 1.197545826435089111e-01
5.475030541419982910e-01 3.788762986660003662e-01 1.635752990841865540e-02
5.350376963615417480e-01 4.392478466033935547e-01 -4.861444234848022461e-02
5.927742719650268555e-01 5.959470272064208984e-01 4.301602393388748169e-02
5.911108255386352539e-01 6.166080236434936523e-01 6.256932765245437622e-02
6.345621943473815918e-01 4.736461639404296875e-01 8.663301914930343628e-02
6.073071956634521484e-01 5.751124024391174316e-01 5.812479555606842041e-02
6.332889795303344727e-01 3.696727156639099121e-01 7.610606402158737183e-02
5.438904166221618652e-01 6.460187435150146484e-01 4.305968992412090302e-03
5.158648490905761719e-01 4.804697930812835693e-01 -4.155003651976585388e-02
5.551801919937133789e-01 4.497978687286376953e-01 -7.089090067893266678e-03
6.261974573135375977e-01 3.963836431503295898e-01 5.716906860470771790e-02
5.858213901519775391e-01 3.885291218757629395e-01 1.734385266900062561e-02
5.761930346488952637e-01 3.887988328933715820e-01 1.394717209041118622e-02
5.460687279701232910e-01 5.684970021247863770e-01 -4.011141136288642883e-03
6.217471957206726074e-01 5.003712177276611328e-01 4.695891216397285461e-02
5.209571123123168945e-01 6.692824363708496094e-01 5.995649844408035278e-03
5.579332113265991211e-01 6.487931013107299805e-01 3.117363899946212769e-02
5.736990571022033691e-01 6.357162594795227051e-01 4.508158937096595764e-02
5.663664340972900391e-01 3.867785334587097168e-01 1.294055860489606857e-02
5.570142269134521484e-01 3.833150863647460938e-01 1.413065195083618164e-02
5.507103204727172852e-01 3.810628056526184082e-01 1.631085388362407684e-02
6.254436373710632324e-01 3.635971546173095703e-01 4.788320511579513550e-02
5.592711567878723145e-01 3.694232702255249023e-01 1.328791026026010513e-02
5.697551965713500977e-01 3.656677603721618652e-01 1.213329751044511795e-02
5.799324512481689453e-01 3.652053773403167725e-01 1.324144192039966583e-02
5.896486043930053711e-01 3.681729137897491455e-01 1.642074435949325562e-02
5.953617691993713379e-01 3.727258443832397461e-01 2.026033401489257812e-02
6.379050016403198242e-01 3.661810159683227539e-01 1.083530411124229431e-01
5.921984910964965820e-01 3.865967094898223877e-01 2.143683098256587982e-02
5.446035861968994141e-01 5.117818713188171387e-01 -1.908741705119609833e-02
5.375304818153381348e-01 4.743255078792572021e-01 -3.170162811875343323e-02
5.245594382286071777e-01 5.023022890090942383e-01 -3.072047233581542969e-02
5.766767263412475586e-01 6.154516935348510742e-01 3.081632964313030243e-02
5.611672401428222656e-01 6.306434869766235352e-01 1.814819872379302979e-02
5.222188234329223633e-01 6.568118333816528320e-01 -8.198154158890247345e-03
6.040673255920410156e-01 5.934212803840637207e-01 8.466097712516784668e-02
5.513396263122558594e-01 3.749796748161315918e-01 1.514763105660676956e-02
5.344396233558654785e-01 4.100529253482818604e-01 -2.550716139376163483e-02
5.410072803497314453e-01 6.606321334838867188e-01 1.654010079801082611e-02
6.288905143737792969e-01 5.104561448097229004e-01 8.228449523448944092e-02
5.245670080184936523e-01 5.708535313606262207e-01 -1.633173786103725433e-02
5.271471142768859863e-01 5.750588178634643555e-01 -1.831131428480148315e-02
5.294393897056579590e-01 5.811854600906372070e-01 -2.028304710984230042e-02
5.309942364692687988e-01 5.883511900901794434e-01 -1.880515180528163910e-02
5.327493548393249512e-01 5.968930721282958984e-01 -1.069923397153615952e-02
5.419283509254455566e-01 5.480335354804992676e-01 -7.459209766238927841e-03
5.448153018951416016e-01 5.478692054748535156e-01 -7.025885861366987228e-03
5.475307106971740723e-01 5.469739437103271484e-01 -6.749053020030260086e-03
5.604979395866394043e-01 5.381160974502563477e-01 -3.377972170710563660e-03
6.064015030860900879e-01 5.064004063606262207e-01 2.283543348312377930e-02
5.349704027175903320e-01 3.944929838180541992e-01 -1.389280613511800766e-02
5.411899685859680176e-01 3.627477884292602539e-01 7.867945358157157898e-03
5.469828248023986816e-01 3.666424155235290527e-01 1.300626061856746674e-02
5.396600961685180664e-01 5.473421216011047363e-01 -6.604835856705904007e-03
6.042403578758239746e-01 5.486108660697937012e-01 3.799540922045707703e-02
5.324694514274597168e-01 3.597466647624969482e-01 -7.272361312061548233e-03
5.381122231483459473e-01 6.116040945053100586e-01 -5.069131031632423401e-03
5.277643799781799316e-01 4.000028371810913086e-01 -3.310279175639152527e-02
5.401282310485839844e-01 4.371021986007690430e-01 -2.662292122840881348e-02
5.191656351089477539e-01 6.204314827919006348e-01 -1.278972346335649490e-02
5.650557875633239746e-01 5.802704095840454102e-01 8.458176627755165100e-03
5.578723549842834473e-01 4.857917428016662598e-01 -6.442384794354438782e-03
5.529845356941223145e-01 5.982238054275512695e-01 2.031610114499926567e-03
5.837278366088867188e-01 4.871644377708435059e-01 1.754463010001927614e-04
5.666708350181579590e-01 5.039669275283813477e-01 -4.197746515274047852e-03
5.900812149047851562e-01 5.160124301910400391e-01 8.862273767590522766e-03
5.216155648231506348e-01 6.396049261093139648e-01 -1.276299729943275452e-02
5.454872846603393555e-01 4.482316970825195312e-01 -1.865074597299098969e-02
5.741431713104248047e-01 5.950759649276733398e-01 1.879587396979331970e-02
5.588497519493103027e-01 6.126471161842346191e-01 1.004347950220108032e-02
5.750083923339843750e-01 5.591577291488647461e-01 1.069727633148431778e-02
6.162943243980407715e-01 5.291799306869506836e-01 4.917169734835624695e-02
5.892618894577026367e-01 5.650326013565063477e-01 2.213026396930217743e-02
6.205588579177856445e-01 5.446333885192871094e-01 7.505761831998825073e-02
5.728828907012939453e-01 5.270837545394897461e-01 1.403070404194295406e-03
5.401045680046081543e-01 4.227289557456970215e-01 -1.774848252534866333e-02
5.371554493904113770e-01 4.676322042942047119e-01 -4.519967362284660339e-02
5.425935983657836914e-01 4.739396870136260986e-01 -3.295176848769187927e-02
5.343357324600219727e-01 4.553282856941223145e-01 -5.338399112224578857e-02
5.523855090141296387e-01 3.449561595916748047e-01 5.820457823574542999e-03
5.727821588516235352e-01 3.341483473777770996e-01 5.435942206531763077e-03
5.897117853164672852e-01 3.337467312812805176e-01 7.372949738055467606e-03
6.024550795555114746e-01 3.396768569946289062e-01 1.270837429910898209e-02
6.101098656654357910e-01 3.501873612403869629e-01 2.003160119056701660e-02
6.109174489974975586e-01 3.854129612445831299e-01 3.648213669657707214e-02
6.374484896659851074e-01 4.384294748306274414e-01 8.689062297344207764e-02
6.018775701522827148e-01 4.089577496051788330e-01 2.549418993294239044e-02
5.906447768211364746e-01 4.125011563301086426e-01 1.768614724278450012e-02
5.759264230728149414e-01 4.106571674346923828e-01 1.203239616006612778e-02
5.617480278015136719e-01 4.051817655563354492e-01 9.104257449507713318e-03
5.507535934448242188e-01 3.982977867126464844e-01 8.356317877769470215e-03
5.433244705200195312e-01 3.916753530502319336e-01 7.432608399540185928e-03
6.344476938247680664e-01 4.414863288402557373e-01 1.302711814641952515e-01
5.415902137756347656e-01 4.789367914199829102e-01 -2.750930748879909515e-02
5.339547395706176758e-01 4.240998625755310059e-01 -3.550246730446815491e-02
5.301646590232849121e-01 4.666771888732910156e-01 -5.486989393830299377e-02
5.231626033782958984e-01 4.746960401535034180e-01 -5.119648575782775879e-02
5.292994379997253418e-01 4.700189530849456787e-01 -4.939160495996475220e-02
5.380854606628417969e-01 4.838025867938995361e-01 -2.418847382068634033e-02
5.212871432304382324e-01 4.756891131401062012e-01 -5.443395674228668213e-02
5.192745327949523926e-01 4.799312055110931396e-01 -4.131959378719329834e-02
5.435017943382263184e-01 3.784693181514739990e-01 1.408586185425519943e-02
5.379559993743896484e-01 3.812450766563415527e-01 6.381114479154348373e-03
5.350422263145446777e-01 3.830653429031372070e-01 -2.157411538064479828e-03
5.984157919883728027e-01 3.763049244880676270e-01 2.416898682713508606e-02
6.069810986518859863e-01 3.672516942024230957e-01 2.512849308550357819e-02
4.543381035327911377e-01 3.602888286113739014e-01 8.781282231211662292e-03
4.657166302204132080e-01 3.612061738967895508e-01 8.781282231211662292e-03
4.554888010025024414e-01 3.457025885581970215e-01 8.781282231211662292e-03
4.428289234638214111e-01 3.593232631683349609e-01 8.781282231211662292e-03
4.531020224094390869e-01 3.746810555458068848e-01 8.781282231211662292e-03
5.774236917495727539e-01 3.777408301830291748e-01 1.758293248713016510e-02
5.896343588829040527e-01 3.788861930370330811e-01 1.758293248713016510e-02
5.785346627235412598e-01 3.630707859992980957e-01 1.758293248713016510e-02
5.651736855506896973e-01 3.765635490417480469e-01 1.758293248713016510e-02
5.763447880744934082e-01 3.924021720886230469e-01 1.758293248713016510e-02
