5.086212158203125000e-01 5.225926637649536133e-01 -3.658362850546836853e-02
5.113760232925415039e-01 4.672919511795043945e-01 -6.161524355411529541e-02
5.086283087730407715e-01 4.856980144977569580e-01 -3.429297730326652527e-02
5.058850646018981934e-01 4.128408730030059814e-01 -4.430037736892700195e-02
5.130203366279602051e-01 4.503138065338134766e-01 -6.463731080293655396e-02
5.145835876464843750e-01 4.289728999137878418e-01 -5.897595360875129700e-02
5.178916454315185547e-01 3.780212998390197754e-01 -2.494324930012226105e-02
4.353524148464202881e-01 3.642793893814086914e-01 1.383076515048742294e-02
5.210466980934143066e-01 3.347844779491424561e-01 -1.452047564089298248e-02
5.229145884513854980e-01 3.129759430885314941e-01 -1.500282064080238342e-02
5.281462669372558594e-01 2.446932345628738403e-01 1.776483608409762383e-03
5.084878802299499512e-01 5.275128483772277832e-01 -3.561218827962875366e-02
5.079720020294189453e-01 5.322559475898742676e-01 -3.229549899697303772e-02
5.074084401130676270e-01 5.351877212524414062e-01 -2.737814560532569885e-02
5.063089728355407715e-01 5.591115355491638184e-01 -2.222492545843124390e-02
5.060674548149108887e-01 5.672521591186523438e-01 -2.405086532235145569e-02
5.053212046623229980e-01 5.774641036987304688e-01 -2.635475993156433105e-02
5.043319463729858398e-01 5.868569016456604004e-01 -2.419779077172279358e-02
4.970826506614685059e-01 6.057812571525573730e-01 -1.355742476880550385e-02
5.101935267448425293e-01 4.764986336231231689e-01 -5.625951662659645081e-02
4.995453953742980957e-01 4.756285548210144043e-01 -4.160739853978157043e-02
3.968928456306457520e-01 3.032475411891937256e-01 6.849211454391479492e-02
4.647433459758758545e-01 3.818210065364837646e-01 3.358956426382064819e-03
4.531640112400054932e-01 3.822303414344787598e-01 3.420017426833510399e-03
4.424122571945190430e-01 3.800409734249114990e-01 5.943336058408021927e-03
4.292986690998077393e-01 3.697440326213836670e-01 1.470955740660429001e-02
4.752662777900695801e-01 3.780791759490966797e-01 5.518566817045211792e-03
4.544881880283355713e-01 3.294124007225036621e-01 7.125654374249279499e-04
4.671427011489868164e-01 3.332966566085815430e-01 1.786101725883781910e-03
4.419566392898559570e-01 3.307841420173645020e-01 3.458908293396234512e-03
4.331140220165252686e-01 3.371385335922241211e-01 7.314709015190601349e-03
4.178855717182159424e-01 3.793556690216064453e-01 1.918556354939937592e-02
4.514513313770294189e-01 6.181673407554626465e-01 -4.211127292364835739e-03
4.317428469657897949e-01 3.596580028533935547e-01 1.744800806045532227e-02
3.841404318809509277e-01 3.714861273765563965e-01 6.804829835891723633e-02
4.059181809425354004e-01 3.659935593605041504e-01 3.070896863937377930e-02
4.539489448070526123e-01 4.496959447860717773e-01 -1.193985994905233383e-02
4.948951900005340576e-01 5.179299116134643555e-01 -3.568114340305328369e-02
4.957460165023803711e-01 5.303308963775634766e-01 -3.135537728667259216e-02
4.808831810951232910e-01 5.232118368148803711e-01 -3.007211163640022278e-02
4.716456830501556396e-01 5.293991565704345703e-01 -2.209671214222908020e-02
4.850689470767974854e-01 5.314192175865173340e-01 -2.739902399480342865e-02
4.768350422382354736e-01 5.343927145004272461e-01 -1.990663632750511169e-02
4.478515982627868652e-01 5.606113672256469727e-01 -4.836936481297016144e-03
5.020735263824462891e-01 4.657750129699707031e-01 -6.101389229297637939e-02
5.020964145660400391e-01 4.493271112442016602e-01 -6.376939266920089722e-02
4.184602499008178711e-01 3.170135617256164551e-01 1.148128788918256760e-02
4.801874160766601562e-01 4.111228585243225098e-01 -9.826626628637313843e-03
4.763529598712921143e-01 4.607104957103729248e-01 -3.479295223951339722e-02
4.758229255676269531e-01 4.522519409656524658e-01 -3.113292902708053589e-02
4.198936223983764648e-01 4.444206953048706055e-01 -6.174807640491053462e-05
5.041115283966064453e-01 4.295597970485687256e-01 -5.618103966116905212e-02
4.480082690715789795e-01 2.981830239295959473e-01 -4.976795054972171783e-03
4.312451481819152832e-01 3.038352727890014648e-01 2.466850215569138527e-03
4.125750064849853516e-01 2.757664322853088379e-01 4.915098100900650024e-02
4.972017407417297363e-01 3.207922279834747314e-01 -1.234793476760387421e-02
4.776016771793365479e-01 3.423923850059509277e-01 5.366085562855005264e-03
4.421570897102355957e-01 5.410469770431518555e-01 -3.103060880675911903e-03
3.824668228626251221e-01 5.293884873390197754e-01 8.791420608758926392e-02
4.839024543762207031e-01 4.710533022880554199e-01 -3.031940013170242310e-02
4.920137822628021240e-01 4.770089983940124512e-01 -3.125860542058944702e-02
4.607536196708679199e-01 5.427109599113464355e-01 -4.063890315592288971e-03
4.640840888023376465e-01 5.426364541053771973e-01 -6.829609628766775131e-03
4.260892868041992188e-01 2.930421531200408936e-01 8.389093913137912750e-03
4.750696718692779541e-01 4.687639772891998291e-01 -2.900416217744350433e-02
4.693481028079986572e-01 3.021506071090698242e-01 -1.000954303890466690e-02
4.690216481685638428e-01 2.888414859771728516e-01 -1.142460666596889496e-02
4.628257453441619873e-01 2.438647300004959106e-01 1.131669338792562485e-02
4.200487136840820312e-01 2.897136807441711426e-01 2.646444737911224365e-02
4.672347903251647949e-01 2.712204456329345703e-01 -6.869100616313517094e-05
4.122572541236877441e-01 3.107522130012512207e-01 2.149997651576995850e-02
4.052511155605316162e-01 3.120318651199340820e-01 4.417592287063598633e-02
4.951098859310150146e-01 5.248608589172363281e-01 -3.482465445995330811e-02
4.829789400100708008e-01 5.278035402297973633e-01 -2.927767857909202576e-02
4.741616249084472656e-01 5.321488380432128906e-01 -2.195212431252002716e-02
4.861416220664978027e-01 4.746574759483337402e-01 -2.794042974710464478e-02
4.624816179275512695e-01 5.427378416061401367e-01 -5.517760291695594788e-03
4.670084118843078613e-01 5.491386651992797852e-01 -1.098528224974870682e-02
4.656662344932556152e-01 5.425406098365783691e-01 -7.003756705671548843e-03
4.898148477077484131e-01 4.649500250816345215e-01 -4.544728621840476990e-02
4.789346456527709961e-01 5.356417894363403320e-01 -1.817417331039905548e-02
4.867613911628723145e-01 5.333499312400817871e-01 -2.316231466829776764e-02
4.963622093200683594e-01 5.332273840904235840e-01 -2.678038924932479858e-02
4.810871183872222900e-01 6.019659638404846191e-01 -1.400813180953264236e-02
4.892334043979644775e-01 5.819278955459594727e-01 -2.431166172027587891e-02
4.911099672317504883e-01 5.729935169219970703e-01 -2.586385048925876617e-02
4.932239055633544922e-01 5.630229711532592773e-01 -2.334376052021980286e-02
4.951721429824829102e-01 5.558429360389709473e-01 -2.161463722586631775e-02
4.785709381103515625e-01 5.487578511238098145e-01 -1.428859308362007141e-02
4.756053686141967773e-01 5.517494678497314453e-01 -1.594154909253120422e-02
4.720621109008789062e-01 5.560201406478881836e-01 -1.775415986776351929e-02
4.689780473709106445e-01 5.605643987655639648e-01 -1.608008518815040588e-02
4.582196474075317383e-01 5.112794041633605957e-01 -1.826599426567554474e-02
3.750352263450622559e-01 4.439942538738250732e-01 1.080809310078620911e-01
5.094259381294250488e-01 4.808532297611236572e-01 -4.192117601633071899e-02
4.729243218898773193e-01 5.460693836212158203e-01 -9.667865000665187836e-03
4.700316190719604492e-01 5.474245548248291016e-01 -1.085899490863084793e-02
4.945166409015655518e-01 4.838679432868957520e-01 -3.207943961024284363e-02
4.776832163333892822e-01 4.793451726436614990e-01 -2.098933979868888855e-02
4.933352768421173096e-01 4.805112183094024658e-01 -3.189377114176750183e-02
4.672586619853973389e-01 4.193626046180725098e-01 -7.488419767469167709e-03
4.477449357509613037e-01 4.279843866825103760e-01 -5.887774750590324402e-03
4.731379747390747070e-01 4.599600732326507568e-01 -2.525567635893821716e-02
4.335016310214996338e-01 2.551453709602355957e-01 2.856830134987831116e-02
4.397314488887786865e-01 2.753469347953796387e-01 1.208809763193130493e-02
4.453597664833068848e-01 2.857065200805664062e-01 -2.211932092905044556e-03
4.554325640201568604e-01 5.760135650634765625e-01 -9.206728078424930573e-03
4.963361620903015137e-01 2.980761229991912842e-01 -1.530078705400228500e-02
4.948929846286773682e-01 2.742402255535125732e-01 -6.361348554491996765e-03
4.932365119457244873e-01 2.412488311529159546e-01 2.191953593865036964e-03
4.337551593780517578e-01 3.760135173797607422e-01 1.035056635737419128e-02
4.038969576358795166e-01 3.898446857929229736e-01 2.413672395050525665e-02
4.825126230716705322e-01 3.737661242485046387e-01 7.686519529670476913e-03
4.204865694046020508e-01 3.435466289520263672e-01 1.626230590045452118e-02
4.892964363098144531e-01 4.010291099548339844e-01 -1.280215941369533539e-02
4.836451709270477295e-01 4.540932774543762207e-01 -4.507951810956001282e-02
3.924062848091125488e-01 4.017159044742584229e-01 3.482128307223320007e-02
4.106316268444061279e-01 4.014581739902496338e-01 1.342253759503364563e-02
4.250788986682891846e-01 4.086262881755828857e-01 3.549279877915978432e-03
4.476273655891418457e-01 4.082377552986145020e-01 -2.884883542719762772e-05
4.646859169006347656e-01 4.031269550323486328e-01 -1.134821213781833649e-03
4.781989157199859619e-01 3.963807821273803711e-01 -2.814485458657145500e-03
5.067639946937561035e-01 3.806193172931671143e-01 -2.155341953039169312e-02
3.920593857765197754e-01 4.363198578357696533e-01 2.944486215710639954e-02
4.114424586296081543e-01 3.402259647846221924e-01 2.155988849699497223e-02
5.046542286872863770e-01 4.752056300640106201e-01 -5.591751262545585632e-02
4.801609814167022705e-01 4.272562861442565918e-01 -1.571817882359027863e-02
3.786974549293518066e-01 3.711511492729187012e-01 1.043316423892974854e-01
4.887314736843109131e-01 3.879558742046356201e-01 -3.251366550102829933e-03
4.714972674846649170e-01 4.613302648067474365e-01 -1.416891906410455704e-02
4.259935915470123291e-01 3.589220345020294189e-01 1.917525008320808411e-02
4.836355447769165039e-01 4.439544677734375000e-01 -4.040537402033805847e-02
3.767539262771606445e-01 4.847964048385620117e-01 1.009190455079078674e-01
4.836231172084808350e-01 3.680851161479949951e-01 1.096281874924898148e-02
4.937544465065002441e-01 4.346520304679870605e-01 -5.036803334951400757e-02
4.056050181388854980e-01 5.729293823242187500e-01 3.163341432809829712e-02
4.019983112812042236e-01 5.935038328170776367e-01 4.970127344131469727e-02
3.785632550716400146e-01 4.405874609947204590e-01 6.875982880592346191e-02
3.941494524478912354e-01 5.479502677917480469e-01 4.418490827083587646e-02
3.942997455596923828e-01 3.394742012023925781e-01 5.950286611914634705e-02
4.466045200824737549e-01 6.356571912765502930e-01 8.023601258173584938e-04
5.051508545875549316e-01 4.797176718711853027e-01 -4.134066402912139893e-02
4.687882065773010254e-01 4.385558962821960449e-01 -1.276272721588611603e-02
3.952606320381164551e-01 3.693261444568634033e-01 4.132639616727828979e-02
4.452172815799713135e-01 3.704713284969329834e-01 7.584996055811643600e-03
4.544227719306945801e-01 3.729582130908966064e-01 5.361409857869148254e-03
4.640772342681884766e-01 5.509707927703857422e-01 -9.556263685226440430e-03
3.921711742877960205e-01 4.701340794563293457e-01 3.110635466873645782e-02
4.653665125370025635e-01 6.637688875198364258e-01 4.988013766705989838e-03
4.305115640163421631e-01 6.351952552795410156e-01 2.418802864849567413e-02
4.167172312736511230e-01 6.179070472717285156e-01 3.527335822582244873e-02
5.256807804107666016e-01 2.792515754699707031e-01 -7.090055849403142929e-03
4.911786913871765137e-01 6.704607009887695312e-01 3.351054619997739792e-03
4.640360474586486816e-01 3.728381693363189697e-01 5.614821333438158035e-03
4.735437333583831787e-01 3.708609938621520996e-01 7.805849425494670868e-03
4.800486862659454346e-01 3.695096969604492188e-01 1.057234685868024826e-02
4.032497406005859375e-01 3.377437293529510498e-01 3.284234553575515747e-02
4.742162227630615234e-01 3.583235144615173340e-01 6.794661749154329300e-03
4.645296633243560791e-01 3.541777133941650391e-01 4.506215453147888184e-03
4.550504088401794434e-01 3.525665402412414551e-01 4.417024087160825729e-03
4.453639686107635498e-01 3.534140586853027344e-01 6.429286208003759384e-03
4.388760626316070557e-01 3.557543158531188965e-01 9.474109858274459839e-03
3.859854936599731445e-01 3.334731459617614746e-01 8.906148374080657959e-02
4.393217563629150391e-01 3.673417866230010986e-01 1.083363778889179230e-02
5.070874094963073730e-01 4.991996586322784424e-01 -3.220466524362564087e-02
4.699277281761169434e-01 5.026218295097351074e-01 -2.341424673795700073e-02
4.842701256275177002e-01 4.678117632865905762e-01 -3.423778340220451355e-02
4.915471971035003662e-01 4.985106289386749268e-01 -3.198025003075599670e-02
5.192435979843139648e-01 3.572587072849273682e-01 -1.540240366011857986e-02
4.180552065372467041e-01 5.969899296760559082e-01 2.220254950225353241e-02
4.314069747924804688e-01 6.162512302398681641e-01 1.218635588884353638e-02
4.668859839439392090e-01 6.509392857551574707e-01 -8.734574541449546814e-03
3.914554417133331299e-01 5.662532448768615723e-01 6.896885484457015991e-02
4.808586239814758301e-01 3.639616966247558594e-01 9.295402094721794128e-03
4.973254203796386719e-01 4.054601788520812988e-01 -2.763125672936439514e-02
4.922773241996765137e-01 6.576851606369018555e-01 -1.010957080870866776e-02
4.461514055728912354e-01 6.511398553848266602e-01 1.243846677243709564e-02
3.798621892929077148e-01 4.781540334224700928e-01 6.501605361700057983e-02
4.859556257724761963e-01 5.520980358123779297e-01 -1.844050921499729156e-02
4.830526113510131836e-01 5.571387410163879395e-01 -2.021383494138717651e-02
4.799274206161499023e-01 5.644488334655761719e-01 -2.219844795763492584e-02
4.773137867450714111e-01 5.722814798355102539e-01 -2.081807516515254974e-02
4.660925865173339844e-01 5.906995534896850586e-01 -1.322687510401010513e-02
4.702422320842742920e-01 5.383343100547790527e-01 -1.300066150724887848e-02
4.674583673477172852e-01 5.371821522712707520e-01 -1.308950968086719513e-02
4.650947451591491699e-01 5.356124639511108398e-01 -1.310470234602689743e-02
4.487521648406982422e-01 5.243771672248840332e-01 -1.092895306646823883e-02
4.085515141487121582e-01 4.799786806106567383e-01 9.599147364497184753e-03
4.982573986053466797e-01 3.895736634731292725e-01 -1.630214601755142212e-02
4.936063885688781738e-01 3.551113009452819824e-01 4.405930172652006149e-03
4.862152934074401855e-01 3.572092354297637939e-01 7.936763577163219452e-03
4.725549519062042236e-01 5.388969182968139648e-01 -1.204818207770586014e-02
4.031123518943786621e-01 5.222119092941284180e-01 2.483276277780532837e-02
5.044606924057006836e-01 3.544712364673614502e-01 -9.082914330065250397e-03
4.585914611816406250e-01 6.029984354972839355e-01 -7.730944547802209854e-03
5.157094001770019531e-01 4.115417003631591797e-01 -4.729180037975311279e-02
5.061193108558654785e-01 3.975706994533538818e-01 -3.379750996828079224e-02
5.167338252067565918e-01 3.954068422317504883e-01 -3.563516587018966675e-02
4.873440563678741455e-01 4.304882884025573730e-01 -2.958523482084274292e-02
4.939113855361938477e-01 6.400603652000427246e-01 -1.456661336123943329e-02
4.956214725971221924e-01 6.210262775421142578e-01 -1.343104150146245956e-02
4.762448966503143311e-01 6.161811351776123047e-01 -1.226772647351026535e-02
4.361263811588287354e-01 5.650107860565185547e-01 1.191539107821881771e-03
4.605374038219451904e-01 4.734258353710174561e-01 -1.229355018585920334e-02
4.452959597110748291e-01 5.860316753387451172e-01 -2.973378868773579597e-03
4.350612461566925049e-01 4.674346745014190674e-01 -9.244164451956748962e-03
4.489082098007202148e-01 4.886622130870819092e-01 -1.166160777211189270e-02
4.238018393516540527e-01 4.939070343971252441e-01 -1.828963868319988251e-03
4.707053005695343018e-01 6.338467597961425781e-01 -1.284531410783529282e-02
4.795912802219390869e-01 4.399454593658447266e-01 -2.258880622684955597e-02
4.245565533638000488e-01 5.773381590843200684e-01 1.058968901634216309e-02
4.371977150440216064e-01 5.987265110015869141e-01 4.547637887299060822e-03
4.305126070976257324e-01 5.411703586578369141e-01 1.481905346736311913e-03
3.932848572731018066e-01 4.997643530368804932e-01 3.408648818731307983e-02
4.154764711856842041e-01 5.430175065994262695e-01 1.139403972774744034e-02
3.842594623565673828e-01 5.139977335929870605e-01 5.868377164006233215e-02
4.387556016445159912e-01 5.097055435180664062e-01 -7.338503375649452209e-03
4.889692962169647217e-01 4.161030948162078857e-01 -2.120196074247360229e-02
4.867096245288848877e-01 4.616747498512268066e-01 -4.757941514253616333e-02
4.795690476894378662e-01 4.662518501281738281e-01 -3.601724654436111450e-02
4.923076629638671875e-01 4.506961107254028320e-01 -5.486639961600303650e-02
4.858961403369903564e-01 3.360246419906616211e-01 1.255676033906638622e-03
4.681680500507354736e-01 3.213295042514801025e-01 -1.177123398520052433e-03
4.519421756267547607e-01 3.170778453350067139e-01 -1.401404966600239277e-03
4.376754164695739746e-01 3.198865056037902832e-01 2.007908187806606293e-03
4.269758462905883789e-01 3.280600905418395996e-01 7.982541806995868683e-03
4.170871973037719727e-01 3.621735274791717529e-01 2.321863174438476562e-02
3.794894218444824219e-01 4.052392840385437012e-01 6.864681839942932129e-02
4.233306646347045898e-01 3.866893351078033447e-01 1.327855046838521957e-02
4.344874024391174316e-01 3.924902975559234619e-01 7.035081740468740463e-03
4.498173594474792480e-01 3.941239416599273682e-01 3.222499974071979523e-03
4.649619162082672119e-01 3.918463587760925293e-01 2.125911181792616844e-03
4.773127734661102295e-01 3.870722651481628418e-01 2.971507608890533447e-03
4.860810339450836182e-01 3.820847868919372559e-01 3.048353828489780426e-03
3.760133385658264160e-01 4.071838855743408203e-01 1.099726930260658264e-01
4.791878163814544678e-01 4.713569581508636475e-01 -3.063662163913249969e-02
4.963918030261993408e-01 4.197224676609039307e-01 -3.751218318939208984e-02
4.943218827247619629e-01 4.629122316837310791e-01 -5.592605099081993103e-02
4.992056190967559814e-01 4.722861051559448242e-01 -5.150882154703140259e-02
4.940262734889984131e-01 4.660479128360748291e-01 -5.061462149024009705e-02
4.815986454486846924e-01 4.769937992095947266e-01 -2.683061175048351288e-02
5.012472271919250488e-01 4.738839864730834961e-01 -5.445180088281631470e-02
5.017251372337341309e-01 4.783275723457336426e-01 -4.144371300935745239e-02
4.876169562339782715e-01 3.684313595294952393e-01 9.529852308332920074e-03
4.934785962104797363e-01 3.730953037738800049e-01 2.918089739978313446e-03
4.972021579742431641e-01 3.754661679267883301e-01 -4.897184669971466064e-03
4.349522590637207031e-01 3.577840924263000488e-01 1.287407800555229187e-02
4.270251393318176270e-01 3.458543419837951660e-01 1.316330675035715103e-02
5.248521566390991211e-01 4.153808653354644775e-01 -4.295463860034942627e-02
5.947247147560119629e-01 3.837076425552368164e-01 2.311694063246250153e-02
5.196370482444763184e-01 4.783724546432495117e-01 -4.059325531125068665e-02
6.344026327133178711e-01 3.352773189544677734e-01 8.305896073579788208e-02
5.632877349853515625e-01 3.918221294879913330e-01 9.465903043746948242e-03
5.738345384597778320e-01 3.948087096214294434e-01 1.075432542711496353e-02
5.840907096862792969e-01 3.964432775974273682e-01 1.432957500219345093e-02
5.987997055053710938e-01 3.909149467945098877e-01 2.449624054133892059e-02
5.543966293334960938e-01 3.870337605476379395e-01 1.035388652235269547e-02
5.830900669097900391e-01 3.468480706214904785e-01 8.348071947693824768e-03
5.701802372932434082e-01 3.474094867706298828e-01 7.830181159079074860e-03
5.947497487068176270e-01 3.511765599250793457e-01 1.220044214278459549e-02
6.017754077911376953e-01 3.594755828380584717e-01 1.673918031156063080e-02
6.063847541809082031e-01 4.035058915615081787e-01 2.975581958889961243e-02
5.383999943733215332e-01 6.282567977905273438e-01 2.612110984046012163e-05
5.991754531860351562e-01 3.805252313613891602e-01 2.712703123688697815e-02
6.373797655105590820e-01 4.044615626335144043e-01 8.178232610225677490e-02
6.186872720718383789e-01 3.938632607460021973e-01 4.239233210682868958e-02
5.651748180389404297e-01 4.651198387145996094e-01 -5.514229647815227509e-03
5.219495892524719238e-01 5.212391614913940430e-01 -3.402800858020782471e-02
5.191159248352050781e-01 5.334268212318420410e-01 -2.979680523276329041e-02
5.338160991668701172e-01 5.292904376983642578e-01 -2.667993679642677307e-02
5.408450961112976074e-01 5.376210212707519531e-01 -1.745465770363807678e-02
5.283363461494445801e-01 5.367664694786071777e-01 -2.442175894975662231e-02
5.349507927894592285e-01 5.414683818817138672e-01 -1.591763645410537720e-02
5.506401062011718750e-01 5.743186473846435547e-01 9.887367486953735352e-04
5.204653143882751465e-01 4.682412743568420410e-01 -6.015916913747787476e-02
5.236541628837585449e-01 4.522273540496826172e-01 -6.277488172054290771e-02
6.165864467620849609e-01 3.469712138175964355e-01 2.256530709564685822e-02
5.463256239891052246e-01 4.201589822769165039e-01 -5.630631931126117706e-03
5.443239212036132812e-01 4.702401757240295410e-01 -3.098681755363941193e-02
5.459441542625427246e-01 4.619434177875518799e-01 -2.720517106354236603e-02
5.975104570388793945e-01 4.687898159027099609e-01 1.022607833147048950e-02
5.244636535644531250e-01 4.322608709335327148e-01 -5.486860126256942749e-02
5.937126278877258301e-01 3.240630626678466797e-01 3.085682634264230728e-03
6.078357696533203125e-01 3.322038054466247559e-01 1.231789123266935349e-02
6.266708374023437500e-01 3.048014044761657715e-01 6.215900182723999023e-02
5.447518825531005859e-01 3.336145281791687012e-01 -9.472097270190715790e-03
5.586520433425903320e-01 3.535470366477966309e-01 1.029944699257612228e-02
5.596190094947814941e-01 5.573328733444213867e-01 4.037014674395322800e-03
6.135659813880920410e-01 5.595359802246093750e-01 1.019201278686523438e-01
5.346374511718750000e-01 4.783359467983245850e-01 -2.770888432860374451e-02
5.258632302284240723e-01 4.818230867385864258e-01 -2.989356778562068939e-02
5.473760366439819336e-01 5.543630123138427734e-01 2.092009410262107849e-03
5.442253351211547852e-01 5.532559752464294434e-01 -1.346379751339554787e-03
6.135515570640563965e-01 3.231928646564483643e-01 1.866266503930091858e-02
5.435457229614257812e-01 4.783576130867004395e-01 -2.527439966797828674e-02
5.735607743263244629e-01 3.233690857887268066e-01 -4.496502224355936050e-03
5.763101577758789062e-01 3.107823133468627930e-01 -5.857328884303569794e-03
5.890918970108032227e-01 2.613550424575805664e-01 1.894442178308963776e-02
6.201080679893493652e-01 3.157344460487365723e-01 3.744844719767570496e-02
5.819917917251586914e-01 2.864884436130523682e-01 6.133017595857381821e-03
6.225780248641967773e-01 3.420091271400451660e-01 3.308601677417755127e-02
6.283547878265380859e-01 3.410372138023376465e-01 5.653851479291915894e-02
5.208730101585388184e-01 5.281874537467956543e-01 -3.314929828047752380e-02
5.311667919158935547e-01 5.335969328880310059e-01 -2.609179168939590454e-02
5.380949378013610840e-01 5.398533940315246582e-01 -1.770083978772163391e-02
5.316522717475891113e-01 4.811711311340332031e-01 -2.566921338438987732e-02
5.457702279090881348e-01 5.538739562034606934e-01 1.994826889131218195e-04
5.420728325843811035e-01 5.602384805679321289e-01 -6.161725148558616638e-03
5.427732467651367188e-01 5.526439547538757324e-01 -1.681045396253466606e-03
5.309584736824035645e-01 4.708493351936340332e-01 -4.284630343317985535e-02
5.323268175125122070e-01 5.420401096343994141e-01 -1.437957584857940674e-02
5.259074568748474121e-01 5.382459759712219238e-01 -2.033964544534683228e-02
5.175610184669494629e-01 5.360359549522399902e-01 -2.516871877014636993e-02
5.132381319999694824e-01 6.060280203819274902e-01 -1.246551983058452606e-02
5.186985731124877930e-01 5.870931744575500488e-01 -2.266041561961174011e-02
5.187612175941467285e-01 5.776362419128417969e-01 -2.412457391619682312e-02
5.179810523986816406e-01 5.671655535697937012e-01 -2.163897641003131866e-02
5.165767669677734375e-01 5.595813989639282227e-01 -1.996413990855216980e-02
5.314210653305053711e-01 5.571185350418090820e-01 -1.046066172420978546e-02
5.342565178871154785e-01 5.612004995346069336e-01 -1.214477792382240295e-02
5.372970700263977051e-01 5.667015910148620605e-01 -1.373733207583427429e-02
5.396400094032287598e-01 5.723459720611572266e-01 -1.185510028153657913e-02
5.505853295326232910e-01 5.243226289749145508e-01 -1.297489274293184280e-02
6.310666799545288086e-01 4.779887497425079346e-01 1.234329566359519958e-01
5.362700223922729492e-01 5.553314089775085449e-01 -4.966363776475191116e-03
5.392597317695617676e-01 5.576519370079040527e-01 -6.198312155902385712e-03
5.224347710609436035e-01 4.877466857433319092e-01 -3.067011386156082153e-02
5.386911034584045410e-01 4.879477620124816895e-01 -1.798365823924541473e-02
5.240815281867980957e-01 4.848998486995697021e-01 -3.055984899401664734e-02
5.568785071372985840e-01 4.316551685333251953e-01 -1.867756247520446777e-03
5.740777850151062012e-01 4.453496932983398438e-01 1.575545291416347027e-03
5.468016266822814941e-01 4.702055752277374268e-01 -2.117135562002658844e-02
6.129652857780456543e-01 2.796475291252136230e-01 3.926794230937957764e-02
6.058528423309326172e-01 2.970277070999145508e-01 2.102907933294773102e-02
5.979919433593750000e-01 3.123428523540496826e-01 6.090487353503704071e-03
5.413899421691894531e-01 5.870370268821716309e-01 -4.360675346106290817e-03
5.500445961952209473e-01 3.126521706581115723e-01 -1.237958762794733047e-02
5.558562874794006348e-01 2.825255692005157471e-01 -3.087153425440192223e-03
5.617291331291198730e-01 2.509463429450988770e-01 6.117605604231357574e-03
5.931230783462524414e-01 3.954947292804718018e-01 1.958313584327697754e-02
6.168206334114074707e-01 4.173835813999176025e-01 3.569794446229934692e-02
5.485162734985351562e-01 3.822079896926879883e-01 1.196383778005838394e-02
6.108953356742858887e-01 3.693164885044097900e-01 2.692580595612525940e-02
5.398104190826416016e-01 4.078904986381530762e-01 -9.459025226533412933e-03
5.390861630439758301e-01 4.619117975234985352e-01 -4.196958243846893311e-02
6.278678178787231445e-01 4.328710436820983887e-01 4.774529114365577698e-02
6.091346144676208496e-01 4.274019598960876465e-01 2.447559125721454620e-02
5.950813889503479004e-01 4.309058189392089844e-01 1.316475030034780502e-02
5.743170380592346191e-01 4.244892597198486328e-01 7.485754322260618210e-03
5.593454241752624512e-01 4.151007235050201416e-01 4.666336812078952789e-03
5.483506321907043457e-01 4.057737290859222412e-01 1.519057084806263447e-03
5.278607010841369629e-01 3.834823668003082275e-01 -2.016033604741096497e-02
6.234471797943115234e-01 4.673006236553192139e-01 4.241765663027763367e-02
6.186002492904663086e-01 3.691642284393310547e-01 3.302158042788505554e-02
5.157071352005004883e-01 4.766714572906494141e-01 -5.522660166025161743e-02
5.442594885826110840e-01 4.361173808574676514e-01 -1.164022088050842285e-02
6.384575963020324707e-01 4.055895507335662842e-01 1.203528717160224915e-01
5.404440164566040039e-01 3.955032527446746826e-01 1.202587372972629964e-04
5.473339557647705078e-01 4.718601703643798828e-01 -9.915893897414207458e-03
6.040598750114440918e-01 3.815114498138427734e-01 2.937009744346141815e-02
5.403651595115661621e-01 4.518221318721771240e-01 -3.720216453075408936e-02
6.244589090347290039e-01 5.174196958541870117e-01 1.155943125486373901e-01
5.488199591636657715e-01 3.764784038066864014e-01 1.538269780576229095e-02
5.329883098602294922e-01 4.399893283843994141e-01 -4.804633930325508118e-02
5.887602567672729492e-01 5.956532359123229980e-01 4.117831960320472717e-02
5.876295566558837891e-01 6.159866452217102051e-01 6.042852625250816345e-02
6.330202221870422363e-01 4.737186729907989502e-01 8.249356597661972046e-02
6.031799912452697754e-01 5.747203826904296875e-01 5.534759908914566040e-02
6.330940723419189453e-01 3.706771731376647949e-01 7.263354212045669556e-02
5.399632453918457031e-01 6.458458900451660156e-01 5.341211333870887756e-03
5.137391686439514160e-01 4.808945059776306152e-01 -4.092606529593467712e-02
5.528716444969177246e-01 4.502054154872894287e-01 -7.782299537211656570e-03
6.268555521965026855e-01 3.994506597518920898e-01 5.397589504718780518e-02
5.838879942893981934e-01 3.856939077377319336e-01 1.583229191601276398e-02
5.749145746231079102e-01 3.848798573017120361e-01 1.264400873333215714e-02
5.446207523345947266e-01 5.629574656486511230e-01 -4.451173823326826096e-03
6.180533170700073242e-01 5.004705786705017090e-01 4.380513355135917664e-02
5.172140598297119141e-01 6.691274642944335938e-01 7.784361019730567932e-03
5.546342134475708008e-01 6.484638452529907227e-01 3.108125180006027222e-02
5.704401731491088867e-01 6.352354884147644043e-01 4.398201033473014832e-02
5.660768151283264160e-01 3.826899230480194092e-01 1.180240884423255920e-02
5.576037168502807617e-01 3.797992169857025146e-01 1.307116076350212097e-02
5.517868995666503906e-01 3.781574964523315430e-01 1.527401898056268692e-02
6.254527568817138672e-01 3.682126104831695557e-01 4.511021822690963745e-02
5.595804452896118164e-01 3.686310946941375732e-01 1.221380848437547684e-02
5.693998336791992188e-01 3.660226464271545410e-01 1.088827848434448242e-02
5.788471102714538574e-01 3.663564026355743408e-01 1.182638388127088547e-02
5.880185365676879883e-01 3.696815073490142822e-01 1.479265745729207993e-02
5.936350822448730469e-01 3.741444945335388184e-01 1.850049197673797607e-02
6.382770538330078125e-01 3.670816123485565186e-01 1.046000644564628601e-01
5.901312828063964844e-01 3.850765526294708252e-01 1.970160566270351410e-02
5.417852401733398438e-01 5.127223730087280273e-01 -1.937192305922508240e-02
5.351198911666870117e-01 4.751842617988586426e-01 -3.154685720801353455e-02
5.223895907402038574e-01 5.028876662254333496e-01 -3.031393885612487793e-02
5.730274915695190430e-01 6.152918934822082520e-01 2.993197366595268250e-02
5.573954582214355469e-01 6.304831504821777344e-01 1.823974587023258209e-02
5.182590484619140625e-01 6.565836668014526367e-01 -6.267110817134380341e-03
6.008490324020385742e-01 5.927915573120117188e-01 8.148542046546936035e-02
5.522980093955993652e-01 3.731497526168823242e-01 1.412687264382839203e-02
5.329164862632751465e-01 4.103042483329772949e-01 -2.537292987108230591e-02
5.374930500984191895e-01 6.604698896408081055e-01 1.749832555651664734e-02
6.263650655746459961e-01 5.102995634078979492e-01 7.833078503608703613e-02
5.249021649360656738e-01 5.586509704589843750e-01 -1.553018577396869659e-02
5.274568796157836914e-01 5.647344589233398438e-01 -1.721601001918315887e-02
5.296226739883422852e-01 5.730635523796081543e-01 -1.904259622097015381e-02
5.308715701103210449e-01 5.819439888000488281e-01 -1.756123080849647522e-02
5.291945338249206543e-01 5.984815955162048340e-01 -9.647159837186336517e-03
5.399227142333984375e-01 5.469442605972290039e-01 -8.251428604125976562e-03
5.428207516670227051e-01 5.466551780700683594e-01 -7.858708500862121582e-03
5.454733967781066895e-01 5.456750392913818359e-01 -7.599647622555494308e-03
5.566363334655761719e-01 5.396221280097961426e-01 -4.316378850489854813e-03
6.020550131797790527e-01 5.064727067947387695e-01 2.052834257483482361e-02
5.337381362915039062e-01 3.944523930549621582e-01 -1.399252843111753464e-02
5.417537093162536621e-01 3.625938296318054199e-01 7.285338826477527618e-03
5.480796694755554199e-01 3.656657338142395020e-01 1.216730289161205292e-02
5.374467372894287109e-01 5.466916561126708984e-01 -7.301392965018749237e-03
5.997213125228881836e-01 5.484266281127929688e-01 3.565438836812973022e-02
5.321596264839172363e-01 3.602260649204254150e-01 -7.206828799098730087e-03
5.341950654983520508e-01 6.120415925979614258e-01 -3.916190471500158310e-03
5.264959931373596191e-01 4.002538323402404785e-01 -3.260122239589691162e-02
5.380972027778625488e-01 4.375937581062316895e-01 -2.662155218422412872e-02
5.153757333755493164e-01 6.208331584930419922e-01 -1.052576117217540741e-02
5.613899230957031250e-01 5.811463594436645508e-01 7.928075268864631653e-03
5.551095604896545410e-01 4.864969253540039062e-01 -7.080481387674808502e-03
5.492956042289733887e-01 5.988199114799499512e-01 2.298146719112992287e-03
5.799583792686462402e-01 4.875815510749816895e-01 -1.030334387905895710e-03
5.632530450820922852e-01 5.046297311782836914e-01 -5.149372853338718414e-03
5.856586694717407227e-01 5.162848234176635742e-01 7.430322468280792236e-03
5.176461935043334961e-01 6.393398642539978027e-01 -1.057583093643188477e-02
5.432890653610229492e-01 4.487504363059997559e-01 -1.890389621257781982e-02
5.703933238983154297e-01 5.953409671783447266e-01 1.806699670851230621e-02
5.550023913383483887e-01 6.127185821533203125e-01 1.028293836861848831e-02
5.709891319274902344e-01 5.601425170898437500e-01 9.633808396756649017e-03
6.121784448623657227e-01 5.289899110794067383e-01 4.618802294135093689e-02
5.849455595016479492e-01 5.652675032615661621e-01 2.062410488724708557e-02
6.171548366546630859e-01 5.443047881126403809e-01 7.144777476787567139e-02
5.687897801399230957e-01 5.279619097709655762e-01 2.672894624993205070e-04
5.383219718933105469e-01 4.229678213596343994e-01 -1.797449961304664612e-02
5.347446203231811523e-01 4.685043394565582275e-01 -4.476619511842727661e-02
5.401484966278076172e-01 4.748868942260742188e-01 -3.281466290354728699e-02
5.320804119110107422e-01 4.562051892280578613e-01 -5.280160531401634216e-02
5.521431565284729004e-01 3.476421535015106201e-01 5.194578785449266434e-03
5.712837576866149902e-01 3.383049666881561279e-01 4.598684608936309814e-03
5.875617265701293945e-01 3.379794359207153320e-01 6.240127142518758774e-03
6.002517938613891602e-01 3.436369299888610840e-01 1.115961559116840363e-02
6.082676649093627930e-01 3.537738919258117676e-01 1.818263530731201172e-02
6.102110147476196289e-01 3.872551023960113525e-01 3.401171788573265076e-02
6.368946433067321777e-01 4.387401342391967773e-01 8.277575671672821045e-02
6.003799438476562500e-01 4.092081189155578613e-01 2.334809117019176483e-02
5.889186263084411621e-01 4.117549657821655273e-01 1.589594781398773193e-02
5.745034813880920410e-01 4.087412357330322266e-01 1.060619205236434937e-02
5.610710382461547852e-01 4.027047455310821533e-01 8.047125302255153656e-03
5.507369637489318848e-01 3.959963619709014893e-01 7.450985722243785858e-03
5.436919927597045898e-01 3.895562887191772461e-01 6.697692908346652985e-03
6.351329088211059570e-01 4.415709972381591797e-01 1.259190291166305542e-01
5.391361713409423828e-01 4.798136651515960693e-01 -2.747070230543613434e-02
5.321426391601562500e-01 4.246007800102233887e-01 -3.519849479198455811e-02
5.278511047363281250e-01 4.674624800682067871e-01 -5.413157492876052856e-02
5.209563970565795898e-01 4.752431809902191162e-01 -5.045110359787940979e-02
5.269887447357177734e-01 4.707198143005371094e-01 -4.876725748181343079e-02
5.356017947196960449e-01 4.845610857009887695e-01 -2.414998784661293030e-02
5.190539956092834473e-01 4.762509465217590332e-01 -5.360103771090507507e-02
5.171195268630981445e-01 4.803837239742279053e-01 -4.073170945048332214e-02
5.448327660560607910e-01 3.762636482715606689e-01 1.325534190982580185e-02
5.386012196540832520e-01 3.795077800750732422e-01 5.831043701618909836e-03
5.349401235580444336e-01 3.816075026988983154e-01 -2.513713901862502098e-03
5.968311429023742676e-01 3.775932192802429199e-01 2.225614339113235474e-02
6.055675745010375977e-01 3.692209720611572266e-01 2.309191785752773285e-02
4.541571438312530518e-01 3.612357378005981445e-01 8.987839333713054657e-03
4.655564427375793457e-01 3.620578348636627197e-01 8.987839333713054657e-03
4.550425112247467041e-01 3.475721478462219238e-01 8.987839333713054657e-03
4.425963759422302246e-01 3.603460192680358887e-01 8.987839333713054657e-03
4.531877040863037109e-01 3.746061325073242188e-01 8.987839333713054657e-03
5.767406821250915527e-01 3.749331235885620117e-01 1.615979894995689392e-02
5.884712934494018555e-01 3.765490055084228516e-01 1.615979894995689392e-02
5.780542492866516113e-01 3.610623180866241455e-01 1.615979894995689392e-02
5.649567246437072754e-01 3.732703924179077148e-01 1.615979894995689392e-02
5.754590034484863281e-01 3.887632489204406738e-01 1.615979894995689392e-02
