5.053129196166992188e-01 5.311508774757385254e-01 -3.516083955764770508e-02
5.113169550895690918e-01 4.773927032947540283e-01 -6.095602363348007202e-02
5.082583427429199219e-01 4.951652288436889648e-01 -3.328027948737144470e-02
5.050625205039978027e-01 4.214161336421966553e-01 -4.460382834076881409e-02
5.128744840621948242e-01 4.601022303104400635e-01 -6.422894448041915894e-02
5.141642689704895020e-01 4.381052851676940918e-01 -5.887729302048683167e-02
5.166174769401550293e-01 3.856334388256072998e-01 -2.579289115965366364e-02
4.318030774593353271e-01 3.692179918289184570e-01 1.222976949065923691e-02
5.193918943405151367e-01 3.415276706218719482e-01 -1.595686562359333038e-02
5.210987329483032227e-01 3.191763758659362793e-01 -1.688720099627971649e-02
5.257262587547302246e-01 2.453476041555404663e-01 -1.224744482897222042e-03
5.051864385604858398e-01 5.354129672050476074e-01 -3.405229374766349792e-02
5.049261450767517090e-01 5.393735170364379883e-01 -3.060559555888175964e-02
5.047081708908081055e-01 5.417788028717041016e-01 -2.561705932021141052e-02
5.027467012405395508e-01 5.761865973472595215e-01 -2.204599976539611816e-02
5.027005672454833984e-01 5.828554630279541016e-01 -2.386121638119220734e-02
5.023002624511718750e-01 5.911085009574890137e-01 -2.626040019094944000e-02
5.017831325531005859e-01 5.992882251739501953e-01 -2.443338744342327118e-02
4.975904822349548340e-01 6.094344854354858398e-01 -1.394981332123279572e-02
5.100920796394348145e-01 4.864570498466491699e-01 -5.545440316200256348e-02
4.990794956684112549e-01 4.852685332298278809e-01 -4.082585871219635010e-02
3.918267786502838135e-01 3.044888973236083984e-01 6.580790877342224121e-02
4.629059135913848877e-01 3.883865773677825928e-01 1.999350264668464661e-03
4.509731233119964600e-01 3.890224099159240723e-01 2.075724536553025246e-03
4.398681223392486572e-01 3.867676854133605957e-01 4.583301022648811340e-03
4.264331161975860596e-01 3.744115829467773438e-01 1.319919247180223465e-02
4.735960066318511963e-01 3.844963312149047852e-01 4.345279652625322342e-03
4.513576328754425049e-01 3.324247002601623535e-01 -1.054528285749256611e-03
4.646531343460083008e-01 3.362069725990295410e-01 5.022657933295704424e-05
4.386298060417175293e-01 3.344775438308715820e-01 1.698630279861390591e-03
4.298266172409057617e-01 3.414135575294494629e-01 5.538267083466053009e-03
4.152910709381103516e-01 3.846366405487060547e-01 1.783156208693981171e-02
4.520524442195892334e-01 6.245383024215698242e-01 -4.380810540169477463e-03
4.281179606914520264e-01 3.630125224590301514e-01 1.578330621123313904e-02
3.796681463718414307e-01 3.754052221775054932e-01 6.627060472965240479e-02
4.028463363647460938e-01 3.700027167797088623e-01 2.907241508364677429e-02
4.520213901996612549e-01 4.576618075370788574e-01 -1.215107832103967667e-02
4.906444549560546875e-01 5.263409614562988281e-01 -3.452436625957489014e-02
4.917355179786682129e-01 5.371546745300292969e-01 -2.986567839980125427e-02
4.760442376136779785e-01 5.305122137069702148e-01 -2.913050912320613861e-02
4.662568867206573486e-01 5.359917879104614258e-01 -2.152358368039131165e-02
4.803249537944793701e-01 5.378352403640747070e-01 -2.620519511401653290e-02
4.714658260345458984e-01 5.404312014579772949e-01 -1.906051672995090485e-02
4.474100470542907715e-01 5.670863986015319824e-01 -4.866669885814189911e-03
5.019221901893615723e-01 4.758236408233642578e-01 -6.044934317469596863e-02
5.018531084060668945e-01 4.590241611003875732e-01 -6.345906853675842285e-02
4.157049059867858887e-01 3.239061236381530762e-01 9.229845367372035980e-03
4.783938825130462646e-01 4.185368716716766357e-01 -1.038431189954280853e-02
4.754189550876617432e-01 4.696347415447235107e-01 -3.450861945748329163e-02
4.747193455696105957e-01 4.608664512634277344e-01 -3.098307549953460693e-02
4.168814122676849365e-01 4.519889652729034424e-01 -4.493691667448729277e-04
5.035893917083740234e-01 4.386619627475738525e-01 -5.618717893958091736e-02
4.451506137847900391e-01 3.056387305259704590e-01 -7.240915670990943909e-03
4.284022152423858643e-01 3.111558556556701660e-01 2.185472112614661455e-04
4.076429605484008789e-01 2.766430377960205078e-01 4.612901434302330017e-02
4.950391948223114014e-01 3.276246786117553711e-01 -1.408357918262481689e-02
4.755747318267822266e-01 3.459823131561279297e-01 3.756318241357803345e-03
4.409870803356170654e-01 5.483779907226562500e-01 -3.122407943010330200e-03
3.788362741470336914e-01 5.358984470367431641e-01 8.859536051750183105e-02
4.831075072288513184e-01 4.802447557449340820e-01 -2.989814989268779755e-02
4.914046525955200195e-01 4.862633347511291504e-01 -3.042685426771640778e-02
4.549531042575836182e-01 5.488721132278442383e-01 -3.939202986657619476e-03
4.583011269569396973e-01 5.490548610687255859e-01 -6.696212571114301682e-03
4.231306612491607666e-01 3.003509640693664551e-01 5.844437517225742340e-03
4.740369617938995361e-01 4.775376021862030029e-01 -2.859807945787906647e-02
4.666718840599060059e-01 3.092913627624511719e-01 -1.208885572850704193e-02
4.661750793457031250e-01 2.961192429065704346e-01 -1.376397535204887390e-02
4.591179788112640381e-01 2.444227039813995361e-01 8.020168170332908630e-03
4.160321354866027832e-01 2.923766374588012695e-01 2.337139658629894257e-02
4.642457664012908936e-01 2.742553353309631348e-01 -3.189855022355914116e-03
4.091986119747161865e-01 3.166844546794891357e-01 1.897728815674781799e-02
4.008840620517730713e-01 3.147646486759185791e-01 4.127967357635498047e-02
4.908749461174011230e-01 5.323531031608581543e-01 -3.351119533181190491e-02
4.780812263488769531e-01 5.346650481224060059e-01 -2.821873687207698822e-02
4.687159061431884766e-01 5.384857058525085449e-01 -2.123350463807582855e-02
4.853664636611938477e-01 4.838076531887054443e-01 -2.730794250965118408e-02
4.566553235054016113e-01 5.490230321884155273e-01 -5.357456393539905548e-03
4.611307680606842041e-01 5.579209923744201660e-01 -1.113694533705711365e-02
4.598168134689331055e-01 5.490819215774536133e-01 -6.861344445496797562e-03
4.891751408576965332e-01 4.745656549930572510e-01 -4.506260156631469727e-02
4.737831056118011475e-01 5.413725972175598145e-01 -1.723594218492507935e-02
4.823080301284790039e-01 5.395039916038513184e-01 -2.186799235641956329e-02
4.926902055740356445e-01 5.397165417671203613e-01 -2.521713823080062866e-02
4.818637073040008545e-01 6.060075163841247559e-01 -1.446034200489521027e-02
4.858288466930389404e-01 5.941358208656311035e-01 -2.467144280672073364e-02
4.872183799743652344e-01 5.863667726516723633e-01 -2.602765150368213654e-02
4.888479411602020264e-01 5.784527659416198730e-01 -2.339299954473972321e-02
4.904826879501342773e-01 5.726123452186584473e-01 -2.162875793874263763e-02
4.726271629333496094e-01 5.616294741630554199e-01 -1.448715757578611374e-02
4.700083732604980469e-01 5.635631680488586426e-01 -1.623625867068767548e-02
4.667690992355346680e-01 5.667853355407714844e-01 -1.813776977360248566e-02
4.640451073646545410e-01 5.705838203430175781e-01 -1.648416556417942047e-02
4.570497870445251465e-01 5.196943879127502441e-01 -1.791577786207199097e-02
3.703416585922241211e-01 4.487501680850982666e-01 1.076091304421424866e-01
5.091915130615234375e-01 4.906082451343536377e-01 -4.094080999493598938e-02
4.668147861957550049e-01 5.563296079635620117e-01 -9.797428734600543976e-03
4.639843702316284180e-01 5.568901300430297852e-01 -1.101695559918880463e-02
4.939895868301391602e-01 4.931868314743041992e-01 -3.124465048313140869e-02
4.765939414501190186e-01 4.880748093128204346e-01 -2.043965831398963928e-02
4.927744865417480469e-01 4.898170828819274902e-01 -3.102505020797252655e-02
4.653405547142028809e-01 4.267458617687225342e-01 -7.968179881572723389e-03
4.454506635665893555e-01 4.354227483272552490e-01 -6.300128996372222900e-03
4.719573557376861572e-01 4.684701561927795410e-01 -2.501045726239681244e-02
4.290817975997924805e-01 2.558091282844543457e-01 2.536149322986602783e-02
4.362054765224456787e-01 2.780548632144927979e-01 8.935490623116493225e-03
4.422894716262817383e-01 2.930998802185058594e-01 -4.795773420482873917e-03
4.555918574333190918e-01 5.817468166351318359e-01 -9.458171203732490540e-03
4.938819110393524170e-01 3.047957122325897217e-01 -1.749013736844062805e-02
4.923000931739807129e-01 2.773146629333496094e-01 -9.354183450341224670e-03
4.901701211929321289e-01 2.417612820863723755e-01 -9.979032911360263824e-04
4.309063553810119629e-01 3.820332586765289307e-01 8.936367928981781006e-03
4.010495841503143311e-01 3.953996598720550537e-01 2.286800369620323181e-02
4.808879792690277100e-01 3.802983760833740234e-01 6.524545140564441681e-03
4.177168011665344238e-01 3.486329317092895508e-01 1.432079821825027466e-02
4.875694215297698975e-01 4.084737300872802734e-01 -1.342024374753236771e-02
4.828921258449554443e-01 4.633821845054626465e-01 -4.485650360584259033e-02
3.885425031185150146e-01 4.074603319168090820e-01 3.367650508880615234e-02
4.083869159221649170e-01 4.084645807743072510e-01 1.238791551440954208e-02
4.234028756618499756e-01 4.165512323379516602e-01 2.629846800118684769e-03
4.462311267852783203e-01 4.159595966339111328e-01 -7.856651209294795990e-04
4.632634222507476807e-01 4.104589819908142090e-01 -1.919450005516409874e-03
4.765401780605316162e-01 4.037024974822998047e-01 -3.561249235644936562e-03
5.052496194839477539e-01 3.882094025611877441e-01 -2.245587296783924103e-02
3.883081972599029541e-01 4.430578649044036865e-01 2.882297337055206299e-02
4.084622859954833984e-01 3.451776504516601562e-01 1.945798844099044800e-02
5.044465065002441406e-01 4.851238131523132324e-01 -5.518835783004760742e-02
4.786489605903625488e-01 4.351764619350433350e-01 -1.596780680119991302e-02
3.738726377487182617e-01 3.738464117050170898e-01 1.027232632040977478e-01
4.870429337024688721e-01 3.956448733806610107e-01 -4.049897659569978714e-03
4.701732397079467773e-01 4.696650207042694092e-01 -1.399137079715728760e-02
4.231329262256622314e-01 3.628315031528472900e-01 1.748509146273136139e-02
4.826883673667907715e-01 4.528392553329467773e-01 -4.032747074961662292e-02
3.725087642669677734e-01 4.906339347362518311e-01 1.010314971208572388e-01
4.818792641162872314e-01 3.743111491203308105e-01 9.655990637838840485e-03
4.930210113525390625e-01 4.436382651329040527e-01 -5.035774037241935730e-02
4.038241505622863770e-01 5.804759263992309570e-01 3.193961456418037415e-02
4.006459116935729980e-01 6.006062030792236328e-01 5.045225843787193298e-02
3.743488192558288574e-01 4.464351832866668701e-01 6.826499104499816895e-02
3.911788165569305420e-01 5.554098486900329590e-01 4.470503702759742737e-02
3.898088932037353516e-01 3.426929712295532227e-01 5.710066482424736023e-02
4.475911855697631836e-01 6.417269110679626465e-01 9.863411542028188705e-04
5.048527717590332031e-01 4.894455969333648682e-01 -4.041318967938423157e-02
4.671498835086822510e-01 4.464599192142486572e-01 -1.293441094458103180e-02
3.917535543441772461e-01 3.723441958427429199e-01 3.962451964616775513e-02
4.421941339969635010e-01 3.774237930774688721e-01 6.063261535018682480e-03
4.519354701042175293e-01 3.799961209297180176e-01 3.899584524333477020e-03
4.584435224533081055e-01 5.593571662902832031e-01 -9.629255160689353943e-03
3.884749412536621094e-01 4.775460064411163330e-01 3.102730587124824524e-02
4.670303463935852051e-01 6.687954664230346680e-01 5.413806531578302383e-03
4.315184056758880615e-01 6.414631605148315430e-01 2.460167370736598969e-02
4.168676733970642090e-01 6.247230768203735352e-01 3.577689081430435181e-02
5.235170125961303711e-01 2.823439836502075195e-01 -9.810280054807662964e-03
4.924963116645812988e-01 6.750280261039733887e-01 3.978863824158906937e-03
4.619591534137725830e-01 3.795042634010314941e-01 4.210038110613822937e-03
4.718159139156341553e-01 3.771620988845825195e-01 6.467405240982770920e-03
4.784204959869384766e-01 3.758064210414886475e-01 9.261650033295154572e-03
3.998878896236419678e-01 3.414919972419738770e-01 3.060034103691577911e-02
4.720366895198822021e-01 3.600931167602539062e-01 5.235466174781322479e-03
4.619634747505187988e-01 3.535819053649902344e-01 2.947659697383642197e-03
4.517004191875457764e-01 3.515018820762634277e-01 2.796824090182781219e-03
4.414227902889251709e-01 3.531584739685058594e-01 4.757745657116174698e-03
4.348390996456146240e-01 3.569568097591400146e-01 7.774626836180686951e-03
3.810377120971679688e-01 3.353222906589508057e-01 8.686389774084091187e-02
4.359439015388488770e-01 3.734707832336425781e-01 9.287515655159950256e-03
5.067587494850158691e-01 5.085332989692687988e-01 -3.114625252783298492e-02
4.690489470958709717e-01 5.113331079483032227e-01 -2.285980619490146637e-02
4.834864139556884766e-01 4.771191775798797607e-01 -3.381820768117904663e-02
4.911840558052062988e-01 5.077242851257324219e-01 -3.116842173039913177e-02
5.177201628684997559e-01 3.642037808895111084e-01 -1.657132245600223541e-02
4.175925254821777344e-01 6.042138934135437012e-01 2.242782153189182281e-02
4.317116141319274902e-01 6.229628324508666992e-01 1.239230763167142868e-02
4.681767523288726807e-01 6.564583182334899902e-01 -8.490501902997493744e-03
3.887985944747924805e-01 5.731540322303771973e-01 6.991037726402282715e-02
4.789635837078094482e-01 3.687573075294494629e-01 7.868913002312183380e-03
4.960536062717437744e-01 4.134840965270996094e-01 -2.816940844058990479e-02
4.934865534305572510e-01 6.627269387245178223e-01 -9.680251590907573700e-03
4.476825594902038574e-01 6.567643284797668457e-01 1.277467049658298492e-02
3.758327960968017578e-01 4.847466349601745605e-01 6.509207934141159058e-02
4.805636107921600342e-01 5.674092173576354980e-01 -1.857263781130313873e-02
4.779784083366394043e-01 5.711975097656250000e-01 -2.045930735766887665e-02
4.752828180789947510e-01 5.770108699798583984e-01 -2.260065264999866486e-02
4.731342494487762451e-01 5.837102532386779785e-01 -2.131371386349201202e-02
4.667542576789855957e-01 5.954803824424743652e-01 -1.361628994345664978e-02
4.641791582107543945e-01 5.441792607307434082e-01 -1.250494271516799927e-02
4.614807963371276855e-01 5.431818962097167969e-01 -1.269598770886659622e-02
4.592193365097045898e-01 5.416353940963745117e-01 -1.279466971755027771e-02
4.473868310451507568e-01 5.323184132575988770e-01 -1.085290219634771347e-02
4.051485359668731689e-01 4.879379868507385254e-01 9.564366191625595093e-03
4.966261386871337891e-01 3.970827460289001465e-01 -1.704867929220199585e-02
4.918509721755981445e-01 3.611980080604553223e-01 3.097123000770807266e-03
4.842914938926696777e-01 3.624909520149230957e-01 6.553979124873876572e-03
4.664407372474670410e-01 5.444850325584411621e-01 -1.150243449956178665e-02
4.001133143901824951e-01 5.300960540771484375e-01 2.500748634338378906e-02
5.028077363967895508e-01 3.615368604660034180e-01 -1.036116015166044235e-02
4.590329825878143311e-01 6.089892387390136719e-01 -8.072819560766220093e-03
5.150083303451538086e-01 4.201364517211914062e-01 -4.750983417034149170e-02
5.050027966499328613e-01 4.056820273399353027e-01 -3.444713726639747620e-02
5.157524347305297852e-01 4.035372138023376465e-01 -3.621760383248329163e-02
4.861776232719421387e-01 4.388955831527709961e-01 -2.972164377570152283e-02
4.949400424957275391e-01 6.453468203544616699e-01 -1.461360789835453033e-02
4.963791966438293457e-01 6.257727146148681641e-01 -1.373110711574554443e-02
4.769856035709381104e-01 6.214108467102050781e-01 -1.270312443375587463e-02
4.354845583438873291e-01 5.723177790641784668e-01 1.060568378306925297e-03
4.589603543281555176e-01 4.817321598529815674e-01 -1.218443550169467926e-02
4.453581273555755615e-01 5.927453637123107910e-01 -3.207439091056585312e-03
4.324853420257568359e-01 4.755433797836303711e-01 -9.493256919085979462e-03
4.469796419143676758e-01 4.969743490219116211e-01 -1.164720393717288971e-02
4.208966791629791260e-01 5.021463036537170410e-01 -2.061927691102027893e-03
4.716906845569610596e-01 6.396244764328002930e-01 -1.305072195827960968e-02
4.782867133617401123e-01 4.482297897338867188e-01 -2.263008430600166321e-02
4.239206016063690186e-01 5.847577452659606934e-01 1.057509891688823700e-02
4.372955262660980225e-01 6.056251525878906250e-01 4.476059228181838989e-03
4.289860129356384277e-01 5.489882826805114746e-01 1.388888107612729073e-03
3.897954821586608887e-01 5.074702501296997070e-01 3.429698199033737183e-02
4.134739935398101807e-01 5.508723855018615723e-01 1.137207169085741043e-02
3.805356025695800781e-01 5.211151242256164551e-01 5.918871611356735229e-02
4.365919828414916992e-01 5.179355740547180176e-01 -7.378356996923685074e-03
4.875614941120147705e-01 4.240697920322418213e-01 -2.158520743250846863e-02
4.860682189464569092e-01 4.712519049644470215e-01 -4.726874828338623047e-02
4.787389934062957764e-01 4.754003286361694336e-01 -3.560260683298110962e-02
4.918231368064880371e-01 4.602709710597991943e-01 -5.455655232071876526e-02
4.839164316654205322e-01 3.416135609149932861e-01 -4.292398807592689991e-04
4.656828343868255615e-01 3.267855644226074219e-01 -3.075494896620512009e-03
4.490837156772613525e-01 3.228648304939270020e-01 -3.401206806302070618e-03
4.347684383392333984e-01 3.257979154586791992e-01 3.287214440206298605e-06
4.241635203361511230e-01 3.339490294456481934e-01 5.946357268840074539e-03
4.143295884132385254e-01 3.663536310195922852e-01 2.156735211610794067e-02
3.751397728919982910e-01 4.101524353027343750e-01 6.749916821718215942e-02
4.209885597229003906e-01 3.927770853042602539e-01 1.200627535581588745e-02
4.324715435504913330e-01 3.994151651859283447e-01 5.894236732274293900e-03
4.480879604816436768e-01 4.010619819164276123e-01 2.198503119871020317e-03
4.633355140686035156e-01 3.984667360782623291e-01 1.032040454447269440e-03
4.755926728248596191e-01 3.936592936515808105e-01 2.050799317657947540e-03
4.843369722366333008e-01 3.888749480247497559e-01 2.104404149577021599e-03
3.712195456027984619e-01 4.107815325260162354e-01 1.089036539196968079e-01
4.782869219779968262e-01 4.803587794303894043e-01 -3.014973737299442291e-02
4.954016804695129395e-01 4.282237887382507324e-01 -3.776327148079872131e-02
4.939400553703308105e-01 4.727745950222015381e-01 -5.549352243542671204e-02
4.987860620021820068e-01 4.820616245269775391e-01 -5.082847177982330322e-02
4.934991300106048584e-01 4.757969081401824951e-01 -5.013966187834739685e-02
4.806712865829467773e-01 4.859313964843750000e-01 -2.624902687966823578e-02
5.009286999702453613e-01 4.837224781513214111e-01 -5.373985320329666138e-02
5.013428926467895508e-01 4.880142211914062500e-01 -4.058982059359550476e-02
4.859042465686798096e-01 3.749265968799591064e-01 8.356482721865177155e-03
4.917632639408111572e-01 3.799598217010498047e-01 1.890496583655476570e-03
4.955662488937377930e-01 3.831244707107543945e-01 -5.776080302894115448e-03
4.311010837554931641e-01 3.601132035255432129e-01 1.119210943579673767e-02
4.240414202213287354e-01 3.503033816814422607e-01 1.136562507599592209e-02
5.242013931274414062e-01 4.238754510879516602e-01 -4.299434274435043335e-02
5.938335061073303223e-01 3.859272599220275879e-01 2.330433018505573273e-02
5.193741917610168457e-01 4.879020750522613525e-01 -3.960867226123809814e-02
6.322572827339172363e-01 3.367000818252563477e-01 8.294730633497238159e-02
5.613535642623901367e-01 3.973765969276428223e-01 9.265982545912265778e-03
5.721275806427001953e-01 4.002347886562347412e-01 1.079216226935386658e-02
5.825225710868835449e-01 4.013706743717193604e-01 1.457446813583374023e-02
5.973079204559326172e-01 3.932580649852752686e-01 2.487974986433982849e-02
5.524538159370422363e-01 3.924212455749511719e-01 1.011309120804071426e-02
5.815742015838623047e-01 3.481107652187347412e-01 8.012053556740283966e-03
5.684901475906372070e-01 3.494927883148193359e-01 7.227709982544183731e-03
5.932370424270629883e-01 3.522081971168518066e-01 1.211082190275192261e-02
6.001380085945129395e-01 3.605576157569885254e-01 1.675130054354667664e-02
6.043291091918945312e-01 4.070447683334350586e-01 3.044824488461017609e-02
5.387812852859497070e-01 6.341339349746704102e-01 7.907582912594079971e-04
5.981570482254028320e-01 3.810713887214660645e-01 2.733008936047554016e-02
6.360579133033752441e-01 4.083659052848815918e-01 8.289329707622528076e-02
6.171272397041320801e-01 3.966675698757171631e-01 4.310845211148262024e-02
5.649285316467285156e-01 4.727232754230499268e-01 -4.470907617360353470e-03
5.194429755210876465e-01 5.295785665512084961e-01 -3.253662213683128357e-02
5.168940424919128418e-01 5.402575731277465820e-01 -2.799828350543975830e-02
5.319504141807556152e-01 5.367327928543090820e-01 -2.504194527864456177e-02
5.395825505256652832e-01 5.446948409080505371e-01 -1.594501547515392303e-02
5.267785191535949707e-01 5.433336496353149414e-01 -2.262658439576625824e-02
5.339188575744628906e-01 5.481066703796386719e-01 -1.426944322884082794e-02
5.500060915946960449e-01 5.802764892578125000e-01 2.131686080247163773e-03
5.203899741172790527e-01 4.782327115535736084e-01 -5.942524224519729614e-02
5.234690308570861816e-01 4.618315398693084717e-01 -6.225488334894180298e-02
6.154661178588867188e-01 3.480917215347290039e-01 2.245231159031391144e-02
5.455344319343566895e-01 4.273383021354675293e-01 -5.384183023124933243e-03
5.437315106391906738e-01 4.786705672740936279e-01 -2.991283126175403595e-02
5.452646017074584961e-01 4.701279401779174805e-01 -2.624879591166973114e-02
5.978150367736816406e-01 4.759365320205688477e-01 1.186004001647233963e-02
5.240799784660339355e-01 4.412782788276672363e-01 -5.460859462618827820e-02
5.926445722579956055e-01 3.261111676692962646e-01 2.301901113241910934e-03
6.068128347396850586e-01 3.334867656230926514e-01 1.192901004105806351e-02
6.246280670166015625e-01 3.060249388217926025e-01 6.140447035431861877e-02
5.431305766105651855e-01 3.398330807685852051e-01 -1.073158811777830124e-02
5.568342804908752441e-01 3.568536937236785889e-01 9.606445208191871643e-03
5.591850876808166504e-01 5.641076564788818359e-01 5.476219113916158676e-03
6.133995056152343750e-01 5.654917359352111816e-01 1.049778237938880920e-01
5.340957045555114746e-01 4.870875179767608643e-01 -2.668128348886966705e-02
5.253705978393554688e-01 4.908311665058135986e-01 -2.877171151340007782e-02
5.467568039894104004e-01 5.614329576492309570e-01 3.460319479927420616e-03
5.435165166854858398e-01 5.607051253318786621e-01 -1.046199904521927238e-04
6.129722595214843750e-01 3.242261409759521484e-01 1.809669472277164459e-02
5.428879261016845703e-01 4.866352677345275879e-01 -2.409170754253864288e-02
5.722467899322509766e-01 3.272065520286560059e-01 -5.553994327783584595e-03
5.752823948860168457e-01 3.146146535873413086e-01 -7.141639478504657745e-03
5.872232317924499512e-01 2.623687386512756348e-01 1.691136136651039124e-02
6.182728409767150879e-01 3.182724714279174805e-01 3.659538179636001587e-02
5.800875425338745117e-01 2.895620465278625488e-01 4.220389295369386673e-03
6.217990517616271973e-01 3.432292044162750244e-01 3.290453180670738220e-02
6.267316341400146484e-01 3.436044156551361084e-01 5.618561059236526489e-02
5.184462070465087891e-01 5.356898307800292969e-01 -3.150894120335578918e-02
5.293557047843933105e-01 5.406352281570434570e-01 -2.438816986978054047e-02
5.369182229042053223e-01 5.467213392257690430e-01 -1.611359789967536926e-02
5.311028361320495605e-01 4.899098575115203857e-01 -2.455570176243782043e-02
5.450766682624816895e-01 5.611363649368286133e-01 1.502125873230397701e-03
5.412064194679260254e-01 5.695431232452392578e-01 -5.340042524039745331e-03
5.418915748596191406e-01 5.602502226829528809e-01 -4.709887725766748190e-04
5.306781530380249023e-01 4.801953434944152832e-01 -4.192378744482994080e-02
5.314701795578002930e-01 5.483747720718383789e-01 -1.269351039081811905e-02
5.245198011398315430e-01 5.444139242172241211e-01 -1.848003268241882324e-02
5.155301094055175781e-01 5.424644947052001953e-01 -2.329702489078044891e-02
5.132282972335815430e-01 6.098353862762451172e-01 -1.263586618006229401e-02
5.167260766029357910e-01 5.992591381072998047e-01 -2.271185442805290222e-02
5.164461731910705566e-01 5.908687114715576172e-01 -2.397124096751213074e-02
5.154626369476318359e-01 5.823677778244018555e-01 -2.137269824743270874e-02
5.139811635017395020e-01 5.759913325309753418e-01 -1.968432776629924774e-02
5.302525758743286133e-01 5.700708627700805664e-01 -9.939440526068210602e-03
5.330309867858886719e-01 5.730518102645874023e-01 -1.170256733894348145e-02
5.361316204071044922e-01 5.775861740112304688e-01 -1.338887214660644531e-02
5.385125875473022461e-01 5.825360417366027832e-01 -1.145782414823770523e-02
5.502685904502868652e-01 5.322591066360473633e-01 -1.153478119522333145e-02
6.299862265586853027e-01 4.824800789356231689e-01 1.256843060255050659e-01
5.354460477828979492e-01 5.661399960517883301e-01 -4.170406609773635864e-03
5.383952856063842773e-01 5.675747990608215332e-01 -5.432871170341968536e-03
5.219719409942626953e-01 4.969190955162048340e-01 -2.954396046698093414e-02
5.381041765213012695e-01 4.962237775325775146e-01 -1.680862717330455780e-02
5.236056447029113770e-01 4.940070211887359619e-01 -2.941274270415306091e-02
5.562262535095214844e-01 4.387645721435546875e-01 -1.286523067392408848e-03
5.738033056259155273e-01 4.524978995323181152e-01 2.606733003631234169e-03
5.460788011550903320e-01 4.782592058181762695e-01 -2.010020241141319275e-02
6.109921932220458984e-01 2.808104753494262695e-01 3.786396980285644531e-02
6.038609147071838379e-01 2.997159361839294434e-01 1.965203694999217987e-02
5.973582267761230469e-01 3.143080174922943115e-01 5.073153413832187653e-03
5.408176779747009277e-01 5.923058986663818359e-01 -3.660059301182627678e-03
5.487416982650756836e-01 3.190084695816040039e-01 -1.403645239770412445e-02
5.539443492889404297e-01 2.856736779212951660e-01 -5.443359725177288055e-03
5.597402453422546387e-01 2.517416477203369141e-01 3.575696144253015518e-03
5.916498899459838867e-01 3.993900716304779053e-01 1.995611749589443207e-02
6.145900487899780273e-01 4.215801358222961426e-01 3.677392750978469849e-02
5.465877056121826172e-01 3.876107633113861084e-01 1.164453476667404175e-02
6.092966198921203613e-01 3.708764314651489258e-01 2.705269120633602142e-02
5.389266610145568848e-01 4.151440262794494629e-01 -9.452331811189651489e-03
5.386929512023925781e-01 4.708508253097534180e-01 -4.111542925238609314e-02
6.273216605186462402e-01 4.383562803268432617e-01 4.928050935268402100e-02
6.061555743217468262e-01 4.323244094848632812e-01 2.562920935451984406e-02
5.915949940681457520e-01 4.365651011466979980e-01 1.409686077386140823e-02
5.711076259613037109e-01 4.303629100322723389e-01 8.129769004881381989e-03
5.565938949584960938e-01 4.208659231662750244e-01 4.944020416587591171e-03
5.459596514701843262e-01 4.115029573440551758e-01 1.579738687723875046e-03
5.267612338066101074e-01 3.910210132598876953e-01 -2.079665102064609528e-02
6.235397458076477051e-01 4.736448824405670166e-01 4.447399824857711792e-02
6.171668171882629395e-01 3.709208667278289795e-01 3.323334828019142151e-02
5.156301259994506836e-01 4.865611791610717773e-01 -5.435911193490028381e-02
5.435370802879333496e-01 4.437337219715118408e-01 -1.111056003719568253e-02
6.364397406578063965e-01 4.083852767944335938e-01 1.215684264898300171e-01
5.381788611412048340e-01 4.014207422733306885e-01 -5.110279380460269749e-05
5.465874075889587402e-01 4.797652363777160645e-01 -8.923727087676525116e-03
6.024188995361328125e-01 3.826513588428497314e-01 2.964414097368717194e-02
5.398628711700439453e-01 4.603753983974456787e-01 -3.649343922734260559e-02
6.237534284591674805e-01 5.227979421615600586e-01 1.183015778660774231e-01
5.471441149711608887e-01 3.816342949867248535e-01 1.494953967630863190e-02
5.325673818588256836e-01 4.487815201282501221e-01 -4.758617281913757324e-02
5.891213417053222656e-01 6.025916934013366699e-01 4.353886097669601440e-02
5.876746177673339844e-01 6.223048567771911621e-01 6.306754052639007568e-02
6.326274871826171875e-01 4.793226420879364014e-01 8.491243422031402588e-02
6.038429141044616699e-01 5.816434621810913086e-01 5.825503915548324585e-02
6.316215991973876953e-01 3.738493323326110840e-01 7.300245761871337891e-02
5.403411388397216797e-01 6.514363288879394531e-01 6.533012725412845612e-03
5.135266780853271484e-01 4.905941784381866455e-01 -3.991030156612396240e-02
5.522379875183105469e-01 4.577805101871490479e-01 -6.976657547056674957e-03
6.254940032958984375e-01 4.023887515068054199e-01 5.486629530787467957e-02
5.827861428260803223e-01 3.904571235179901123e-01 1.587882451713085175e-02
5.734831690788269043e-01 3.903602659702301025e-01 1.257318630814552307e-02
5.437245965003967285e-01 5.718469023704528809e-01 -3.482487518340349197e-03
6.185149550437927246e-01 5.073632001876831055e-01 4.629919677972793579e-02
5.179796814918518066e-01 6.737505197525024414e-01 8.697600103914737701e-03
5.544940829277038574e-01 6.540285944938659668e-01 3.269387036561965942e-02
5.702065229415893555e-01 6.412946581840515137e-01 4.603816196322441101e-02
5.643407702445983887e-01 3.882342278957366943e-01 1.159399002790451050e-02
5.557832121849060059e-01 3.851094543933868408e-01 1.277799438685178757e-02
5.500057339668273926e-01 3.834323585033416748e-01 1.491832360625267029e-02
6.242873072624206543e-01 3.700785040855407715e-01 4.537186399102210999e-02
5.584621429443359375e-01 3.706634640693664551e-01 1.170198805630207062e-02
5.684595108032226562e-01 3.659447729587554932e-01 1.053697336465120316e-02
5.782468914985656738e-01 3.653023242950439453e-01 1.160586718469858170e-02
5.875782370567321777e-01 3.686391413211822510e-01 1.472673285752534866e-02
5.929963588714599609e-01 3.736320137977600098e-01 1.849536597728729248e-02
6.360862255096435547e-01 3.690957427024841309e-01 1.051416099071502686e-01
5.892441868782043457e-01 3.886821568012237549e-01 1.984926126897335052e-02
5.412997007369995117e-01 5.210254192352294922e-01 -1.795266568660736084e-02
5.346544384956359863e-01 4.840679168701171875e-01 -3.056773543357849121e-02
5.218750834465026855e-01 5.119140148162841797e-01 -2.915418893098831177e-02
5.730077028274536133e-01 6.219121217727661133e-01 3.183519095182418823e-02
5.574887990951538086e-01 6.366358399391174316e-01 1.977888867259025574e-02
5.190327167510986328e-01 6.617779135704040527e-01 -5.481655709445476532e-03
6.010038256645202637e-01 5.990132093429565430e-01 8.459263294935226440e-02
5.508239865303039551e-01 3.772561550140380859e-01 1.366321276873350143e-02
5.321171283721923828e-01 4.181827604770660400e-01 -2.548546344041824341e-02
5.377385020256042480e-01 6.655037403106689453e-01 1.871668919920921326e-02
6.263929605484008789e-01 5.165427327156066895e-01 8.118902146816253662e-02
5.231047868728637695e-01 5.735913515090942383e-01 -1.511185616254806519e-02
5.256648659706115723e-01 5.784902572631835938e-01 -1.691361702978610992e-02
5.279451012611389160e-01 5.854635834693908691e-01 -1.886889897286891937e-02
5.293960571289062500e-01 5.933349132537841797e-01 -1.745218224823474884e-02
5.287618041038513184e-01 6.028870344161987305e-01 -9.358680807054042816e-03
5.392994284629821777e-01 5.538429617881774902e-01 -6.739160977303981781e-03
5.420611500740051270e-01 5.535146594047546387e-01 -6.366780493408441544e-03
5.446267127990722656e-01 5.525186657905578613e-01 -6.122674327343702316e-03
5.564020276069641113e-01 5.470365881919860840e-01 -2.889711642637848854e-03
6.028566360473632812e-01 5.138537287712097168e-01 2.269708365201950073e-02
5.327646136283874512e-01 4.018466770648956299e-01 -1.431550085544586182e-02
5.399568676948547363e-01 3.682691156864166260e-01 6.527020595967769623e-03
5.463712811470031738e-01 3.705430030822753906e-01 1.158109866082668304e-02
5.369858741760253906e-01 5.535079836845397949e-01 -5.798172205686569214e-03
6.004034876823425293e-01 5.556412339210510254e-01 3.809315711259841919e-02
5.302854776382446289e-01 3.667644858360290527e-01 -8.171752095222473145e-03
5.342931747436523438e-01 6.176046133041381836e-01 -3.472566837444901466e-03
5.256006717681884766e-01 4.083039760589599609e-01 -3.302618488669395447e-02
5.374903082847595215e-01 4.457253813743591309e-01 -2.618897520005702972e-02
5.158187747001647949e-01 6.258145570755004883e-01 -1.055815163999795914e-02
5.610706806182861328e-01 5.878672599792480469e-01 9.174819104373455048e-03
5.547128319740295410e-01 4.943791031837463379e-01 -5.918988492339849472e-03
5.490248799324035645e-01 6.049962043762207031e-01 3.138761501759290695e-03
5.803989171981811523e-01 4.951838254928588867e-01 3.457934653852134943e-04
5.633530020713806152e-01 5.124703645706176758e-01 -3.814893309026956558e-03
5.864748954772949219e-01 5.239237546920776367e-01 9.052207693457603455e-03
5.183651447296142578e-01 6.448103785514831543e-01 -1.026280969381332397e-02
5.426124930381774902e-01 4.566954672336578369e-01 -1.822098344564437866e-02
5.702943205833435059e-01 6.021014451980590820e-01 1.965421065688133240e-02
5.550457239151000977e-01 6.190527677536010742e-01 1.144968532025814056e-02
5.709785223007202148e-01 5.673290491104125977e-01 1.121220272034406662e-02
6.127703785896301270e-01 5.361011624336242676e-01 4.887048155069351196e-02
5.852865576744079590e-01 5.724092721939086914e-01 2.253081835806369781e-02
6.175839900970458984e-01 5.509999990463256836e-01 7.461382448673248291e-02
5.691728591918945312e-01 5.356466770172119141e-01 1.783294603228569031e-03
5.375795960426330566e-01 4.306939542293548584e-01 -1.774143613874912262e-02
5.344430208206176758e-01 4.777503907680511475e-01 -4.387663304805755615e-02
5.396289229393005371e-01 4.835690855979919434e-01 -3.172872215509414673e-02
5.318189859390258789e-01 4.655709862709045410e-01 -5.202493071556091309e-02
5.503682494163513184e-01 3.523702323436737061e-01 4.268388263881206512e-03
5.696868300437927246e-01 3.413255810737609863e-01 3.781348932534456253e-03
5.860198736190795898e-01 3.400544226169586182e-01 5.660803057253360748e-03
5.986867547035217285e-01 3.452775478363037109e-01 1.088665332645177841e-02
6.066218018531799316e-01 3.551522791385650635e-01 1.806173846125602722e-02
6.085848808288574219e-01 3.894847929477691650e-01 3.446674719452857971e-02
6.360028386116027832e-01 4.435423016548156738e-01 8.461883664131164551e-02
5.980228185653686523e-01 4.133982658386230469e-01 2.400036342442035675e-02
5.864083766937255859e-01 4.169766604900360107e-01 1.643746718764305115e-02
5.720914602279663086e-01 4.143131673336029053e-01 1.096447277814149857e-02
5.587778091430664062e-01 4.082707166671752930e-01 8.041947148740291595e-03
5.486064553260803223e-01 4.015360772609710693e-01 7.370297797024250031e-03
5.416619777679443359e-01 3.952618539333343506e-01 6.438919343054294586e-03
6.335089802742004395e-01 4.451040625572204590e-01 1.276655495166778564e-01
5.385525226593017578e-01 4.883401691913604736e-01 -2.633392624557018280e-02
5.315546989440917969e-01 4.329439103603363037e-01 -3.500277921557426453e-02
5.276733040809631348e-01 4.771841466426849365e-01 -5.333926528692245483e-02
5.207884907722473145e-01 4.849165976047515869e-01 -4.956928640604019165e-02
5.268123149871826172e-01 4.802907705307006836e-01 -4.792424291372299194e-02
5.350264310836791992e-01 4.930525422096252441e-01 -2.300763502717018127e-02
5.189470052719116211e-01 4.860429465770721436e-01 -5.270746350288391113e-02
5.168787240982055664e-01 4.899960458278656006e-01 -3.973846882581710815e-02
5.430012941360473633e-01 3.817505240440368652e-01 1.281272899359464645e-02
5.366805195808410645e-01 3.853918910026550293e-01 5.337750073522329330e-03
5.328465700149536133e-01 3.877309262752532959e-01 -2.951060421764850616e-03
5.959405303001403809e-01 3.775973916053771973e-01 2.236199937760829926e-02
6.038561463356018066e-01 3.703662753105163574e-01 2.320373058319091797e-02
4.521775245666503906e-01 3.638583719730377197e-01 7.464492227882146835e-03
4.639870524406433105e-01 3.647785484790802002e-01 7.464492227882146835e-03
4.531871974468231201e-01 3.485492169857025146e-01 7.464492227882146835e-03
4.402034282684326172e-01 3.628790974617004395e-01 7.464492227882146835e-03
4.510651826858520508e-01 3.789787292480468750e-01 7.464492227882146835e-03
5.754457116127014160e-01 3.779620826244354248e-01 1.601673103868961334e-02
5.870998501777648926e-01 3.794365823268890381e-01 1.601673103868961334e-02
5.765866041183471680e-01 3.625369668006896973e-01 1.601673103868961334e-02
5.637325048446655273e-01 3.763848245143890381e-01 1.601673103868961334e-02
5.743420124053955078e-01 3.933790028095245361e-01 1.601673103868961334e-02
