5.042629241943359375e-01 5.193977952003479004e-01 -3.983621299266815186e-02
5.102296471595764160e-01 4.640094339847564697e-01 -6.450975686311721802e-02
5.075907707214355469e-01 4.830371439456939697e-01 -3.750659897923469543e-02
5.043599009513854980e-01 4.101087152957916260e-01 -4.506338760256767273e-02
5.117791295051574707e-01 4.466956555843353271e-01 -6.707036495208740234e-02
5.131980776786804199e-01 4.256396591663360596e-01 -6.068325415253639221e-02
5.161462426185607910e-01 3.759788274765014648e-01 -2.409978769719600677e-02
4.351580739021301270e-01 3.622018396854400635e-01 1.623240299522876740e-02
5.191544294357299805e-01 3.339115977287292480e-01 -1.204537134617567062e-02
5.209563970565795898e-01 3.119345307350158691e-01 -1.162055227905511856e-02
5.259796977043151855e-01 2.413162589073181152e-01 8.215995505452156067e-03
5.040925145149230957e-01 5.232277512550354004e-01 -3.918491303920745850e-02
5.038555860519409180e-01 5.270717144012451172e-01 -3.629321232438087463e-02
5.036756992340087891e-01 5.294972062110900879e-01 -3.214390575885772705e-02
5.002955794334411621e-01 5.928063988685607910e-01 -2.363543212413787842e-02
5.002463459968566895e-01 5.981439352035522461e-01 -2.625647187232971191e-02
4.999215602874755859e-01 6.044841408729553223e-01 -2.876531705260276794e-02
4.995160996913909912e-01 6.109527349472045898e-01 -2.640237659215927124e-02
4.965732395648956299e-01 6.168390512466430664e-01 -1.611496508121490479e-02
5.090911984443664551e-01 4.736618995666503906e-01 -5.934669077396392822e-02
4.981405735015869141e-01 4.730228781700134277e-01 -4.459420219063758850e-02
3.953773677349090576e-01 3.055337369441986084e-01 7.393373548984527588e-02
4.636900722980499268e-01 3.797222971916198730e-01 5.359421949833631516e-03
4.522899985313415527e-01 3.800849020481109619e-01 5.333749111741781235e-03
4.417552351951599121e-01 3.779924809932708740e-01 7.826891727745532990e-03
4.288693070411682129e-01 3.678231835365295410e-01 1.690428517758846283e-02
4.741886258125305176e-01 3.760666549205780029e-01 7.489011157304048538e-03
4.548639059066772461e-01 3.270701766014099121e-01 3.738907864317297935e-03
4.672839939594268799e-01 3.309738039970397949e-01 4.912428557872772217e-03
4.424342513084411621e-01 3.285686671733856201e-01 6.412151269614696503e-03
4.334429800510406494e-01 3.351325392723083496e-01 1.023135147988796234e-02
4.170903265476226807e-01 3.779883682727813721e-01 2.111880853772163391e-02
4.495128095149993896e-01 6.259762644767761230e-01 -6.948113907128572464e-03
4.315705299377441406e-01 3.576120734214782715e-01 2.007520943880081177e-02
3.828890323638916016e-01 3.748175203800201416e-01 7.075177878141403198e-02
4.052183926105499268e-01 3.654678463935852051e-01 3.315687552094459534e-02
4.508043229579925537e-01 4.477058649063110352e-01 -1.303989905864000320e-02
4.871594011783599854e-01 5.152859091758728027e-01 -3.884251788258552551e-02
4.884547889232635498e-01 5.251350402832031250e-01 -3.511262685060501099e-02
4.705331325531005859e-01 5.198464989662170410e-01 -3.276640921831130981e-02
4.596651494503021240e-01 5.267552137374877930e-01 -2.337519824504852295e-02
4.755473136901855469e-01 5.267882347106933594e-01 -3.031241148710250854e-02
4.657202959060668945e-01 5.310096740722656250e-01 -2.151043899357318878e-02
4.430748224258422852e-01 5.619073510169982910e-01 -4.562958143651485443e-03
5.007771849632263184e-01 4.625844657421112061e-01 -6.386610865592956543e-02
5.007683038711547852e-01 4.458340406417846680e-01 -6.618171930313110352e-02
4.193669855594635010e-01 3.167545199394226074e-01 1.480290573090314865e-02
4.780900478363037109e-01 4.096608161926269531e-01 -9.417389519512653351e-03
4.735272526741027832e-01 4.573836028575897217e-01 -3.723708540201187134e-02
4.729639589786529541e-01 4.489657282829284668e-01 -3.319641202688217163e-02
4.162254035472869873e-01 4.426076114177703857e-01 -6.618323386646807194e-04
5.026918053627014160e-01 4.263616800308227539e-01 -5.784166976809501648e-02
4.492045640945434570e-01 2.961225509643554688e-01 -1.499364385381340981e-03
4.325400590896606445e-01 3.027842044830322266e-01 5.852707661688327789e-03
4.110138118267059326e-01 2.765703201293945312e-01 5.556572228670120239e-02
4.971048831939697266e-01 3.170800805091857910e-01 -9.668089449405670166e-03
4.774434864521026611e-01 3.401589095592498779e-01 8.406271226704120636e-03
4.371328651905059814e-01 5.391150116920471191e-01 -3.115040017291903496e-03
3.807987570762634277e-01 5.370681285858154297e-01 8.474858105182647705e-02
4.811887443065643311e-01 4.680482447147369385e-01 -3.289847448468208313e-02
4.898545145988464355e-01 4.742230772972106934e-01 -3.422435373067855835e-02
4.484346807003021240e-01 5.470994710922241211e-01 -3.496492514386773109e-03
4.520498514175415039e-01 5.475476980209350586e-01 -6.106278859078884125e-03
4.273883402347564697e-01 2.930909991264343262e-01 1.234906259924173355e-02
4.718894660472869873e-01 4.654571115970611572e-01 -3.160110116004943848e-02
4.700520634651184082e-01 2.990312576293945312e-01 -6.793576758354902267e-03
4.697730243206024170e-01 2.863627076148986816e-01 -7.813302800059318542e-03
4.611231684684753418e-01 2.417632192373275757e-01 1.828230358660221100e-02
4.187735021114349365e-01 2.902993857860565186e-01 3.165230527520179749e-02
4.658542573451995850e-01 2.695964574813842773e-01 5.280536599457263947e-03
4.128732085227966309e-01 3.115114271640777588e-01 2.520891278982162476e-02
4.039558470249176025e-01 3.137369453907012939e-01 4.890174418687820435e-02
4.874001741409301758e-01 5.205128192901611328e-01 -3.817868977785110474e-02
4.728934764862060547e-01 5.235901474952697754e-01 -3.197653964161872864e-02
4.625429511070251465e-01 5.290321111679077148e-01 -2.336262166500091553e-02
4.834372103214263916e-01 4.716978371143341064e-01 -3.067552112042903900e-02
4.502373933792114258e-01 5.474171638488769531e-01 -4.850913304835557938e-03
4.538272321224212646e-01 5.619354844093322754e-01 -1.004480104893445969e-02
4.535651504993438721e-01 5.475323796272277832e-01 -6.276033818721771240e-03
4.877815842628479004e-01 4.621576368808746338e-01 -4.807950183749198914e-02
4.682582318782806396e-01 5.317444205284118652e-01 -2.023482508957386017e-02
4.778950512409210205e-01 5.283910036087036133e-01 -2.661304920911788940e-02
4.897186756134033203e-01 5.277348160743713379e-01 -3.119459934532642365e-02
4.784777164459228516e-01 6.124106645584106445e-01 -1.625841856002807617e-02
4.805650115013122559e-01 6.049879789352416992e-01 -2.612491510808467865e-02
4.818903207778930664e-01 5.990605950355529785e-01 -2.766604349017143250e-02
4.836173355579376221e-01 5.930235981941223145e-01 -2.500673197209835052e-02
4.855599403381347656e-01 5.882913470268249512e-01 -2.262753434479236603e-02
4.658791124820709229e-01 5.719723701477050781e-01 -1.382308360189199448e-02
4.630261659622192383e-01 5.729598999023437500e-01 -1.575171947479248047e-02
4.594273269176483154e-01 5.747078657150268555e-01 -1.749090105295181274e-02
4.565739631652832031e-01 5.770601034164428711e-01 -1.571939140558242798e-02
4.535257220268249512e-01 5.083688497543334961e-01 -1.928116567432880402e-02
3.736314773559570312e-01 4.503903090953826904e-01 1.077836528420448303e-01
5.083410739898681641e-01 4.783174395561218262e-01 -4.510544240474700928e-02
4.598032534122467041e-01 5.623890161514282227e-01 -8.614526130259037018e-03
4.567506313323974609e-01 5.620122551918029785e-01 -9.945925325155258179e-03
4.924395382404327393e-01 4.810536205768585205e-01 -3.521034494042396545e-02
4.742839336395263672e-01 4.761188030242919922e-01 -2.366955019533634186e-02
4.912386536598205566e-01 4.777239561080932617e-01 -3.498177602887153625e-02
4.647687077522277832e-01 4.176255166530609131e-01 -7.447373121976852417e-03
4.448757171630859375e-01 4.258858561515808105e-01 -6.253638770431280136e-03
4.699612855911254883e-01 4.568067789077758789e-01 -2.743895724415779114e-02
4.319401383399963379e-01 2.544732689857482910e-01 3.555364161729812622e-02
4.384564757347106934e-01 2.748425900936126709e-01 1.744548790156841278e-02
4.465643167495727539e-01 2.846223711967468262e-01 1.835898030549287796e-03
4.508670866489410400e-01 5.807908177375793457e-01 -9.237157180905342102e-03
4.964880645275115967e-01 2.948461472988128662e-01 -1.187024265527725220e-02
4.931892752647399902e-01 2.717077136039733887e-01 -1.075185951776802540e-03
4.912650287151336670e-01 2.382677346467971802e-01 8.904895745217800140e-03
4.332590401172637939e-01 3.739445209503173828e-01 1.233658287674188614e-02
4.027305245399475098e-01 3.888753950595855713e-01 2.583073452115058899e-02
4.815434217453002930e-01 3.717599213123321533e-01 9.736885316669940948e-03
4.205982089042663574e-01 3.425183892250061035e-01 1.932525075972080231e-02
4.874779284000396729e-01 3.996791839599609375e-01 -1.220207847654819489e-02
4.814716577529907227e-01 4.508768320083618164e-01 -4.745623469352722168e-02
3.905159235000610352e-01 4.029754996299743652e-01 3.615290299057960510e-02
4.095480144023895264e-01 3.997817039489746094e-01 1.462193392217159271e-02
4.241441488265991211e-01 4.065096676349639893e-01 4.518985282629728317e-03
4.466898739337921143e-01 4.058672785758972168e-01 7.293206290341913700e-04
4.635642468929290771e-01 4.006683826446533203e-01 -2.085512824123725295e-04
4.770095348358154297e-01 3.939267396926879883e-01 -1.747024827636778355e-03
5.050449371337890625e-01 3.788394331932067871e-01 -2.066071517765522003e-02
3.890916109085083008e-01 4.368404746055603027e-01 2.954221330583095551e-02
4.114646613597869873e-01 3.399495184421539307e-01 2.474317513406276703e-02
5.034359693527221680e-01 4.724093973636627197e-01 -5.899396911263465881e-02
4.776479005813598633e-01 4.251516759395599365e-01 -1.624132506549358368e-02
3.774586319923400879e-01 3.760136365890502930e-01 1.070113778114318848e-01
4.875823855400085449e-01 3.854444026947021484e-01 -1.988414442166686058e-03
4.681133627891540527e-01 4.583030045032501221e-01 -1.596152409911155701e-02
4.257518649101257324e-01 3.571009635925292969e-01 2.180421724915504456e-02
4.813953042030334473e-01 4.407848417758941650e-01 -4.232758283615112305e-02
3.750209808349609375e-01 4.916686415672302246e-01 9.914902597665786743e-02
4.829064309597015381e-01 3.662632405757904053e-01 1.338723488152027130e-02
4.920791387557983398e-01 4.315851032733917236e-01 -5.213689059019088745e-02
4.040312767028808594e-01 5.782924294471740723e-01 2.933683805167675018e-02
4.009481668472290039e-01 6.014794111251831055e-01 4.570460319519042969e-02
3.763051033020019531e-01 4.442578554153442383e-01 6.880219280719757080e-02
3.920010924339294434e-01 5.534498691558837891e-01 4.156688228249549866e-02
3.930173814296722412e-01 3.420514464378356934e-01 6.335577368736267090e-02
4.454954266548156738e-01 6.442203521728515625e-01 -3.032138571143150330e-03
5.039485692977905273e-01 4.771941602230072021e-01 -4.450541734695434570e-02
4.658850133419036865e-01 4.362677931785583496e-01 -1.367351040244102478e-02
3.945868909358978271e-01 3.694569468498229980e-01 4.380612820386886597e-02
4.447756707668304443e-01 3.684486150741577148e-01 9.787607006728649139e-03
4.537747204303741455e-01 3.709987998008728027e-01 7.518886122852563858e-03
4.511286318302154541e-01 5.622653365135192871e-01 -8.717656135559082031e-03
3.884196281433105469e-01 4.715201556682586670e-01 3.005552105605602264e-02
4.648092985153198242e-01 6.737645864486694336e-01 -6.480644806288182735e-04
4.296191334724426270e-01 6.439322829246520996e-01 1.997416093945503235e-02
4.158683419227600098e-01 6.260975003242492676e-01 3.142482042312622070e-02
5.236685872077941895e-01 2.763746976852416992e-01 -1.981229055672883987e-03
4.909620285034179688e-01 6.806311011314392090e-01 -2.492084167897701263e-03
4.632331728935241699e-01 3.710087239742279053e-01 7.790642324835062027e-03
4.726279377937316895e-01 3.691524267196655273e-01 1.005628984421491623e-02
4.792004823684692383e-01 3.677882552146911621e-01 1.292281411588191986e-02
4.030584990978240967e-01 3.383833765983581543e-01 3.617822006344795227e-02
4.738185405731201172e-01 3.564900755882263184e-01 9.607460349798202515e-03
4.643671810626983643e-01 3.522714078426361084e-01 7.321934681385755539e-03
4.550649225711822510e-01 3.505645096302032471e-01 7.205377798527479172e-03
4.454489052295684814e-01 3.512549102306365967e-01 9.190563112497329712e-03
4.389128088951110840e-01 3.535774052143096924e-01 1.222945377230644226e-02
3.845862150192260742e-01 3.370166122913360596e-01 9.325473755598068237e-02
4.390584826469421387e-01 3.652819991111755371e-01 1.311198901385068893e-02
5.062270760536193848e-01 4.961031675338745117e-01 -3.531154990196228027e-02
4.659766256809234619e-01 4.994505941867828369e-01 -2.556571736931800842e-02
4.816589355468750000e-01 4.648588597774505615e-01 -3.672986105084419250e-02
4.892315268516540527e-01 4.952686429023742676e-01 -3.488224372267723083e-02
5.174165368080139160e-01 3.559596836566925049e-01 -1.366066560149192810e-02
4.169117212295532227e-01 6.031385660171508789e-01 1.986550912261009216e-02
4.303292632102966309e-01 6.234039664268493652e-01 9.129371494054794312e-03
4.661661684513092041e-01 6.604422926902770996e-01 -1.312369666993618011e-02
3.901548385620117188e-01 5.743940472602844238e-01 6.488147377967834473e-02
4.802884459495544434e-01 3.622015714645385742e-01 1.190870441496372223e-02
4.956046640872955322e-01 4.034221768379211426e-01 -2.756736427545547485e-02
4.920400083065032959e-01 6.674970388412475586e-01 -1.460491027683019638e-02
4.452983140945434570e-01 6.605446338653564453e-01 7.525009103119373322e-03
3.770921528339385986e-01 4.826319813728332520e-01 6.375788897275924683e-02
4.743892252445220947e-01 5.810728669166564941e-01 -1.879303529858589172e-02
4.713729619979858398e-01 5.838190913200378418e-01 -2.089238539338111877e-02
4.684545397758483887e-01 5.880261063575744629e-01 -2.273505739867687225e-02
4.662563800811767578e-01 5.929971933364868164e-01 -2.122038230299949646e-02
4.620408415794372559e-01 5.987787246704101562e-01 -1.410272158682346344e-02
4.577891528606414795e-01 5.376567244529724121e-01 -1.327938865870237350e-02
4.547990560531616211e-01 5.365868806838989258e-01 -1.317280251532793045e-02
4.522604048252105713e-01 5.349928140640258789e-01 -1.316086016595363617e-02
4.435878694057464600e-01 5.215017795562744141e-01 -1.097477413713932037e-02
4.043857455253601074e-01 4.799676239490509033e-01 8.243498392403125763e-03
4.965528845787048340e-01 3.880691528320312500e-01 -1.550856605172157288e-02
4.929564893245697021e-01 3.527532219886779785e-01 6.989581510424613953e-03
4.856297671794891357e-01 3.550481796264648438e-01 1.065968535840511322e-02
4.601256847381591797e-01 5.375873446464538574e-01 -1.258357148617506027e-02
3.995899558067321777e-01 5.247899889945983887e-01 2.300846390426158905e-02
5.036176443099975586e-01 3.518378734588623047e-01 -7.101123686879873276e-03
4.556687772274017334e-01 6.103547215461730957e-01 -9.500776417553424835e-03
5.141873955726623535e-01 4.086842834949493408e-01 -4.807187616825103760e-02
5.045476555824279785e-01 3.953217864036560059e-01 -3.357829526066780090e-02
5.150947570800781250e-01 3.930241465568542480e-01 -3.543289005756378174e-02
4.851633906364440918e-01 4.279290139675140381e-01 -3.058325126767158508e-02
4.936096966266632080e-01 6.496709585189819336e-01 -1.813533529639244080e-02
4.952158927917480469e-01 6.310818791389465332e-01 -1.649355515837669373e-02
4.742766916751861572e-01 6.256881356239318848e-01 -1.500589679926633835e-02
4.331348538398742676e-01 5.669006109237670898e-01 8.728183456696569920e-04
4.572246670722961426e-01 4.709857404232025146e-01 -1.388321816921234131e-02
4.422694146633148193e-01 5.906330943107604980e-01 -3.810911672189831734e-03
4.313813149929046631e-01 4.659601449966430664e-01 -1.049384195357561111e-02
4.453005194664001465e-01 4.867869317531585693e-01 -1.265078689903020859e-02
4.200668334960937500e-01 4.931545853614807129e-01 -2.949207322672009468e-03
4.694317877292633057e-01 6.430895328521728516e-01 -1.628137193620204926e-02
4.768940210342407227e-01 4.372466206550598145e-01 -2.383548393845558167e-02
4.226016700267791748e-01 5.812057852745056152e-01 9.258681908249855042e-03
4.352623224258422852e-01 6.044139862060546875e-01 2.523477887734770775e-03
4.271225631237030029e-01 5.407450795173645020e-01 8.976394892670214176e-04
3.895425200462341309e-01 5.024302005767822266e-01 3.233981877565383911e-02
4.125005304813385010e-01 5.449452400207519531e-01 1.022109948098659515e-02
3.817222118377685547e-01 5.193648338317871094e-01 5.642420426011085510e-02
4.347643852233886719e-01 5.074884891510009766e-01 -8.028971962630748749e-03
4.869311153888702393e-01 4.141522049903869629e-01 -2.140096947550773621e-02
4.846036732196807861e-01 4.586839973926544189e-01 -5.012119561433792114e-02
4.768052995204925537e-01 4.630702733993530273e-01 -3.868444636464118958e-02
4.906737506389617920e-01 4.474335610866546631e-01 -5.729449912905693054e-02
4.857036769390106201e-01 3.332636952400207520e-01 4.448794759809970856e-03
4.685310721397399902e-01 3.188229501247406006e-01 2.197611145675182343e-03
4.526421129703521729e-01 3.148589730262756348e-01 1.949830679222941399e-03
4.384978115558624268e-01 3.181287050247192383e-01 5.284007638692855835e-03
4.276484549045562744e-01 3.266823887825012207e-01 1.124903652817010880e-02
4.166129827499389648e-01 3.612312078475952148e-01 2.579391933977603912e-02
3.779222667217254639e-01 4.087434709072113037e-01 7.008401304483413696e-02
4.225394129753112793e-01 3.848493695259094238e-01 1.500808540731668472e-02
4.336705803871154785e-01 3.904592394828796387e-01 8.606018498539924622e-03
4.488671720027923584e-01 3.919331133365631104e-01 4.657049663364887238e-03
4.638389647006988525e-01 3.896059989929199219e-01 3.710293443873524666e-03
4.761427044868469238e-01 3.848705589771270752e-01 4.531299229711294174e-03
4.849766492843627930e-01 3.798935413360595703e-01 4.707211628556251526e-03
3.748231232166290283e-01 4.129215478897094727e-01 1.112749353051185608e-01
4.762431979179382324e-01 4.681431651115417480e-01 -3.333583474159240723e-02
4.946839213371276855e-01 4.171876013278961182e-01 -3.835106268525123596e-02
4.927659630775451660e-01 4.598908126354217529e-01 -5.863030254840850830e-02
4.978516697883605957e-01 4.696189463138580322e-01 -5.445823445916175842e-02
4.923545122146606445e-01 4.632757902145385742e-01 -5.332025513052940369e-02
4.784884452819824219e-01 4.738567471504211426e-01 -2.959331311285495758e-02
4.999472200870513916e-01 4.711292684078216553e-01 -5.749683082103729248e-02
5.004279613494873047e-01 4.757911860942840576e-01 -4.451518505811691284e-02
4.867832958698272705e-01 3.663556873798370361e-01 1.172716356813907623e-02
4.925300478935241699e-01 3.707969784736633301e-01 4.789330530911684036e-03
4.961656332015991211e-01 3.729427456855773926e-01 -3.494095522910356522e-03
4.348972439765930176e-01 3.556216061115264893e-01 1.555281784385442734e-02
4.271551072597503662e-01 3.440531492233276367e-01 1.601544581353664398e-02
5.233789086341857910e-01 4.125201106071472168e-01 -4.376154765486717224e-02
5.942472815513610840e-01 3.823052346706390381e-01 2.527520991861820221e-02
5.188169479370117188e-01 4.756784439086914062e-01 -4.360990971326828003e-02
6.336356401443481445e-01 3.365499377250671387e-01 8.753893524408340454e-02
5.626980066299438477e-01 3.907329440116882324e-01 1.126711908727884293e-02
5.735604763031005859e-01 3.936856389045715332e-01 1.243570074439048767e-02
5.839743614196777344e-01 3.949893414974212646e-01 1.594502478837966919e-02
5.984227657318115234e-01 3.891611397266387939e-01 2.639835886657238007e-02
5.534877181053161621e-01 3.857999145984649658e-01 1.219020877033472061e-02
5.820820927619934082e-01 3.450967967510223389e-01 1.111301779747009277e-02
5.689458250999450684e-01 3.457524776458740234e-01 1.076071057468652725e-02
5.940039753913879395e-01 3.492721319198608398e-01 1.486034784466028214e-02
6.012771725654602051e-01 3.575194180011749268e-01 1.935412362217903137e-02
6.063107848167419434e-01 4.011920690536499023e-01 3.140131756663322449e-02
5.395233631134033203e-01 6.356356143951416016e-01 -2.806180855259299278e-03
5.985004305839538574e-01 3.791133165359497070e-01 2.949812449514865875e-02
6.369068622589111328e-01 4.065007865428924561e-01 8.427876234054565430e-02
6.180261373519897461e-01 3.909899592399597168e-01 4.455320164561271667e-02
5.662401914596557617e-01 4.626061022281646729e-01 -6.843109615147113800e-03
5.210955142974853516e-01 5.190455913543701172e-01 -3.726261854171752930e-02
5.184986591339111328e-01 5.288534760475158691e-01 -3.364099934697151184e-02
5.363839268684387207e-01 5.269072651863098145e-01 -2.952775545418262482e-02
5.455782413482666016e-01 5.367619991302490234e-01 -1.888980716466903687e-02
5.303916931152343750e-01 5.332804918289184570e-01 -2.748916484415531158e-02
5.389061570167541504e-01 5.401066541671752930e-01 -1.767467521131038666e-02
5.546992421150207520e-01 5.751095414161682129e-01 1.109703094698488712e-03
5.194628834724426270e-01 4.649517238140106201e-01 -6.303570419549942017e-02
5.224735736846923828e-01 4.485864639282226562e-01 -6.521093845367431641e-02
6.157963871955871582e-01 3.435740470886230469e-01 2.555483207106590271e-02
5.457738637924194336e-01 4.182995557785034180e-01 -5.415380001068115234e-03
5.449815392494201660e-01 4.665180742740631104e-01 -3.353410959243774414e-02
5.465546250343322754e-01 4.582921564579010010e-01 -2.938492596149444580e-02
5.994102358818054199e-01 4.662104845046997070e-01 9.291947819292545319e-03
5.231533646583557129e-01 4.289057552814483643e-01 -5.657592043280601501e-02
5.929613113403320312e-01 3.202218711376190186e-01 6.375273223966360092e-03
6.071199178695678711e-01 3.285772502422332764e-01 1.542839407920837402e-02
6.255694031715393066e-01 3.046677112579345703e-01 6.767505407333374023e-02
5.436326265335083008e-01 3.298710584640502930e-01 -6.835718639194965363e-03
5.572556257247924805e-01 3.519460856914520264e-01 1.318391785025596619e-02
5.638716220855712891e-01 5.547298192977905273e-01 3.872313536703586578e-03
6.138571500778198242e-01 5.657481551170349121e-01 9.801901131868362427e-02
5.352560281753540039e-01 4.750293791294097900e-01 -3.040302358567714691e-02
5.258879065513610840e-01 4.788808524608612061e-01 -3.293843194842338562e-02
5.528319478034973145e-01 5.619925260543823242e-01 2.526138443499803543e-03
5.492336750030517578e-01 5.613532662391662598e-01 -7.375488639809191227e-04
6.125565767288208008e-01 3.192682862281799316e-01 2.230511978268623352e-02
5.446507334709167480e-01 4.746880531311035156e-01 -2.796203456819057465e-02
5.727540850639343262e-01 3.193787932395935059e-01 -1.417607301846146584e-03
5.752961039543151855e-01 3.065493106842041016e-01 -2.371247624978423119e-03
5.871734023094177246e-01 2.585452198982238770e-01 2.540740184485912323e-02
6.186666488647460938e-01 3.150413632392883301e-01 4.233786836266517639e-02
5.798213481903076172e-01 2.839343845844268799e-01 1.135416142642498016e-02
6.214600801467895508e-01 3.384894132614135742e-01 3.649927303194999695e-02
6.273087859153747559e-01 3.415311574935913086e-01 6.097930297255516052e-02
5.201412439346313477e-01 5.244016051292419434e-01 -3.658673539757728577e-02
5.334245562553405762e-01 5.305626392364501953e-01 -2.893988974392414093e-02
5.424610972404479980e-01 5.386396646499633789e-01 -1.926106400787830353e-02
5.322633981704711914e-01 4.779595434665679932e-01 -2.844967320561408997e-02
5.510003566741943359e-01 5.617718100547790527e-01 7.268644985742866993e-04
5.469176769256591797e-01 5.754706263542175293e-01 -5.315566901117563248e-03
5.476914048194885254e-01 5.607869029045104980e-01 -1.066563883796334267e-03
5.307594537734985352e-01 4.677952229976654053e-01 -4.553943872451782227e-02
5.361904501914978027e-01 5.401484370231628418e-01 -1.656979322433471680e-02
5.277387499809265137e-01 5.343540906906127930e-01 -2.392655052244663239e-02
5.169663429260253906e-01 5.311008095741271973e-01 -2.967706136405467987e-02
5.148102045059204102e-01 6.164586544036865234e-01 -1.481578778475522995e-02
5.180789828300476074e-01 6.105811595916748047e-01 -2.455536648631095886e-02
5.175715684890747070e-01 6.041229963302612305e-01 -2.604976110160350800e-02
5.163306593894958496e-01 5.976194143295288086e-01 -2.340203896164894104e-02
5.145580172538757324e-01 5.923635959625244141e-01 -2.108677104115486145e-02
5.342970490455627441e-01 5.818724632263183594e-01 -1.013225968927145004e-02
5.373067855834960938e-01 5.839065313339233398e-01 -1.207574084401130676e-02
5.408402085304260254e-01 5.869048237800598145e-01 -1.358444057404994965e-02
5.435149669647216797e-01 5.903012752532958984e-01 -1.156548410654067993e-02
5.539659261703491211e-01 5.209845900535583496e-01 -1.409927103668451309e-02
6.311712861061096191e-01 4.829896390438079834e-01 1.224206760525703430e-01
5.406197905540466309e-01 5.740451216697692871e-01 -4.017949104309082031e-03
5.439144968986511230e-01 5.745953917503356934e-01 -5.384079180657863617e-03
5.224938988685607910e-01 4.848246276378631592e-01 -3.385118395090103149e-02
5.401233434677124023e-01 4.844067394733428955e-01 -2.073468267917633057e-02
5.241014957427978516e-01 4.819692373275756836e-01 -3.371961042284965515e-02
5.569691658020019531e-01 4.294396936893463135e-01 -2.047978807240724564e-03
5.748130083084106445e-01 4.426530599594116211e-01 9.326843428425490856e-04
5.478146672248840332e-01 4.666667580604553223e-01 -2.346587367355823517e-02
6.114058494567871094e-01 2.781081795692443848e-01 4.548688605427742004e-02
6.039765477180480957e-01 2.952996194362640381e-01 2.614414133131504059e-02
5.970257520675659180e-01 3.083000779151916504e-01 9.930493310093879700e-03
5.450331568717956543e-01 5.915301442146301270e-01 -4.510488826781511307e-03
5.486395359039306641e-01 3.084569275379180908e-01 -8.970674127340316772e-03
5.537642240524291992e-01 2.795383930206298828e-01 2.149008680135011673e-03
5.596431493759155273e-01 2.475681751966476440e-01 1.257530972361564636e-02
5.929409265518188477e-01 3.938040733337402344e-01 2.126752026379108429e-02
6.169468760490417480e-01 4.146010279655456543e-01 3.708093240857124329e-02
5.473545193672180176e-01 3.809032142162322998e-01 1.389907952398061752e-02
6.103339791297912598e-01 3.668693304061889648e-01 2.971966005861759186e-02
5.387458801269531250e-01 4.061979651451110840e-01 -9.026244282722473145e-03
5.389400720596313477e-01 4.583749175071716309e-01 -4.444509744644165039e-02
6.280790567398071289e-01 4.329216778278350830e-01 4.878745600581169128e-02
6.098591089248657227e-01 4.246640205383300781e-01 2.535464987158775330e-02
5.959900617599487305e-01 4.282830059528350830e-01 1.380700804293155670e-02
5.749039053916931152e-01 4.223916530609130859e-01 7.975200191140174866e-03
5.595098137855529785e-01 4.133175909519195557e-01 5.382877308875322342e-03
5.481257438659667969e-01 4.040686488151550293e-01 2.393036615103483200e-03
5.261931419372558594e-01 3.815496563911437988e-01 -1.930908113718032837e-02
6.248849034309387207e-01 4.667494893074035645e-01 4.220676049590110779e-02
6.178215742111206055e-01 3.661362528800964355e-01 3.587465733289718628e-02
5.146995186805725098e-01 4.738248288631439209e-01 -5.832007527351379395e-02
5.442847609519958496e-01 4.336701035499572754e-01 -1.232424844056367874e-02
6.381334066390991211e-01 4.092305898666381836e-01 1.221807301044464111e-01
5.399354100227355957e-01 3.938248753547668457e-01 1.256832154467701912e-03
5.486058592796325684e-01 4.684832096099853516e-01 -1.179589983075857162e-02
6.035321354866027832e-01 3.797563612461090088e-01 3.176110982894897461e-02
5.402163267135620117e-01 4.483237266540527344e-01 -3.924659639596939087e-02
6.247963309288024902e-01 5.228921771049499512e-01 1.130738034844398499e-01
5.473571419715881348e-01 3.751978278160095215e-01 1.770860701799392700e-02
5.320447087287902832e-01 4.366817176342010498e-01 -4.990295693278312683e-02
5.892058014869689941e-01 5.998623371124267578e-01 3.872094675898551941e-02
5.874188542366027832e-01 6.223942637443542480e-01 5.581060796976089478e-02
6.337999701499938965e-01 4.761612415313720703e-01 8.232390135526657104e-02
6.040472984313964844e-01 5.789784193038940430e-01 5.253634974360466003e-02
6.322723627090454102e-01 3.720615506172180176e-01 7.620229572057723999e-02
5.403509736061096191e-01 6.538672447204589844e-01 1.417130930349230766e-03
5.127440690994262695e-01 4.783199131488800049e-01 -4.410144686698913574e-02
5.535071492195129395e-01 4.475151002407073975e-01 -8.873136714100837708e-03
6.257445216178894043e-01 3.963056206703186035e-01 5.616001784801483154e-02
5.835686922073364258e-01 3.846446871757507324e-01 1.780905388295650482e-02
5.744499564170837402e-01 3.840188384056091309e-01 1.458621770143508911e-02
5.495732426643371582e-01 5.766665935516357422e-01 -3.722397610545158386e-03
6.203217506408691406e-01 5.008247494697570801e-01 4.243145510554313660e-02
5.172787904739379883e-01 6.787907481193542480e-01 2.003676258027553558e-03
5.546982288360595703e-01 6.562862396240234375e-01 2.643557265400886536e-02
5.702599287033081055e-01 6.421706676483154297e-01 3.961316496133804321e-02
5.653052330017089844e-01 3.818131685256958008e-01 1.379697117954492569e-02
5.565197467803955078e-01 3.787707686424255371e-01 1.517111808061599731e-02
5.504859089851379395e-01 3.769816160202026367e-01 1.751228794455528259e-02
6.243030428886413574e-01 3.649402558803558350e-01 4.812701791524887085e-02
5.581163167953491211e-01 3.677684068679809570e-01 1.483036577701568604e-02
5.680204629898071289e-01 3.654796779155731201e-01 1.347479131072759628e-02
5.776126384735107422e-01 3.658545017242431641e-01 1.435628253966569901e-02
5.869600772857666016e-01 3.689619898796081543e-01 1.727486774325370789e-02
5.927433371543884277e-01 3.730924427509307861e-01 2.098499424755573273e-02
6.377316117286682129e-01 3.695288598537445068e-01 1.078607887029647827e-01
5.897803902626037598e-01 3.837944269180297852e-01 2.174027822911739349e-02
5.441925525665283203e-01 5.092090964317321777e-01 -2.162572368979454041e-02
5.355893373489379883e-01 4.719196557998657227e-01 -3.412107750773429871e-02
5.229915976524353027e-01 4.995172023773193359e-01 -3.327748551964759827e-02
5.732160210609436035e-01 6.204568147659301758e-01 2.743364498019218445e-02
5.576277971267700195e-01 6.368297934532165527e-01 1.506004296243190765e-02
5.184074044227600098e-01 6.657928228378295898e-01 -1.073468662798404694e-02
6.008243560791015625e-01 5.993049144744873047e-01 7.664698362350463867e-02
5.508241653442382812e-01 3.719883263111114502e-01 1.659836806356906891e-02
5.316525697708129883e-01 4.080319702625274658e-01 -2.541238628327846527e-02
5.377035737037658691e-01 6.692647933959960938e-01 1.228094566613435745e-02
6.276475787162780762e-01 5.135558247566223145e-01 7.685571163892745972e-02
5.257165431976318359e-01 5.883050560951232910e-01 -1.602783799171447754e-02
5.286417007446289062e-01 5.921264886856079102e-01 -1.801920682191848755e-02
5.312568545341491699e-01 5.973163843154907227e-01 -1.970355585217475891e-02
5.330360531806945801e-01 6.033125519752502441e-01 -1.805227994918823242e-02
5.322433710098266602e-01 6.064507365226745605e-01 -1.063305977731943130e-02
5.453063249588012695e-01 5.491843223571777344e-01 -8.696047589182853699e-03
5.483642816543579102e-01 5.488281846046447754e-01 -8.108154870569705963e-03
5.512500405311584473e-01 5.477301478385925293e-01 -7.807449437677860260e-03
5.607889294624328613e-01 5.362353920936584473e-01 -4.503512755036354065e-03
6.046755313873291016e-01 5.056279301643371582e-01 1.879932172596454620e-02
5.322824120521545410e-01 3.926939964294433594e-01 -1.332808937877416611e-02
5.403991937637329102e-01 3.605419397354125977e-01 9.737130254507064819e-03
5.466403961181640625e-01 3.640562891960144043e-01 1.477409154176712036e-02
5.429624319076538086e-01 5.484179854393005371e-01 -7.972377352416515350e-03
6.018097996711730957e-01 5.499882102012634277e-01 3.355735912919044495e-02
5.310392975807189941e-01 3.579367995262145996e-01 -5.278137046843767166e-03
5.362161397933959961e-01 6.190862059593200684e-01 -5.793572403490543365e-03
5.248672962188720703e-01 3.978591263294219971e-01 -3.242969512939453125e-02
5.377079248428344727e-01 4.347394704818725586e-01 -2.774582058191299438e-02
5.164837837219238281e-01 6.302226781845092773e-01 -1.332213357090950012e-02
5.634874701499938965e-01 5.823363661766052246e-01 7.450147066265344620e-03
5.565264225006103516e-01 4.836017191410064697e-01 -8.842279203236103058e-03
5.514374375343322754e-01 6.028990745544433594e-01 1.331760897301137447e-03
5.818473100662231445e-01 4.854872822761535645e-01 -2.573479898273944855e-03
5.652190446853637695e-01 5.022286176681518555e-01 -6.345576606690883636e-03
5.878951549530029297e-01 5.148156881332397461e-01 6.034150253981351852e-03
5.182367563247680664e-01 6.483460664749145508e-01 -1.408494543284177780e-02
5.436294674873352051e-01 4.457262158393859863e-01 -2.028094977140426636e-02
5.713793039321899414e-01 5.983243584632873535e-01 1.657621562480926514e-02
5.560426115989685059e-01 6.177086234092712402e-01 8.127835579216480255e-03
5.733694434165954590e-01 5.589151978492736816e-01 8.834527805447578430e-03
6.144180297851562500e-01 5.305609107017517090e-01 4.414529725909233093e-02
5.866952538490295410e-01 5.662330985069274902e-01 1.921475678682327271e-02
6.182363033294677734e-01 5.483855009078979492e-01 6.894313544034957886e-02
5.715138912200927734e-01 5.251489877700805664e-01 -6.804490112699568272e-04
5.376241803169250488e-01 4.207108020782470703e-01 -1.831569895148277283e-02
5.345922112464904785e-01 4.652163386344909668e-01 -4.738511517643928528e-02
5.407805442810058594e-01 4.713465571403503418e-01 -3.556510806083679199e-02
5.312743782997131348e-01 4.527022540569305420e-01 -5.534942820668220520e-02
5.508860349655151367e-01 3.450744748115539551e-01 8.243712596595287323e-03
5.702946782112121582e-01 3.357250094413757324e-01 7.809085771441459656e-03
5.867707729339599609e-01 3.354286551475524902e-01 9.399680420756340027e-03
5.996174812316894531e-01 3.410206139087677002e-01 1.421517971903085709e-02
6.077384352684020996e-01 3.511510193347930908e-01 2.118421904742717743e-02
6.097267270088195801e-01 3.850274384021759033e-01 3.631794080138206482e-02
6.369403004646301270e-01 4.409675896167755127e-01 8.397587388753890991e-02
6.005719900131225586e-01 4.070495367050170898e-01 2.476199716329574585e-02
5.892096161842346191e-01 4.097130298614501953e-01 1.716716028749942780e-02
5.746141672134399414e-01 4.070825576782226562e-01 1.179845724254846573e-02
5.608099102973937988e-01 4.012561738491058350e-01 9.432218968868255615e-03
5.501171350479125977e-01 3.945018649101257324e-01 8.866802789270877838e-03
5.428364872932434082e-01 3.880154490470886230e-01 8.258566260337829590e-03
6.350079178810119629e-01 4.460121691226959229e-01 1.264098435640335083e-01
5.400016903877258301e-01 4.762585461139678955e-01 -3.024752810597419739e-02
5.310410857200622559e-01 4.218447208404541016e-01 -3.613561019301414490e-02
5.270950794219970703e-01 4.642552435398101807e-01 -5.686898902058601379e-02
5.200638175010681152e-01 4.724926948547363281e-01 -5.342782661318778992e-02
5.263882875442504883e-01 4.677553176879882812e-01 -5.152230709791183472e-02
5.366671085357666016e-01 4.811550676822662354e-01 -2.698971331119537354e-02
5.181236863136291504e-01 4.734233915805816650e-01 -5.666381120681762695e-02
5.162220001220703125e-01 4.777652621269226074e-01 -4.382480680942535400e-02
5.434521436691284180e-01 3.748395442962646484e-01 1.537528261542320251e-02
5.374761223793029785e-01 3.778418302536010742e-01 7.630028296262025833e-03
5.341103076934814453e-01 3.798338174819946289e-01 -1.188043039292097092e-03
5.960587859153747559e-01 3.762973845005035400e-01 2.467687241733074188e-02
6.050993800163269043e-01 3.672138452529907227e-01 2.566047757863998413e-02
4.538525938987731934e-01 3.588821887969970703e-01 1.149371173232793808e-02
4.650380313396453857e-01 3.598728775978088379e-01 1.149371173232793808e-02
4.548015892505645752e-01 3.455554246902465820e-01 1.149371173232793808e-02
4.425298273563385010e-01 3.578748703002929688e-01 1.149371173232793808e-02
4.528135359287261963e-01 3.720290660858154297e-01 1.149371173232793808e-02
5.768774151802062988e-01 3.738105297088623047e-01 1.845590211451053619e-02
5.885753035545349121e-01 3.753764629364013672e-01 1.845590211451053619e-02
5.781431198120117188e-01 3.601900041103363037e-01 1.845590211451053619e-02
5.650922060012817383e-01 3.721932172775268555e-01 1.845590211451053619e-02
5.755985975265502930e-01 3.874266743659973145e-01 1.845590211451053619e-02
