5.047300457954406738e-01 5.056707262992858887e-01 -3.947376087307929993e-02
5.109425783157348633e-01 4.517544806003570557e-01 -6.038892269134521484e-02
5.087350606918334961e-01 4.707427620887756348e-01 -3.562788292765617371e-02
5.046136975288391113e-01 4.026499986648559570e-01 -4.072551801800727844e-02
5.122005939483642578e-01 4.355986416339874268e-01 -6.251657754182815552e-02
5.133407115936279297e-01 4.163981676101684570e-01 -5.602382123470306396e-02
5.155975222587585449e-01 3.714566826820373535e-01 -2.024680748581886292e-02
4.323888123035430908e-01 3.600600957870483398e-01 1.882721111178398132e-02
5.177286863327026367e-01 3.342118263244628906e-01 -8.256114087998867035e-03
5.190790891647338867e-01 3.134578466415405273e-01 -7.129423320293426514e-03
5.227319598197937012e-01 2.444820702075958252e-01 1.446260232478380203e-02
5.045653581619262695e-01 5.093644857406616211e-01 -3.898487240076065063e-02
5.043090581893920898e-01 5.133367776870727539e-01 -3.620295971632003784e-02
5.041296482086181641e-01 5.160605907440185547e-01 -3.230993822216987610e-02
5.014983415603637695e-01 5.717027187347412109e-01 -2.595109306275844574e-02
5.015007853507995605e-01 5.772935748100280762e-01 -2.862277626991271973e-02
5.013073682785034180e-01 5.840703248977661133e-01 -3.118913061916828156e-02
5.010212063789367676e-01 5.907630920410156250e-01 -2.932658791542053223e-02
4.985038638114929199e-01 5.971773266792297363e-01 -2.003058046102523804e-02
5.100173354148864746e-01 4.609852135181427002e-01 -5.570261925458908081e-02
4.995754361152648926e-01 4.611222445964813232e-01 -4.169071093201637268e-02
3.961204290390014648e-01 3.105225563049316406e-01 7.566443085670471191e-02
4.654528200626373291e-01 3.729611933231353760e-01 8.115014061331748962e-03
4.533554613590240479e-01 3.747503757476806641e-01 8.258643560111522675e-03
4.418278932571411133e-01 3.741041719913482666e-01 1.073703076690435410e-02
4.264856278896331787e-01 3.649863600730895996e-01 1.931650191545486450e-02
4.760680198669433594e-01 3.681507110595703125e-01 1.002104021608829498e-02
4.538837969303131104e-01 3.255894184112548828e-01 6.985452026128768921e-03
4.672357439994812012e-01 3.288047909736633301e-01 8.150966838002204895e-03
4.407776594161987305e-01 3.274203836917877197e-01 9.534535929560661316e-03
4.317185878753662109e-01 3.339225947856903076e-01 1.325544901192188263e-02
4.163174629211425781e-01 3.746554255485534668e-01 2.300693094730377197e-02
4.528270959854125977e-01 6.107353568077087402e-01 -1.183458045125007629e-02
4.280859231948852539e-01 3.572313785552978516e-01 2.242858521640300751e-02
3.841831684112548828e-01 3.767144680023193359e-01 7.104800641536712646e-02
4.054920673370361328e-01 3.625338971614837646e-01 3.483849763870239258e-02
4.536110758781433105e-01 4.412100315093994141e-01 -1.086112949997186661e-02
4.887510240077972412e-01 5.024861097335815430e-01 -3.830228373408317566e-02
4.901951551437377930e-01 5.122607350349426270e-01 -3.504722192883491516e-02
4.729969799518585205e-01 5.079280734062194824e-01 -3.264398872852325439e-02
4.628650546073913574e-01 5.156523585319519043e-01 -2.430256642401218414e-02
4.781957268714904785e-01 5.147880315780639648e-01 -3.063224069774150848e-02
4.691228866577148438e-01 5.196344852447509766e-01 -2.275861613452434540e-02
4.470638632774353027e-01 5.507321357727050781e-01 -8.416315540671348572e-03
5.018066167831420898e-01 4.506491124629974365e-01 -5.966563895344734192e-02
5.015450119972229004e-01 4.351646602153778076e-01 -6.152633950114250183e-02
4.174137115478515625e-01 3.140159845352172852e-01 1.789414510130882263e-02
4.794260263442993164e-01 4.044079184532165527e-01 -6.675980519503355026e-03
4.756125509738922119e-01 4.477608203887939453e-01 -3.390098735690116882e-02
4.749124348163604736e-01 4.402568638324737549e-01 -2.989143133163452148e-02
4.198786020278930664e-01 4.384758770465850830e-01 9.282948449254035950e-04
5.031691193580627441e-01 4.173747003078460693e-01 -5.319290980696678162e-02
4.474393129348754883e-01 2.930822968482971191e-01 2.447643317282199860e-03
4.304112195968627930e-01 3.004643917083740234e-01 9.448268450796604156e-03
4.114221334457397461e-01 2.824576497077941895e-01 5.874703451991081238e-02
4.966644048690795898e-01 3.109404146671295166e-01 -5.846558604389429092e-03
4.780290722846984863e-01 3.362584114074707031e-01 1.133633684366941452e-02
4.408362507820129395e-01 5.305510759353637695e-01 -6.000703200697898865e-03
3.834629058837890625e-01 5.335153341293334961e-01 7.911434769630432129e-02
4.833747148513793945e-01 4.574669897556304932e-01 -3.020145371556282043e-02
4.916906356811523438e-01 4.630724489688873291e-01 -3.197209537029266357e-02
4.526295363903045654e-01 5.365085005760192871e-01 -6.744249258190393448e-03
4.562392830848693848e-01 5.365581512451171875e-01 -9.395343251526355743e-03
4.252511262893676758e-01 2.902702987194061279e-01 1.608985103666782379e-02
4.742577373981475830e-01 4.557505846023559570e-01 -2.881393954157829285e-02
4.688776135444641113e-01 2.950510978698730469e-01 -2.648464171215891838e-03
4.683169424533843994e-01 2.820782661437988281e-01 -3.047691890969872475e-03
4.601938724517822266e-01 2.471185922622680664e-01 2.404108271002769470e-02
4.198150634765625000e-01 2.959399223327636719e-01 3.531473502516746521e-02
4.655551016330718994e-01 2.740902900695800781e-01 1.081885583698749542e-02
4.112331569194793701e-01 3.085425496101379395e-01 2.812942117452621460e-02
4.051753282546997070e-01 3.185916543006896973e-01 5.151404067873954773e-02
4.891058802604675293e-01 5.075561404228210449e-01 -3.786995261907577515e-02
4.754480123519897461e-01 5.116038918495178223e-01 -3.213461861014366150e-02
4.658105969429016113e-01 5.177422165870666504e-01 -2.445798739790916443e-02
4.855652749538421631e-01 4.609830081462860107e-01 -2.825066260993480682e-02
4.544472694396972656e-01 5.366348028182983398e-01 -8.134377188980579376e-03
4.578590989112854004e-01 5.483051538467407227e-01 -1.369190122932195663e-02
4.577683508396148682e-01 5.363541245460510254e-01 -9.603221900761127472e-03
4.895160496234893799e-01 4.510804414749145508e-01 -4.433969780802726746e-02
4.716726541519165039e-01 5.202755331993103027e-01 -2.161371521651744843e-02
4.804950952529907227e-01 5.163545608520507812e-01 -2.720905654132366180e-02
4.913980960845947266e-01 5.149427652359008789e-01 -3.138978779315948486e-02
4.816609621047973633e-01 5.935243368148803711e-01 -2.016598731279373169e-02
4.832073748111724854e-01 5.857231616973876953e-01 -2.899284847080707550e-02
4.844946861267089844e-01 5.795997381210327148e-01 -3.017231263220310211e-02
4.861770868301391602e-01 5.730887651443481445e-01 -2.740166336297988892e-02
4.880420863628387451e-01 5.682241916656494141e-01 -2.497382462024688721e-02
4.696912467479705811e-01 5.553680062294006348e-01 -1.681309193372726440e-02
4.667800664901733398e-01 5.567418932914733887e-01 -1.886945776641368866e-02
4.631791412830352783e-01 5.588189959526062012e-01 -2.075165882706642151e-02
4.602567851543426514e-01 5.613108873367309570e-01 -1.918504573404788971e-02
4.565288126468658447e-01 4.989528656005859375e-01 -1.978177763521671295e-02
3.756478428840637207e-01 4.510506689548492432e-01 1.039982587099075317e-01
5.094147920608520508e-01 4.657171368598937988e-01 -4.247540980577468872e-02
4.638809561729431152e-01 5.478417873382568359e-01 -1.204363629221916199e-02
4.608227312564849854e-01 5.479574799537658691e-01 -1.348805613815784454e-02
4.942075014114379883e-01 4.695989489555358887e-01 -3.333471342921257019e-02
4.767022132873535156e-01 4.661869704723358154e-01 -2.180689014494419098e-02
4.930352568626403809e-01 4.664140641689300537e-01 -3.285370394587516785e-02
4.667766392230987549e-01 4.124849438667297363e-01 -4.997178912162780762e-03
4.476304352283477783e-01 4.211546778678894043e-01 -4.057676531374454498e-03
4.722001552581787109e-01 4.480192661285400391e-01 -2.459988929331302643e-02
4.319284558296203613e-01 2.604792714118957520e-01 3.998453170061111450e-02
4.391046464443206787e-01 2.805007100105285645e-01 2.213747054338455200e-02
4.447364211082458496e-01 2.813833653926849365e-01 6.311398465186357498e-03
4.548871517181396484e-01 5.667752027511596680e-01 -1.331805530935525894e-02
4.956512153148651123e-01 2.890810966491699219e-01 -7.250143680721521378e-03
4.917869567871093750e-01 2.748335599899291992e-01 4.659776110202074051e-03
4.892393350601196289e-01 2.426849752664566040e-01 1.526418887078762054e-02
4.318349659442901611e-01 3.705127537250518799e-01 1.501261349767446518e-02
4.032111167907714844e-01 3.852255940437316895e-01 2.743829786777496338e-02
4.830673933029174805e-01 3.633311390876770020e-01 1.222280133515596390e-02
4.190819859504699707e-01 3.403793573379516602e-01 2.178503386676311493e-02
4.883249104022979736e-01 3.946963548660278320e-01 -9.264998137950897217e-03
4.831866919994354248e-01 4.410333037376403809e-01 -4.350506514310836792e-02
3.930198550224304199e-01 4.026578068733215332e-01 3.706201910972595215e-02
4.090696871280670166e-01 3.958806991577148438e-01 1.653905212879180908e-02
4.232784211635589600e-01 4.023611545562744141e-01 6.639627274125814438e-03
4.464216232299804688e-01 4.007155299186706543e-01 2.922314452007412910e-03
4.638937711715698242e-01 3.945571780204772949e-01 2.101438818499445915e-03
4.774096906185150146e-01 3.873821496963500977e-01 7.871376583352684975e-04
5.048251152038574219e-01 3.744335174560546875e-01 -1.692097447812557220e-02
3.923088312149047852e-01 4.351056516170501709e-01 3.008303232491016388e-02
4.106204211711883545e-01 3.375846147537231445e-01 2.714405208826065063e-02
5.045580267906188965e-01 4.599908590316772461e-01 -5.525592714548110962e-02
4.790694713592529297e-01 4.186847209930419922e-01 -1.331554632633924484e-02
3.787474930286407471e-01 3.788481652736663818e-01 1.052370816469192505e-01
4.878946244716644287e-01 3.790765702724456787e-01 7.255913806147873402e-04
4.704913198947906494e-01 4.499343335628509521e-01 -1.379746571183204651e-02
4.232657551765441895e-01 3.546520769596099854e-01 2.397658675909042358e-02
4.828883111476898193e-01 4.320368766784667969e-01 -3.842638060450553894e-02
3.774282932281494141e-01 4.906963706016540527e-01 9.438941627740859985e-02
4.838399291038513184e-01 3.587719202041625977e-01 1.579789072275161743e-02
4.930230677127838135e-01 4.228375256061553955e-01 -4.772504419088363647e-02
4.064533412456512451e-01 5.695372819900512695e-01 2.469002828001976013e-02
4.041133224964141846e-01 5.922504663467407227e-01 3.937291353940963745e-02
3.787714838981628418e-01 4.437423050403594971e-01 6.754834949970245361e-02
3.943049907684326172e-01 5.469478368759155273e-01 3.764051944017410278e-02
3.943031132221221924e-01 3.453481793403625488e-01 6.476775556802749634e-02
4.484425187110900879e-01 6.289378404617309570e-01 -8.314378559589385986e-03
5.051544904708862305e-01 4.648037552833557129e-01 -4.184734076261520386e-02
4.680438041687011719e-01 4.298350512981414795e-01 -1.111318077892065048e-02
3.959691524505615234e-01 3.659551739692687988e-01 4.515900835394859314e-02
4.446283876895904541e-01 3.640347719192504883e-01 1.264983508735895157e-02
4.548928439617156982e-01 3.652496933937072754e-01 1.040841732174158096e-02
4.550892412662506104e-01 5.489064455032348633e-01 -1.241184491664171219e-02
3.917245566844940186e-01 4.685579836368560791e-01 2.954805456101894379e-02
4.675456881523132324e-01 6.569448709487915039e-01 -7.127735298126935959e-03
4.329578280448913574e-01 6.303611993789672852e-01 1.330001186579465866e-02
4.191336333751678467e-01 6.143649816513061523e-01 2.480415441095829010e-02
5.209844112396240234e-01 2.783684730529785156e-01 3.462501568719744682e-03
4.933575391769409180e-01 6.631394028663635254e-01 -9.126803837716579437e-03
4.647706747055053711e-01 3.641282021999359131e-01 1.048417668789625168e-02
4.743974506855010986e-01 3.611697852611541748e-01 1.253194082528352737e-02
4.806554019451141357e-01 3.595797717571258545e-01 1.528863422572612762e-02
4.028853774070739746e-01 3.357387185096740723e-01 3.824455291032791138e-02
4.749893248081207275e-01 3.595569431781768799e-01 1.239940151572227478e-02
4.653837680816650391e-01 3.619322478771209717e-01 1.018493156880140305e-02
4.553228616714477539e-01 3.624325096607208252e-01 1.023883465677499771e-02
4.445720613002777100e-01 3.611854612827301025e-01 1.215050835162401199e-02
4.369069337844848633e-01 3.598550856113433838e-01 1.501003373414278030e-02
3.856187462806701660e-01 3.409234285354614258e-01 9.316960722208023071e-02
4.375385642051696777e-01 3.620765209197998047e-01 1.580961979925632477e-02
5.074093937873840332e-01 4.838495552539825439e-01 -3.417686372995376587e-02
4.686253070831298828e-01 4.891554117202758789e-01 -2.506613358855247498e-02
4.837203323841094971e-01 4.542111456394195557e-01 -3.364460542798042297e-02
4.912413954734802246e-01 4.835709333419799805e-01 -3.375601023435592651e-02
5.164507031440734863e-01 3.540187776088714600e-01 -9.971974417567253113e-03
4.195067882537841797e-01 5.921678543090820312e-01 1.447907555848360062e-02
4.331033825874328613e-01 6.104218959808349609e-01 3.692701458930969238e-03
4.688625335693359375e-01 6.432554125785827637e-01 -1.840331405401229858e-02
3.929999172687530518e-01 5.678727626800537109e-01 5.894201248884201050e-02
4.811241924762725830e-01 3.584590554237365723e-01 1.449082698673009872e-02
4.961173534393310547e-01 3.973449170589447021e-01 -2.384581789374351501e-02
4.943370521068572998e-01 6.494790315628051758e-01 -2.018605358898639679e-02
4.484584033489227295e-01 6.450960636138916016e-01 1.033744774758815765e-03
3.795522451400756836e-01 4.805778563022613525e-01 6.162216886878013611e-02
4.776749908924102783e-01 5.625440478324890137e-01 -2.135770767927169800e-02
4.747056365013122559e-01 5.655959844589233398e-01 -2.358060330152511597e-02
4.717774093151092529e-01 5.701067447662353516e-01 -2.561228349804878235e-02
4.695766270160675049e-01 5.751777887344360352e-01 -2.443370781838893890e-02
4.659070670604705811e-01 5.819327235221862793e-01 -1.813304051756858826e-02
4.616323411464691162e-01 5.267019271850585938e-01 -1.555859390646219254e-02
4.585635364055633545e-01 5.258455872535705566e-01 -1.544867642223834991e-02
4.559426307678222656e-01 5.243785977363586426e-01 -1.525655202567577362e-02
4.469914436340332031e-01 5.127668380737304688e-01 -1.257764454931020737e-02
4.079483449459075928e-01 4.752352237701416016e-01 8.340693078935146332e-03
4.968405961990356445e-01 3.834196329116821289e-01 -1.222456712275743484e-02
4.938464760780334473e-01 3.457731306552886963e-01 9.944982826709747314e-03
4.867500364780426025e-01 3.483383357524871826e-01 1.343896426260471344e-02
4.640468955039978027e-01 5.264253616333007812e-01 -1.497100945562124252e-02
4.027147889137268066e-01 5.187286138534545898e-01 2.081053331494331360e-02
5.041821599006652832e-01 3.456899523735046387e-01 -3.589299740269780159e-03
4.592574834823608398e-01 5.948060750961303711e-01 -1.407685130834579468e-02
5.141152143478393555e-01 4.010131955146789551e-01 -4.371617361903190613e-02
5.046116709709167480e-01 3.892090916633605957e-01 -2.946835756301879883e-02
5.148182511329650879e-01 3.867305517196655273e-01 -3.131831809878349304e-02
4.863614737987518311e-01 4.205048680305480957e-01 -2.703294530510902405e-02
4.958353042602539062e-01 6.313332319259643555e-01 -2.336320653557777405e-02
4.973283410072326660e-01 6.122885346412658691e-01 -2.118327282369136810e-02
4.773287475109100342e-01 6.078120470046997070e-01 -1.961168833076953888e-02
4.364569783210754395e-01 5.565733313560485840e-01 -3.188974689692258835e-03
4.599256217479705811e-01 4.627416729927062988e-01 -1.234137918800115585e-02
4.459144771099090576e-01 5.777021050453186035e-01 -8.363053202629089355e-03
4.346482157707214355e-01 4.596168100833892822e-01 -9.108868427574634552e-03
4.482303261756896973e-01 4.787655770778656006e-01 -1.212139707058668137e-02
4.233758449554443359e-01 4.868639409542083740e-01 -2.965534105896949768e-03
4.723420143127441406e-01 6.256603598594665527e-01 -2.120345085859298706e-02
4.785157442092895508e-01 4.297055006027221680e-01 -2.079099416732788086e-02
4.256648421287536621e-01 5.707167983055114746e-01 4.709735512733459473e-03
4.384298026561737061e-01 5.916454195976257324e-01 -2.416188130155205727e-03
4.302995800971984863e-01 5.326077938079833984e-01 -1.871077110990881920e-03
3.926656246185302734e-01 4.982306957244873047e-01 3.067174740135669708e-02
4.155667126178741455e-01 5.370237827301025391e-01 7.409650832414627075e-03
3.840471208095550537e-01 5.153372883796691895e-01 5.325964838266372681e-02
4.377900362014770508e-01 5.000795722007751465e-01 -8.724639192223548889e-03
4.878836274147033691e-01 4.078973531723022461e-01 -1.812012493610382080e-02
4.863820075988769531e-01 4.479390084743499756e-01 -4.616688936948776245e-02
4.789200425148010254e-01 4.528118968009948730e-01 -3.549037128686904907e-02
4.919525682926177979e-01 4.371387958526611328e-01 -5.294805392622947693e-02
4.860125482082366943e-01 3.277461230754852295e-01 7.812759838998317719e-03
4.679271280765533447e-01 3.156181573867797852e-01 5.725315306335687637e-03
4.510563015937805176e-01 3.127112984657287598e-01 5.366374738514423370e-03
4.365351200103759766e-01 3.166744112968444824e-01 8.596291765570640564e-03
4.256583452224731445e-01 3.249281644821166992e-01 1.433878671377897263e-02
4.155540466308593750e-01 3.580597341060638428e-01 2.766199037432670593e-02
3.799253106117248535e-01 4.094680249691009521e-01 6.961932033300399780e-02
4.216198325157165527e-01 3.813430070877075195e-01 1.715076528489589691e-02
4.334226846694946289e-01 3.867673873901367188e-01 1.091161463409662247e-02
4.494240880012512207e-01 3.870528936386108398e-01 7.123406976461410522e-03
4.650435149669647217e-01 3.833504915237426758e-01 6.236673798412084579e-03
4.773988127708435059e-01 3.774312138557434082e-01 7.026294711977243423e-03
4.860661327838897705e-01 3.722589612007141113e-01 7.264370098710060120e-03
3.765046298503875732e-01 4.146489202976226807e-01 1.083959192037582397e-01
4.785217344760894775e-01 4.578967094421386719e-01 -3.056317009031772614e-02
4.953869581222534180e-01 4.098125100135803223e-01 -3.432476520538330078e-02
4.941906332969665527e-01 4.484595954418182373e-01 -5.445618927478790283e-02
4.992785453796386719e-01 4.577048718929290771e-01 -5.084564164280891418e-02
4.939469099044799805e-01 4.518613815307617188e-01 -4.947451129555702209e-02
4.807886779308319092e-01 4.634828269481658936e-01 -2.731292322278022766e-02
5.012364983558654785e-01 4.589245915412902832e-01 -5.381161719560623169e-02
5.017657279968261719e-01 4.636147916316986084e-01 -4.174822196364402771e-02
4.880024790763854980e-01 3.580074906349182129e-01 1.426369231194257736e-02
4.934688806533813477e-01 3.631883859634399414e-01 7.553629577159881592e-03
4.966314136981964111e-01 3.667291998863220215e-01 -5.364753887988626957e-04
4.319604635238647461e-01 3.585686087608337402e-01 1.808931119740009308e-02
4.251577556133270264e-01 3.423908948898315430e-01 1.867627725005149841e-02
5.231308937072753906e-01 4.044832587242126465e-01 -3.978740796446800232e-02
5.963723063468933105e-01 3.854477107524871826e-01 2.532618679106235504e-02
5.197350382804870605e-01 4.632076323032379150e-01 -4.100863635540008545e-02
6.327262520790100098e-01 3.335005044937133789e-01 8.616299927234649658e-02
5.628883242607116699e-01 3.881428837776184082e-01 1.248641032725572586e-02
5.735232830047607422e-01 3.923846781253814697e-01 1.346222590655088425e-02
5.842242836952209473e-01 3.941805064678192139e-01 1.664762198925018311e-02
6.006963253021240234e-01 3.900718688964843750e-01 2.617874927818775177e-02
5.544158816337585449e-01 3.814434409141540527e-01 1.350486185401678085e-02
5.812563896179199219e-01 3.461853265762329102e-01 1.235495507717132568e-02
5.694024562835693359e-01 3.466288149356842041e-01 1.246094889938831329e-02
5.925952196121215820e-01 3.499373197555541992e-01 1.564681157469749451e-02
6.000171899795532227e-01 3.578897118568420410e-01 1.977069862186908722e-02
6.079150438308715820e-01 3.985685110092163086e-01 3.043623082339763641e-02
5.409734845161437988e-01 6.186715960502624512e-01 -8.741147816181182861e-03
6.006906628608703613e-01 3.837534189224243164e-01 2.918769791722297668e-02
6.374718546867370605e-01 4.006938934326171875e-01 8.031421899795532227e-02
6.203218698501586914e-01 3.867881894111633301e-01 4.281256347894668579e-02
5.651872158050537109e-01 4.527573883533477783e-01 -6.135906092822551727e-03
5.201312303543090820e-01 5.054197311401367188e-01 -3.704810515046119690e-02
5.173701047897338867e-01 5.150719285011291504e-01 -3.381928429007530212e-02
5.339813828468322754e-01 5.135146379470825195e-01 -3.008832782506942749e-02
5.419197678565979004e-01 5.236861705780029297e-01 -2.072772011160850525e-02
5.278366804122924805e-01 5.197890996932983398e-01 -2.833544090390205383e-02
5.350531339645385742e-01 5.269235968589782715e-01 -1.960771717131137848e-02
5.535230040550231934e-01 5.616235733032226562e-01 -3.828326938673853874e-03
5.199522376060485840e-01 4.525342583656311035e-01 -5.907951667904853821e-02
5.226235985755920410e-01 4.373683035373687744e-01 -6.085216626524925232e-02
6.162508130073547363e-01 3.374270200729370117e-01 2.543058432638645172e-02
5.450544953346252441e-01 4.109824597835540771e-01 -3.687097225338220596e-03
5.450120568275451660e-01 4.548700451850891113e-01 -3.136485442519187927e-02
5.464884042739868164e-01 4.474541842937469482e-01 -2.724416926503181458e-02
5.978111624717712402e-01 4.566065371036529541e-01 8.405361324548721313e-03
5.230680704116821289e-01 4.193521440029144287e-01 -5.226503312587738037e-02
5.927537679672241211e-01 3.143883943557739258e-01 8.105689659714698792e-03
6.069616079330444336e-01 3.226714730262756348e-01 1.626686565577983856e-02
6.227112412452697754e-01 3.030164539813995361e-01 6.806252151727676392e-02
5.434226393699645996e-01 3.245239257812500000e-01 -3.737325081601738930e-03
5.586756467819213867e-01 3.517099618911743164e-01 1.485194824635982513e-02
5.624933242797851562e-01 5.433334708213806152e-01 -3.938715381082147360e-04
6.171421408653259277e-01 5.559470653533935547e-01 8.929651230573654175e-02
5.355415344238281250e-01 4.629409611225128174e-01 -2.847961708903312683e-02
5.265880227088928223e-01 4.667827486991882324e-01 -3.104857541620731354e-02
5.472412109375000000e-01 5.487256646156311035e-01 -1.823901315219700336e-03
5.436959862709045410e-01 5.478562712669372559e-01 -4.976614378392696381e-03
6.131495237350463867e-01 3.124356269836425781e-01 2.309449389576911926e-02
5.446815490722656250e-01 4.629670977592468262e-01 -2.627328597009181976e-02
5.726315975189208984e-01 3.137799501419067383e-01 1.243955688551068306e-03
5.749126076698303223e-01 3.008620738983154297e-01 8.094827062450349331e-04
5.823898315429687500e-01 2.594048380851745605e-01 2.959928289055824280e-02
6.150560379028320312e-01 3.135819137096405029e-01 4.265210404992103577e-02
5.751993060111999512e-01 2.841492891311645508e-01 1.493902038782835007e-02
6.228448152542114258e-01 3.318109214305877686e-01 3.588899597525596619e-02
6.253079771995544434e-01 3.387557864189147949e-01 5.974635109305381775e-02
5.190948843955993652e-01 5.105751156806945801e-01 -3.660898283123970032e-02
5.309544205665588379e-01 5.170593857765197754e-01 -2.971008047461509705e-02
5.386995077133178711e-01 5.254819393157958984e-01 -2.114516310393810272e-02
5.327106714248657227e-01 4.658924043178558350e-01 -2.671660855412483215e-02
5.454453825950622559e-01 5.484018921852111816e-01 -3.541430458426475525e-03
5.424698591232299805e-01 5.593016147613525391e-01 -9.802033193409442902e-03
5.421503782272338867e-01 5.471987128257751465e-01 -5.324560683220624924e-03
5.311242938041687012e-01 4.554938077926635742e-01 -4.259962961077690125e-02
5.323516130447387695e-01 5.269702076911926270e-01 -1.858211122453212738e-02
5.252514481544494629e-01 5.209084153175354004e-01 -2.500735782086849213e-02
5.158387422561645508e-01 5.174938440322875977e-01 -3.013474866747856140e-02
5.156263709068298340e-01 5.969076752662658691e-01 -1.896074227988719940e-02
5.181025862693786621e-01 5.903014540672302246e-01 -2.768195793032646179e-02
5.173730254173278809e-01 5.836244821548461914e-01 -2.880162186920642853e-02
5.159831643104553223e-01 5.766485333442687988e-01 -2.607109956443309784e-02
5.141714811325073242e-01 5.712546110153198242e-01 -2.369348332285881042e-02
5.311141014099121094e-01 5.632426738739013672e-01 -1.374003104865550995e-02
5.341638922691345215e-01 5.655493140220642090e-01 -1.581156812608242035e-02
5.377483367919921875e-01 5.687136054039001465e-01 -1.754610985517501831e-02
5.405672192573547363e-01 5.721865296363830566e-01 -1.584592089056968689e-02
5.533090829849243164e-01 5.090945959091186523e-01 -1.579397358000278473e-02
6.340932250022888184e-01 4.764783680438995361e-01 1.153389811515808105e-01
5.363054871559143066e-01 5.572783350944519043e-01 -8.223728276789188385e-03
5.394884347915649414e-01 5.581404566764831543e-01 -9.720063768327236176e-03
5.232551097869873047e-01 4.726288616657257080e-01 -3.234526515007019043e-02
5.403305292129516602e-01 4.727160632610321045e-01 -1.973768509924411774e-02
5.248665809631347656e-01 4.698175787925720215e-01 -3.194043785333633423e-02
5.559287667274475098e-01 4.215438067913055420e-01 -8.970897761173546314e-04
5.733186602592468262e-01 4.340844154357910156e-01 1.453416189178824425e-03
5.476641654968261719e-01 4.556942880153656006e-01 -2.181916497647762299e-02
6.070252060890197754e-01 2.777094542980194092e-01 4.767219349741935730e-02
5.993019938468933105e-01 2.948443293571472168e-01 2.808735147118568420e-02
5.972316265106201172e-01 3.022304177284240723e-01 1.200745720416307449e-02
5.443838238716125488e-01 5.756110548973083496e-01 -9.502628818154335022e-03
5.476382374763488770e-01 3.036997616291046143e-01 -5.176365841180086136e-03
5.499261617660522461e-01 2.804163694381713867e-01 6.851735059171915054e-03
5.553843379020690918e-01 2.495564520359039307e-01 1.817511394619941711e-02
5.943190455436706543e-01 3.938624560832977295e-01 2.147494256496429443e-02
6.186997890472412109e-01 4.094406664371490479e-01 3.545350953936576843e-02
5.490528345108032227e-01 3.759760260581970215e-01 1.528554968535900116e-02
6.106561422348022461e-01 3.646981716156005859e-01 2.910202182829380035e-02
5.380852222442626953e-01 3.995766341686248779e-01 -6.890528369694948196e-03
5.389122962951660156e-01 4.468660652637481689e-01 -4.142447561025619507e-02
6.275469064712524414e-01 4.255444407463073730e-01 4.599969089031219482e-02
6.103480458259582520e-01 4.190214276313781738e-01 2.426329068839550018e-02
5.957540273666381836e-01 4.222378432750701904e-01 1.351207308471202850e-02
5.747916698455810547e-01 4.165404140949249268e-01 8.394902572035789490e-03
5.599090456962585449e-01 4.074323475360870361e-01 6.313124205917119980e-03
5.487990379333496094e-01 3.982361853122711182e-01 3.880092641338706017e-03
5.255234241485595703e-01 3.764266371726989746e-01 -1.592006348073482513e-02
6.245318651199340820e-01 4.580204486846923828e-01 3.907373547554016113e-02
6.189576983451843262e-01 3.613799214363098145e-01 3.486271575093269348e-02
5.154975652694702148e-01 4.610951244831085205e-01 -5.479641631245613098e-02
5.440325140953063965e-01 4.252357184886932373e-01 -1.047457754611968994e-02
6.397848129272460938e-01 4.041502475738525391e-01 1.171621233224868774e-01
5.405462980270385742e-01 3.884339034557342529e-01 3.115679137408733368e-03
5.484568476676940918e-01 4.578700661659240723e-01 -1.080480404198169708e-02
6.055253148078918457e-01 3.808304071426391602e-01 3.107969090342521667e-02
5.401483774185180664e-01 4.378660917282104492e-01 -3.629234433174133301e-02
6.279947757720947266e-01 5.150677561759948730e-01 1.051330491900444031e-01
5.497761368751525879e-01 3.719944655895233154e-01 1.899482309818267822e-02
5.318704247474670410e-01 4.267866909503936768e-01 -4.611820355057716370e-02
5.914549827575683594e-01 5.867624282836914062e-01 3.138281777501106262e-02
5.903085470199584961e-01 6.093605756759643555e-01 4.735628888010978699e-02
6.353927850723266602e-01 4.682956039905548096e-01 7.685212790966033936e-02
6.064502596855163574e-01 5.669310688972473145e-01 4.531050100922584534e-02
6.317551732063293457e-01 3.676741719245910645e-01 7.353189587593078613e-02
5.425000190734863281e-01 6.370937228202819824e-01 -5.124796181917190552e-03
5.137481093406677246e-01 4.656510949134826660e-01 -4.156693071126937866e-02
5.528472661972045898e-01 4.385183453559875488e-01 -7.554305717349052429e-03
6.295600533485412598e-01 3.908396363258361816e-01 5.375093221664428711e-02
5.840889215469360352e-01 3.858562707901000977e-01 1.847949624061584473e-02
5.742785930633544922e-01 3.840563893318176270e-01 1.557101495563983917e-02
5.451887845993041992e-01 5.606726408004760742e-01 -8.332571946084499359e-03
6.204611659049987793e-01 4.910394251346588135e-01 3.841624781489372253e-02
5.196375250816345215e-01 6.615456938743591309e-01 -4.995111376047134399e-03
5.571440458297729492e-01 6.409903764724731445e-01 1.848216168582439423e-02
5.729066133499145508e-01 6.279282569885253906e-01 3.136571496725082397e-02
5.653910636901855469e-01 3.805890381336212158e-01 1.493605878204107285e-02
5.574936866760253906e-01 3.757635951042175293e-01 1.634551584720611572e-02
5.524642467498779297e-01 3.731224238872528076e-01 1.870844513177871704e-02
6.267195343971252441e-01 3.590764701366424561e-01 4.651380330324172974e-02
5.580189228057861328e-01 3.760237693786621094e-01 1.627076789736747742e-02
5.666445493698120117e-01 3.815193474292755127e-01 1.476229447871446609e-02
5.751999020576477051e-01 3.847090005874633789e-01 1.551148574799299240e-02
5.847533941268920898e-01 3.855900168418884277e-01 1.804196648299694061e-02
5.918043255805969238e-01 3.852722644805908203e-01 2.139025181531906128e-02
6.382822394371032715e-01 3.653433024883270264e-01 1.045910120010375977e-01
5.911579132080078125e-01 3.859803676605224609e-01 2.203881554305553436e-02
5.439890623092651367e-01 4.970183968544006348e-01 -2.204105816781520844e-02
5.358957052230834961e-01 4.597334861755371094e-01 -3.184839710593223572e-02
5.234856009483337402e-01 4.870250821113586426e-01 -3.251820802688598633e-02
5.754821300506591797e-01 6.062899231910705566e-01 1.995118707418441772e-02
5.598769187927246094e-01 6.215829849243164062e-01 7.965554483234882355e-03
5.206806659698486328e-01 6.479096412658691406e-01 -1.668236404657363892e-02
6.039724349975585938e-01 5.876234769821166992e-01 6.808530539274215698e-02
5.524673461914062500e-01 3.726863265037536621e-01 1.797683537006378174e-02
5.311837792396545410e-01 4.008305668830871582e-01 -2.225863933563232422e-02
5.401217341423034668e-01 6.528085470199584961e-01 4.820710048079490662e-03
6.298133730888366699e-01 5.044421553611755371e-01 7.061820477247238159e-02
5.238935351371765137e-01 5.681324005126953125e-01 -1.907604746520519257e-02
5.268592238426208496e-01 5.721728801727294922e-01 -2.121829614043235779e-02
5.296080112457275391e-01 5.776096582412719727e-01 -2.311469428241252899e-02
5.316218137741088867e-01 5.836944580078125000e-01 -2.186513505876064301e-02
5.321431159973144531e-01 5.882635712623596191e-01 -1.528709474951028824e-02
5.402982831001281738e-01 5.360863208770751953e-01 -1.174348965287208557e-02
5.434598326683044434e-01 5.357969403266906738e-01 -1.127463486045598984e-02
5.464436411857604980e-01 5.347542166709899902e-01 -1.093765255063772202e-02
5.596695542335510254e-01 5.246792435646057129e-01 -7.496953941881656647e-03
6.041802763938903809e-01 4.948824942111968994e-01 1.627345383167266846e-02
5.316234230995178223e-01 3.868674337863922119e-01 -1.057849079370498657e-02
5.418307781219482422e-01 3.569132983684539795e-01 1.192398369312286377e-02
5.484442710876464844e-01 3.613905608654022217e-01 1.643148995935916901e-02
5.379257202148437500e-01 5.352517962455749512e-01 -1.114567089825868607e-02
6.024390459060668945e-01 5.382576584815979004e-01 2.851035259664058685e-02
5.308112502098083496e-01 3.538261950016021729e-01 -2.251577330753207207e-03
5.369789600372314453e-01 6.019611358642578125e-01 -1.117161195725202560e-02
5.244381427764892578e-01 3.911273181438446045e-01 -2.861502766609191895e-02
5.375145077705383301e-01 4.257520437240600586e-01 -2.501539140939712524e-02
5.178224444389343262e-01 6.115838289260864258e-01 -1.831335388123989105e-02
5.636845231056213379e-01 5.691485404968261719e-01 1.990603515878319740e-03
5.562211275100708008e-01 4.725998938083648682e-01 -8.546185679733753204e-03
5.517929792404174805e-01 5.877546072006225586e-01 -4.314020276069641113e-03
5.808025598526000977e-01 4.746996760368347168e-01 -2.971871057525277138e-03
5.647623538970947266e-01 4.908905327320098877e-01 -7.229583803564310074e-03
5.874096155166625977e-01 5.035992264747619629e-01 3.990989178419113159e-03
5.200687050819396973e-01 6.300826072692871094e-01 -1.956993341445922852e-02
5.435957908630371094e-01 4.362235367298126221e-01 -1.827215217053890228e-02
5.724837183952331543e-01 5.845692157745361328e-01 1.025800127536058426e-02
5.573555827140808105e-01 6.025471687316894531e-01 1.814634306356310844e-03
5.731931328773498535e-01 5.472431778907775879e-01 4.424502607434988022e-03
6.151331663131713867e-01 5.199195146560668945e-01 3.912765160202980042e-02
5.872583985328674316e-01 5.538330078125000000e-01 1.424983702600002289e-02
6.207934021949768066e-01 5.378550291061401367e-01 6.191011145710945129e-02
5.710226893424987793e-01 5.140644907951354980e-01 -2.885572379454970360e-03
5.373005270957946777e-01 4.128908812999725342e-01 -1.587925106287002563e-02
5.347808599472045898e-01 4.530384838581085205e-01 -4.428803920745849609e-02
5.409492850303649902e-01 4.592544734477996826e-01 -3.335652500391006470e-02
5.313190221786499023e-01 4.412590861320495605e-01 -5.156341567635536194e-02
5.520068407058715820e-01 3.419553935527801514e-01 1.051086746156215668e-02
5.705255866050720215e-01 3.330687284469604492e-01 9.804431349039077759e-03
5.859050154685974121e-01 3.329344987869262695e-01 1.081059593707323074e-02
5.983009338378906250e-01 3.383921384811401367e-01 1.496655866503715515e-02
6.069568991661071777e-01 3.486504852771759033e-01 2.131404355168342590e-02
6.117172837257385254e-01 3.829479813575744629e-01 3.515246510505676270e-02
6.380554437637329102e-01 4.341229796409606934e-01 7.920312136411666870e-02
6.016833186149597168e-01 4.044687151908874512e-01 2.425512112677097321e-02
5.895390510559082031e-01 4.063051640987396240e-01 1.722552254796028137e-02
5.749048590660095215e-01 4.034922122955322266e-01 1.240168977528810501e-02
5.613974928855895996e-01 3.970955312252044678e-01 1.048313546925783157e-02
5.512338876724243164e-01 3.892580568790435791e-01 1.021596509963274002e-02
5.442394018173217773e-01 3.826797604560852051e-01 9.862834587693214417e-03
6.373026371002197266e-01 4.402554035186767578e-01 1.202531605958938599e-01
5.402037501335144043e-01 4.642377197742462158e-01 -2.841467410326004028e-02
5.307263731956481934e-01 4.133606851100921631e-01 -3.273497894406318665e-02
5.274137258529663086e-01 4.518626928329467773e-01 -5.324666202068328857e-02
5.207504630088806152e-01 4.599543511867523193e-01 -5.014407262206077576e-02
5.268411040306091309e-01 4.553867280483245850e-01 -4.823453724384307861e-02
5.369646549224853516e-01 4.692242741584777832e-01 -2.546284720301628113e-02
5.188274979591369629e-01 4.607149660587310791e-01 -5.323577672243118286e-02
5.172057151794433594e-01 4.651550054550170898e-01 -4.125300422310829163e-02
5.455794930458068848e-01 3.702091574668884277e-01 1.690827310085296631e-02
5.389724969863891602e-01 3.730255365371704102e-01 9.628657251596450806e-03
5.345404744148254395e-01 3.752348721027374268e-01 1.151620526798069477e-03
5.966686606407165527e-01 3.845832645893096924e-01 2.469705045223236084e-02
6.051305532455444336e-01 3.676259219646453857e-01 2.557397447526454926e-02
4.573458433151245117e-01 3.600545525550842285e-01 1.417438499629497528e-02
4.681552052497863770e-01 3.600834906101226807e-01 1.417438499629497528e-02
4.579438865184783936e-01 3.480470776557922363e-01 1.417438499629497528e-02
4.464475214481353760e-01 3.600512444972991943e-01 1.417438499629497528e-02
4.566587507724761963e-01 3.719074726104736328e-01 1.417438499629497528e-02
5.734359025955200195e-01 3.799416422843933105e-01 1.926491968333721161e-02
5.846458077430725098e-01 3.814771175384521484e-01 1.926491968333721161e-02
5.742802619934082031e-01 3.670288026332855225e-01 1.926491968333721161e-02
5.621556639671325684e-01 3.783688545227050781e-01 1.926491968333721161e-02
5.726058483123779297e-01 3.925410509109497070e-01 1.926491968333721161e-02
