5.082464218139648438e-01 5.283760428428649902e-01 -3.724588081240653992e-02
5.124193429946899414e-01 4.744243323802947998e-01 -6.031765416264533997e-02
5.097743868827819824e-01 4.931756556034088135e-01 -3.401076793670654297e-02
5.066436529159545898e-01 4.193119406700134277e-01 -4.232899844646453857e-02
5.139952301979064941e-01 4.572495520114898682e-01 -6.306824088096618652e-02
5.154089927673339844e-01 4.356780946254730225e-01 -5.709923803806304932e-02
5.183743834495544434e-01 3.841286301612854004e-01 -2.231162041425704956e-02
4.367580115795135498e-01 3.693498373031616211e-01 1.567297242581844330e-02
5.215617418289184570e-01 3.400183320045471191e-01 -1.121231168508529663e-02
5.234749317169189453e-01 3.175508975982666016e-01 -1.127125322818756104e-02
5.287223458290100098e-01 2.466609179973602295e-01 7.537816185504198074e-03
5.079913735389709473e-01 5.324700474739074707e-01 -3.628684207797050476e-02
5.075134634971618652e-01 5.366060137748718262e-01 -3.296355903148651123e-02
5.071606040000915527e-01 5.392724275588989258e-01 -2.822404727339744568e-02
5.049970746040344238e-01 5.704214572906494141e-01 -2.625136636197566986e-02
5.048651695251464844e-01 5.760673284530639648e-01 -2.841205336153507233e-02
5.043702721595764160e-01 5.832990407943725586e-01 -3.123868256807327271e-02
5.037558078765869141e-01 5.908549427986145020e-01 -3.014226816594600677e-02
4.993813931941986084e-01 6.049430370330810547e-01 -2.073732577264308929e-02
5.112581253051757812e-01 4.837525784969329834e-01 -5.514614284038543701e-02
5.006222128868103027e-01 4.829725325107574463e-01 -4.083888232707977295e-02
3.956986069679260254e-01 3.058437705039978027e-01 7.170380651950836182e-02
4.659151732921600342e-01 3.888934850692749023e-01 5.176485516130924225e-03
4.543098211288452148e-01 3.892391324043273926e-01 5.208598915487527847e-03
4.436284899711608887e-01 3.865927457809448242e-01 7.737960200756788254e-03
4.309686720371246338e-01 3.746269345283508301e-01 1.647958345711231232e-02
4.764556288719177246e-01 3.848478496074676514e-01 7.520965766161680222e-03
4.562744200229644775e-01 3.319293558597564697e-01 3.040390321984887123e-03
4.690368175506591797e-01 3.360313177108764648e-01 4.214735701680183411e-03
4.437372088432312012e-01 3.337371349334716797e-01 5.703509785234928131e-03
4.349055290222167969e-01 3.406407535076141357e-01 9.432353079319000244e-03
4.192615151405334473e-01 3.845360279083251953e-01 2.086015045642852783e-02
4.538226127624511719e-01 6.223948001861572266e-01 -1.189878582954406738e-02
4.333598017692565918e-01 3.636068701744079590e-01 1.932404190301895142e-02
3.836789727210998535e-01 3.761150240898132324e-01 6.937109678983688354e-02
4.071788787841796875e-01 3.698802590370178223e-01 3.245178982615470886e-02
4.550730586051940918e-01 4.568970203399658203e-01 -1.147816143929958344e-02
4.935136735439300537e-01 5.240452289581298828e-01 -3.645176440477371216e-02
4.942391216754913330e-01 5.347986221313476562e-01 -3.210709989070892334e-02
4.784046113491058350e-01 5.285842418670654297e-01 -3.113806806504726410e-02
4.682866036891937256e-01 5.349733829498291016e-01 -2.390810474753379822e-02
4.826660156250000000e-01 5.360063910484313965e-01 -2.846098318696022034e-02
4.735996425151824951e-01 5.393812060356140137e-01 -2.162835560739040375e-02
4.502975940704345703e-01 5.667183995246887207e-01 -9.419704787433147430e-03
5.031525492668151855e-01 4.728664457798004150e-01 -5.976368114352226257e-02
5.030630826950073242e-01 4.562220275402069092e-01 -6.225810199975967407e-02
4.204694330692291260e-01 3.206399381160736084e-01 1.401845924556255341e-02
4.810420572757720947e-01 4.179798364639282227e-01 -8.246806450188159943e-03
4.773118495941162109e-01 4.681876003742218018e-01 -3.395291790366172791e-02
4.767271578311920166e-01 4.595917761325836182e-01 -3.020951896905899048e-02
4.206677675247192383e-01 4.511969089508056641e-01 6.057539721950888634e-04
5.049628019332885742e-01 4.362379908561706543e-01 -5.440486222505569458e-02
4.500794112682342529e-01 3.010661602020263672e-01 -1.841785386204719543e-03
4.334170222282409668e-01 3.070548176765441895e-01 5.454410333186388016e-03
4.115999937057495117e-01 2.775655984878540039e-01 5.307145044207572937e-02
4.986983537673950195e-01 3.244376778602600098e-01 -9.161966852843761444e-03
4.793865680694580078e-01 3.459962010383605957e-01 7.756778970360755920e-03
4.439298510551452637e-01 5.488917827606201172e-01 -6.584110204130411148e-03
3.827189207077026367e-01 5.371095538139343262e-01 8.510939776897430420e-02
4.849148392677307129e-01 4.787334799766540527e-01 -2.974583767354488373e-02
4.930325746536254883e-01 4.846348166465759277e-01 -3.070081025362014771e-02
4.571930468082427979e-01 5.505018830299377441e-01 -7.440624758601188660e-03
4.605222344398498535e-01 5.503489971160888672e-01 -1.020431704819202423e-02
4.280846118927001953e-01 2.959140241146087646e-01 1.148485392332077026e-02
4.759678542613983154e-01 4.764540791511535645e-01 -2.838931418955326080e-02
4.711991250514984131e-01 3.050448000431060791e-01 -6.818125955760478973e-03
4.709019958972930908e-01 2.914295196533203125e-01 -7.940691895782947540e-03
4.628332853317260742e-01 2.450624108314514160e-01 1.638689637184143066e-02
4.196835160255432129e-01 2.921186685562133789e-01 2.963964827358722687e-02
4.674626290798187256e-01 2.735561728477478027e-01 4.035582765936851501e-03
4.139089584350585938e-01 3.137476444244384766e-01 2.403659000992774963e-02
4.046931862831115723e-01 3.150146007537841797e-01 4.682658985257148743e-02
4.935629963874816895e-01 5.298130512237548828e-01 -3.559934347867965698e-02
4.804458022117614746e-01 5.327079296112060547e-01 -3.040503524243831635e-02
4.708208143711090088e-01 5.373886227607727051e-01 -2.373641356825828552e-02
4.871314764022827148e-01 4.824131131172180176e-01 -2.735917828977108002e-02
4.588679373264312744e-01 5.504671335220336914e-01 -8.857069537043571472e-03
4.629337191581726074e-01 5.577971339225769043e-01 -1.533898431807756424e-02
4.620173871517181396e-01 5.501929521560668945e-01 -1.042363513261079788e-02
4.908941388130187988e-01 4.723592698574066162e-01 -4.442903026938438416e-02
4.758147001266479492e-01 5.403188467025756836e-01 -1.996991783380508423e-02
4.845448136329650879e-01 5.377904176712036133e-01 -2.437683008611202240e-02
4.950610399246215820e-01 5.375216007232666016e-01 -2.769734524190425873e-02
4.841459095478057861e-01 6.017702817916870117e-01 -2.107002027332782745e-02
4.880051314830780029e-01 5.865651965141296387e-01 -3.019500337541103363e-02
4.894752800464630127e-01 5.792706012725830078e-01 -3.091468103229999542e-02
4.911279380321502686e-01 5.723457932472229004e-01 -2.783148363232612610e-02
4.927595853805541992e-01 5.674249529838562012e-01 -2.568139135837554932e-02
4.745293259620666504e-01 5.597581863403320312e-01 -1.841996796429157257e-02
4.718306362628936768e-01 5.616091489791870117e-01 -2.052570693194866180e-02
4.685293436050415039e-01 5.646826028823852539e-01 -2.274632267653942108e-02
4.657744467258453369e-01 5.684152245521545410e-01 -2.133640646934509277e-02
4.597109258174896240e-01 5.193915963172912598e-01 -1.977794431149959564e-02
3.744188547134399414e-01 4.506548941135406494e-01 1.075225174427032471e-01
5.104866623878479004e-01 4.881627857685089111e-01 -4.118688404560089111e-02
4.686519205570220947e-01 5.559679865837097168e-01 -1.363230403512716293e-02
4.658059179782867432e-01 5.566280484199523926e-01 -1.509759109467267990e-02
4.956775009632110596e-01 4.915254116058349609e-01 -3.197346627712249756e-02
4.786131680011749268e-01 4.873070418834686279e-01 -2.084569633007049561e-02
4.944316148757934570e-01 4.881495535373687744e-01 -3.147244453430175781e-02
4.681402742862701416e-01 4.263833165168762207e-01 -6.143506616353988647e-03
4.487022161483764648e-01 4.348872900009155273e-01 -4.694294184446334839e-03
4.740402400493621826e-01 4.674654006958007812e-01 -2.456647157669067383e-02
4.329512417316436768e-01 2.564010918140411377e-01 3.306804597377777100e-02
4.396339356899261475e-01 2.774224877357482910e-01 1.575452834367752075e-02
4.473497867584228516e-01 2.882957458496093750e-01 1.124811475165188313e-03
4.584580957889556885e-01 5.797639489173889160e-01 -1.481477171182632446e-02
4.979507923126220703e-01 3.009616136550903320e-01 -1.176628842949867249e-02
4.953133761882781982e-01 2.770497798919677734e-01 -2.028124639764428139e-03
4.935795664787292480e-01 2.427138239145278931e-01 7.650661282241344452e-03
4.351443052291870117e-01 3.818925619125366211e-01 1.213963050395250320e-02
4.049540162086486816e-01 3.952023983001708984e-01 2.555059455335140228e-02
4.837414920330047607e-01 3.803976774215698242e-01 9.778043255209922791e-03
4.223746359348297119e-01 3.475763201713562012e-01 1.825358532369136810e-02
4.900894165039062500e-01 4.076601266860961914e-01 -1.095781847834587097e-02
4.846422970294952393e-01 4.613192677497863770e-01 -4.395607486367225647e-02
3.926361203193664551e-01 4.073912799358367920e-01 3.585177659988403320e-02
4.119294881820678711e-01 4.079385101795196533e-01 1.466479338705539703e-02
4.266557097434997559e-01 4.158637821674346924e-01 4.789907485246658325e-03
4.492287039756774902e-01 4.154976010322570801e-01 1.393810380250215530e-03
4.660983085632324219e-01 4.102106988430023193e-01 3.996224841102957726e-04
4.793832898139953613e-01 4.032964110374450684e-01 -1.048824051395058632e-03
5.073163509368896484e-01 3.867081701755523682e-01 -1.905929297208786011e-02
3.925181031227111816e-01 4.428376555442810059e-01 2.982918173074722290e-02
4.130821824073791504e-01 3.438140153884887695e-01 2.359589003026485443e-02
5.057464241981506348e-01 4.824240207672119141e-01 -5.486050620675086975e-02
4.810837507247924805e-01 4.343237578868865967e-01 -1.442433241754770279e-02
3.775809407234191895e-01 3.757100701332092285e-01 1.057313606142997742e-01
4.898540675640106201e-01 3.948611319065093994e-01 -1.215758267790079117e-03
4.724295735359191895e-01 4.689424335956573486e-01 -1.372630055993795395e-02
4.278381466865539551e-01 3.629836738109588623e-01 2.101832069456577301e-02
4.845635890960693359e-01 4.510528445243835449e-01 -3.914883732795715332e-02
3.766631782054901123e-01 4.923129379749298096e-01 9.929244220256805420e-02
4.850322008132934570e-01 3.744562864303588867e-01 1.310285367071628571e-02
4.946448802947998047e-01 4.414539635181427002e-01 -4.879823327064514160e-02
4.069451987743377686e-01 5.794820785522460938e-01 2.674491517245769501e-02
4.036326706409454346e-01 6.003506779670715332e-01 4.444032534956932068e-02
3.787733912467956543e-01 4.469280242919921875e-01 6.870133429765701294e-02
3.948449492454528809e-01 5.548250079154968262e-01 4.068383574485778809e-02
3.937141001224517822e-01 3.432314991950988770e-01 6.154651194810867310e-02
4.490022957324981689e-01 6.398785114288330078e-01 -7.241481915116310120e-03
5.062065720558166504e-01 4.869988858699798584e-01 -4.062520340085029602e-02
4.697749912738800049e-01 4.458434581756591797e-01 -1.182935014367103577e-02
3.963328599929809570e-01 3.726488947868347168e-01 4.291867464780807495e-02
4.463710486888885498e-01 3.773085474967956543e-01 9.434429928660392761e-03
4.555719196796417236e-01 3.802915215492248535e-01 7.260648068040609360e-03
4.602500200271606445e-01 5.593688488006591797e-01 -1.387713383883237839e-02
3.927603960037231445e-01 4.772383272647857666e-01 3.060827404260635376e-02
4.679074883460998535e-01 6.672489047050476074e-01 -4.086644388735294342e-03
4.331722259521484375e-01 6.407170891761779785e-01 1.661157049238681793e-02
4.191179275512695312e-01 6.241731047630310059e-01 2.872056514024734497e-02
5.262367129325866699e-01 2.825681567192077637e-01 -2.495948923751711845e-03
4.932389259338378906e-01 6.735363006591796875e-01 -5.849038250744342804e-03
4.652876555919647217e-01 3.801415264606475830e-01 7.591651286929845810e-03
4.748850464820861816e-01 3.777838945388793945e-01 9.859625250101089478e-03
4.814376533031463623e-01 3.761613965034484863e-01 1.268764957785606384e-02
4.045147299766540527e-01 3.405691385269165039e-01 3.487607464194297791e-02
4.758503735065460205e-01 3.616985678672790527e-01 9.020803496241569519e-03
4.662436246871948242e-01 3.560040593147277832e-01 6.817205343395471573e-03
4.565309584140777588e-01 3.540329337120056152e-01 6.669796071946620941e-03
4.467045664787292480e-01 3.552903234958648682e-01 8.561247959733009338e-03
4.402636885643005371e-01 3.584199845790863037e-01 1.149323582649230957e-02
3.847376108169555664e-01 3.369066119194030762e-01 9.148577600717544556e-02
4.405653774738311768e-01 3.733553886413574219e-01 1.268797367811203003e-02
5.084943175315856934e-01 5.068731904029846191e-01 -3.245513886213302612e-02
4.714339971542358398e-01 5.106730461120605469e-01 -2.427991852164268494e-02
4.852828383445739746e-01 4.753984510898590088e-01 -3.340262174606323242e-02
4.931928813457489014e-01 5.063095092773437500e-01 -3.252111002802848816e-02
5.196791291236877441e-01 3.630809485912322998e-01 -1.246893219649791718e-02
4.200001955032348633e-01 6.031262278556823730e-01 1.592382043600082397e-02
4.336472451686859131e-01 6.216323375701904297e-01 4.912951961159706116e-03
4.692451059818267822e-01 6.541320681571960449e-01 -1.733328402042388916e-02
3.922010064125061035e-01 5.736006498336791992e-01 6.517390161752700806e-02
4.823711514472961426e-01 3.693101406097412109e-01 1.149917766451835632e-02
4.980862438678741455e-01 4.119132161140441895e-01 -2.568903751671314240e-02
4.944438934326171875e-01 6.603410840034484863e-01 -1.887566596269607544e-02
4.488801360130310059e-01 6.555706262588500977e-01 3.931640647351741791e-03
3.803671598434448242e-01 4.850806891918182373e-01 6.400807946920394897e-02
4.826701283454895020e-01 5.636721849441528320e-01 -2.253104373812675476e-02
4.799907207489013672e-01 5.670483112335205078e-01 -2.483096346259117126e-02
4.773145020008087158e-01 5.723329782485961914e-01 -2.736905030906200409e-02
4.751497209072113037e-01 5.786723494529724121e-01 -2.653516829013824463e-02
4.694315195083618164e-01 5.921469330787658691e-01 -1.961875893175601959e-02
4.662194252014160156e-01 5.441807508468627930e-01 -1.546816993504762650e-02
4.634451866149902344e-01 5.433057546615600586e-01 -1.561961509287357330e-02
4.611428081989288330e-01 5.418512821197509766e-01 -1.563757099211215973e-02
4.502062201499938965e-01 5.325275063514709473e-01 -1.327035389840602875e-02
4.091007113456726074e-01 4.871605336666107178e-01 9.011028334498405457e-03
4.989373385906219482e-01 3.958964347839355469e-01 -1.408348418772220612e-02
4.948758780956268311e-01 3.604854345321655273e-01 6.955068558454513550e-03
4.875905513763427734e-01 3.624259233474731445e-01 1.036326400935649872e-02
4.684804379940032959e-01 5.443330407142639160e-01 -1.459172368049621582e-02
4.038232564926147461e-01 5.293626785278320312e-01 2.233208529651165009e-02
5.057080388069152832e-01 3.600733578205108643e-01 -6.392397917807102203e-03
4.613561928272247314e-01 6.064280271530151367e-01 -1.491453777998685837e-02
5.164132118225097656e-01 4.180339872837066650e-01 -4.520080983638763428e-02
5.067824721336364746e-01 4.038403034210205078e-01 -3.154361248016357422e-02
5.173375606536865234e-01 4.016944766044616699e-01 -3.327794745564460754e-02
4.882634282112121582e-01 4.374453723430633545e-01 -2.811982482671737671e-02
4.961088299751281738e-01 6.423534750938415527e-01 -2.324410714209079742e-02
4.978570640087127686e-01 6.220681667327880859e-01 -2.157208323478698730e-02
4.788613915443420410e-01 6.179777383804321289e-01 -2.032791450619697571e-02
4.382001161575317383e-01 5.716245770454406738e-01 -3.826421452686190605e-03
4.615125060081481934e-01 4.811321496963500977e-01 -1.242759637534618378e-02
4.479455351829528809e-01 5.912349224090576172e-01 -9.262027218937873840e-03
4.359447360038757324e-01 4.744458496570587158e-01 -9.547846391797065735e-03
4.498776495456695557e-01 4.962908625602722168e-01 -1.259205862879753113e-02
4.242973923683166504e-01 5.012386441230773926e-01 -3.212959738448262215e-03
4.730483889579772949e-01 6.368206739425659180e-01 -2.132342010736465454e-02
4.805167913436889648e-01 4.471660256385803223e-01 -2.148519083857536316e-02
4.264814853668212891e-01 5.836514234542846680e-01 5.026601254940032959e-03
4.395414590835571289e-01 6.041057109832763672e-01 -2.301110886037349701e-03
4.319184422492980957e-01 5.487924814224243164e-01 -2.114737406373023987e-03
3.939284384250640869e-01 5.071069598197937012e-01 3.251842409372329712e-02
4.166926145553588867e-01 5.499778389930725098e-01 7.791009265929460526e-03
3.847565650939941406e-01 5.211052298545837402e-01 5.655125901103019714e-02
4.395736157894134521e-01 5.176888704299926758e-01 -9.102854877710342407e-03
4.898139238357543945e-01 4.228661358356475830e-01 -1.959720067679882050e-02
4.877748191356658936e-01 4.690283238887786865e-01 -4.647985845804214478e-02
4.805707931518554688e-01 4.738171994686126709e-01 -3.523875400424003601e-02
4.932903051376342773e-01 4.577026069164276123e-01 -5.345700308680534363e-02
4.874974191188812256e-01 3.401316106319427490e-01 3.874476300552487373e-03
4.700327813625335693e-01 3.246899843215942383e-01 1.526216510683298111e-03
4.539084434509277344e-01 3.204544186592102051e-01 1.237466349266469479e-03
4.397597312927246094e-01 3.235596716403961182e-01 4.461491946130990982e-03
4.290833771228790283e-01 3.319832682609558105e-01 1.024849992245435715e-02
4.186947047710418701e-01 3.663104772567749023e-01 2.504936233162879944e-02
3.793278932571411133e-01 4.107345342636108398e-01 6.928227096796035767e-02
4.248091578483581543e-01 3.925394117832183838e-01 1.485934667289257050e-02
4.359171390533447266e-01 3.990456759929656982e-01 8.627790957689285278e-03
4.512139558792114258e-01 4.010052978992462158e-01 4.857613705098628998e-03
4.662286341190338135e-01 3.987047076225280762e-01 3.771276213228702545e-03
4.784242808818817139e-01 3.937239348888397217e-01 4.900831729173660278e-03
4.871484935283660889e-01 3.886688351631164551e-01 5.083877127617597580e-03
3.751111030578613281e-01 4.127461612224578857e-01 1.104444190859794617e-01
4.801500737667083740e-01 4.790749251842498779e-01 -2.999914251267910004e-02
4.972256720066070557e-01 4.263435602188110352e-01 -3.576206788420677185e-02
4.954008758068084717e-01 4.700426161289215088e-01 -5.471870303153991699e-02
5.003362894058227539e-01 4.795448482036590576e-01 -5.048806220293045044e-02
4.951371550559997559e-01 4.733289480209350586e-01 -4.951959475874900818e-02
4.825640618801116943e-01 4.848634600639343262e-01 -2.639724686741828918e-02
5.023514628410339355e-01 4.810725450515747070e-01 -5.341302230954170227e-02
5.028004050254821777e-01 4.856350421905517578e-01 -4.069577902555465698e-02
4.888923168182373047e-01 3.748119771480560303e-01 1.175110414624214172e-02
4.945939481258392334e-01 3.794668912887573242e-01 5.254997871816158295e-03
4.983553886413574219e-01 3.820741176605224609e-01 -2.492056461051106453e-03
4.364836513996124268e-01 3.610709905624389648e-01 1.482841186225414276e-02
4.289387762546539307e-01 3.497576117515563965e-01 1.509956363588571548e-02
5.255284905433654785e-01 4.220210313796997070e-01 -4.081835970282554626e-02
5.983584523200988770e-01 3.886076211929321289e-01 2.605672739446163177e-02
5.206231474876403809e-01 4.858151376247406006e-01 -3.970131278038024902e-02
6.371166706085205078e-01 3.414239287376403809e-01 8.783674240112304688e-02
5.643424987792968750e-01 3.994357585906982422e-01 1.190626621246337891e-02
5.755172967910766602e-01 4.028356075286865234e-01 1.333180163055658340e-02
5.862662196159362793e-01 4.040536284446716309e-01 1.707163825631141663e-02
6.016330122947692871e-01 3.953755497932434082e-01 2.739778533577919006e-02
5.551874637603759766e-01 3.938226699829101562e-01 1.287346426397562027e-02
5.863487720489501953e-01 3.475901484489440918e-01 1.151078194379806519e-02
5.725656747817993164e-01 3.487475514411926270e-01 1.091498509049415588e-02
5.983979701995849609e-01 3.521473109722137451e-01 1.544897072017192841e-02
6.054235100746154785e-01 3.611411452293395996e-01 1.994855701923370361e-02
6.083889007568359375e-01 4.089379310607910156e-01 3.260747715830802917e-02
5.398174524307250977e-01 6.330926418304443359e-01 -7.240098901093006134e-03
6.029418706893920898e-01 3.831075727939605713e-01 3.013793379068374634e-02
6.392868757247924805e-01 4.127162396907806396e-01 8.495278656482696533e-02
6.210520863533020020e-01 3.975256681442260742e-01 4.555478319525718689e-02
5.661754012107849121e-01 4.730147123336791992e-01 -4.523427225649356842e-03
5.226269960403442383e-01 5.277791619300842285e-01 -3.467449918389320374e-02
5.197384357452392578e-01 5.383407473564147949e-01 -3.051300905644893646e-02
5.356038212776184082e-01 5.357373356819152832e-01 -2.749551832675933838e-02
5.431628227233886719e-01 5.449426174163818359e-01 -1.894970051944255829e-02
5.297670364379882812e-01 5.423556566238403320e-01 -2.536269091069698334e-02
5.368936061859130859e-01 5.481873154640197754e-01 -1.744694076478481293e-02
5.521468520164489746e-01 5.804125666618347168e-01 -3.228492569178342819e-03
5.214552283287048340e-01 4.754921793937683105e-01 -5.878963693976402283e-02
5.245749950408935547e-01 4.592933058738708496e-01 -6.113403290510177612e-02
6.204327940940856934e-01 3.472225368022918701e-01 2.634675055742263794e-02
5.470587015151977539e-01 4.274910092353820801e-01 -3.642187686637043953e-03
5.452536940574645996e-01 4.777555167675018311e-01 -2.965383976697921753e-02
5.467949509620666504e-01 4.693879485130310059e-01 -2.578184194862842560e-02
5.988212823867797852e-01 4.770062863826751709e-01 1.177163980901241302e-02
5.252615809440612793e-01 4.390956759452819824e-01 -5.293402075767517090e-02
5.981339216232299805e-01 3.241658806800842285e-01 7.017353549599647522e-03
6.122184991836547852e-01 3.320316672325134277e-01 1.631903648376464844e-02
6.290506124496459961e-01 3.098794221878051758e-01 6.746581196784973145e-02
5.469990968704223633e-01 3.368707299232482910e-01 -6.074407137930393219e-03
5.601645112037658691e-01 3.562950491905212402e-01 1.323182601481676102e-02
5.614768266677856445e-01 5.652054548263549805e-01 1.031189109198749065e-03
6.151217818260192871e-01 5.699356794357299805e-01 1.005910187959671021e-01
5.357122421264648438e-01 4.859013855457305908e-01 -2.674079127609729767e-02
5.269984602928161621e-01 4.893754124641418457e-01 -2.917777188122272491e-02
5.492480993270874023e-01 5.644739866256713867e-01 -8.782945806160569191e-04
5.460779070854187012e-01 5.632447600364685059e-01 -4.394263494759798050e-03
6.182321906089782715e-01 3.223905563354492188e-01 2.288658730685710907e-02
5.445530414581298828e-01 4.860226213932037354e-01 -2.418966777622699738e-02
5.774629116058349609e-01 3.246479034423828125e-01 -7.365647470578551292e-04
5.805421471595764160e-01 3.118084967136383057e-01 -1.729748677462339401e-03
5.902391672134399414e-01 2.645416259765625000e-01 2.482771314680576324e-02
6.217636466026306152e-01 3.212202489376068115e-01 4.200892522931098938e-02
5.828348994255065918e-01 2.905600070953369141e-01 1.104339119046926498e-02
6.264851689338684082e-01 3.419869840145111084e-01 3.704697638750076294e-02
6.304011940956115723e-01 3.474686145782470703e-01 6.075815483927726746e-02
5.215182900428771973e-01 5.336182713508605957e-01 -3.383334726095199585e-02
5.326863527297973633e-01 5.395783782005310059e-01 -2.701919712126255035e-02
5.402020215988159180e-01 5.468549132347106934e-01 -1.923201791942119598e-02
5.327551960945129395e-01 4.887628853321075439e-01 -2.476806193590164185e-02
5.476264953613281250e-01 5.639298558235168457e-01 -2.799704903736710548e-03
5.437906384468078613e-01 5.704959630966186523e-01 -1.020550727844238281e-02
5.444930791854858398e-01 5.625594258308410645e-01 -4.779623821377754211e-03
5.319396257400512695e-01 4.782924056053161621e-01 -4.147914424538612366e-02
5.343050956726074219e-01 5.483815073966979980e-01 -1.598743349313735962e-02
5.273070931434631348e-01 5.435537099838256836e-01 -2.143673598766326904e-02
5.181767344474792480e-01 5.407056808471679688e-01 -2.603374980390071869e-02
5.146476030349731445e-01 6.058011651039123535e-01 -1.953275687992572784e-02
5.185847878456115723e-01 5.916528105735778809e-01 -2.850228548049926758e-02
5.184016227722167969e-01 5.839008688926696777e-01 -2.917744033038616180e-02
5.176202654838562012e-01 5.765038132667541504e-01 -2.609040960669517517e-02
5.162543654441833496e-01 5.711379051208496094e-01 -2.403314411640167236e-02
5.327495932579040527e-01 5.690174698829650879e-01 -1.442243624478578568e-02
5.354802012443542480e-01 5.718725919723510742e-01 -1.653212308883666992e-02
5.384775400161743164e-01 5.761532783508300781e-01 -1.855355314910411835e-02
5.407612323760986328e-01 5.808963179588317871e-01 -1.686578057706356049e-02
5.522884726524353027e-01 5.324139595031738281e-01 -1.398473419249057770e-02
6.330180764198303223e-01 4.881544709205627441e-01 1.246808096766471863e-01
5.380437374114990234e-01 5.667237639427185059e-01 -8.673031814396381378e-03
5.409978628158569336e-01 5.683615803718566895e-01 -1.015972066670656204e-02
5.235760211944580078e-01 4.953752756118774414e-01 -3.042197972536087036e-02
5.397747755050659180e-01 4.957753419876098633e-01 -1.747944392263889313e-02
5.252040624618530273e-01 4.924798309803009033e-01 -2.998690120875835419e-02
5.577284097671508789e-01 4.393134415149688721e-01 -4.283545058569870889e-05
5.750417709350585938e-01 4.532708823680877686e-01 3.356085158884525299e-03
5.476887226104736328e-01 4.777867197990417480e-01 -1.998421549797058105e-02
6.146989464759826660e-01 2.837309837341308594e-01 4.486329108476638794e-02
6.070165038108825684e-01 3.017147183418273926e-01 2.581373043358325958e-02
6.028527617454528809e-01 3.121162950992584229e-01 1.036083512008190155e-02
5.425549745559692383e-01 5.907863974571228027e-01 -9.664529003202915192e-03
5.528538227081298828e-01 3.154188394546508789e-01 -8.559875190258026123e-03
5.565564632415771484e-01 2.862242460250854492e-01 1.702091423794627190e-03
5.625675916671752930e-01 2.534524202346801758e-01 1.201790664345026016e-02
5.957384705543518066e-01 4.020054936408996582e-01 2.243665046989917755e-02
6.185374259948730469e-01 4.238006174564361572e-01 3.847388178110122681e-02
5.492178797721862793e-01 3.885906338691711426e-01 1.453707739710807800e-02
6.140308976173400879e-01 3.714174032211303711e-01 3.020757809281349182e-02
5.404706001281738281e-01 4.149238765239715576e-01 -7.312380708754062653e-03
5.399653315544128418e-01 4.692999422550201416e-01 -4.043692350387573242e-02
6.292170882225036621e-01 4.414528012275695801e-01 5.036082491278648376e-02
6.103757619857788086e-01 4.350439012050628662e-01 2.698155306279659271e-02
5.958040952682495117e-01 4.393694698810577393e-01 1.535988785326480865e-02
5.746998786926269531e-01 4.327238202095031738e-01 9.575109928846359253e-03
5.596824884414672852e-01 4.226655662059783936e-01 6.699050776660442352e-03
5.487156510353088379e-01 4.128846824169158936e-01 3.701694076880812645e-03
5.283897519111633301e-01 3.897984623908996582e-01 -1.753831654787063599e-02
6.248018741607666016e-01 4.762602746486663818e-01 4.431970790028572083e-02
6.216513514518737793e-01 3.708634376525878906e-01 3.650124743580818176e-02
5.167381763458251953e-01 4.839931726455688477e-01 -5.408144369721412659e-02
5.450436472892761230e-01 4.434769749641418457e-01 -9.907196275889873505e-03
6.408562064170837402e-01 4.139139950275421143e-01 1.235469654202461243e-01
5.407729744911193848e-01 4.025476872920989990e-01 2.488971687853336334e-03
5.482591986656188965e-01 4.795612692832946777e-01 -9.028718806803226471e-03
6.070577502250671387e-01 3.842295408248901367e-01 3.241861239075660706e-02
5.411809682846069336e-01 4.591109454631805420e-01 -3.554876148700714111e-02
6.260505914688110352e-01 5.281109809875488281e-01 1.156940832734107971e-01
5.497967004776000977e-01 3.824651837348937988e-01 1.806765049695968628e-02
5.337605476379394531e-01 4.470607936382293701e-01 -4.619809985160827637e-02
5.902217626571655273e-01 6.039540767669677734e-01 3.741228580474853516e-02
5.886720418930053711e-01 6.244711875915527344e-01 5.630725994706153870e-02
6.343282461166381836e-01 4.833723306655883789e-01 8.423877507448196411e-02
6.048790216445922852e-01 5.837377905845642090e-01 5.319552496075630188e-02
6.351803541183471680e-01 3.779764175415039062e-01 7.639384269714355469e-02
5.412631034851074219e-01 6.509344577789306641e-01 -2.188769867643713951e-03
5.147676467895507812e-01 4.882345199584960938e-01 -4.016730561852455139e-02
5.537088513374328613e-01 4.579207003116607666e-01 -6.350946612656116486e-03
6.290471553802490234e-01 4.033288657665252686e-01 5.716643482446670532e-02
5.867190957069396973e-01 3.936737775802612305e-01 1.861778646707534790e-02
5.769667029380798340e-01 3.933098018169403076e-01 1.534868218004703522e-02
5.462576746940612793e-01 5.729506611824035645e-01 -8.419509045779705048e-03
6.194888353347778320e-01 5.097705721855163574e-01 4.465657472610473633e-02
5.186011195182800293e-01 6.729390025138854980e-01 -1.088544260710477829e-03
5.552850365638732910e-01 6.549984812736511230e-01 2.417458780109882355e-02
5.711222290992736816e-01 6.428313851356506348e-01 3.835269063711166382e-02
5.674717426300048828e-01 3.905656933784484863e-01 1.444731187075376511e-02
5.585767626762390137e-01 3.866943120956420898e-01 1.571809127926826477e-02
5.526693463325500488e-01 3.844844400882720947e-01 1.796101592481136322e-02
6.283766031265258789e-01 3.696617484092712402e-01 4.867500439286231995e-02
5.615906119346618652e-01 3.713447153568267822e-01 1.508405152708292007e-02
5.721729993820190430e-01 3.666899502277374268e-01 1.391495019197463989e-02
5.825118422508239746e-01 3.663339018821716309e-01 1.493266504257917404e-02
5.922808051109313965e-01 3.700477480888366699e-01 1.789918914437294006e-02
5.978384017944335938e-01 3.754042387008666992e-01 2.153485640883445740e-02
6.409118771553039551e-01 3.742146193981170654e-01 1.087067946791648865e-01
5.935177803039550781e-01 3.917223811149597168e-01 2.257684990763664246e-02
5.431074500083923340e-01 5.206510424613952637e-01 -1.982608251273632050e-02
5.361837744712829590e-01 4.827180802822113037e-01 -3.035556711256504059e-02
5.235808491706848145e-01 5.106109976768493652e-01 -3.070289641618728638e-02
5.741933584213256836e-01 6.229388713836669922e-01 2.454794943332672119e-02
5.585568547248840332e-01 6.370555162429809570e-01 1.166199613362550735e-02
5.199192166328430176e-01 6.602323651313781738e-01 -1.465690881013870239e-02
6.022484898567199707e-01 6.021977066993713379e-01 7.898366451263427734e-02
5.536023378372192383e-01 3.780574798583984375e-01 1.690774597227573395e-02
5.335679054260253906e-01 4.170544743537902832e-01 -2.319435775279998779e-02
5.383862853050231934e-01 6.655865907669067383e-01 9.468178264796733856e-03
6.275908350944519043e-01 5.202572941780090332e-01 7.902026921510696411e-02
5.254785418510437012e-01 5.704717040061950684e-01 -1.952436380088329315e-02
5.279317498207092285e-01 5.748169422149658203e-01 -2.170606330037117004e-02
5.300166010856628418e-01 5.810633301734924316e-01 -2.410577423870563507e-02
5.313109159469604492e-01 5.883072018623352051e-01 -2.313048765063285828e-02
5.302042365074157715e-01 5.999010205268859863e-01 -1.588204130530357361e-02
5.422112345695495605e-01 5.550961494445800781e-01 -1.043074112385511398e-02
5.451282262802124023e-01 5.550079345703125000e-01 -1.006172876805067062e-02
5.478648543357849121e-01 5.541761517524719238e-01 -9.716215543448925018e-03
5.586661100387573242e-01 5.477552413940429688e-01 -6.128957029432058334e-03
6.038423776626586914e-01 5.151799321174621582e-01 2.088215574622154236e-02
5.343226790428161621e-01 4.011089801788330078e-01 -1.159690134227275848e-02
5.427014827728271484e-01 3.678153157234191895e-01 1.022105012089014053e-02
5.491293668746948242e-01 3.705873787403106689e-01 1.507365144789218903e-02
5.398046374320983887e-01 5.544669628143310547e-01 -9.593102149665355682e-03
6.014971733093261719e-01 5.571762323379516602e-01 3.427870199084281921e-02
5.329292416572570801e-01 3.658120036125183105e-01 -4.309748765081167221e-03
5.354407429695129395e-01 6.157307028770446777e-01 -1.084794383496046066e-02
5.270971655845642090e-01 4.067409038543701172e-01 -3.022930398583412170e-02
5.388336181640625000e-01 4.447745680809020996e-01 -2.481294423341751099e-02
5.170348286628723145e-01 6.227693557739257812e-01 -1.847204007208347321e-02
5.628220438957214355e-01 5.883122682571411133e-01 3.409042954444885254e-03
5.563524365425109863e-01 4.945158958435058594e-01 -6.715983618050813675e-03
5.504085421562194824e-01 6.044312715530395508e-01 -3.600121010094881058e-03
5.815315246582031250e-01 4.955735802650451660e-01 -7.324035395868122578e-04
5.650315284729003906e-01 5.127785801887512207e-01 -5.522791761904954910e-03
5.878378748893737793e-01 5.247039794921875000e-01 6.723967846482992172e-03
5.194205045700073242e-01 6.426508426666259766e-01 -1.887449063360691071e-02
5.441254377365112305e-01 4.561411440372467041e-01 -1.736535690724849701e-02
5.716794729232788086e-01 6.027309894561767578e-01 1.323320064693689346e-02
5.562120676040649414e-01 6.189577579498291016e-01 3.987498115748167038e-03
5.728213191032409668e-01 5.683410167694091797e-01 6.617870181798934937e-03
6.137405633926391602e-01 5.383806228637695312e-01 4.592410475015640259e-02
5.866181254386901855e-01 5.733746886253356934e-01 1.786447502672672272e-02
6.186287999153137207e-01 5.540944933891296387e-01 7.088230550289154053e-02
5.711097717285156250e-01 5.364341735839843750e-01 -9.672882151789963245e-04
5.390319824218750000e-01 4.300200939178466797e-01 -1.601247489452362061e-02
5.356921553611755371e-01 4.759291708469390869e-01 -4.329305887222290039e-02
5.411583781242370605e-01 4.824402928352355957e-01 -3.161495923995971680e-02
5.329830646514892578e-01 4.634349346160888672e-01 -5.109240114688873291e-02
5.538858175277709961e-01 3.509819805622100830e-01 8.347951807081699371e-03
5.742473006248474121e-01 3.398703336715698242e-01 7.974767126142978668e-03
5.911669731140136719e-01 3.390369415283203125e-01 9.664161130785942078e-03
6.040158271789550781e-01 3.447855710983276367e-01 1.464007794857025146e-02
6.118220686912536621e-01 3.551742434501647949e-01 2.160695008933544159e-02
6.128312349319458008e-01 3.905663788318634033e-01 3.712473809719085693e-02
6.385353803634643555e-01 4.478330314159393311e-01 8.529201894998550415e-02
6.021315455436706543e-01 4.157080054283142090e-01 2.599467709660530090e-02
5.902409553527832031e-01 4.194301366806030273e-01 1.838455349206924438e-02
5.754602551460266113e-01 4.165558218955993652e-01 1.298192236572504044e-02
5.617124438285827637e-01 4.100092053413391113e-01 1.026631612330675125e-02
5.512987971305847168e-01 4.027403593063354492e-01 9.835130535066127777e-03
5.441873073577880859e-01 3.961512744426727295e-01 9.106682613492012024e-03
6.373329162597656250e-01 4.508648514747619629e-01 1.281669139862060547e-01
5.401999950408935547e-01 4.874551594257354736e-01 -2.643741667270660400e-02
5.328322649002075195e-01 4.314929544925689697e-01 -3.317877277731895447e-02
5.288152694702148438e-01 4.748209714889526367e-01 -5.268052965402603149e-02
5.219175219535827637e-01 4.826792180538177490e-01 -4.929900914430618286e-02
5.279827117919921875e-01 4.781421422958374023e-01 -4.742520302534103394e-02
5.366792082786560059e-01 4.922735989093780518e-01 -2.339288033545017242e-02
5.200514793395996094e-01 4.835985600948333740e-01 -5.244513973593711853e-02
5.181349515914916992e-01 4.877863824367523193e-01 -3.991078585386276245e-02
5.455721616744995117e-01 3.823880553245544434e-01 1.594253256916999817e-02
5.391067266464233398e-01 3.858594298362731934e-01 8.467403240501880646e-03
5.353243947029113770e-01 3.883287608623504639e-01 1.044665696099400520e-04
6.008031368255615234e-01 3.795257210731506348e-01 2.528845705091953278e-02
6.088433265686035156e-01 3.713561296463012695e-01 2.622005157172679901e-02
4.556072652339935303e-01 3.659700155258178711e-01 1.103198248893022537e-02
4.669575691223144531e-01 3.669989109039306641e-01 1.103198248893022537e-02
4.565927386283874512e-01 3.511140346527099609e-01 1.103198248893022537e-02
4.440484046936035156e-01 3.648918867111206055e-01 1.103198248893022537e-02
4.545384645462036133e-01 3.805904686450958252e-01 1.103198248893022537e-02
5.788297653198242188e-01 3.804352879524230957e-01 1.903087273240089417e-02
5.907248854637145996e-01 3.820132911205291748e-01 1.903087273240089417e-02
5.799884200096130371e-01 3.648738861083984375e-01 1.903087273240089417e-02
5.668796896934509277e-01 3.787686824798583984e-01 1.903087273240089417e-02
5.777054429054260254e-01 3.960006237030029297e-01 1.903087273240089417e-02
