5.024588108062744141e-01 4.922145605087280273e-01 -4.363571852445602417e-02
5.080630183219909668e-01 4.326970577239990234e-01 -6.114634126424789429e-02
5.058106780052185059e-01 4.553438127040863037e-01 -3.713035583496093750e-02
5.021631717681884766e-01 3.840600848197937012e-01 -3.859804198145866394e-02
5.093851089477539062e-01 4.160409271717071533e-01 -6.270047277212142944e-02
5.107771754264831543e-01 3.970931470394134521e-01 -5.514401197433471680e-02
5.139259099960327148e-01 3.537884652614593506e-01 -1.569269970059394836e-02
4.331993460655212402e-01 3.489258885383605957e-01 2.498803101480007172e-02
5.167415738105773926e-01 3.129715919494628906e-01 -1.413125195540487766e-03
5.183088779449462891e-01 2.910679578781127930e-01 7.055571768432855606e-04
5.224418044090270996e-01 2.278561890125274658e-01 2.617750316858291626e-02
5.025310516357421875e-01 4.953279495239257812e-01 -4.335812851786613464e-02
5.024861097335815430e-01 4.985710680484771729e-01 -4.056216403841972351e-02
5.025112628936767578e-01 5.007917284965515137e-01 -3.659167885780334473e-02
5.006132125854492188e-01 5.409514904022216797e-01 -3.329995647072792053e-02
5.006071329116821289e-01 5.463619232177734375e-01 -3.627410903573036194e-02
5.003231167793273926e-01 5.536808967590332031e-01 -3.941854089498519897e-02
4.999755620956420898e-01 5.617861151695251465e-01 -3.843405470252037048e-02
4.963799417018890381e-01 5.759779214859008789e-01 -2.977211214601993561e-02
5.071001648902893066e-01 4.430705010890960693e-01 -5.667790770530700684e-02
4.971837401390075684e-01 4.442698359489440918e-01 -4.251066595315933228e-02
3.932829797267913818e-01 2.990571558475494385e-01 8.833172917366027832e-02
4.620345532894134521e-01 3.640665411949157715e-01 1.244476344436407089e-02
4.506096243858337402e-01 3.650523722171783447e-01 1.288125757128000259e-02
4.400190711021423340e-01 3.636509180068969727e-01 1.587176322937011719e-02
4.270403981208801270e-01 3.546116352081298828e-01 2.544614113867282867e-02
4.724731743335723877e-01 3.599924445152282715e-01 1.466148253530263901e-02
4.526554942131042480e-01 3.103500008583068848e-01 1.329415105283260345e-02
4.651498198509216309e-01 3.135389089584350586e-01 1.416909415274858475e-02
4.401597380638122559e-01 3.129162192344665527e-01 1.620645634829998016e-02
4.312060475349426270e-01 3.205541670322418213e-01 1.993944123387336731e-02
4.154258072376251221e-01 3.648247718811035156e-01 2.925255522131919861e-02
4.509519934654235840e-01 5.939940810203552246e-01 -2.242773585021495819e-02
4.296155571937561035e-01 3.444565534591674805e-01 2.908566221594810486e-02
3.813926577568054199e-01 3.658222556114196777e-01 7.972410321235656738e-02
4.038057923316955566e-01 3.525481820106506348e-01 4.235776141285896301e-02
4.511072039604187012e-01 4.276261925697326660e-01 -1.011977903544902802e-02
4.879772663116455078e-01 4.880363643169403076e-01 -4.204200580716133118e-02
4.897607862949371338e-01 4.971677362918853760e-01 -3.923232853412628174e-02
4.741410017013549805e-01 4.935614168643951416e-01 -3.645956888794898987e-02
4.651960730552673340e-01 5.012944340705871582e-01 -2.891432493925094604e-02
4.790294766426086426e-01 4.997376501560211182e-01 -3.497769683599472046e-02
4.709479808807373047e-01 5.048989057540893555e-01 -2.770550921559333801e-02
4.461722075939178467e-01 5.372710227966308594e-01 -1.582716964185237885e-02
4.988540410995483398e-01 4.316835105419158936e-01 -6.027450039982795715e-02
4.985312521457672119e-01 4.157776832580566406e-01 -6.152432039380073547e-02
4.177394509315490723e-01 3.011203408241271973e-01 2.724150009453296661e-02
4.769107997417449951e-01 3.900734186172485352e-01 -3.855386748909950256e-03
4.729744195938110352e-01 4.321908056735992432e-01 -3.375478461384773254e-02
4.723942875862121582e-01 4.250033795833587646e-01 -2.943856082856655121e-02
4.167371392250061035e-01 4.259497821331024170e-01 3.309774212539196014e-03
5.003712177276611328e-01 3.982446491718292236e-01 -5.209617316722869873e-02
4.470305442810058594e-01 2.784978151321411133e-01 1.148773543536663055e-02
4.305653870105743408e-01 2.860023379325866699e-01 1.912415586411952972e-02
4.081209003925323486e-01 2.684887647628784180e-01 7.185628265142440796e-02
4.949518144130706787e-01 2.965246737003326416e-01 1.511937472969293594e-03
4.754325151443481445e-01 3.224770426750183105e-01 1.695523224771022797e-02
4.398353397846221924e-01 5.188869237899780273e-01 -1.183415297418832779e-02
3.816841840744018555e-01 5.252213478088378906e-01 8.009087294340133667e-02
4.809608459472656250e-01 4.420235157012939453e-01 -3.062321431934833527e-02
4.894445240497589111e-01 4.478111267089843750e-01 -3.266273066401481628e-02
4.561786055564880371e-01 5.200189948081970215e-01 -1.288154255598783493e-02
4.595325887203216553e-01 5.198922157287597656e-01 -1.575621031224727631e-02
4.257259368896484375e-01 2.761093974113464355e-01 2.646620571613311768e-02
4.718769788742065430e-01 4.413203001022338867e-01 -2.892883308231830597e-02
4.676125347614288330e-01 2.799900770187377930e-01 5.545633845031261444e-03
4.674742221832275391e-01 2.669205069541931152e-01 5.833211354911327362e-03
4.573515057563781738e-01 2.301417738199234009e-01 3.649051114916801453e-02
4.157326817512512207e-01 2.780556678771972656e-01 4.680141434073448181e-02
4.620606005191802979e-01 2.540634274482727051e-01 2.157011255621910095e-02
4.115079641342163086e-01 2.956257760524749756e-01 3.831944242119789124e-02
4.015590250492095947e-01 3.032273352146148682e-01 6.269661337137222290e-02
4.885542392730712891e-01 4.928824007511138916e-01 -4.193517565727233887e-02
4.764827489852905273e-01 4.969699978828430176e-01 -3.638062998652458191e-02
4.679304361343383789e-01 5.032356381416320801e-01 -2.933432161808013916e-02
4.833530783653259277e-01 4.459505081176757812e-01 -2.857780456542968750e-02
4.578617513179779053e-01 5.200189352035522461e-01 -1.436624862253665924e-02
4.614603817462921143e-01 5.274360775947570801e-01 -2.110881730914115906e-02
4.610173404216766357e-01 5.196453928947448730e-01 -1.598038710653781891e-02
4.868169724941253662e-01 4.336664080619812012e-01 -4.446383565664291382e-02
4.733535945415496826e-01 5.054332017898559570e-01 -2.649068459868431091e-02
4.812087714672088623e-01 5.010206103324890137e-01 -3.154077008366584778e-02
4.909908473491668701e-01 4.995100796222686768e-01 -3.549925237894058228e-02
4.805643260478973389e-01 5.728815793991088867e-01 -2.972354367375373840e-02
4.843663275241851807e-01 5.572440624237060547e-01 -3.785661980509757996e-02
4.856003820896148682e-01 5.495197772979736328e-01 -3.828898072242736816e-02
4.870534837245941162e-01 5.424739718437194824e-01 -3.491048142313957214e-02
4.885984957218170166e-01 5.376560688018798828e-01 -3.213463351130485535e-02
4.720377624034881592e-01 5.297609567642211914e-01 -2.392151206731796265e-02
4.694561958312988281e-01 5.313885807991027832e-01 -2.636655792593955994e-02
4.663044214248657227e-01 5.342276692390441895e-01 -2.888191677629947662e-02
4.636741876602172852e-01 5.378829240798950195e-01 -2.761835977435112000e-02
4.552480578422546387e-01 4.862862229347229004e-01 -2.318629994988441467e-02
3.731048107147216797e-01 4.434589743614196777e-01 1.103404462337493896e-01
5.064666867256164551e-01 4.488257169723510742e-01 -4.361861199140548706e-02
4.668198823928833008e-01 5.260225534439086914e-01 -1.896326057612895966e-02
4.641456604003906250e-01 5.264583826065063477e-01 -2.071379125118255615e-02
4.918318688869476318e-01 4.546694755554199219e-01 -3.469951078295707703e-02
4.747019112110137939e-01 4.526084363460540771e-01 -2.254372276365756989e-02
4.907418489456176758e-01 4.513115286827087402e-01 -3.375444561243057251e-02
4.638963341712951660e-01 3.990246653556823730e-01 -2.381995553150773048e-03
4.445312619209289551e-01 4.080232083797454834e-01 -1.223317231051623821e-03
4.699140191078186035e-01 4.336094558238983154e-01 -2.442505024373531342e-02
4.284563064575195312e-01 2.445579320192337036e-01 5.287174880504608154e-02
4.349663853645324707e-01 2.609225809574127197e-01 3.336934372782707214e-02
4.445905387401580811e-01 2.667039632797241211e-01 1.596630737185478210e-02
4.541943669319152832e-01 5.505978465080261230e-01 -2.186925336718559265e-02
4.943597912788391113e-01 2.736986875534057617e-01 9.955466957762837410e-04
4.895139932632446289e-01 2.555359303951263428e-01 1.479292009025812149e-02
4.874999225139617920e-01 2.256641387939453125e-01 2.715696580708026886e-02
4.314321875572204590e-01 3.603503108024597168e-01 2.070368640124797821e-02
4.011471271514892578e-01 3.765205740928649902e-01 3.342740610241889954e-02
4.797239303588867188e-01 3.554159700870513916e-01 1.703820936381816864e-02
4.189059734344482422e-01 3.286685645580291748e-01 2.940916828811168671e-02
4.859982430934906006e-01 3.793547153472900391e-01 -6.009546108543872833e-03
4.803305268287658691e-01 4.237728714942932129e-01 -4.325449466705322266e-02
3.895195126533508301e-01 3.908002376556396484e-01 4.301298037171363831e-02
4.077257215976715088e-01 3.865676522254943848e-01 2.130254916846752167e-02
4.221855103969573975e-01 3.920162916183471680e-01 1.043149363249540329e-02
4.448941946029663086e-01 3.902107179164886475e-01 6.494226399809122086e-03
4.618850350379943848e-01 3.843960165977478027e-01 5.457223858684301376e-03
4.753573536872863770e-01 3.771020174026489258e-01 4.335829988121986389e-03
5.029368996620178223e-01 3.570501208305358887e-01 -1.237532962113618851e-02
3.890912532806396484e-01 4.238129258155822754e-01 3.397050499916076660e-02
4.100081622600555420e-01 3.258402943611145020e-01 3.555643931031227112e-02
5.018162727355957031e-01 4.420306086540222168e-01 -5.613404139876365662e-02
4.768511950969696045e-01 4.040259420871734619e-01 -1.162579283118247986e-02
3.761962056159973145e-01 3.708508610725402832e-01 1.157314106822013855e-01
4.858937859535217285e-01 3.681749701499938965e-01 4.681241698563098907e-03
4.684473574161529541e-01 4.364338815212249756e-01 -1.381082460284233093e-02
4.239791035652160645e-01 3.441287577152252197e-01 3.086616471409797668e-02
4.802286922931671143e-01 4.152928590774536133e-01 -3.773771598935127258e-02
3.752970099449157715e-01 4.829958081245422363e-01 9.829542040824890137e-02
4.812106192111968994e-01 3.499295711517333984e-01 2.097941748797893524e-02
4.902763664722442627e-01 4.046466052532196045e-01 -4.677048325538635254e-02
4.045325219631195068e-01 5.574976205825805664e-01 1.909320801496505737e-02
4.021157026290893555e-01 5.813912749290466309e-01 3.489027544856071472e-02
3.760828971862792969e-01 4.337844252586364746e-01 7.238330692052841187e-02
3.926199674606323242e-01 5.358149409294128418e-01 3.473364561796188354e-02
3.911823630332946777e-01 3.326902091503143311e-01 7.496431469917297363e-02
4.464029073715209961e-01 6.124721765518188477e-01 -1.946309767663478851e-02
5.023969411849975586e-01 4.478614032268524170e-01 -4.292515292763710022e-02
4.657433032989501953e-01 4.161044955253601074e-01 -9.881362318992614746e-03
3.930223584175109863e-01 3.573672771453857422e-01 5.304454267024993896e-02
4.430295825004577637e-01 3.543208837509155273e-01 1.801482588052749634e-02
4.521340131759643555e-01 3.560422360897064209e-01 1.547115482389926910e-02
4.589053690433502197e-01 5.288486480712890625e-01 -1.980949752032756805e-02
3.893313407897949219e-01 4.574407041072845459e-01 3.129089623689651489e-02
4.658643305301666260e-01 6.402980685234069824e-01 -1.869267970323562622e-02
4.309329390525817871e-01 6.164932250976562500e-01 4.579498432576656342e-03
4.170666933059692383e-01 6.020200848579406738e-01 1.788784191012382507e-02
5.203741192817687988e-01 2.596448361873626709e-01 1.321615651249885559e-02
4.918222725391387939e-01 6.462869644165039062e-01 -2.135295234620571136e-02
4.616152048110961914e-01 3.554381430149078369e-01 1.552916690707206726e-02
4.710161685943603516e-01 3.532155156135559082e-01 1.765350624918937683e-02
4.775642752647399902e-01 3.516131341457366943e-01 2.056936919689178467e-02
4.016456007957458496e-01 3.244177103042602539e-01 4.741087183356285095e-02
4.717618227005004883e-01 3.391937017440795898e-01 1.777617819607257843e-02
4.621931612491607666e-01 3.345646262168884277e-01 1.604447513818740845e-02
4.526820480823516846e-01 3.331892192363739014e-01 1.627909950911998749e-02
4.429665505886077881e-01 3.350048959255218506e-01 1.840321905910968781e-02
4.364819228649139404e-01 3.386672437191009521e-01 2.130868285894393921e-02
3.830421566963195801e-01 3.314927518367767334e-01 1.051397398114204407e-01
4.371576607227325439e-01 3.517359197139739990e-01 2.165000513195991516e-02
5.045064091682434082e-01 4.692136645317077637e-01 -3.656359761953353882e-02
4.669198393821716309e-01 4.758952260017395020e-01 -2.744657546281814575e-02
4.811543822288513184e-01 4.381003975868225098e-01 -3.371500968933105469e-02
4.889839887619018555e-01 4.691697359085083008e-01 -3.612525388598442078e-02
5.151735544204711914e-01 3.356338441371917725e-01 -4.306262824684381485e-03
4.174157083034515381e-01 5.789647102355957031e-01 6.451556924730539322e-03
4.310252070426940918e-01 5.957350730895996094e-01 -6.061600521206855774e-03
4.669386446475982666e-01 6.255830526351928711e-01 -3.081848844885826111e-02
3.911907970905303955e-01 5.583225488662719727e-01 5.740264058113098145e-02
4.784023761749267578e-01 3.455809950828552246e-01 1.984511874616146088e-02
4.937900602817535400e-01 3.801308274269104004e-01 -2.107625082135200500e-02
4.926124513149261475e-01 6.314263343811035156e-01 -3.324583172798156738e-02
4.465895295143127441e-01 6.295501589775085449e-01 -9.317828342318534851e-03
3.775336444377899170e-01 4.706596136093139648e-01 6.410636007785797119e-02
4.792076647281646729e-01 5.336333513259887695e-01 -2.844202704727649689e-02
4.766357541084289551e-01 5.369117856025695801e-01 -3.110683709383010864e-02
4.740896224975585938e-01 5.421691536903381348e-01 -3.389788046479225159e-02
4.720810055732727051e-01 5.486981868743896484e-01 -3.329168260097503662e-02
4.653150141239166260e-01 5.631598234176635742e-01 -2.734125964343547821e-02
4.645473361015319824e-01 5.117228627204895020e-01 -2.111047878861427307e-02
4.616933166980743408e-01 5.109624266624450684e-01 -2.093818783760070801e-02
4.592889547348022461e-01 5.096660256385803223e-01 -2.059370279312133789e-02
4.459021091461181641e-01 5.008466243743896484e-01 -1.708788797259330750e-02
4.055174887180328369e-01 4.631095230579376221e-01 8.682337589561939240e-03
4.947411715984344482e-01 3.669359385967254639e-01 -8.285699412226676941e-03
4.910992383956909180e-01 3.346927165985107422e-01 1.527725812047719955e-02
4.836599230766296387e-01 3.377385139465332031e-01 1.897632889449596405e-02
4.668372869491577148e-01 5.115185379981994629e-01 -2.052117511630058289e-02
4.008411169052124023e-01 5.070157647132873535e-01 1.857031323015689850e-02
5.019658803939819336e-01 3.325875401496887207e-01 1.897554029710590839e-03
4.579861462116241455e-01 5.776807665824890137e-01 -2.401049435138702393e-02
5.118806362152099609e-01 3.822298049926757812e-01 -4.168681800365447998e-02
5.023601651191711426e-01 3.711829781532287598e-01 -2.615106664597988129e-02
5.128504037857055664e-01 3.684781789779663086e-01 -2.805609442293643951e-02
4.839939475059509277e-01 4.042289853096008301e-01 -2.556680142879486084e-02
4.939249455928802490e-01 6.126105189323425293e-01 -3.577656298875808716e-02
4.952930212020874023e-01 5.925332903861999512e-01 -3.238911554217338562e-02
4.758330285549163818e-01 5.887219905853271484e-01 -3.057432360947132111e-02
4.346748590469360352e-01 5.434961915016174316e-01 -1.064174529165029526e-02
4.577516019344329834e-01 4.497042298316955566e-01 -1.296983100473880768e-02
4.444365501403808594e-01 5.628097057342529297e-01 -1.734619215130805969e-02
4.320970475673675537e-01 4.461801350116729736e-01 -9.247551672160625458e-03
4.460012316703796387e-01 4.657685756683349609e-01 -1.397603191435337067e-02
4.207977652549743652e-01 4.741587936878204346e-01 -4.754424560815095901e-03
4.704667627811431885e-01 6.074452996253967285e-01 -3.304412961006164551e-02
4.762429296970367432e-01 4.147914052009582520e-01 -1.975676417350769043e-02
4.234606027603149414e-01 5.574024319648742676e-01 -2.837346168234944344e-03
4.365065991878509521e-01 5.767233371734619141e-01 -1.185149978846311569e-02
4.283433556556701660e-01 5.206705927848815918e-01 -7.271272595971822739e-03
3.907621800899505615e-01 4.871246516704559326e-01 3.047581389546394348e-02
4.134837985038757324e-01 5.246921777725219727e-01 2.689528279006481171e-03
3.822767138481140137e-01 5.050907731056213379e-01 5.325880274176597595e-02
4.357475936412811279e-01 4.880915880203247070e-01 -1.175501663237810135e-02
4.856070876121520996e-01 3.919114470481872559e-01 -1.591489277780056000e-02
4.835633039474487305e-01 4.304056763648986816e-01 -4.614428430795669556e-02
4.763170182704925537e-01 4.369949996471405029e-01 -3.560624271631240845e-02
4.889919459819793701e-01 4.185232222080230713e-01 -5.256862193346023560e-02
4.836094081401824951e-01 3.147600293159484863e-01 1.373759657144546509e-02
4.663505852222442627e-01 3.010548055171966553e-01 1.258828863501548767e-02
4.505078196525573730e-01 2.980265617370605469e-01 1.277285441756248474e-02
4.364166259765625000e-01 3.022151291370391846e-01 1.630946435034275055e-02
4.256508350372314453e-01 3.118442893028259277e-01 2.218859829008579254e-02
4.151269793510437012e-01 3.479683399200439453e-01 3.491668775677680969e-02
3.769330978393554688e-01 3.991117775440216064e-01 7.641065865755081177e-02
4.207828342914581299e-01 3.713250160217285156e-01 2.252160757780075073e-02
4.319584965705871582e-01 3.759589791297912598e-01 1.565710082650184631e-02
4.472374916076660156e-01 3.766136765480041504e-01 1.133735198527574539e-02
4.622230827808380127e-01 3.736464083194732666e-01 9.920715354382991791e-03
4.744435548782348633e-01 3.684085011482238770e-01 1.116861961781978607e-02
4.832353293895721436e-01 3.630045950412750244e-01 1.140861772000789642e-02
3.738542795181274414e-01 4.071921706199645996e-01 1.170025318861007690e-01
4.761257469654083252e-01 4.429713487625122070e-01 -3.077752329409122467e-02
4.928612709045410156e-01 3.920852839946746826e-01 -3.246467560529708862e-02
4.913629889488220215e-01 4.299049973487854004e-01 -5.474631860852241516e-02
4.968129992485046387e-01 4.401021599769592285e-01 -5.157740786671638489e-02
4.913359582424163818e-01 4.339763522148132324e-01 -4.980574548244476318e-02
4.786605536937713623e-01 4.491817951202392578e-01 -2.781662344932556152e-02
4.986098706722259521e-01 4.410647451877593994e-01 -5.465251579880714417e-02
4.992102980613708496e-01 4.467492103576660156e-01 -4.269211366772651672e-02
4.849525094032287598e-01 3.496679663658142090e-01 1.928353309631347656e-02
4.907643795013427734e-01 3.533723354339599609e-01 1.221605949103832245e-02
4.944914877414703369e-01 3.550957143306732178e-01 4.116314463317394257e-03
4.326725900173187256e-01 3.416810929775238037e-01 2.461431920528411865e-02
4.251477718353271484e-01 3.305062651634216309e-01 2.545534633100032806e-02
5.211654901504516602e-01 3.863011598587036133e-01 -3.799297288060188293e-02
5.934180617332458496e-01 3.656817674636840820e-01 2.914717420935630798e-02
5.160567760467529297e-01 4.467864632606506348e-01 -4.208564758300781250e-02
6.340076327323913574e-01 3.262081146240234375e-01 9.554327279329299927e-02
5.606896281242370605e-01 3.742072582244873047e-01 1.526291202753782272e-02
5.716555118560791016e-01 3.781120777130126953e-01 1.626953855156898499e-02
5.821918845176696777e-01 3.792676031589508057e-01 1.968565396964550018e-02
5.973075628280639648e-01 3.720600306987762451e-01 2.982288226485252380e-02
5.514989495277404785e-01 3.676602542400360107e-01 1.691708341240882874e-02
5.808843970298767090e-01 3.230360746383666992e-01 1.671209000051021576e-02
5.676683187484741211e-01 3.237676024436950684e-01 1.688245497643947601e-02
5.929484963417053223e-01 3.278572857379913330e-01 2.012164518237113953e-02
6.003947257995605469e-01 3.370980322360992432e-01 2.413400262594223022e-02
6.045026779174804688e-01 3.844128251075744629e-01 3.405021131038665771e-02
5.394856929779052734e-01 6.037923097610473633e-01 -2.050163783133029938e-02
5.979245901107788086e-01 3.610385656356811523e-01 3.342636674642562866e-02
6.376228928565979004e-01 3.945910036563873291e-01 8.564244955778121948e-02
6.173409223556518555e-01 3.734713196754455566e-01 4.753857851028442383e-02
5.637906193733215332e-01 4.416876137256622314e-01 -7.007897365838289261e-03
5.171698331832885742e-01 4.911046028137207031e-01 -4.131890088319778442e-02
5.150398612022399902e-01 5.000045299530029297e-01 -3.850791603326797485e-02
5.307878851890563965e-01 4.993485510349273682e-01 -3.499538078904151917e-02
5.389550924301147461e-01 5.094409584999084473e-01 -2.689500153064727783e-02
5.254440307617187500e-01 5.046708583831787109e-01 -3.366331756114959717e-02
5.328816771507263184e-01 5.117920637130737305e-01 -2.592706307768821716e-02
5.506501793861389160e-01 5.504353642463684082e-01 -1.328505575656890869e-02
5.171700716018676758e-01 4.339806437492370605e-01 -5.987796559929847717e-02
5.200812816619873047e-01 4.184086918830871582e-01 -6.110932677984237671e-02
6.155349612236022949e-01 3.206619024276733398e-01 3.217523172497749329e-02
5.440526008605957031e-01 3.982105255126953125e-01 -1.881096744909882545e-03
5.421363115310668945e-01 4.410606026649475098e-01 -3.209968656301498413e-02
5.438719391822814941e-01 4.339737594127655029e-01 -2.771571278572082520e-02
5.976886153221130371e-01 4.480663836002349854e-01 8.238854818046092987e-03
5.207800865173339844e-01 4.006529748439788818e-01 -5.151038616895675659e-02
5.921618342399597168e-01 2.942029535770416260e-01 1.539499126374721527e-02
6.065255999565124512e-01 3.038954734802246094e-01 2.376081980764865875e-02
6.250868439674377441e-01 2.928868532180786133e-01 7.818958908319473267e-02
5.419242978096008301e-01 3.043847084045410156e-01 3.049687249585986137e-03
5.557687282562255859e-01 3.306541144847869873e-01 1.916408911347389221e-02
5.596858859062194824e-01 5.344879031181335449e-01 -8.589931763708591461e-03
6.165302395820617676e-01 5.525248050689697266e-01 8.724440634250640869e-02
5.322162508964538574e-01 4.489049613475799561e-01 -2.950851432979106903e-02
5.229408144950866699e-01 4.523479938507080078e-01 -3.207112848758697510e-02
5.456268191337585449e-01 5.321015715599060059e-01 -1.016684528440237045e-02
5.424093604087829590e-01 5.308374762535095215e-01 -1.337500009685754776e-02
6.129289865493774414e-01 2.945694625377655029e-01 3.111507743597030640e-02
5.415520668029785156e-01 4.503626227378845215e-01 -2.728806808590888977e-02
5.716122984886169434e-01 2.930122613906860352e-01 8.228689432144165039e-03
5.743455886840820312e-01 2.801383137702941895e-01 8.469107560813426971e-03
5.842475891113281250e-01 2.446789145469665527e-01 4.030971229076385498e-02
6.178806424140930176e-01 2.996008396148681641e-01 5.158784613013267517e-02
5.773352980613708496e-01 2.664923071861267090e-01 2.433902956545352936e-02
6.220820546150207520e-01 3.161995410919189453e-01 4.335531219840049744e-02
6.271048188209533691e-01 3.276508450508117676e-01 6.794691085815429688e-02
5.164389014244079590e-01 4.960346519947052002e-01 -4.117187857627868652e-02
5.281217098236083984e-01 5.025019049644470215e-01 -3.498692438006401062e-02
5.361248254776000977e-01 5.108187198638916016e-01 -2.747425623238086700e-02
5.290957093238830566e-01 4.521112143993377686e-01 -2.756606787443161011e-02
5.439628958702087402e-01 5.315616726875305176e-01 -1.186510268598794937e-02
5.402335524559020996e-01 5.386337041854858398e-01 -1.906805485486984253e-02
5.409032106399536133e-01 5.300035476684570312e-01 -1.367943361401557922e-02
5.280199646949768066e-01 4.391965270042419434e-01 -4.331643879413604736e-02
5.304878950119018555e-01 5.115107297897338867e-01 -2.483127266168594360e-02
5.231454968452453613e-01 5.053755640983581543e-01 -3.030352853238582611e-02
5.137487053871154785e-01 5.019914507865905762e-01 -3.478556871414184570e-02
5.127609968185424805e-01 5.766930580139160156e-01 -2.899672277271747589e-02
5.152127146720886230e-01 5.621984601020812988e-01 -3.712384402751922607e-02
5.147429704666137695e-01 5.540208220481872559e-01 -3.753864392638206482e-02
5.137593746185302734e-01 5.465183258056640625e-01 -3.415717929601669312e-02
5.123547315597534180e-01 5.412358641624450684e-01 -3.138596937060356140e-02
5.292914509773254395e-01 5.379472374916076660e-01 -2.224607020616531372e-02
5.318824648857116699e-01 5.406875610351562500e-01 -2.472529187798500061e-02
5.349029302597045898e-01 5.447417497634887695e-01 -2.713399752974510193e-02
5.373139381408691406e-01 5.494148135185241699e-01 -2.579991705715656281e-02
5.500148534774780273e-01 4.986411333084106445e-01 -2.093148976564407349e-02
6.335124969482421875e-01 4.736461639404296875e-01 1.180474832653999329e-01
5.346928238868713379e-01 5.352589488029479980e-01 -1.692262105643749237e-02
5.375146865844726562e-01 5.367065668106079102e-01 -1.874501071870326996e-02
5.196473002433776855e-01 4.583205580711364746e-01 -3.407690301537513733e-02
5.366772413253784180e-01 4.608061015605926514e-01 -2.119773067533969879e-02
5.211955904960632324e-01 4.554235339164733887e-01 -3.315612301230430603e-02
5.552476644515991211e-01 4.101983308792114258e-01 3.551130648702383041e-04
5.730126500129699707e-01 4.238221049308776855e-01 2.423244761303067207e-03
5.449138283729553223e-01 4.431772828102111816e-01 -2.260138466954231262e-02
6.097416281700134277e-01 2.650103867053985596e-01 5.812168121337890625e-02
6.024351716041564941e-01 2.785989344120025635e-01 3.730177506804466248e-02
5.968313217163085938e-01 2.825303077697753906e-01 1.983222924172878265e-02
5.413213968276977539e-01 5.611263513565063477e-01 -1.974085532128810883e-02
5.471323132514953613e-01 2.826378941535949707e-01 2.492241794243454933e-03
5.506368875503540039e-01 2.623527050018310547e-01 1.627908833324909210e-02
5.561029911041259766e-01 2.337261587381362915e-01 2.915484644472599030e-02
5.915175676345825195e-01 3.777603507041931152e-01 2.483011782169342041e-02
6.150347590446472168e-01 3.983949124813079834e-01 3.858114033937454224e-02
5.452720522880554199e-01 3.617438375949859619e-01 1.900241337716579437e-02
6.095222830772399902e-01 3.472919464111328125e-01 3.413970768451690674e-02
5.369829535484313965e-01 3.854595124721527100e-01 -4.437793046236038208e-03
5.362863540649414062e-01 4.309781193733215332e-01 -4.187366738915443420e-02
6.278803348541259766e-01 4.184583127498626709e-01 4.877028986811637878e-02
6.065114736557006836e-01 4.083658456802368164e-01 2.631551586091518402e-02
5.916946530342102051e-01 4.114193916320800781e-01 1.488923467695713043e-02
5.708606243133544922e-01 4.045664072036743164e-01 1.011518482118844986e-02
5.560749173164367676e-01 3.946314752101898193e-01 8.258785121142864227e-03
5.449374318122863770e-01 3.844828605651855469e-01 6.391554139554500580e-03
5.241335630416870117e-01 3.595478534698486328e-01 -1.169273536652326584e-02
6.244062185287475586e-01 4.516890645027160645e-01 3.979501128196716309e-02
6.173926591873168945e-01 3.462487459182739258e-01 4.053294286131858826e-02
5.124102830886840820e-01 4.433759450912475586e-01 -5.582693591713905334e-02
5.421360135078430176e-01 4.120432436466217041e-01 -9.731656871736049652e-03
6.395743489265441895e-01 4.006062448024749756e-01 1.239263638854026794e-01
5.367227792739868164e-01 3.736189603805541992e-01 6.290861405432224274e-03
5.456162691116333008e-01 4.463000893592834473e-01 -1.184251345694065094e-02
6.026529073715209961e-01 3.616230189800262451e-01 3.548232465982437134e-02
5.376734733581542969e-01 4.224861264228820801e-01 -3.630946949124336243e-02
6.272598505020141602e-01 5.123226642608642578e-01 1.057119071483612061e-01
5.457091927528381348e-01 3.559945821762084961e-01 2.302290312945842743e-02
5.296173095703125000e-01 4.094371497631072998e-01 -4.571442306041717529e-02
5.909731984138488770e-01 5.787195563316345215e-01 2.332912571728229523e-02
5.898814797401428223e-01 6.021973490715026855e-01 4.039965569972991943e-02
6.345804929733276367e-01 4.634180963039398193e-01 7.831795513629913330e-02
6.057817339897155762e-01 5.603520870208740234e-01 3.965008258819580078e-02
6.324979662895202637e-01 3.594596982002258301e-01 8.055452257394790649e-02
5.413731336593627930e-01 6.225439310073852539e-01 -1.742192730307579041e-02
5.105326175689697266e-01 4.489182531833648682e-01 -4.275098815560340881e-02
5.511117577552795410e-01 4.267470836639404297e-01 -7.539782207459211349e-03
6.259645223617553711e-01 3.792855143547058105e-01 5.856705456972122192e-02
5.822078585624694824e-01 3.698152601718902588e-01 2.177575230598449707e-02
5.727659463882446289e-01 3.692262470722198486e-01 1.879479736089706421e-02
5.427240133285522461e-01 5.409626364707946777e-01 -1.766118407249450684e-02
6.198049783706665039e-01 4.848952889442443848e-01 3.704753145575523376e-02
5.184078812599182129e-01 6.457365155220031738e-01 -1.716799661517143250e-02
5.563997030258178711e-01 6.294604539871215820e-01 8.122159168124198914e-03
5.723570585250854492e-01 6.185894012451171875e-01 2.235642448067665100e-02
5.634534955024719238e-01 3.660537004470825195e-01 1.837787590920925140e-02
5.547150969505310059e-01 3.613977134227752686e-01 2.009068988263607025e-02
5.487647056579589844e-01 3.584532439708709717e-01 2.273772098124027252e-02
6.247177720069885254e-01 3.454939126968383789e-01 5.271484330296516418e-02
5.572518110275268555e-01 3.481052219867706299e-01 2.025792002677917480e-02
5.673567652702331543e-01 3.454861044883728027e-01 1.898732222616672516e-02
5.768987536430358887e-01 3.458285927772521973e-01 1.966563053429126740e-02
5.862872004508972168e-01 3.492082059383392334e-01 2.216031588613986969e-02
5.920879840850830078e-01 3.538249135017395020e-01 2.538642846047878265e-02
6.384934782981872559e-01 3.602700829505920410e-01 1.130148246884346008e-01
5.887605547904968262e-01 3.682024478912353516e-01 2.563779987394809723e-02
5.405532717704772949e-01 4.855093657970428467e-01 -2.571192942559719086e-02
5.326994061470031738e-01 4.450270533561706543e-01 -3.253761678934097290e-02
5.199937820434570312e-01 4.733442068099975586e-01 -3.540981933474540710e-02
5.749727487564086914e-01 5.965008139610290527e-01 9.879673831164836884e-03
5.590305328369140625e-01 6.095724701881408691e-01 -3.411652054637670517e-03
5.192897915840148926e-01 6.312208175659179688e-01 -2.964126132428646088e-02
6.035453677177429199e-01 5.824463367462158203e-01 6.376679241657257080e-02
5.494222640991210938e-01 3.526230454444885254e-01 2.206133678555488586e-02
5.296373963356018066e-01 3.843933343887329102e-01 -2.004850283265113831e-02
5.390452146530151367e-01 6.389250755310058594e-01 -6.697119213640689850e-03
6.286057233810424805e-01 4.996810555458068848e-01 6.993089616298675537e-02
5.218626260757446289e-01 5.398799180984497070e-01 -2.713227830827236176e-02
5.242892503738403320e-01 5.441719293594360352e-01 -2.980017289519309998e-02
5.264939665794372559e-01 5.503842830657958984e-01 -3.253342956304550171e-02
5.280692577362060547e-01 5.578527450561523438e-01 -3.187967091798782349e-02
5.289138555526733398e-01 5.705277323722839355e-01 -2.573404274880886078e-02
5.385732054710388184e-01 5.205429792404174805e-01 -1.903838478028774261e-02
5.414009690284729004e-01 5.205997824668884277e-01 -1.866117119789123535e-02
5.440661311149597168e-01 5.199571847915649414e-01 -1.822803169488906860e-02
5.566206574440002441e-01 5.153254866600036621e-01 -1.419273484498262405e-02
6.034433245658874512e-01 4.872050583362579346e-01 1.380244363099336624e-02
5.304018855094909668e-01 3.712179064750671387e-01 -7.189162541180849075e-03
5.384610891342163086e-01 3.395558297634124756e-01 1.652283407747745514e-02
5.449160337448120117e-01 3.437928259372711182e-01 2.087972871959209442e-02
5.363307595252990723e-01 5.194501280784606934e-01 -1.845191791653633118e-02
6.016414761543273926e-01 5.309382081031799316e-01 2.353338524699211121e-02
5.280950665473937988e-01 3.359496891498565674e-01 2.773282583802938461e-03
5.346610546112060547e-01 5.863399505615234375e-01 -2.228911966085433960e-02
5.227742791175842285e-01 3.735347986221313477e-01 -2.560235746204853058e-02
5.354290604591369629e-01 4.106264710426330566e-01 -2.422547154128551483e-02
5.155636072158813477e-01 5.931839942932128906e-01 -2.979988045990467072e-02
5.619992613792419434e-01 5.588700175285339355e-01 -7.607111707329750061e-03
5.536645650863647461e-01 4.618162214756011963e-01 -1.056149601936340332e-02
5.497774481773376465e-01 5.750701427459716797e-01 -1.501432992517948151e-02
5.797767639160156250e-01 4.645281136035919189e-01 -5.245811305940151215e-03
5.627334117889404297e-01 4.805142581462860107e-01 -1.098220143467187881e-02
5.866274237632751465e-01 4.946617484092712402e-01 -3.536407311912626028e-04
5.183818936347961426e-01 6.128327250480651855e-01 -3.199620917439460754e-02
5.412714481353759766e-01 4.228358268737792969e-01 -1.810324192047119141e-02
5.717154741287231445e-01 5.745210647583007812e-01 5.465422291308641434e-04
5.560669302940368652e-01 5.901661515235900879e-01 -9.275112301111221313e-03
5.716702938079833984e-01 5.385230183601379395e-01 -3.512119874358177185e-03
6.143749356269836426e-01 5.137196779251098633e-01 3.599014133214950562e-02
5.863959193229675293e-01 5.453232526779174805e-01 6.928973365575075150e-03
6.198520660400390625e-01 5.326552987098693848e-01 5.888603255152702332e-02
5.692510604858398438e-01 5.050655007362365723e-01 -8.277379907667636871e-03
5.355754494667053223e-01 3.980334401130676270e-01 -1.440961100161075592e-02
5.318698883056640625e-01 4.367791116237640381e-01 -4.489812254905700684e-02
5.378733873367309570e-01 4.450788497924804688e-01 -3.422287106513977051e-02
5.287626385688781738e-01 4.235659241676330566e-01 -5.170502141118049622e-02
5.493662357330322266e-01 3.223895728588104248e-01 1.547265145927667618e-02
5.689774751663208008e-01 3.122706711292266846e-01 1.527740340679883957e-02
5.854251980781555176e-01 3.121886849403381348e-01 1.640866510570049286e-02
5.982456803321838379e-01 3.186615109443664551e-01 2.053592167794704437e-02
6.066489219665527344e-01 3.298803567886352539e-01 2.680584788322448730e-02
6.089391112327575684e-01 3.672019541263580322e-01 3.977742046117782593e-02
6.378141045570373535e-01 4.287400245666503906e-01 8.252815157175064087e-02
5.981653928756713867e-01 3.904265463352203369e-01 2.711485512554645538e-02
5.863268971443176270e-01 3.931721448898315430e-01 1.977515406906604767e-02
5.718073844909667969e-01 3.902231454849243164e-01 1.479964796453714371e-02
5.582326650619506836e-01 3.835475146770477295e-01 1.272247917950153351e-02
5.477180480957031250e-01 3.755621314048767090e-01 1.328659802675247192e-02
5.404072403907775879e-01 3.683356046676635742e-01 1.311568263918161392e-02
6.370351910591125488e-01 4.372751414775848389e-01 1.251121461391448975e-01
5.369356870651245117e-01 4.509634375572204590e-01 -2.939036674797534943e-02
5.288409590721130371e-01 3.963963389396667480e-01 -3.142972290515899658e-02
5.245225429534912109e-01 4.341629445552825928e-01 -5.394931510090827942e-02
5.173044204711914062e-01 4.428220093250274658e-01 -5.110666900873184204e-02
5.236521959304809570e-01 4.383400976657867432e-01 -4.897872358560562134e-02
5.333353281021118164e-01 4.563765227794647217e-01 -2.662269584834575653e-02
5.155790448188781738e-01 4.432663619518280029e-01 -5.427785962820053101e-02
5.137178301811218262e-01 4.486313462257385254e-01 -4.238149896264076233e-02
5.414543747901916504e-01 3.551358282566070557e-01 2.097308449447154999e-02
5.350971817970275879e-01 3.575521111488342285e-01 1.357966382056474686e-02
5.309773683547973633e-01 3.590655326843261719e-01 5.259794648736715317e-03
5.953978300094604492e-01 3.575589060783386230e-01 2.885769121348857880e-02
6.041912436485290527e-01 3.478890955448150635e-01 2.990201674401760101e-02
4.523352086544036865e-01 3.430205881595611572e-01 1.988826319575309753e-02
4.633957743644714355e-01 3.433677554130554199e-01 1.988826319575309753e-02
4.525345861911773682e-01 3.291087150573730469e-01 1.988826319575309753e-02
4.410444796085357666e-01 3.426280915737152100e-01 1.988826319575309753e-02
4.520100951194763184e-01 3.567274510860443115e-01 1.988826319575309753e-02
5.754249691963195801e-01 3.582143485546112061e-01 2.314923331141471863e-02
5.870925784111022949e-01 3.604434132575988770e-01 2.314923331141471863e-02
5.770804286003112793e-01 3.431140482425689697e-01 2.314923331141471863e-02
5.638048052787780762e-01 3.560105860233306885e-01 2.314923331141471863e-02
5.737972259521484375e-01 3.733554780483245850e-01 2.314923331141471863e-02
