5.048792958259582520e-01 5.381975769996643066e-01 -3.435232117772102356e-02
5.134148001670837402e-01 4.789810180664062500e-01 -6.094847247004508972e-02
5.100955963134765625e-01 4.964299798011779785e-01 -3.265169262886047363e-02
5.073048472404479980e-01 4.217196702957153320e-01 -4.533849284052848816e-02
5.151551961898803711e-01 4.616849422454833984e-01 -6.450062245130538940e-02
5.165773630142211914e-01 4.392380714416503906e-01 -5.940699577331542969e-02
5.192689299583435059e-01 3.847425282001495361e-01 -2.681393548846244812e-02
4.355740845203399658e-01 3.680028319358825684e-01 1.084938086569309235e-02
5.224550366401672363e-01 3.387362658977508545e-01 -1.747307553887367249e-02
5.244257450103759766e-01 3.159620165824890137e-01 -1.889394596219062805e-02
5.298346281051635742e-01 2.416484951972961426e-01 -4.344598390161991119e-03
5.044642686843872070e-01 5.444880723953247070e-01 -3.302326425909996033e-02
5.038967132568359375e-01 5.508003830909729004e-01 -2.931740134954452515e-02
5.034551024436950684e-01 5.550054907798767090e-01 -2.405663393437862396e-02
5.030300617218017578e-01 5.612194538116455078e-01 -2.241305261850357056e-02
5.026017427444458008e-01 5.705900788307189941e-01 -2.407586388289928436e-02
5.018675923347473145e-01 5.817643404006958008e-01 -2.643981948494911194e-02
5.010311007499694824e-01 5.926013588905334473e-01 -2.470420114696025848e-02
4.985335171222686768e-01 6.052178144454956055e-01 -1.388355810195207596e-02
5.120940208435058594e-01 4.878146052360534668e-01 -5.524777621030807495e-02
5.009366869926452637e-01 4.863982498645782471e-01 -4.046340286731719971e-02
3.932588398456573486e-01 2.976967096328735352e-01 6.356197595596313477e-02
4.655984938144683838e-01 3.873731493949890137e-01 8.427747525274753571e-04
4.537577927112579346e-01 3.876292109489440918e-01 8.824456017464399338e-04
4.427939057350158691e-01 3.850238025188446045e-01 3.358264220878481865e-03
4.295833706855773926e-01 3.732460737228393555e-01 1.195426005870103836e-02
4.762804806232452393e-01 3.837383985519409180e-01 3.286258550360798836e-03
4.551366567611694336e-01 3.308401107788085938e-01 -2.887566341087222099e-03
4.682436287403106689e-01 3.345877230167388916e-01 -1.741085085086524487e-03
4.424009919166564941e-01 3.330622911453247070e-01 -8.932050695875659585e-05
4.334200322628021240e-01 3.400727808475494385e-01 3.804838983342051506e-03
4.176272451877593994e-01 3.824197947978973389e-01 1.684052683413028717e-02
4.527589380741119385e-01 6.200274825096130371e-01 -3.643174422904849052e-03
4.319761097431182861e-01 3.621486127376556396e-01 1.437854859977960587e-02
3.808031976222991943e-01 3.689287900924682617e-01 6.535223871469497681e-02
4.047806262969970703e-01 3.672184944152832031e-01 2.790524438023567200e-02
4.534649252891540527e-01 4.570050835609436035e-01 -1.223833113908767700e-02
4.920229017734527588e-01 5.324882268905639648e-01 -3.387489914894104004e-02
4.924905300140380859e-01 5.482896566390991211e-01 -2.872345224022865295e-02
4.787888824939727783e-01 5.365365743637084961e-01 -2.852351777255535126e-02
4.699398875236511230e-01 5.414635539054870605e-01 -2.119643054902553558e-02
4.825328290462493896e-01 5.475150942802429199e-01 -2.530393935739994049e-02
4.746117591857910156e-01 5.480337142944335938e-01 -1.842552609741687775e-02
4.484642148017883301e-01 5.661439895629882812e-01 -4.794054199010133743e-03
5.039220452308654785e-01 4.772168695926666260e-01 -6.049936637282371521e-02
5.038426518440246582e-01 4.603787362575531006e-01 -6.378747522830963135e-02
4.185464084148406982e-01 3.218350112438201904e-01 7.277880795300006866e-03
4.801673889160156250e-01 4.174291193485260010e-01 -1.101649831980466843e-02
4.768032133579254150e-01 4.705646336078643799e-01 -3.449781611561775208e-02
4.760903716087341309e-01 4.614694416522979736e-01 -3.108300082385540009e-02
4.181771278381347656e-01 4.500594139099121094e-01 -4.208539030514657497e-04
5.057382583618164062e-01 4.395614266395568848e-01 -5.674090608954429626e-02
4.493525028228759766e-01 3.044595122337341309e-01 -9.242846630513668060e-03
4.320067465305328369e-01 3.094402551651000977e-01 -1.746884081512689590e-03
4.092994630336761475e-01 2.700074911117553711e-01 4.321635514497756958e-02
4.991610944271087646e-01 3.276655673980712891e-01 -1.573921740055084229e-02
4.789597094058990479e-01 3.445418477058410645e-01 2.129832748323678970e-03
4.419118165969848633e-01 5.483978986740112305e-01 -2.915908582508563995e-03
3.804316520690917969e-01 5.285263657569885254e-01 9.099594503641128540e-02
4.846150279045104980e-01 4.813739061355590820e-01 -2.970503270626068115e-02
4.929800331592559814e-01 4.873895645141601562e-01 -2.992975153028964996e-02
4.590245783329010010e-01 5.502170920372009277e-01 -3.836316987872123718e-03
4.618853628635406494e-01 5.504038929939270020e-01 -6.678350735455751419e-03
4.264409542083740234e-01 2.978198528289794922e-01 3.556431503966450691e-03
4.753044247627258301e-01 4.785117506980895996e-01 -2.840567380189895630e-02
4.712238609790802002e-01 3.087596893310546875e-01 -1.409271918237209320e-02
4.709218144416809082e-01 2.950215339660644531e-01 -1.607912592589855194e-02
4.619464576244354248e-01 2.389332354068756104e-01 4.568526521325111389e-03
4.174742102622985840e-01 2.860999107360839844e-01 2.058479934930801392e-02
4.667231142520904541e-01 2.693330049514770508e-01 -6.269963923841714859e-03
4.116162061691284180e-01 3.135865628719329834e-01 1.685258559882640839e-02
4.021459221839904785e-01 3.082836270332336426e-01 3.892572224140167236e-02
4.920034110546112061e-01 5.412417650222778320e-01 -3.266134113073348999e-02
4.806392192840576172e-01 5.425139665603637695e-01 -2.750258520245552063e-02
4.722088575363159180e-01 5.449256896972656250e-01 -2.076612226665019989e-02
4.868477582931518555e-01 4.849764108657836914e-01 -2.693805843591690063e-02
4.605089724063873291e-01 5.503720045089721680e-01 -5.292189773172140121e-03
4.648768305778503418e-01 5.554591417312622070e-01 -1.147093717008829117e-02
4.633631408214569092e-01 5.504825711250305176e-01 -6.870539858937263489e-03
4.909482300281524658e-01 4.756670296192169189e-01 -4.507396742701530457e-02
4.763097167015075684e-01 5.501204729080200195e-01 -1.641627401113510132e-02
4.839536249637603760e-01 5.506495833396911621e-01 -2.071590907871723175e-02
4.930558204650878906e-01 5.524016022682189941e-01 -2.384074777364730835e-02
4.830547571182250977e-01 6.020485758781433105e-01 -1.446989737451076508e-02
4.865112900733947754e-01 5.880852341651916504e-01 -2.508291602134704590e-02
4.882609844207763672e-01 5.775607824325561523e-01 -2.644978836178779602e-02
4.903579950332641602e-01 5.666338205337524414e-01 -2.384587563574314117e-02
4.924969971179962158e-01 5.583018064498901367e-01 -2.216724865138530731e-02
4.760197401046752930e-01 5.531970262527465820e-01 -1.506910659372806549e-02
4.730224013328552246e-01 5.568685531616210938e-01 -1.680537126958370209e-02
4.696967303752899170e-01 5.616428256034851074e-01 -1.870565488934516907e-02
4.667811095714569092e-01 5.669338703155517578e-01 -1.695798151195049286e-02
4.583469331264495850e-01 5.205956697463989258e-01 -1.770684868097305298e-02
3.715157806873321533e-01 4.415259957313537598e-01 1.086617410182952881e-01
5.111187100410461426e-01 4.918394088745117188e-01 -4.041647911071777344e-02
4.703611731529235840e-01 5.517799854278564453e-01 -1.019428763538599014e-02
4.676934778690338135e-01 5.535033941268920898e-01 -1.138864643871784210e-02
4.956424832344055176e-01 4.943400621414184570e-01 -3.071411140263080597e-02
4.778751432895660400e-01 4.891650676727294922e-01 -2.000761404633522034e-02
4.943907558917999268e-01 4.909338653087615967e-01 -3.050103038549423218e-02
4.669916033744812012e-01 4.256197512149810791e-01 -8.387750014662742615e-03
4.469695091247558594e-01 4.341644942760467529e-01 -6.507609970867633820e-03
4.732497334480285645e-01 4.690710604190826416e-01 -2.495508454740047455e-02
4.311924278736114502e-01 2.495310157537460327e-01 2.205291204154491425e-02
4.380460381507873535e-01 2.721844613552093506e-01 5.945513024926185608e-03
4.465831816196441650e-01 2.910976409912109375e-01 -7.215998601168394089e-03
4.569207727909088135e-01 5.794373154640197754e-01 -9.519668295979499817e-03
4.984507858753204346e-01 3.043186664581298828e-01 -1.962115988135337830e-02
4.954032003879547119e-01 2.734805345535278320e-01 -1.235912833362817764e-02
4.936817884445190430e-01 2.371389269828796387e-01 -4.364155232906341553e-03
4.339945912361145020e-01 3.804676830768585205e-01 7.708780933171510696e-03
4.028217196464538574e-01 3.926713168621063232e-01 2.201435156166553497e-02
4.836163520812988281e-01 3.797671794891357422e-01 5.442761350423097610e-03
4.206461906433105469e-01 3.468935489654541016e-01 1.268183533102273941e-02
4.894575774669647217e-01 4.073327779769897461e-01 -1.416210178285837173e-02
4.844537973403930664e-01 4.642726480960845947e-01 -4.501624777913093567e-02
3.896214663982391357e-01 4.027265310287475586e-01 3.311297670006752014e-02
4.103490114212036133e-01 4.061035215854644775e-01 1.163090392947196960e-02
4.255573749542236328e-01 4.145654439926147461e-01 1.924554933793842793e-03
4.485349357128143311e-01 4.146848320960998535e-01 -1.370777725242078304e-03
4.657024145126342773e-01 4.097046852111816406e-01 -2.569473581388592720e-03
4.790886342525482178e-01 4.031305313110351562e-01 -4.316654056310653687e-03
5.076425075531005859e-01 3.870491981506347656e-01 -2.346836030483245850e-02
3.895352184772491455e-01 4.390232861042022705e-01 2.882451377809047699e-02
4.109310507774353027e-01 3.426107764244079590e-01 1.771881803870201111e-02
5.064167976379394531e-01 4.864132404327392578e-01 -5.502806603908538818e-02
4.803805351257324219e-01 4.346823692321777344e-01 -1.635375246405601501e-02
3.749399781227111816e-01 3.666025698184967041e-01 1.022665500640869141e-01
4.897358715534210205e-01 3.951129019260406494e-01 -4.895047284662723541e-03
4.714857637882232666e-01 4.700426161289215088e-01 -1.385569665580987930e-02
4.263782203197479248e-01 3.618399500846862793e-01 1.613841950893402100e-02
4.842372536659240723e-01 4.533928036689758301e-01 -4.060733318328857422e-02
3.740051388740539551e-01 4.834288358688354492e-01 1.027913764119148254e-01
4.847906529903411865e-01 3.736998438835144043e-01 8.444280363619327545e-03
4.948381781578063965e-01 4.442698061466217041e-01 -5.082241445779800415e-02
4.054220318794250488e-01 5.747133493423461914e-01 3.338029608130455017e-02
4.025511741638183594e-01 5.933489799499511719e-01 5.272986367344856262e-02
3.757477998733520508e-01 4.403446912765502930e-01 6.879363209009170532e-02
3.928282260894775391e-01 5.492718219757080078e-01 4.641923680901527405e-02
3.910363018512725830e-01 3.362370729446411133e-01 5.542523413896560669e-02
4.483829736709594727e-01 6.358982920646667480e-01 2.297458006069064140e-03
5.067529678344726562e-01 4.906160235404968262e-01 -3.991392999887466431e-02
4.687161743640899658e-01 4.459956586360931396e-01 -1.313375867903232574e-02
3.929944336414337158e-01 3.690104484558105469e-01 3.849101439118385315e-02
4.456289112567901611e-01 3.758196532726287842e-01 4.729551728814840317e-03
4.550652503967285156e-01 3.785294294357299805e-01 2.610327210277318954e-03
4.621880054473876953e-01 5.577083230018615723e-01 -9.834751486778259277e-03
3.900134563446044922e-01 4.733785688877105713e-01 3.170725703239440918e-02
4.674576520919799805e-01 6.618725061416625977e-01 6.999148987233638763e-03
4.328465163707733154e-01 6.346591711044311523e-01 2.629596181213855743e-02
4.185599088668823242e-01 6.177802085876464844e-01 3.768945857882499695e-02
5.272223949432373047e-01 2.794608473777770996e-01 -1.256576646119356155e-02
4.924222230911254883e-01 6.682047247886657715e-01 5.634260363876819611e-03
4.649693667888641357e-01 3.783404827117919922e-01 2.979931887239217758e-03
4.747384190559387207e-01 3.762860894203186035e-01 5.281466059386730194e-03
4.813079237937927246e-01 3.751463294029235840e-01 8.085986599326133728e-03
4.017249345779418945e-01 3.380185961723327637e-01 2.887798473238945007e-02
4.752906858921051025e-01 3.581729233264923096e-01 3.716772655025124550e-03
4.655284285545349121e-01 3.510365188121795654e-01 1.355094951577484608e-03
4.555054306983947754e-01 3.489397764205932617e-01 1.134252175688743591e-03
4.453472495079040527e-01 3.510382771492004395e-01 3.100099042057991028e-03
4.388265013694763184e-01 3.553712368011474609e-01 6.173461675643920898e-03
3.823245167732238770e-01 3.283412754535675049e-01 8.548869192600250244e-02
4.395708441734313965e-01 3.719857335090637207e-01 7.938010618090629578e-03
5.084469318389892578e-01 5.102551579475402832e-01 -3.048936091363430023e-02
4.704785943031311035e-01 5.125941038131713867e-01 -2.245573885738849640e-02
4.851017892360687256e-01 4.782440960407257080e-01 -3.369214758276939392e-02
4.928061962127685547e-01 5.094190835952758789e-01 -3.069863654673099518e-02
5.205243229866027832e-01 3.623379766941070557e-01 -1.782652549445629120e-02
4.189243614673614502e-01 5.986696481704711914e-01 2.375022694468498230e-02
4.328303933143615723e-01 6.172901988029479980e-01 1.371338590979576111e-02
4.685845971107482910e-01 6.506825685501098633e-01 -7.140379864722490311e-03
3.904931843280792236e-01 5.656957030296325684e-01 7.247390598058700562e-02
4.820030629634857178e-01 3.676611781120300293e-01 6.515731103718280792e-03
4.980852007865905762e-01 4.130036830902099609e-01 -2.896937914192676544e-02
4.937117099761962891e-01 6.568721532821655273e-01 -8.248602040112018585e-03
4.486045241355895996e-01 6.499375104904174805e-01 1.431096252053976059e-02
3.775162696838378906e-01 4.785737991333007812e-01 6.629058718681335449e-02
4.834591448307037354e-01 5.553820133209228516e-01 -1.915817335247993469e-02
4.803519546985626221e-01 5.615756511688232422e-01 -2.105201408267021179e-02
4.773949980735778809e-01 5.695630311965942383e-01 -2.322160638868808746e-02
4.749440550804138184e-01 5.786706805229187012e-01 -2.187580987811088562e-02
4.681536555290222168e-01 5.920827984809875488e-01 -1.374701596796512604e-02
4.681789875030517578e-01 5.490856766700744629e-01 -1.218202710151672363e-02
4.656800329685211182e-01 5.475558042526245117e-01 -1.247886009514331818e-02
4.635529220104217529e-01 5.457291007041931152e-01 -1.263406407088041306e-02
4.484932422637939453e-01 5.329581499099731445e-01 -1.078861672431230545e-02
4.065625071525573730e-01 4.851432740688323975e-01 1.010974962264299393e-02
4.987547993659973145e-01 3.959158062934875488e-01 -1.793238520622253418e-02
4.948855340480804443e-01 3.602963089942932129e-01 1.693219062872231007e-03
4.872964322566986084e-01 3.614796102046966553e-01 5.145352799445390701e-03
4.702966213226318359e-01 5.502888560295104980e-01 -1.105239242315292358e-02
4.016518592834472656e-01 5.259702205657958984e-01 2.606413885951042175e-02
5.059593319892883301e-01 3.607116937637329102e-01 -1.168761402368545532e-02
4.600400030612945557e-01 6.052739024162292480e-01 -7.760000880807638168e-03
5.174891352653503418e-01 4.206425547599792480e-01 -4.822888970375061035e-02
5.072912573814392090e-01 4.053182005882263184e-01 -3.539492934942245483e-02
5.183089971542358398e-01 4.034119844436645508e-01 -3.713489323854446411e-02
4.879235029220581055e-01 4.389282464981079102e-01 -3.015003912150859833e-02
4.953810572624206543e-01 6.405303478240966797e-01 -1.382416766136884689e-02
4.970705211162567139e-01 6.214444637298583984e-01 -1.335457060486078262e-02
4.777659475803375244e-01 6.172939538955688477e-01 -1.238505914807319641e-02
4.363653659820556641e-01 5.702767968177795410e-01 1.358737819828093052e-03
4.601106941699981689e-01 4.818431735038757324e-01 -1.206256076693534851e-02
4.463938176631927490e-01 5.898352265357971191e-01 -2.927099354565143585e-03
4.338286519050598145e-01 4.743624031543731689e-01 -9.390470571815967560e-03
4.480729699134826660e-01 4.967569112777709961e-01 -1.152534037828445435e-02
4.220260977745056152e-01 5.004324316978454590e-01 -1.767916255630552769e-03
4.721485674381256104e-01 6.350023150444030762e-01 -1.231219712644815445e-02
4.798895418643951416e-01 4.482489228248596191e-01 -2.286767028272151947e-02
4.249388575553894043e-01 5.809924602508544922e-01 1.132320519536733627e-02
4.382659196853637695e-01 6.013851761817932129e-01 5.248534027487039566e-03
4.298431575298309326e-01 5.476522445678710938e-01 1.750018564052879810e-03
3.914688825607299805e-01 5.028926730155944824e-01 3.541270643472671509e-02
4.147235155105590820e-01 5.475589632987976074e-01 1.202474907040596008e-02
3.822183310985565186e-01 5.147810578346252441e-01 6.087363511323928833e-02
4.375262260437011719e-01 5.176242589950561523e-01 -7.189299911260604858e-03
4.894083142280578613e-01 4.235613346099853516e-01 -2.218225970864295959e-02
4.877729415893554688e-01 4.723422527313232422e-01 -4.736881330609321594e-02
4.802170991897583008e-01 4.764842987060546875e-01 -3.547762706875801086e-02
4.935898780822753906e-01 4.613104760646820068e-01 -5.481243133544921875e-02
4.874799251556396484e-01 3.409106135368347168e-01 -2.206161152571439743e-03
4.695741534233093262e-01 3.257450461387634277e-01 -4.975103307515382767e-03
4.530499279499053955e-01 3.215831518173217773e-01 -5.246285349130630493e-03
4.385191798210144043e-01 3.243686556816101074e-01 -1.844636048190295696e-03
4.275288879871368408e-01 3.324865102767944336e-01 4.140663426369428635e-03
4.169351160526275635e-01 3.644186258316040039e-01 2.030810713768005371e-02
3.763023614883422852e-01 4.038600027561187744e-01 6.726623326539993286e-02
4.235189557075500488e-01 3.908034861087799072e-01 1.104569435119628906e-02
4.350291788578033447e-01 3.974328935146331787e-01 4.962664097547531128e-03
4.506691992282867432e-01 3.996226787567138672e-01 1.314389519393444061e-03
4.658855199813842773e-01 3.975416421890258789e-01 1.196424636873416603e-04
4.781536161899566650e-01 3.929626345634460449e-01 1.175126642920076847e-03
4.869681298732757568e-01 3.882311582565307617e-01 1.187700079753994942e-03
3.722012042999267578e-01 4.034239649772644043e-01 1.091667115688323975e-01
4.796634614467620850e-01 4.814770817756652832e-01 -2.991081029176712036e-02
4.973797500133514404e-01 4.283236265182495117e-01 -3.837840631604194641e-02
4.958045780658721924e-01 4.739563763141632080e-01 -5.558751896023750305e-02
5.007054805755615234e-01 4.832062423229217529e-01 -5.066744610667228699e-02
4.953800439834594727e-01 4.769169092178344727e-01 -5.014530196785926819e-02
4.820366799831390381e-01 4.870902895927429199e-01 -2.587583474814891815e-02
5.028867125511169434e-01 4.849349856376647949e-01 -5.357265472412109375e-02
5.032280087471008301e-01 4.891639053821563721e-01 -4.014959931373596191e-02
4.887074232101440430e-01 3.744407594203948975e-01 7.211219519376754761e-03
4.944752454757690430e-01 3.792881667613983154e-01 8.549187914468348026e-04
4.983823299407958984e-01 3.824930489063262939e-01 -6.703194230794906616e-03
4.350889325141906738e-01 3.589150905609130859e-01 9.697131812572479248e-03
4.274142980575561523e-01 3.490881621837615967e-01 9.758107364177703857e-03
5.267423391342163086e-01 4.245810210704803467e-01 -4.353226721286773682e-02
5.955265164375305176e-01 3.857706785202026367e-01 2.329571917653083801e-02
5.214205980300903320e-01 4.893777370452880859e-01 -3.908352553844451904e-02
6.353684663772583008e-01 3.351927399635314941e-01 8.278810977935791016e-02
5.630793571472167969e-01 3.977484703063964844e-01 8.959936909377574921e-03
5.736510157585144043e-01 4.004989862442016602e-01 1.062403060495853424e-02
5.839330554008483887e-01 4.016569852828979492e-01 1.458326075226068497e-02
5.989084243774414062e-01 3.931922912597656250e-01 2.510611712932586670e-02
5.544802546501159668e-01 3.929820656776428223e-01 9.697149507701396942e-03
5.839031338691711426e-01 3.462440371513366699e-01 7.299877237528562546e-03
5.709030032157897949e-01 3.477767705917358398e-01 6.308606825768947601e-03
5.953933000564575195e-01 3.506626188755035400e-01 1.164067350327968597e-02
6.021324396133422852e-01 3.595474660396575928e-01 1.644059829413890839e-02
6.057890653610229492e-01 4.075691103935241699e-01 3.100660257041454315e-02
5.383959412574768066e-01 6.306858062744140625e-01 2.109103370457887650e-03
6.000356674194335938e-01 3.805054426193237305e-01 2.737215906381607056e-02
6.377090811729431152e-01 4.075497984886169434e-01 8.421178162097930908e-02
6.188670992851257324e-01 3.970372974872589111e-01 4.373653978109359741e-02
5.665650963783264160e-01 4.738567769527435303e-01 -3.740023123100399971e-03
5.178198218345642090e-01 5.360069870948791504e-01 -3.158458322286605835e-02
5.146602988243103027e-01 5.515254735946655273e-01 -2.660330384969711304e-02
5.291150808334350586e-01 5.433021187782287598e-01 -2.384850755333900452e-02
5.358334779739379883e-01 5.505828261375427246e-01 -1.486017089337110519e-02
5.235883593559265137e-01 5.534005761146545410e-01 -2.121928706765174866e-02
5.302119255065917969e-01 5.560792088508605957e-01 -1.298808865249156952e-02
5.501084327697753906e-01 5.804142355918884277e-01 3.054939443245530128e-03
5.225526690483093262e-01 4.799128174781799316e-01 -5.934428423643112183e-02
5.258799791336059570e-01 4.635986089706420898e-01 -6.244285032153129578e-02
6.172835230827331543e-01 3.482678532600402832e-01 2.217587456107139587e-02
5.478453636169433594e-01 4.274819493293762207e-01 -5.411737598478794098e-03
5.459970235824584961e-01 4.805710315704345703e-01 -2.926761656999588013e-02
5.475481748580932617e-01 4.717777073383331299e-01 -2.568896114826202393e-02
5.989827513694763184e-01 4.770212471485137939e-01 1.320523209869861603e-02
5.266140699386596680e-01 4.425978660583496094e-01 -5.498586222529411316e-02
5.947545766830444336e-01 3.251729011535644531e-01 1.268745283596217632e-03
6.087356805801391602e-01 3.330217003822326660e-01 1.128177065402269363e-02
6.282949447631835938e-01 3.044792413711547852e-01 6.039597839117050171e-02
5.459849834442138672e-01 3.387537598609924316e-01 -1.215653494000434875e-02
5.593207478523254395e-01 3.557159304618835449e-01 8.694706484675407410e-03
5.594232082366943359e-01 5.654125809669494629e-01 6.631267257034778595e-03
6.119118332862854004e-01 5.620816946029663086e-01 1.092723533511161804e-01
5.362555980682373047e-01 4.888649880886077881e-01 -2.594680897891521454e-02
5.274726748466491699e-01 4.924603104591369629e-01 -2.802727930247783661e-02
5.433498620986938477e-01 5.627982020378112793e-01 4.444687627255916595e-03
5.405912399291992188e-01 5.621698498725891113e-01 7.184933638200163841e-04
6.149839162826538086e-01 3.240939378738403320e-01 1.731367222964763641e-02
5.450439453125000000e-01 4.885749816894531250e-01 -2.326830849051475525e-02
5.746878981590270996e-01 3.259698152542114258e-01 -6.882435642182826996e-03
5.778129696846008301e-01 3.134733438491821289e-01 -8.708702400326728821e-03
5.916559696197509766e-01 2.600603699684143066e-01 1.448100619018077850e-02
6.219316124916076660e-01 3.173616528511047363e-01 3.563009202480316162e-02
5.843642354011535645e-01 2.879558801651000977e-01 2.084312262013554573e-03
6.238063573837280273e-01 3.435245156288146973e-01 3.264994174242019653e-02
6.298667192459106445e-01 3.427473306655883789e-01 5.591267719864845276e-02
5.164580345153808594e-01 5.447129011154174805e-01 -3.036784380674362183e-02
5.263364911079406738e-01 5.488839149475097656e-01 -2.311051078140735626e-02
5.331517457962036133e-01 5.534742474555969238e-01 -1.493957452476024628e-02
5.332111120223999023e-01 4.916865825653076172e-01 -2.380153164267539978e-02
5.419388413429260254e-01 5.625423192977905273e-01 2.407163148745894432e-03
5.379322767257690430e-01 5.668025612831115723e-01 -4.888055380433797836e-03
5.390734672546386719e-01 5.617967844009399414e-01 3.321351832710206509e-04
5.329005718231201172e-01 4.818437397480010986e-01 -4.150128364562988281e-02
5.280569195747375488e-01 5.576575398445129395e-01 -1.125006936490535736e-02
5.215208530426025391e-01 5.560874938964843750e-01 -1.684707961976528168e-02
5.132548809051513672e-01 5.554097294807434082e-01 -2.163238264620304108e-02
5.136106610298156738e-01 6.061735153198242188e-01 -1.244780700653791428e-02
5.150762796401977539e-01 5.928441882133483887e-01 -2.283046767115592957e-02
5.148925185203552246e-01 5.818416476249694824e-01 -2.407689020037651062e-02
5.142150521278381348e-01 5.704059004783630371e-01 -2.150234207510948181e-02
5.129983425140380859e-01 5.615257620811462402e-01 -1.992772147059440613e-02
5.278874635696411133e-01 5.612912774085998535e-01 -9.902939200401306152e-03
5.305859446525573730e-01 5.660173296928405762e-01 -1.162393856793642044e-02
5.333110094070434570e-01 5.719231367111206055e-01 -1.330934930592775345e-02
5.355103015899658203e-01 5.781788229942321777e-01 -1.127197220921516418e-02
5.510867834091186523e-01 5.341177582740783691e-01 -1.048474106937646866e-02
6.304327249526977539e-01 4.805008769035339355e-01 1.288365870714187622e-01
5.327600836753845215e-01 5.613628625869750977e-01 -3.821271238848567009e-03
5.353652238845825195e-01 5.639809966087341309e-01 -5.038356408476829529e-03
5.238847732543945312e-01 4.984745979309082031e-01 -2.878951467573642731e-02
5.400037765502929688e-01 4.981442093849182129e-01 -1.590183936059474945e-02
5.256086587905883789e-01 4.955797791481018066e-01 -2.864694781601428986e-02
5.583421587944030762e-01 4.392347931861877441e-01 -9.849029593169689178e-04
5.755730271339416504e-01 4.534247517585754395e-01 3.317104186862707138e-03
5.482133030891418457e-01 4.799224734306335449e-01 -1.936440728604793549e-02
6.151371002197265625e-01 2.790032625198364258e-01 3.610523790121078491e-02
6.079098582267761230e-01 2.985988855361938477e-01 1.807502470910549164e-02
5.995412468910217285e-01 3.135637640953063965e-01 3.798210062086582184e-03
5.407418012619018555e-01 5.908162593841552734e-01 -3.015596419572830200e-03
5.517433881759643555e-01 3.176816701889038086e-01 -1.589129492640495300e-02
5.580629110336303711e-01 2.835220992565155029e-01 -7.985501550137996674e-03
5.641617178916931152e-01 2.487825155258178711e-01 7.132000173442065716e-04
5.931302905082702637e-01 3.996020257472991943e-01 2.013604715466499329e-02
6.159197688102722168e-01 4.224817752838134766e-01 3.766632080078125000e-02
5.488184690475463867e-01 3.882727324962615967e-01 1.115474104881286621e-02
6.110267639160156250e-01 3.707880377769470215e-01 2.702481299638748169e-02
5.414091348648071289e-01 4.150428175926208496e-01 -9.716438129544258118e-03
5.410709977149963379e-01 4.726271927356719971e-01 -4.076372087001800537e-02
6.288917660713195801e-01 4.384981393814086914e-01 5.070088431239128113e-02
6.072281599044799805e-01 4.335502684116363525e-01 2.649812586605548859e-02
5.925825834274291992e-01 4.378421604633331299e-01 1.472405530512332916e-02
5.723017454147338867e-01 4.313347339630126953e-01 8.495855145156383514e-03
5.580613017082214355e-01 4.216707050800323486e-01 5.019516684114933014e-03
5.477308034896850586e-01 4.122616052627563477e-01 1.422384055331349373e-03
5.294538736343383789e-01 3.903794884681701660e-01 -2.164131589233875275e-02
6.243546009063720703e-01 4.739525914192199707e-01 4.640707373619079590e-02
6.190204620361328125e-01 3.711536526679992676e-01 3.336119279265403748e-02
5.176284909248352051e-01 4.880264997482299805e-01 -5.409887433052062988e-02
5.456922650337219238e-01 4.443273842334747314e-01 -1.088497601449489594e-02
6.382092237472534180e-01 4.066912829875946045e-01 1.232409179210662842e-01
5.401979684829711914e-01 4.021438360214233398e-01 -4.393764538690447807e-04
5.485812425613403320e-01 4.812068641185760498e-01 -8.168179541826248169e-03
6.042079925537109375e-01 3.822466731071472168e-01 2.978919818997383118e-02
5.422867536544799805e-01 4.618751704692840576e-01 -3.624596446752548218e-02
6.231902837753295898e-01 5.203056335449218750e-01 1.221054047346115112e-01
5.495439767837524414e-01 3.822259306907653809e-01 1.437059137970209122e-02
5.350855588912963867e-01 4.501782059669494629e-01 -4.769259318709373474e-02
5.871924161911010742e-01 5.993645191192626953e-01 4.638582468032836914e-02
5.849699378013610840e-01 6.175444126129150391e-01 6.675644218921661377e-02
6.328113079071044922e-01 4.784018397331237793e-01 8.766848593950271606e-02
6.020356416702270508e-01 5.787231326103210449e-01 6.168034672737121582e-02
6.341340541839599609e-01 3.729777038097381592e-01 7.353220134973526001e-02
5.394279360771179199e-01 6.467773318290710449e-01 8.506119251251220703e-03
5.154977440834045410e-01 4.919131100177764893e-01 -3.934435173869132996e-02
5.541896224021911621e-01 4.586732685565948486e-01 -6.465863436460494995e-03
6.273344755172729492e-01 4.028460383415222168e-01 5.575718730688095093e-02
5.842937231063842773e-01 3.905777335166931152e-01 1.573465205729007721e-02
5.750868916511535645e-01 3.905398547649383545e-01 1.232365984469652176e-02
5.402868390083312988e-01 5.698439478874206543e-01 -2.868601121008396149e-03
6.184046864509582520e-01 5.071077346801757812e-01 4.881916567683219910e-02
5.171052217483520508e-01 6.674536466598510742e-01 1.063604373484849930e-02
5.523605346679687500e-01 6.486940383911132812e-01 3.534844517707824707e-02
5.675691366195678711e-01 6.361912488937377930e-01 4.913980513811111450e-02
5.661854743957519531e-01 3.885292410850524902e-01 1.122937630861997604e-02
5.578759908676147461e-01 3.855737447738647461e-01 1.232475880533456802e-02
5.522854924201965332e-01 3.839964866638183594e-01 1.441079657524824142e-02
6.264500021934509277e-01 3.703780174255371094e-01 4.565914720296859741e-02
5.608185529708862305e-01 3.695658743381500244e-01 1.100932154804468155e-02
5.707653760910034180e-01 3.637558221817016602e-01 9.900711476802825928e-03
5.805360078811645508e-01 3.627664446830749512e-01 1.107588969171047211e-02
5.898305177688598633e-01 3.663701415061950684e-01 1.434976328164339066e-02
5.951025485992431641e-01 3.720391094684600830e-01 1.823713071644306183e-02
6.386034488677978516e-01 3.675266504287719727e-01 1.058898940682411194e-01
5.908187031745910645e-01 3.887276947498321533e-01 1.980696991086006165e-02
5.424376130104064941e-01 5.230342149734497070e-01 -1.688176579773426056e-02
5.368363857269287109e-01 4.858296513557434082e-01 -2.998315356671810150e-02
5.234242677688598633e-01 5.138949155807495117e-01 -2.838276512920856476e-02
5.712808370590209961e-01 6.183772087097167969e-01 3.430975973606109619e-02
5.560555458068847656e-01 6.325209140777587891e-01 2.201423794031143188e-02
5.186954736709594727e-01 6.566663384437561035e-01 -3.813281888142228127e-03
5.987854003906250000e-01 5.947613120079040527e-01 8.890262991189956665e-02
5.531899333000183105e-01 3.773480057716369629e-01 1.302580628544092178e-02
5.346640348434448242e-01 4.184423685073852539e-01 -2.594972215592861176e-02
5.361893773078918457e-01 6.597852706909179688e-01 2.095028199255466461e-02
6.256543993949890137e-01 5.149925351142883301e-01 8.451227843761444092e-02
5.213065147399902344e-01 5.613180994987487793e-01 -1.520690694451332092e-02
5.237349867820739746e-01 5.685536861419677734e-01 -1.697244308888912201e-02
5.257061719894409180e-01 5.775094628334045410e-01 -1.895304210484027863e-02
5.270215272903442383e-01 5.874993801116943359e-01 -1.748805120587348938e-02
5.287516117095947266e-01 6.000853776931762695e-01 -8.961249142885208130e-03
5.353649258613586426e-01 5.588860511779785156e-01 -5.626872647553682327e-03
5.380068421363830566e-01 5.580214262008666992e-01 -5.311357323080301285e-03
5.403960943222045898e-01 5.567287802696228027e-01 -5.098235793411731720e-03
5.569267868995666504e-01 5.487779378890991211e-01 -1.863229670561850071e-03
6.030288338661193848e-01 5.141487717628479004e-01 2.471377328038215637e-02
5.353833436965942383e-01 4.014772772789001465e-01 -1.486403308808803558e-02
5.425817370414733887e-01 3.682003915309906006e-01 5.624503362923860550e-03
5.489083528518676758e-01 3.704684078693389893e-01 1.076364982873201370e-02
5.329890847206115723e-01 5.595033764839172363e-01 -4.602237138897180557e-03
5.994691848754882812e-01 5.544107556343078613e-01 4.068156704306602478e-02
5.329450368881225586e-01 3.666298389434814453e-01 -9.248848073184490204e-03
5.340684056282043457e-01 6.146845817565917969e-01 -2.635891782119870186e-03
5.282278656959533691e-01 4.084025025367736816e-01 -3.379980102181434631e-02
5.398173332214355469e-01 4.466499686241149902e-01 -2.614398300647735596e-02
5.160650014877319336e-01 6.221199035644531250e-01 -1.001386065036058426e-02
5.608411431312561035e-01 5.873984694480895996e-01 1.038904953747987747e-02
5.564317703247070312e-01 4.958851635456085205e-01 -5.028387065976858139e-03
5.486271381378173828e-01 6.032589077949523926e-01 4.167492967098951340e-03
5.814825892448425293e-01 4.962773025035858154e-01 1.420833636075258255e-03
5.645860433578491211e-01 5.138703584671020508e-01 -2.804354764521121979e-03
5.870426893234252930e-01 5.246320962905883789e-01 1.046384964138269424e-02
5.184274315834045410e-01 6.407969594001770020e-01 -9.233954362571239471e-03
5.447911024093627930e-01 4.577256441116333008e-01 -1.785896345973014832e-02
5.694410800933837891e-01 6.002368927001953125e-01 2.144378982484340668e-02
5.542715191841125488e-01 6.162543892860412598e-01 1.304095610976219177e-02
5.709918737411499023e-01 5.678398609161376953e-01 1.264916639775037766e-02
6.119299530982971191e-01 5.350693464279174805e-01 5.174928903579711914e-02
5.845555663108825684e-01 5.714085698127746582e-01 2.444408088922500610e-02
6.161859035491943359e-01 5.486806631088256836e-01 7.833442091941833496e-02
5.698757171630859375e-01 5.370584130287170410e-01 2.998826559633016586e-03
5.399479866027832031e-01 4.311038255691528320e-01 -1.784626580774784088e-02
5.367228388786315918e-01 4.795095324516296387e-01 -4.352030903100967407e-02
5.418376326560974121e-01 4.854648113250732422e-01 -3.106315620243549347e-02
5.342703461647033691e-01 4.673020243644714355e-01 -5.188602581620216370e-02
5.529727935791015625e-01 3.514915704727172852e-01 3.133204998448491096e-03
5.720653533935546875e-01 3.398991823196411133e-01 2.692468464374542236e-03
5.882271528244018555e-01 3.386335372924804688e-01 4.785957280546426773e-03
6.006985306739807129e-01 3.442743420600891113e-01 1.028301194310188293e-02
6.084661483764648438e-01 3.546891212463378906e-01 1.769145019352436066e-02
6.102561950683593750e-01 3.895321488380432129e-01 3.481936827301979065e-02
6.370299458503723145e-01 4.427977204322814941e-01 8.667468279600143433e-02
5.993371605873107910e-01 4.139745533466339111e-01 2.448599040508270264e-02
5.876787900924682617e-01 4.176832437515258789e-01 1.673408225178718567e-02
5.734524130821228027e-01 4.148943424224853516e-01 1.106786448508501053e-02
5.604028701782226562e-01 4.088231921195983887e-01 7.896661758422851562e-03
5.505560636520385742e-01 4.021740257740020752e-01 7.081969175487756729e-03
5.438320636749267578e-01 3.959296941757202148e-01 6.002167705446481705e-03
6.346871852874755859e-01 4.432763159275054932e-01 1.300942599773406982e-01
5.407163500785827637e-01 4.902690351009368896e-01 -2.556143514811992645e-02
5.340382456779479980e-01 4.337557852268218994e-01 -3.526011481881141663e-02
5.299320816993713379e-01 4.789057075977325439e-01 -5.315873026847839355e-02
5.228465795516967773e-01 4.864247441291809082e-01 -4.924526065587997437e-02
5.289943218231201172e-01 4.818875789642333984e-01 -4.763575643301010132e-02
5.370420217514038086e-01 4.949550032615661621e-01 -2.218655683100223541e-02
5.209648013114929199e-01 4.875345826148986816e-01 -5.241681262850761414e-02
5.188808441162109375e-01 4.914087653160095215e-01 -3.919348493218421936e-02
5.454102158546447754e-01 3.823490142822265625e-01 1.221343223005533218e-02
5.390969514846801758e-01 3.859153389930725098e-01 4.693207796663045883e-03
5.351486206054687500e-01 3.882618248462677002e-01 -3.571089357137680054e-03
5.979198217391967773e-01 3.765557110309600830e-01 2.223659865558147430e-02
6.056249141693115234e-01 3.698275983333587646e-01 2.310262620449066162e-02
4.547658860683441162e-01 3.624728918075561523e-01 6.061876658350229263e-03
4.659822285175323486e-01 3.636903762817382812e-01 6.061876658350229263e-03
4.560620188713073730e-01 3.470914959907531738e-01 6.061876658350229263e-03
4.432678818702697754e-01 3.611755371093750000e-01 6.061876658350229263e-03
4.533701539039611816e-01 3.776533007621765137e-01 6.061876658350229263e-03
5.771194696426391602e-01 3.761087656021118164e-01 1.566899381577968597e-02
5.887721776962280273e-01 3.773926496505737305e-01 1.566899381577968597e-02
5.781867504119873047e-01 3.601889610290527344e-01 1.566899381577968597e-02
5.654672384262084961e-01 3.747540712356567383e-01 1.566899381577968597e-02
5.760987997055053711e-01 3.921646475791931152e-01 1.566899381577968597e-02
