5.083072185516357422e-01 5.279780030250549316e-01 -3.837267681956291199e-02
5.125460028648376465e-01 4.730898439884185791e-01 -6.145705282688140869e-02
5.095889568328857422e-01 4.927888512611389160e-01 -3.483307361602783203e-02
5.069303512573242188e-01 4.176835417747497559e-01 -4.293964058160781860e-02
5.142038464546203613e-01 4.555925726890563965e-01 -6.417622417211532593e-02
5.157288908958435059e-01 4.339199960231781006e-01 -5.806135386228561401e-02
5.188980102539062500e-01 3.824016153812408447e-01 -2.263678051531314850e-02
4.358611702919006348e-01 3.689774870872497559e-01 1.644669659435749054e-02
5.222166180610656738e-01 3.369488120079040527e-01 -1.130334939807653427e-02
5.241464972496032715e-01 3.139402270317077637e-01 -1.130086183547973633e-02
5.294137001037597656e-01 2.425560206174850464e-01 7.671428378671407700e-03
5.079963207244873047e-01 5.327005982398986816e-01 -3.751473501324653625e-02
5.073961615562438965e-01 5.372705459594726562e-01 -3.422294929623603821e-02
5.068567395210266113e-01 5.400704145431518555e-01 -2.954223752021789551e-02
5.046151876449584961e-01 5.698677301406860352e-01 -2.573263458907604218e-02
5.042639374732971191e-01 5.761716961860656738e-01 -2.790995687246322632e-02
5.034971833229064941e-01 5.843558311462402344e-01 -3.050274774432182312e-02
5.025131702423095703e-01 5.928708314895629883e-01 -2.882921695709228516e-02
4.978341758251190186e-01 6.137159466743469238e-01 -1.872235909104347229e-02
5.113149285316467285e-01 4.827832281589508057e-01 -5.625286698341369629e-02
5.007607936859130859e-01 4.821405708789825439e-01 -4.169021919369697571e-02
3.959926366806030273e-01 3.044565320014953613e-01 7.356286048889160156e-02
4.659065902233123779e-01 3.882891535758972168e-01 5.395378451794385910e-03
4.539932608604431152e-01 3.888791799545288086e-01 5.572153255343437195e-03
4.431758522987365723e-01 3.862747550010681152e-01 8.273351006209850311e-03
4.302927851676940918e-01 3.745861351490020752e-01 1.731306128203868866e-02
4.767778515815734863e-01 3.840048909187316895e-01 7.706806994974613190e-03
4.556988477706909180e-01 3.316970467567443848e-01 3.638359950855374336e-03
4.686916172504425049e-01 3.355464339256286621e-01 4.632194992154836655e-03
4.429868757724761963e-01 3.336465060710906982e-01 6.487610749900341034e-03
4.340923428535461426e-01 3.405525088310241699e-01 1.032159477472305298e-02
4.190072715282440186e-01 3.846326470375061035e-01 2.175148762762546539e-02
4.523583352565765381e-01 6.284661889076232910e-01 -9.811585769057273865e-03
4.325245618820190430e-01 3.632892370223999023e-01 2.024383097887039185e-02
3.836754560470581055e-01 3.756782412528991699e-01 7.108162343502044678e-02
4.068000912666320801e-01 3.702198863029479980e-01 3.367407992482185364e-02
4.543583393096923828e-01 4.566312432289123535e-01 -1.149882562458515167e-02
4.939954280853271484e-01 5.238828063011169434e-01 -3.737239912152290344e-02
4.944818317890167236e-01 5.357429981231689453e-01 -3.324788436293601990e-02
4.791769385337829590e-01 5.292919278144836426e-01 -3.182005882263183594e-02
4.693533778190612793e-01 5.364285707473754883e-01 -2.419980056583881378e-02
4.832504689693450928e-01 5.375207066535949707e-01 -2.936525829136371613e-02
4.745604395866394043e-01 5.414095520973205566e-01 -2.215136401355266571e-02
4.483372271060943604e-01 5.703708529472351074e-01 -8.433105424046516418e-03
5.032768845558166504e-01 4.715134203433990479e-01 -6.081092357635498047e-02
5.032269358634948730e-01 4.546111226081848145e-01 -6.326197832822799683e-02
4.192579388618469238e-01 3.218720555305480957e-01 1.534021086990833282e-02
4.808615744113922119e-01 4.171300530433654785e-01 -8.299351669847965240e-03
4.772413969039916992e-01 4.672618210315704346e-01 -3.453091531991958618e-02
4.765883982181549072e-01 4.586778283119201660e-01 -3.072218224406242371e-02
4.198012351989746094e-01 4.513184428215026855e-01 9.800656698644161224e-04
5.052143335342407227e-01 4.345372617244720459e-01 -5.522655695676803589e-02
4.489653706550598145e-01 3.028697371482849121e-01 -9.783598361536860466e-04
4.321080744266510010e-01 3.085487782955169678e-01 6.608638912439346313e-03
4.119631052017211914e-01 2.753995358943939209e-01 5.486171692609786987e-02
4.984949529170989990e-01 3.252100944519042969e-01 -9.056730195879936218e-03
4.794045090675354004e-01 3.452730774879455566e-01 8.031281642615795135e-03
4.423584043979644775e-01 5.509483814239501953e-01 -5.942982621490955353e-03
3.828963935375213623e-01 5.393065214157104492e-01 8.654759824275970459e-02
4.848529696464538574e-01 4.779274165630340576e-01 -3.036515973508358002e-02
4.929732680320739746e-01 4.840641617774963379e-01 -3.139798343181610107e-02
4.585793912410736084e-01 5.528960227966308594e-01 -6.981007754802703857e-03
4.619128108024597168e-01 5.527496337890625000e-01 -9.835305623710155487e-03
4.267153441905975342e-01 2.974496483802795410e-01 1.276572048664093018e-02
4.758086800575256348e-01 4.758375883102416992e-01 -2.895192243158817291e-02
4.705089330673217773e-01 3.066663742065429688e-01 -6.317192688584327698e-03
4.700475931167602539e-01 2.929967045783996582e-01 -7.394488900899887085e-03
4.632883667945861816e-01 2.414866238832473755e-01 1.739093288779258728e-02
4.199373126029968262e-01 2.896510958671569824e-01 3.124171122908592224e-02
4.677965641021728516e-01 2.700624167919158936e-01 4.851339850574731827e-03
4.127674698829650879e-01 3.148704171180725098e-01 2.553621307015419006e-02
4.048631787300109863e-01 3.132235407829284668e-01 4.857109859585762024e-02
4.939803481101989746e-01 5.303449630737304688e-01 -3.663859516382217407e-02
4.811703860759735107e-01 5.338647961616516113e-01 -3.119822405278682709e-02
4.718665182590484619e-01 5.391425490379333496e-01 -2.416497468948364258e-02
4.870547354221343994e-01 4.817675352096557617e-01 -2.796539664268493652e-02
4.602528214454650879e-01 5.528658628463745117e-01 -8.452016860246658325e-03
4.642624557018280029e-01 5.599648952484130859e-01 -1.455477531999349594e-02
4.634898602962493896e-01 5.525976419448852539e-01 -1.001178473234176636e-02
4.908942282199859619e-01 4.711386561393737793e-01 -4.518690332770347595e-02
4.766957759857177734e-01 5.425149202346801758e-01 -2.056359127163887024e-02
4.849814176559448242e-01 5.393668413162231445e-01 -2.535807713866233826e-02
4.951685369014739990e-01 5.385672450065612793e-01 -2.890353649854660034e-02
4.820801019668579102e-01 6.099841594696044922e-01 -1.908831298351287842e-02
4.873777925968170166e-01 5.887407064437866211e-01 -2.886339463293552399e-02
4.892017543315887451e-01 5.805077552795410156e-01 -3.000190109014511108e-02
4.911407232284545898e-01 5.725914835929870605e-01 -2.717889845371246338e-02
4.929395318031311035e-01 5.671595931053161621e-01 -2.508262358605861664e-02
4.756252169609069824e-01 5.608974695205688477e-01 -1.765896007418632507e-02
4.728358089923858643e-01 5.630673170089721680e-01 -1.966358907520771027e-02
4.694199264049530029e-01 5.666383504867553711e-01 -2.175335027277469635e-02
4.664857089519500732e-01 5.709459185600280762e-01 -2.021797187626361847e-02
4.585573077201843262e-01 5.200126171112060547e-01 -1.986448466777801514e-02
3.743561804294586182e-01 4.515604674816131592e-01 1.091431528329849243e-01
5.104730129241943359e-01 4.874646663665771484e-01 -4.214229807257652283e-02
4.700306355953216553e-01 5.576828718185424805e-01 -1.293014362454414368e-02
4.671846032142639160e-01 5.585079193115234375e-01 -1.433818042278289795e-02
4.954282641410827637e-01 4.911290407180786133e-01 -3.264009952545166016e-02
4.783288538455963135e-01 4.869783818721771240e-01 -2.135432884097099304e-02
4.942903220653533936e-01 4.876683652400970459e-01 -3.216198459267616272e-02
4.676533043384552002e-01 4.257059395313262939e-01 -6.121360231190919876e-03
4.479211270809173584e-01 4.344629943370819092e-01 -4.506431985646486282e-03
4.737998545169830322e-01 4.668205976486206055e-01 -2.503463812172412872e-02
4.333768486976623535e-01 2.535099387168884277e-01 3.457075729966163635e-02
4.399046003818511963e-01 2.743723392486572266e-01 1.700883731245994568e-02
4.461382925510406494e-01 2.898648679256439209e-01 2.078022807836532593e-03
4.562578797340393066e-01 5.850117802619934082e-01 -1.344552356749773026e-02
4.974359273910522461e-01 3.019513487815856934e-01 -1.156362239271402359e-02
4.957247972488403320e-01 2.733443677425384521e-01 -1.588260289281606674e-03
4.941111505031585693e-01 2.387525886297225952e-01 8.173000067472457886e-03
4.345581531524658203e-01 3.817504644393920898e-01 1.284298393875360489e-02
4.050420522689819336e-01 3.954777121543884277e-01 2.655986696481704712e-02
4.843412041664123535e-01 3.794600367546081543e-01 9.947186335921287537e-03
4.215497374534606934e-01 3.478317260742187500e-01 1.943936385214328766e-02
4.900873303413391113e-01 4.065847396850585938e-01 -1.106329821050167084e-02
4.846466183662414551e-01 4.600494205951690674e-01 -4.464462399482727051e-02
3.921825289726257324e-01 4.071353971958160400e-01 3.703983128070831299e-02
4.120040237903594971e-01 4.082542955875396729e-01 1.546690333634614944e-02
4.266614317893981934e-01 4.159797430038452148e-01 5.301630590111017227e-03
4.492176473140716553e-01 4.154219031333923340e-01 1.675386796705424786e-03
4.662486910820007324e-01 4.099012017250061035e-01 5.284335929900407791e-04
4.797444641590118408e-01 4.026584029197692871e-01 -9.888306958600878716e-04
5.076828002929687500e-01 3.850900232791900635e-01 -1.928058452904224396e-02
3.919259011745452881e-01 4.430548250675201416e-01 3.081178106367588043e-02
4.122925996780395508e-01 3.443813920021057129e-01 2.496294304728507996e-02
5.058341026306152344e-01 4.814323484897613525e-01 -5.590199679136276245e-02
4.808927178382873535e-01 4.334596693515777588e-01 -1.468249503523111343e-02
3.777043819427490234e-01 3.756129443645477295e-01 1.075136587023735046e-01
4.903175532817840576e-01 3.939073085784912109e-01 -1.238169614225625992e-03
4.720648229122161865e-01 4.684856235980987549e-01 -1.411891169846057892e-02
4.271262884140014648e-01 3.630224466323852539e-01 2.202124334871768951e-02
4.845550060272216797e-01 4.498272836208343506e-01 -3.976018354296684265e-02
3.766545653343200684e-01 4.937409162521362305e-01 1.008267998695373535e-01
4.857417047023773193e-01 3.733661174774169922e-01 1.334988046437501907e-02
4.947748780250549316e-01 4.399517774581909180e-01 -4.951340705156326294e-02
4.067198932170867920e-01 5.829964876174926758e-01 2.830090560019016266e-02
4.035127758979797363e-01 6.041048169136047363e-01 4.607549682259559631e-02
3.784889280796051025e-01 4.474588632583618164e-01 7.011987268924713135e-02
3.949215710163116455e-01 5.575987696647644043e-01 4.205653071403503418e-02
3.937794268131256104e-01 3.421856164932250977e-01 6.331968307495117188e-02
4.478247761726379395e-01 6.461676955223083496e-01 -5.132544785737991333e-03
5.062628388404846191e-01 4.862661361694335938e-01 -4.155024513602256775e-02
4.693380296230316162e-01 4.452278912067413330e-01 -1.203677337616682053e-02
3.959403038024902344e-01 3.730249404907226562e-01 4.431626200675964355e-02
4.455786943435668945e-01 3.767893910408020020e-01 9.963736869394779205e-03
4.550520479679107666e-01 3.796423077583312988e-01 7.657377514988183975e-03
4.614872634410858154e-01 5.618312358856201172e-01 -1.308523118495941162e-02
3.922755122184753418e-01 4.780523478984832764e-01 3.148690983653068542e-02
4.667163491249084473e-01 6.746284961700439453e-01 -1.751084695570170879e-03
4.323082566261291504e-01 6.461790204048156738e-01 1.877916790544986725e-02
4.185563325881958008e-01 6.288178563117980957e-01 3.063468262553215027e-02
5.268644690513610840e-01 2.787857055664062500e-01 -2.426333725452423096e-03
4.921292662620544434e-01 6.813694834709167480e-01 -3.648136043921113014e-03
4.651232361793518066e-01 3.792830407619476318e-01 7.907471619546413422e-03
4.750773012638092041e-01 3.767704963684082031e-01 1.011536270380020142e-02
4.819240272045135498e-01 3.751269578933715820e-01 1.296808570623397827e-02
4.038271903991699219e-01 3.411340415477752686e-01 3.638414293527603149e-02
4.760530591011047363e-01 3.602330386638641357e-01 9.324458427727222443e-03
4.661414027214050293e-01 3.545019328594207764e-01 7.236340083181858063e-03
4.562307000160217285e-01 3.525817990303039551e-01 7.211508229374885559e-03
4.461358189582824707e-01 3.541041612625122070e-01 9.258883073925971985e-03
4.395549297332763672e-01 3.575527071952819824e-01 1.225726678967475891e-02
3.849697709083557129e-01 3.361905813217163086e-01 9.333663433790206909e-02
4.396695494651794434e-01 3.728753924369812012e-01 1.335250027477741241e-02
5.080311894416809082e-01 5.068655014038085938e-01 -3.324065357446670532e-02
4.704305529594421387e-01 5.108504295349121094e-01 -2.459563128650188446e-02
4.852378666400909424e-01 4.744215309619903564e-01 -3.404611721634864807e-02
4.924603700637817383e-01 5.062800645828247070e-01 -3.308553248643875122e-02
5.202935934066772461e-01 3.608368933200836182e-01 -1.267364807426929474e-02
4.193824827671051025e-01 6.074541807174682617e-01 1.774446479976177216e-02
4.327177107334136963e-01 6.267726421356201172e-01 6.909305229783058167e-03
4.679462313652038574e-01 6.614493727684020996e-01 -1.520743314176797867e-02
3.924337625503540039e-01 5.766240358352661133e-01 6.658673286437988281e-02
4.828989505767822266e-01 3.680149912834167480e-01 1.178110763430595398e-02
4.982486069202423096e-01 4.105551838874816895e-01 -2.603069134056568146e-02
4.931811988353729248e-01 6.682596802711486816e-01 -1.683432050049304962e-02
4.477905035018920898e-01 6.620581150054931641e-01 6.265958771109580994e-03
3.801120519638061523e-01 4.862651526927947998e-01 6.532282382249832153e-02
4.833167493343353271e-01 5.640649199485778809e-01 -2.185795269906520844e-02
4.805263578891754150e-01 5.678700804710388184e-01 -2.401983179152011871e-02
4.776446521282196045e-01 5.738938450813293457e-01 -2.634506300091743469e-02
4.751843214035034180e-01 5.810943841934204102e-01 -2.525456994771957397e-02
4.671138823032379150e-01 5.990294814109802246e-01 -1.793559081852436066e-02
4.676916897296905518e-01 5.465855002403259277e-01 -1.553743984550237656e-02
4.649039506912231445e-01 5.454871654510498047e-01 -1.561363041400909424e-02
4.625940024852752686e-01 5.438804626464843750e-01 -1.556500885635614395e-02
4.489139616489410400e-01 5.337308645248413086e-01 -1.301866956055164337e-02
4.084666371345520020e-01 4.880679547786712646e-01 9.565004147589206696e-03
4.991170167922973633e-01 3.945160210132598877e-01 -1.425780076533555984e-02
4.953024685382843018e-01 3.595702648162841797e-01 7.036790251731872559e-03
4.880693554878234863e-01 3.614508509635925293e-01 1.056765578687191010e-02
4.700134098529815674e-01 5.469230413436889648e-01 -1.470727007836103439e-02
4.035430252552032471e-01 5.314066410064697266e-01 2.333274856209754944e-02
5.059028267860412598e-01 3.590447306632995605e-01 -6.447484251111745834e-03
4.594700336456298828e-01 6.126074194908142090e-01 -1.291727460920810699e-02
5.168079733848571777e-01 4.163406491279602051e-01 -4.593646898865699768e-02
5.071196556091308594e-01 4.022742807865142822e-01 -3.194247931241989136e-02
5.177826881408691406e-01 4.000538587570190430e-01 -3.377594053745269775e-02
4.882212579250335693e-01 4.363076090812683105e-01 -2.857070788741111755e-02
4.947917461395263672e-01 6.502887010574340820e-01 -2.100379578769207001e-02
4.964402616024017334e-01 6.303209662437438965e-01 -1.936238072812557220e-02
4.770720005035400391e-01 6.255422830581665039e-01 -1.807997189462184906e-02
4.367986619472503662e-01 5.750613808631896973e-01 -2.581539098173379898e-03
4.609211981296539307e-01 4.810607135295867920e-01 -1.254676654934883118e-02
4.461891949176788330e-01 5.959850549697875977e-01 -7.567896042019128799e-03
4.351617395877838135e-01 4.748292267322540283e-01 -9.296474047005176544e-03
4.490743577480316162e-01 4.967617392539978027e-01 -1.246212795376777649e-02
4.237185418605804443e-01 5.022813677787780762e-01 -2.770712133496999741e-03
4.715645313262939453e-01 6.440700888633728027e-01 -1.906390301883220673e-02
4.803423583507537842e-01 4.462688863277435303e-01 -2.187482081353664398e-02
4.255314469337463379e-01 5.875163078308105469e-01 6.554374005645513535e-03
4.382240474224090576e-01 6.089987754821777344e-01 -4.321909509599208832e-04
4.308509230613708496e-01 5.509810447692871094e-01 -1.262047677300870419e-03
3.936330080032348633e-01 5.085712075233459473e-01 3.346201032400131226e-02
4.160484671592712402e-01 5.525991916656494141e-01 8.837022818624973297e-03
3.847362399101257324e-01 5.230402350425720215e-01 5.784951895475387573e-02
4.387396872043609619e-01 5.187056660652160645e-01 -8.749266155064105988e-03
4.898216426372528076e-01 4.217640161514282227e-01 -1.988135837018489838e-02
4.877810776233673096e-01 4.677517712116241455e-01 -4.722964391112327576e-02
4.805186092853546143e-01 4.728772938251495361e-01 -3.588525950908660889e-02
4.934187531471252441e-01 4.561881124973297119e-01 -5.424561724066734314e-02
4.875526428222656250e-01 3.399044275283813477e-01 4.130178131163120270e-03
4.695551395416259766e-01 3.248935937881469727e-01 2.052422845736145973e-03
4.531249403953552246e-01 3.208467364311218262e-01 1.987387891858816147e-03
4.387415945529937744e-01 3.239411413669586182e-01 5.442777182906866074e-03
4.280251562595367432e-01 3.324060142040252686e-01 1.139698643237352371e-02
4.181802272796630859e-01 3.664739429950714111e-01 2.616187930107116699e-02
3.791692256927490234e-01 4.107827842235565186e-01 7.084885239601135254e-02
4.245333075523376465e-01 3.925951719284057617e-01 1.557921338826417923e-02
4.357144236564636230e-01 3.989173173904418945e-01 9.175429120659828186e-03
4.510767161846160889e-01 4.007872343063354492e-01 5.213292315602302551e-03
4.663148820400238037e-01 3.982664346694946289e-01 3.923685289919376373e-03
4.788038730621337891e-01 3.930528461933135986e-01 4.999505821615457535e-03
4.876998066902160645e-01 3.877650499343872070e-01 5.109668243676424026e-03
3.751096129417419434e-01 4.131663441658020020e-01 1.121613457798957825e-01
4.800415933132171631e-01 4.783720374107360840e-01 -3.061668016016483307e-02
4.973734021186828613e-01 4.249327480792999268e-01 -3.627963736653327942e-02
4.955183565616607666e-01 4.686772227287292480e-01 -5.563600733876228333e-02
5.004752278327941895e-01 4.785265922546386719e-01 -5.144215375185012817e-02
4.952164590358734131e-01 4.720883369445800781e-01 -5.037545412778854370e-02
4.823837876319885254e-01 4.843682348728179932e-01 -2.699676156044006348e-02
5.024623870849609375e-01 4.800621867179870605e-01 -5.442354455590248108e-02
5.028898715972900391e-01 4.848913550376892090e-01 -4.158578813076019287e-02
4.896137118339538574e-01 3.737848401069641113e-01 1.189209334552288055e-02
4.951843917369842529e-01 3.784222602844238281e-01 5.235536955296993256e-03
4.987969994544982910e-01 3.808856308460235596e-01 -2.581277396529912949e-03
4.357072114944458008e-01 3.604449927806854248e-01 1.566606946289539337e-02
4.280969798564910889e-01 3.497238457202911377e-01 1.609265804290771484e-02
5.259796380996704102e-01 4.204117953777313232e-01 -4.166016727685928345e-02
5.989664793014526367e-01 3.889324963092803955e-01 2.518658526241779327e-02
5.204944014549255371e-01 4.851110279560089111e-01 -4.073794186115264893e-02
6.376754045486450195e-01 3.399471640586853027e-01 8.691995590925216675e-02
5.647444725036621094e-01 3.997561931610107422e-01 1.110188197344541550e-02
5.762523412704467773e-01 4.031217694282531738e-01 1.244648918509483337e-02
5.871828198432922363e-01 4.042133688926696777e-01 1.612303592264652252e-02
6.021916270256042480e-01 3.956864178180694580e-01 2.647918276488780975e-02
5.551973581314086914e-01 3.940901160240173340e-01 1.224497240036725998e-02
5.873264074325561523e-01 3.479222059249877930e-01 1.078458409756422043e-02
5.731226801872253418e-01 3.489408493041992188e-01 1.029513683170080185e-02
5.996461510658264160e-01 3.525825142860412598e-01 1.467694807797670364e-02
6.066564917564392090e-01 3.616401851177215576e-01 1.913404092192649841e-02
6.091136932373046875e-01 4.089254438877105713e-01 3.165879100561141968e-02
5.391390323638916016e-01 6.393002271652221680e-01 -5.774508230388164520e-03
6.033588051795959473e-01 3.836098015308380127e-01 2.933659590780735016e-02
6.400156617164611816e-01 4.120221436023712158e-01 8.408587425947189331e-02
6.211738586425781250e-01 3.971489667892456055e-01 4.468149319291114807e-02
5.666409134864807129e-01 4.731696248054504395e-01 -5.443015601485967636e-03
5.224232077598571777e-01 5.277483463287353516e-01 -3.581942245364189148e-02
5.194972753524780273e-01 5.393912792205810547e-01 -3.179600462317466736e-02
5.353400707244873047e-01 5.364629626274108887e-01 -2.865306846797466278e-02
5.428665280342102051e-01 5.463053584098815918e-01 -1.982936263084411621e-02
5.294638872146606445e-01 5.439798831939697266e-01 -2.659346908330917358e-02
5.365978479385375977e-01 5.501499176025390625e-01 -1.840249449014663696e-02
5.513254404067993164e-01 5.848382115364074707e-01 -2.911475021392107010e-03
5.215872526168823242e-01 4.742099344730377197e-01 -6.000516936182975769e-02
5.247982144355773926e-01 4.577308297157287598e-01 -6.231582537293434143e-02
6.215027570724487305e-01 3.479470610618591309e-01 2.570046670734882355e-02
5.477626919746398926e-01 4.268449842929840088e-01 -4.390637855976819992e-03
5.453691482543945312e-01 4.772606492042541504e-01 -3.091721422970294952e-02
5.470715165138244629e-01 4.689215719699859619e-01 -2.699893340468406677e-02
5.994498729705810547e-01 4.775897562503814697e-01 1.064904686063528061e-02
5.256346464157104492e-01 4.374447464942932129e-01 -5.398029088973999023e-02
5.998122692108154297e-01 3.248862624168395996e-01 6.653835996985435486e-03
6.137350201606750488e-01 3.327753841876983643e-01 1.587149687111377716e-02
6.297258734703063965e-01 3.076142668724060059e-01 6.673391908407211304e-02
5.480190515518188477e-01 3.361978828907012939e-01 -6.306792609393596649e-03
5.602633953094482422e-01 3.563567101955413818e-01 1.265211123973131180e-02
5.604760646820068359e-01 5.681023597717285156e-01 8.469665190204977989e-04
6.143703460693359375e-01 5.715817213058471680e-01 9.945455193519592285e-02
5.356608033180236816e-01 4.855001568794250488e-01 -2.790046483278274536e-02
5.268090367317199707e-01 4.891251325607299805e-01 -3.012649901211261749e-02
5.492966175079345703e-01 5.668150782585144043e-01 -1.113810925744473934e-03
5.461392402648925781e-01 5.654773712158203125e-01 -4.601028747856616974e-03
6.193767786026000977e-01 3.231109380722045898e-01 2.241271361708641052e-02
5.445621013641357422e-01 4.859187602996826172e-01 -2.539968676865100861e-02
5.790770053863525391e-01 3.248225450515747070e-01 -1.097315922379493713e-03
5.822612047195434570e-01 3.118187785148620605e-01 -2.128529129549860954e-03
5.912248492240905762e-01 2.608840465545654297e-01 2.439032681286334991e-02
6.227062940597534180e-01 3.182071447372436523e-01 4.158618301153182983e-02
5.838224291801452637e-01 2.867444753646850586e-01 1.070880517363548279e-02
6.271581053733825684e-01 3.423466086387634277e-01 3.643445298075675964e-02
6.312665939331054688e-01 3.451688289642333984e-01 6.020515039563179016e-02
5.213046073913574219e-01 5.342352986335754395e-01 -3.507084771990776062e-02
5.324486494064331055e-01 5.408230423927307129e-01 -2.822943404316902161e-02
5.399174690246582031e-01 5.485190749168395996e-01 -2.015670947730541229e-02
5.326017141342163086e-01 4.885270595550537109e-01 -2.578542940318584442e-02
5.476980209350585938e-01 5.662118792533874512e-01 -3.011780790984630585e-03
5.432184934616088867e-01 5.725417137145996094e-01 -9.944525547325611115e-03
5.446153283119201660e-01 5.647650957107543945e-01 -4.941499326378107071e-03
5.320485234260559082e-01 4.773604273796081543e-01 -4.272514581680297852e-02
5.338873863220214844e-01 5.505295991897583008e-01 -1.697910763323307037e-02
5.269612669944763184e-01 5.453610420227050781e-01 -2.270735800266265869e-02
5.178894996643066406e-01 5.419064760208129883e-01 -2.740165032446384430e-02
5.137785673141479492e-01 6.142717003822326660e-01 -1.763432845473289490e-02
5.171011090278625488e-01 5.937343835830688477e-01 -2.729725837707519531e-02
5.172541141510009766e-01 5.851409435272216797e-01 -2.838696166872978210e-02
5.167713165283203125e-01 5.768386125564575195e-01 -2.558740973472595215e-02
5.156664848327636719e-01 5.709906816482543945e-01 -2.354891411960124969e-02
5.321444272994995117e-01 5.699689984321594238e-01 -1.405945420265197754e-02
5.346477627754211426e-01 5.731894373893737793e-01 -1.605938933789730072e-02
5.374167561531066895e-01 5.779566168785095215e-01 -1.794154755771160126e-02
5.395199060440063477e-01 5.832072496414184570e-01 -1.616058498620986938e-02
5.516622662544250488e-01 5.337330102920532227e-01 -1.484221778810024261e-02
6.333677172660827637e-01 4.886507689952850342e-01 1.234305202960968018e-01
5.376407504081726074e-01 5.681948065757751465e-01 -8.469611406326293945e-03
5.405253767967224121e-01 5.701093673706054688e-01 -9.911256842315196991e-03
5.234171152114868164e-01 4.952591359615325928e-01 -3.131374716758728027e-02
5.396708250045776367e-01 4.960003495216369629e-01 -1.847144030034542084e-02
5.250319838523864746e-01 4.923096895217895508e-01 -3.092576190829277039e-02
5.585492849349975586e-01 4.389607310295104980e-01 -8.787170518189668655e-04
5.758574008941650391e-01 4.532436132431030273e-01 2.464999910444021225e-03
5.478928089141845703e-01 4.776518344879150391e-01 -2.116682566702365875e-02
6.155946254730224609e-01 2.807246148586273193e-01 4.430019482970237732e-02
6.080958843231201172e-01 2.981416583061218262e-01 2.542606927454471588e-02
6.044327616691589355e-01 3.126521706581115723e-01 9.912495501339435577e-03
5.419023036956787109e-01 5.966627001762390137e-01 -8.820011280477046967e-03
5.542205572128295898e-01 3.146444559097290039e-01 -8.774192072451114655e-03
5.573790669441223145e-01 2.824201881885528564e-01 1.519409590400755405e-03
5.634399652481079102e-01 2.494704276323318481e-01 1.180208567529916763e-02
5.965089797973632812e-01 4.021703004837036133e-01 2.147390879690647125e-02
6.190685033798217773e-01 4.233388900756835938e-01 3.741323202848434448e-02
5.488972663879394531e-01 3.887687921524047852e-01 1.398107036948204041e-02
6.148890256881713867e-01 3.718199133872985840e-01 2.945243380963802338e-02
5.411306619644165039e-01 4.139557182788848877e-01 -7.960708811879158020e-03
5.402036309242248535e-01 4.683226943016052246e-01 -4.170111194252967834e-02
6.300949454307556152e-01 4.412094354629516602e-01 4.922266677021980286e-02
6.116667389869689941e-01 4.350229203701019287e-01 2.584886737167835236e-02
5.975321531295776367e-01 4.395627379417419434e-01 1.429344061762094498e-02
5.761386156082153320e-01 4.330003559589385986e-01 8.703609928488731384e-03
5.606129765510559082e-01 4.229960441589355469e-01 5.941530223935842514e-03
5.492700934410095215e-01 4.131710529327392578e-01 3.040410345420241356e-03
5.289760828018188477e-01 3.881995677947998047e-01 -1.796509511768817902e-02
6.254762411117553711e-01 4.766676425933837891e-01 4.305979982018470764e-02
6.222693920135498047e-01 3.709755539894104004e-01 3.570974990725517273e-02
5.167563557624816895e-01 4.830573499202728271e-01 -5.524750798940658569e-02
5.455957055091857910e-01 4.428986907005310059e-01 -1.084788888692855835e-02
6.414624452590942383e-01 4.136689603328704834e-01 1.224289759993553162e-01
5.411636829376220703e-01 4.026732146739959717e-01 1.934777828864753246e-03
5.484908223152160645e-01 4.796546995639801025e-01 -1.004910375922918320e-02
6.076216697692871094e-01 3.846902251243591309e-01 3.163158148527145386e-02
5.415557622909545898e-01 4.581647217273712158e-01 -3.673854842782020569e-02
6.259225606918334961e-01 5.290238261222839355e-01 1.144483238458633423e-01
5.490499734878540039e-01 3.824014365673065186e-01 1.753755845129489899e-02
5.341535210609436035e-01 4.456720948219299316e-01 -4.732695221900939941e-02
5.888624191284179688e-01 6.071667671203613281e-01 3.736372664570808411e-02
5.873374938964843750e-01 6.277849674224853516e-01 5.603509023785591125e-02
6.348446011543273926e-01 4.835981130599975586e-01 8.310104906558990479e-02
6.035999059677124023e-01 5.860738754272460938e-01 5.261362344026565552e-02
6.359415054321289062e-01 3.766096830368041992e-01 7.569640874862670898e-02
5.404241085052490234e-01 6.571995019912719727e-01 -8.246317738667130470e-04
5.147024989128112793e-01 4.875528216361999512e-01 -4.115872457623481750e-02
5.542756915092468262e-01 4.577046036720275879e-01 -7.341468241065740585e-03
6.284672021865844727e-01 4.021140635013580322e-01 5.622980743646621704e-02
5.876165628433227539e-01 3.939135670661926270e-01 1.770873926579952240e-02
5.777336359024047852e-01 3.935710191726684570e-01 1.448303740471601486e-02
5.455944538116455078e-01 5.753107666969299316e-01 -8.223808370530605316e-03
6.196404099464416504e-01 5.106642842292785645e-01 4.343156144022941589e-02
5.177735090255737305e-01 6.803629994392395020e-01 8.197045535780489445e-04
5.545241236686706543e-01 6.603541374206542969e-01 2.512964047491550446e-02
5.700817108154296875e-01 6.472170948982238770e-01 3.873291239142417908e-02
5.678908228874206543e-01 3.908427059650421143e-01 1.370273344218730927e-02
5.585438609123229980e-01 3.869048058986663818e-01 1.506696175783872604e-02
5.522119998931884766e-01 3.845950961112976074e-01 1.740982942283153534e-02
6.284821033477783203e-01 3.692771494388580322e-01 4.792224988341331482e-02
5.612738132476806641e-01 3.714820146560668945e-01 1.441334746778011322e-02
5.722495317459106445e-01 3.670655488967895508e-01 1.321480330079793930e-02
5.829707980155944824e-01 3.668150901794433594e-01 1.415790058672428131e-02
5.929316878318786621e-01 3.705387115478515625e-01 1.709694415330886841e-02
5.984975099563598633e-01 3.758883476257324219e-01 2.071945182979106903e-02
6.414467692375183105e-01 3.734415769577026367e-01 1.076658442616462708e-01
5.943211913108825684e-01 3.919613659381866455e-01 2.167738787829875946e-02
5.428062677383422852e-01 5.214719772338867188e-01 -2.075185067951679230e-02
5.361879467964172363e-01 4.821117222309112549e-01 -3.149281069636344910e-02
5.232498645782470703e-01 5.108602643013000488e-01 -3.150887414813041687e-02
5.730935335159301758e-01 6.271008253097534180e-01 2.507857978343963623e-02
5.575850605964660645e-01 6.420970559120178223e-01 1.263481564819812775e-02
5.189841389656066895e-01 6.675685644149780273e-01 -1.288303826004266739e-02
6.010197997093200684e-01 6.047094464302062988e-01 7.806162536144256592e-02
5.530095100402832031e-01 3.780074715614318848e-01 1.634003035724163055e-02
5.341144204139709473e-01 4.157477021217346191e-01 -2.391637116670608521e-02
5.376982092857360840e-01 6.720510721206665039e-01 1.092952303588390350e-02
6.276071667671203613e-01 5.210040211677551270e-01 7.790677994489669800e-02
5.248070359230041504e-01 5.708949565887451172e-01 -1.912791654467582703e-02
5.269921422004699707e-01 5.756368041038513184e-01 -2.119154855608940125e-02
5.287885665893554688e-01 5.825191736221313477e-01 -2.335915714502334595e-02
5.297994017601013184e-01 5.904963612556457520e-01 -2.213422767817974091e-02
5.296161770820617676e-01 6.072733402252197266e-01 -1.450797636061906815e-02
5.420250296592712402e-01 5.572671890258789062e-01 -1.103139109909534454e-02
5.449674725532531738e-01 5.570458769798278809e-01 -1.064614672213792801e-02
5.476531386375427246e-01 5.560510754585266113e-01 -1.032779365777969360e-02
5.577164888381958008e-01 5.497553348541259766e-01 -6.735605653375387192e-03
6.037496328353881836e-01 5.163857936859130859e-01 1.982870139181613922e-02
5.349657535552978516e-01 3.997763991355895996e-01 -1.212595216929912567e-02
5.426285862922668457e-01 3.674400150775909424e-01 9.737607091665267944e-03
5.488124489784240723e-01 3.704251050949096680e-01 1.457091141492128372e-02
5.394745469093322754e-01 5.567714571952819824e-01 -1.018778327852487564e-02
6.005837917327880859e-01 5.592281818389892578e-01 3.358646109700202942e-02
5.333102941513061523e-01 3.651276826858520508e-01 -4.662630148231983185e-03
5.348563194274902344e-01 6.222164630889892578e-01 -9.271439164876937866e-03
5.275962352752685547e-01 4.051830172538757324e-01 -3.082428500056266785e-02
5.393474102020263672e-01 4.438432455062866211e-01 -2.578804828226566315e-02
5.161932706832885742e-01 6.304963827133178711e-01 -1.642393507063388824e-02
5.619932413101196289e-01 5.922379493713378906e-01 3.823635401204228401e-03
5.564031600952148438e-01 4.949961006641387939e-01 -7.614597212523221970e-03
5.498213768005371094e-01 6.096048355102539062e-01 -2.547854324802756310e-03
5.815931558609008789e-01 4.963715970516204834e-01 -1.550907734781503677e-03
5.647017955780029297e-01 5.137651562690734863e-01 -6.303293164819478989e-03
5.873134136199951172e-01 5.261164307594299316e-01 5.983026698231697083e-03
5.185493230819702148e-01 6.499822139739990234e-01 -1.691837422549724579e-02
5.445827841758728027e-01 4.556045532226562500e-01 -1.840114220976829529e-02
5.707866549491882324e-01 6.067730188369750977e-01 1.367028430104255676e-02
5.554469823837280273e-01 6.239952445030212402e-01 5.017239134758710861e-03
5.718423724174499512e-01 5.710783004760742188e-01 6.453108973801136017e-03
6.132793426513671875e-01 5.397588610649108887e-01 4.488855600357055664e-02
5.855915546417236328e-01 5.761869549751281738e-01 1.758968457579612732e-02
6.179545521736145020e-01 5.555111169815063477e-01 6.991331279277801514e-02
5.702437162399291992e-01 5.380606055259704590e-01 -1.595261157490313053e-03
5.395949482917785645e-01 4.290741384029388428e-01 -1.684771291911602020e-02
5.358469486236572266e-01 4.749578535556793213e-01 -4.456004127860069275e-02
5.411855578422546387e-01 4.819129109382629395e-01 -3.284159302711486816e-02
5.332186222076416016e-01 4.620867967605590820e-01 -5.233509093523025513e-02
5.543068051338195801e-01 3.507288694381713867e-01 7.847513072192668915e-03
5.752779841423034668e-01 3.400622010231018066e-01 7.500146050006151199e-03
5.926133990287780762e-01 3.394648134708404541e-01 9.170638397336006165e-03
6.056056618690490723e-01 3.453183770179748535e-01 1.405835244804620743e-02
6.131728887557983398e-01 3.558040559291839600e-01 2.097383514046669006e-02
6.132900714874267578e-01 3.907038867473602295e-01 3.630693256855010986e-02
6.392308473587036133e-01 4.475616812705993652e-01 8.422553539276123047e-02
6.031869649887084961e-01 4.158123433589935303e-01 2.499252930283546448e-02
5.914724469184875488e-01 4.195424020290374756e-01 1.746964640915393829e-02
5.764797925949096680e-01 4.167978763580322266e-01 1.213649194687604904e-02
5.623154640197753906e-01 4.103075861930847168e-01 9.473066776990890503e-03
5.514909029006958008e-01 4.029672741889953613e-01 9.212669916450977325e-03
5.441700220108032227e-01 3.962369263172149658e-01 8.545708842575550079e-03
6.379382014274597168e-01 4.509684145450592041e-01 1.269889324903488159e-01
5.401462316513061523e-01 4.872124493122100830e-01 -2.760307863354682922e-02
5.333437919616699219e-01 4.301619529724121094e-01 -3.410751000046730042e-02
5.289286971092224121e-01 4.736090898513793945e-01 -5.392244085669517517e-02
5.218872427940368652e-01 4.817641675472259521e-01 -5.044213682413101196e-02
5.280411839485168457e-01 4.770962297916412354e-01 -4.863033443689346313e-02
5.365502834320068359e-01 4.922574460506439209e-01 -2.443985082209110260e-02
5.200575590133666992e-01 4.826854467391967773e-01 -5.360455811023712158e-02
5.180280804634094238e-01 4.871324896812438965e-01 -4.092549905180931091e-02
5.450395941734313965e-01 3.823525309562683105e-01 1.543185207992792130e-02
5.389570593833923340e-01 3.857539892196655273e-01 7.988234981894493103e-03
5.355978012084960938e-01 3.882088661193847656e-01 -3.284425474703311920e-04
6.013672947883605957e-01 3.799995481967926025e-01 2.448782511055469513e-02
6.098106503486633301e-01 3.718337714672088623e-01 2.540776319801807404e-02
4.556094408035278320e-01 3.650671243667602539e-01 1.154628582298755646e-02
4.674830436706542969e-01 3.661304116249084473e-01 1.154628582298755646e-02
4.566188454627990723e-01 3.498885929584503174e-01 1.154628582298755646e-02
4.435556530952453613e-01 3.639628887176513672e-01 1.154628582298755646e-02
4.545164704322814941e-01 3.800466060638427734e-01 1.154628582298755646e-02
5.800020098686218262e-01 3.808128833770751953e-01 1.828373223543167114e-02
5.920675396919250488e-01 3.824817240238189697e-01 1.828373223543167114e-02
5.811741352081298828e-01 3.653147220611572266e-01 1.828373223543167114e-02
5.678842067718505859e-01 3.790655732154846191e-01 1.828373223543167114e-02
5.788658857345581055e-01 3.962574005126953125e-01 1.828373223543167114e-02
