5.076825618743896484e-01 5.282001495361328125e-01 -3.325812518596649170e-02
5.120891928672790527e-01 4.673155248165130615e-01 -5.699128657579421997e-02
5.095941424369812012e-01 4.862924516201019287e-01 -3.109339624643325806e-02
5.057744979858398438e-01 4.137792587280273438e-01 -4.104477912187576294e-02
5.134361386299133301e-01 4.503557980060577393e-01 -6.003906577825546265e-02
5.145195722579956055e-01 4.292381703853607178e-01 -5.488008633255958557e-02
5.165438652038574219e-01 3.789255619049072266e-01 -2.334336750209331512e-02
4.338017702102661133e-01 3.677654862403869629e-01 1.405216939747333527e-02
5.186524391174316406e-01 3.373084068298339844e-01 -1.404947321861982346e-02
5.199958086013793945e-01 3.152309060096740723e-01 -1.478158868849277496e-02
5.233132243156433105e-01 2.428408563137054443e-01 1.346949487924575806e-03
5.073982477188110352e-01 5.337854623794555664e-01 -3.213722258806228638e-02
5.067728161811828613e-01 5.394755005836486816e-01 -2.876528911292552948e-02
5.061423778533935547e-01 5.434537529945373535e-01 -2.401317656040191650e-02
5.059442520141601562e-01 5.460128784179687500e-01 -2.313314564526081085e-02
5.057421922683715820e-01 5.543962717056274414e-01 -2.500362694263458252e-02
5.051990747451782227e-01 5.647825002670288086e-01 -2.764779329299926758e-02
5.044228434562683105e-01 5.753753185272216797e-01 -2.665203064680099487e-02
4.999126791954040527e-01 5.931009650230407715e-01 -1.740498468279838562e-02
5.110461711883544922e-01 4.765616953372955322e-01 -5.181812867522239685e-02
5.008183717727661133e-01 4.761806726455688477e-01 -3.782776743173599243e-02
3.935915827751159668e-01 3.077465295791625977e-01 6.670027226209640503e-02
4.650347232818603516e-01 3.821559548377990723e-01 4.032950382679700851e-03
4.536813199520111084e-01 3.835633993148803711e-01 4.264759365469217300e-03
4.427294433116912842e-01 3.826810419559478760e-01 6.811383645981550217e-03
4.275464713573455811e-01 3.735612928867340088e-01 1.507908292114734650e-02
4.750992059707641602e-01 3.776800632476806641e-01 6.002274341881275177e-03
4.546537697315216064e-01 3.328464627265930176e-01 1.010832609608769417e-03
4.669627547264099121e-01 3.364551663398742676e-01 2.017299178987741470e-03
4.422730803489685059e-01 3.342659473419189453e-01 3.787550842389464378e-03
4.333279728889465332e-01 3.406354784965515137e-01 7.600771728903055191e-03
4.172295629978179932e-01 3.840478062629699707e-01 1.950282230973243713e-02
4.562709927558898926e-01 6.159554719924926758e-01 -7.761897984892129898e-03
4.295139312744140625e-01 3.646587729454040527e-01 1.741623133420944214e-02
3.838263750076293945e-01 3.778652250766754150e-01 6.643491238355636597e-02
4.053907990455627441e-01 3.719440400600433350e-01 3.038726933300495148e-02
4.564183652400970459e-01 4.536652565002441406e-01 -9.672871790826320648e-03
4.946255683898925781e-01 5.231976509094238281e-01 -3.237535804510116577e-02
4.951055645942687988e-01 5.374675989151000977e-01 -2.781851217150688171e-02
4.808232188224792480e-01 5.278040170669555664e-01 -2.705865167081356049e-02
4.712538719177246094e-01 5.336014032363891602e-01 -2.017075382173061371e-02
4.845844805240631104e-01 5.376811027526855469e-01 -2.428126335144042969e-02
4.759698808193206787e-01 5.393586158752441406e-01 -1.785570755600929260e-02
4.528741538524627686e-01 5.597860813140869141e-01 -6.236277520656585693e-03
5.031253099441528320e-01 4.660581648349761963e-01 -5.635070055723190308e-02
5.028250217437744141e-01 4.497722387313842773e-01 -5.914114043116569519e-02
4.186040163040161133e-01 3.207182288169860840e-01 1.134496927261352539e-02
4.809999167919158936e-01 4.141757786273956299e-01 -8.081442676484584808e-03
4.783896803855895996e-01 4.629133343696594238e-01 -3.109292127192020416e-02
4.777335226535797119e-01 4.546761214733123779e-01 -2.767876908183097839e-02
4.225482344627380371e-01 4.500364959239959717e-01 1.959599554538726807e-03
5.044397115707397461e-01 4.302415549755096436e-01 -5.209972709417343140e-02
4.490834474563598633e-01 2.993264794349670410e-01 -4.750652704387903214e-03
4.320022761821746826e-01 3.066116571426391602e-01 2.560476306825876236e-03
4.093291461467742920e-01 2.794145345687866211e-01 4.785909503698348999e-02
4.973593056201934814e-01 3.199997544288635254e-01 -1.198849827051162720e-02
4.770531952381134033e-01 3.445409238338470459e-01 5.478032398968935013e-03
4.460789561271667480e-01 5.434482693672180176e-01 -3.427703632041811943e-03
3.851855695247650146e-01 5.375255346298217773e-01 8.616667985916137695e-02
4.857806563377380371e-01 4.728496968746185303e-01 -2.695452049374580383e-02
4.935542643070220947e-01 4.783803224563598633e-01 -2.792006917297840118e-02
4.595915675163269043e-01 5.439696311950683594e-01 -4.387579858303070068e-03
4.624350666999816895e-01 5.437147021293640137e-01 -7.131691090762615204e-03
4.264301955699920654e-01 2.959388792514801025e-01 8.180528879165649414e-03
4.771925210952758789e-01 4.711526036262512207e-01 -2.556301467120647430e-02
4.703849554061889648e-01 3.022345304489135742e-01 -9.588160552084445953e-03
4.698593914508819580e-01 2.885758280754089355e-01 -1.095231529325246811e-02
4.594500064849853516e-01 2.447164952754974365e-01 1.115026045590639114e-02
4.188145101070404053e-01 2.951890230178833008e-01 2.526361867785453796e-02
4.653398692607879639e-01 2.738907337188720703e-01 -3.295907517895102501e-04
4.119213223457336426e-01 3.152099847793579102e-01 2.079630456864833832e-02
4.038954675197601318e-01 3.181535601615905762e-01 4.254424571990966797e-02
4.946819245815277100e-01 5.310158729553222656e-01 -3.137135133147239685e-02
4.827100038528442383e-01 5.331889390945434570e-01 -2.623279206454753876e-02
4.735619723796844482e-01 5.366127490997314453e-01 -1.995143853127956390e-02
4.879175722599029541e-01 4.764334559440612793e-01 -2.470805868506431580e-02
4.610580503940582275e-01 5.438908934593200684e-01 -5.813832394778728485e-03
4.659854173660278320e-01 5.470635890960693359e-01 -1.223762612789869308e-02
4.639840126037597656e-01 5.435590744018554688e-01 -7.380191236734390259e-03
4.913544654846191406e-01 4.660216867923736572e-01 -4.134261235594749451e-02
4.775849878787994385e-01 5.412045121192932129e-01 -1.616314239799976349e-02
4.859374761581420898e-01 5.405393838882446289e-01 -2.022084034979343414e-02
4.955512285232543945e-01 5.414437055587768555e-01 -2.339206822216510773e-02
4.859088659286499023e-01 5.907948017120361328e-01 -1.765240356326103210e-02
4.902294278144836426e-01 5.723704099655151367e-01 -2.659537084400653839e-02
4.918282926082611084e-01 5.618402361869812012e-01 -2.730901725590229034e-02
4.935652315616607666e-01 5.515557527542114258e-01 -2.437130361795425415e-02
4.952481985092163086e-01 5.439702868461608887e-01 -2.250058762729167938e-02
4.773266315460205078e-01 5.423446893692016602e-01 -1.540006790310144424e-02
4.746641218662261963e-01 5.461375117301940918e-01 -1.737879775464534760e-02
4.716256260871887207e-01 5.511615276336669922e-01 -1.946085132658481598e-02
4.688821434974670410e-01 5.568971633911132812e-01 -1.802320964634418488e-02
4.614678621292114258e-01 5.144846439361572266e-01 -1.643078587949275970e-02
3.752744495868682861e-01 4.525148868560791016e-01 1.054283156991004944e-01
5.103056430816650391e-01 4.810149967670440674e-01 -3.817725926637649536e-02
4.710370600223541260e-01 5.427275896072387695e-01 -1.071086898446083069e-02
4.686725735664367676e-01 5.447142124176025391e-01 -1.207101810723543167e-02
4.961680173873901367e-01 4.852372407913208008e-01 -2.893650531768798828e-02
4.798192381858825684e-01 4.818392395973205566e-01 -1.817065291106700897e-02
4.949516952037811279e-01 4.818650484085083008e-01 -2.857875823974609375e-02
4.686502814292907715e-01 4.231761395931243896e-01 -5.663546267896890640e-03
4.497689008712768555e-01 4.325932264328002930e-01 -3.919248469173908234e-03
4.752515256404876709e-01 4.625514149665832520e-01 -2.202445454895496368e-02
4.304519295692443848e-01 2.575669288635253906e-01 2.783204615116119385e-02
4.384564757347106934e-01 2.797241806983947754e-01 1.141434535384178162e-02
4.461928606033325195e-01 2.869387269020080566e-01 -2.074886579066514969e-03
4.611398875713348389e-01 5.714539289474487305e-01 -1.146768406033515930e-02
4.965351223945617676e-01 2.969166934490203857e-01 -1.500763092190027237e-02
4.920133948326110840e-01 2.752920985221862793e-01 -6.569853052496910095e-03
4.891775250434875488e-01 2.406792491674423218e-01 2.198828384280204773e-03
4.330320358276367188e-01 3.791628479957580566e-01 1.104958634823560715e-02
4.037128388881683350e-01 3.955571055412292480e-01 2.447144500911235809e-02
4.818052053451538086e-01 3.728731870651245117e-01 8.008501492440700531e-03
4.201114177703857422e-01 3.477605581283569336e-01 1.608731411397457123e-02
4.895053207874298096e-01 4.035136103630065918e-01 -1.109503302723169327e-02
4.852476716041564941e-01 4.557164609432220459e-01 -4.100294783711433411e-02
3.940662145614624023e-01 4.082984924316406250e-01 3.492386639118194580e-02
4.107118844985961914e-01 4.062863886356353760e-01 1.441759616136550903e-02
4.254303574562072754e-01 4.128064215183258057e-01 4.911378491669893265e-03
4.480819106101989746e-01 4.113771021366119385e-01 1.363266608677804470e-03
4.648800492286682129e-01 4.052463173866271973e-01 1.145948845078237355e-04
4.780823588371276855e-01 3.977544605731964111e-01 -1.568060950376093388e-03
5.057861804962158203e-01 3.819536268711090088e-01 -1.995672099292278290e-02
3.945823609828948975e-01 4.434545934200286865e-01 3.026108257472515106e-02
4.112101197242736816e-01 3.453276157379150391e-01 2.120449952781200409e-02
5.057488679885864258e-01 4.754343330860137939e-01 -5.143797397613525391e-02
4.813516736030578613e-01 4.301435947418212891e-01 -1.330932416021823883e-02
3.768583536148071289e-01 3.775861263275146484e-01 1.014695614576339722e-01
4.883601963520050049e-01 3.886967897415161133e-01 -2.131424844264984131e-03
4.736817181110382080e-01 4.642206132411956787e-01 -1.163106039166450500e-02
4.242032766342163086e-01 3.627939820289611816e-01 1.905550435185432434e-02
4.850627779960632324e-01 4.458680450916290283e-01 -3.663599863648414612e-02
3.784587979316711426e-01 4.937970638275146484e-01 9.862980246543884277e-02
4.822096824645996094e-01 3.677732646465301514e-01 1.095452904701232910e-02
4.945571422576904297e-01 4.358996748924255371e-01 -4.635226354002952576e-02
4.094535708427429199e-01 5.773361921310424805e-01 3.002241998910903931e-02
4.067955613136291504e-01 5.981971025466918945e-01 4.769730567932128906e-02
3.805823922157287598e-01 4.484314918518066406e-01 6.811092048883438110e-02
3.972285985946655273e-01 5.539159178733825684e-01 4.346508532762527466e-02
3.932652175426483154e-01 3.454798161983489990e-01 5.775484815239906311e-02
4.515041112899780273e-01 6.340861916542053223e-01 -2.562702167779207230e-03
5.062135457992553711e-01 4.800143241882324219e-01 -3.759008646011352539e-02
4.706995785236358643e-01 4.421258568763732910e-01 -1.036798208951950073e-02
3.949126005172729492e-01 3.764321208000183105e-01 4.071287810802459717e-02
4.454539716243743896e-01 3.718891441822052002e-01 8.101300336420536041e-03
4.550423324108123779e-01 3.733046650886535645e-01 5.929247941821813583e-03
4.633559882640838623e-01 5.498074293136596680e-01 -1.070376113057136536e-02
3.951273858547210693e-01 4.776349961757659912e-01 3.205359727144241333e-02
4.701105058193206787e-01 6.599054336547851562e-01 7.410706602968275547e-04
4.363384544849395752e-01 6.362570524215698242e-01 2.073674835264682770e-02
4.223363101482391357e-01 6.207824945449829102e-01 3.243948891758918762e-02
5.217930078506469727e-01 2.791803479194641113e-01 -7.490974850952625275e-03
4.944537580013275146e-01 6.649042963981628418e-01 -1.310703693889081478e-03
4.642543196678161621e-01 3.725301623344421387e-01 6.026213057339191437e-03
4.731607139110565186e-01 3.700793981552124023e-01 7.981827482581138611e-03
4.790795445442199707e-01 3.686968088150024414e-01 1.058381982147693634e-02
4.028204679489135742e-01 3.440533876419067383e-01 3.197852894663810730e-02
4.733943343162536621e-01 3.663342297077178955e-01 6.911842152476310730e-03
4.641645550727844238e-01 3.672096729278564453e-01 4.707568325102329254e-03
4.550835192203521729e-01 3.669872283935546875e-01 4.708196502178907394e-03
4.452576637268066406e-01 3.660551011562347412e-01 6.688088644295930862e-03
4.381118714809417725e-01 3.655346930027008057e-01 9.621623903512954712e-03
3.831781148910522461e-01 3.386905193328857422e-01 8.662748336791992188e-02
4.387269616127014160e-01 3.698167800903320312e-01 1.121027022600173950e-02
5.082315206527709961e-01 5.006368160247802734e-01 -2.931761741638183594e-02
4.730046987533569336e-01 5.054666399955749512e-01 -2.092278935015201569e-02
4.860852956771850586e-01 4.694646596908569336e-01 -3.068591654300689697e-02
4.937670826911926270e-01 5.005830526351928711e-01 -2.916869893670082092e-02
5.173698663711547852e-01 3.590819239616394043e-01 -1.455383934080600739e-02
4.226670265197753906e-01 5.997982025146484375e-01 1.961183920502662659e-02
4.361506104469299316e-01 6.173164844512939453e-01 9.126883931457996368e-03
4.713840484619140625e-01 6.465759873390197754e-01 -1.236254069954156876e-02
3.950877487659454346e-01 5.726616382598876953e-01 6.760728359222412109e-02
4.795635938644409180e-01 3.665888905525207520e-01 9.330919012427330017e-03
4.973212778568267822e-01 4.071159958839416504e-01 -2.520861662924289703e-02
4.956602752208709717e-01 6.514537930488586426e-01 -1.409464515745639801e-02
4.517555534839630127e-01 6.497578620910644531e-01 8.584726601839065552e-03
3.825390934944152832e-01 4.862239360809326172e-01 6.468784809112548828e-02
4.856076240539550781e-01 5.425409078598022461e-01 -1.936378702521324158e-02
4.829129576683044434e-01 5.485616326332092285e-01 -2.148601785302162170e-02
4.803199768066406250e-01 5.564392805099487305e-01 -2.392050996422767639e-02
4.781197607517242432e-01 5.657187700271606445e-01 -2.308497950434684753e-02
4.719062149524688721e-01 5.823059082031250000e-01 -1.618855446577072144e-02
4.688397049903869629e-01 5.415019989013671875e-01 -1.205475255846977234e-02
4.663587212562561035e-01 5.403157472610473633e-01 -1.224023941904306412e-02
4.642268717288970947e-01 5.387945175170898438e-01 -1.223804708570241928e-02
4.520754814147949219e-01 5.275103449821472168e-01 -1.008651033043861389e-02
4.111866950988769531e-01 4.862998723983764648e-01 1.117282919585704803e-02
4.978165030479431152e-01 3.914497196674346924e-01 -1.467496808618307114e-02
4.930414557456970215e-01 3.548558354377746582e-01 4.791790153831243515e-03
4.854376018047332764e-01 3.573553860187530518e-01 8.051324635744094849e-03
4.710855782032012939e-01 5.424066781997680664e-01 -1.119724288582801819e-02
4.062396287918090820e-01 5.281668305397033691e-01 2.500214800238609314e-02
5.041662454605102539e-01 3.543623685836791992e-01 -8.338593877851963043e-03
4.637763500213623047e-01 5.986661911010742188e-01 -1.124141551554203033e-02
5.152289271354675293e-01 4.120426177978515625e-01 -4.406550526618957520e-02
5.056238770484924316e-01 3.986410498619079590e-01 -3.141697123646736145e-02
5.158651471138000488e-01 3.960250020027160645e-01 -3.330709412693977356e-02
4.883963167667388916e-01 4.326464235782623291e-01 -2.654808387160301208e-02
4.971612095832824707e-01 6.329272389411926270e-01 -1.900789327919483185e-02
4.986642003059387207e-01 6.115455031394958496e-01 -1.789254508912563324e-02
4.806403517723083496e-01 6.085922718048095703e-01 -1.654717326164245605e-02
4.406886696815490723e-01 5.664342641830444336e-01 -5.877488292753696442e-04
4.631047844886779785e-01 4.767629504203796387e-01 -1.005028001964092255e-02
4.506709575653076172e-01 5.849109888076782227e-01 -5.790774710476398468e-03
4.375677406787872314e-01 4.718507826328277588e-01 -7.281123194843530655e-03
4.515208005905151367e-01 4.922755062580108643e-01 -9.844807907938957214e-03
4.261716306209564209e-01 4.989945888519287109e-01 -5.696359439752995968e-04
4.750514924526214600e-01 6.286706924438476562e-01 -1.692198961973190308e-02
4.811408817768096924e-01 4.426319897174835205e-01 -1.973926834762096405e-02
4.291675090789794922e-01 5.796055793762207031e-01 8.503275923430919647e-03
4.420708417892456055e-01 5.990536808967590332e-01 1.520889811217784882e-03
4.341146349906921387e-01 5.447455644607543945e-01 1.045867102220654488e-03
3.964199125766754150e-01 5.070789456367492676e-01 3.462175652384757996e-02
4.191491007804870605e-01 5.472263097763061523e-01 1.089939754456281662e-02
3.870611190795898438e-01 5.214807391166687012e-01 5.838247016072273254e-02
4.412166476249694824e-01 5.139461755752563477e-01 -6.154664326459169388e-03
4.895596504211425781e-01 4.183503985404968262e-01 -1.879617944359779358e-02
4.883262217044830322e-01 4.629450738430023193e-01 -4.337375983595848083e-02
4.815588295459747314e-01 4.681909084320068359e-01 -3.228010609745979309e-02
4.934423863887786865e-01 4.516211450099945068e-01 -5.040194094181060791e-02
4.856151044368743896e-01 3.364549875259399414e-01 1.550035551190376282e-03
4.684009850025177002e-01 3.227603137493133545e-01 -9.106823126785457134e-04
4.524091482162475586e-01 3.190607428550720215e-01 -1.243547303602099419e-03
4.381982684135437012e-01 3.227619826793670654e-01 2.161375014111399651e-03
4.271784424781799316e-01 3.313946127891540527e-01 8.049364201724529266e-03
4.160334765911102295e-01 3.669236898422241211e-01 2.302828617393970490e-02
3.803930878639221191e-01 4.123802781105041504e-01 6.753514707088470459e-02
4.229532480239868164e-01 3.908863067626953125e-01 1.397276390343904495e-02
4.348165094852447510e-01 3.961929678916931152e-01 7.976869121193885803e-03
4.502874016761779785e-01 3.967410326004028320e-01 4.294311162084341049e-03
4.652102291584014893e-01 3.933185338973999023e-01 3.067265497520565987e-03
4.771224558353424072e-01 3.875853121280670166e-01 3.817625343799591064e-03
4.856195449829101562e-01 3.821348547935485840e-01 3.798959776759147644e-03
3.751917481422424316e-01 4.146220088005065918e-01 1.070917099714279175e-01
4.812093079090118408e-01 4.734658896923065186e-01 -2.716388925909996033e-02
4.968186914920806885e-01 4.211907982826232910e-01 -3.431804105639457703e-02
4.956646561622619629e-01 4.634864926338195801e-01 -5.143765732645988464e-02
5.005437135696411133e-01 4.727309644222259521e-01 -4.723518714308738708e-02
4.954559206962585449e-01 4.667509496212005615e-01 -4.635474458336830139e-02
4.835605919361114502e-01 4.791180789470672607e-01 -2.367165125906467438e-02
5.024796128273010254e-01 4.741710722446441650e-01 -5.002333223819732666e-02
5.029260516166687012e-01 4.787635505199432373e-01 -3.767660632729530334e-02
4.866029024124145508e-01 3.673895299434661865e-01 9.711758233606815338e-03
4.928035140037536621e-01 3.726304471492767334e-01 3.560877637937664986e-03
4.967327415943145752e-01 3.756616115570068359e-01 -3.890632651746273041e-03
4.334022402763366699e-01 3.651176989078521729e-01 1.293020229786634445e-02
4.264481067657470703e-01 3.495873808860778809e-01 1.323193777352571487e-02
5.240690708160400391e-01 4.156201779842376709e-01 -3.994391113519668579e-02
5.941219925880432129e-01 3.876217603683471680e-01 2.177839726209640503e-02
5.199978351593017578e-01 4.783987402915954590e-01 -3.703947737812995911e-02
6.321740746498107910e-01 3.330103456974029541e-01 7.700979709625244141e-02
5.619342923164367676e-01 3.942073285579681396e-01 9.190495125949382782e-03
5.724213719367980957e-01 3.976183831691741943e-01 1.042581629008054733e-02
5.828146934509277344e-01 3.987879157066345215e-01 1.380098797380924225e-02
5.983332991600036621e-01 3.929066658020019531e-01 2.321910671889781952e-02
5.535318851470947266e-01 3.883084952831268311e-01 1.013277564197778702e-02
5.800490379333496094e-01 3.458294272422790527e-01 7.259925361722707748e-03
5.677886009216308594e-01 3.473702669143676758e-01 6.981021258980035782e-03
5.916333794593811035e-01 3.494026064872741699e-01 1.093358546495437622e-02
5.990769267082214355e-01 3.578663468360900879e-01 1.529113762080669403e-02
6.055746674537658691e-01 4.030608534812927246e-01 2.842107787728309631e-02
5.395937561988830566e-01 6.230450868606567383e-01 -4.223969765007495880e-03
5.983821153640747070e-01 3.850035965442657471e-01 2.546692639589309692e-02
6.355051994323730469e-01 4.034306108951568604e-01 7.793119549751281738e-02
6.171903014183044434e-01 3.904359936714172363e-01 4.013515636324882507e-02
5.632799863815307617e-01 4.650464355945587158e-01 -4.307780414819717407e-03
5.203625559806823730e-01 5.259293317794799805e-01 -3.108190186321735382e-02
5.172575712203979492e-01 5.400419235229492188e-01 -2.658813633024692535e-02
5.316776633262634277e-01 5.327891707420349121e-01 -2.438027597963809967e-02
5.383545160293579102e-01 5.406394004821777344e-01 -1.647748798131942749e-02
5.259996056556701660e-01 5.421757102012634277e-01 -2.193906903266906738e-02
5.325345993041992188e-01 5.455268025398254395e-01 -1.465817447751760483e-02
5.494722127914428711e-01 5.701506137847900391e-01 -1.461728475987911224e-03
5.208180546760559082e-01 4.680222868919372559e-01 -5.566360056400299072e-02
5.236192345619201660e-01 4.519984424114227295e-01 -5.833601206541061401e-02
6.142274141311645508e-01 3.360282778739929199e-01 2.036828733980655670e-02
5.446697473526000977e-01 4.207800626754760742e-01 -4.629349336028099060e-03
5.433593988418579102e-01 4.698028564453125000e-01 -2.808578126132488251e-02
5.447196960449218750e-01 4.616523385047912598e-01 -2.457558922469615936e-02
5.952762365341186523e-01 4.682380855083465576e-01 1.073458231985569000e-02
5.240389704704284668e-01 4.322497248649597168e-01 -5.102697387337684631e-02
5.914431214332580566e-01 3.118311464786529541e-01 1.934215892106294632e-03
6.053764820098876953e-01 3.201866745948791504e-01 1.064434368163347244e-02
6.231582164764404297e-01 3.019801378250122070e-01 5.696525424718856812e-02
5.432447195053100586e-01 3.257867693901062012e-01 -9.541178122162818909e-03
5.570833683013916016e-01 3.542565107345581055e-01 9.515862911939620972e-03
5.586065649986267090e-01 5.558865666389465332e-01 2.443251898512244225e-03
6.137946844100952148e-01 5.600731372833251953e-01 9.628790616989135742e-02
5.341879725456237793e-01 4.781206846237182617e-01 -2.497214637696743011e-02
5.258932113647460938e-01 4.819437861442565918e-01 -2.689694799482822418e-02
5.450223088264465332e-01 5.543310642242431641e-01 6.861517904326319695e-04
5.423802137374877930e-01 5.532122850418090820e-01 -2.638626145198941231e-03
6.111762523651123047e-01 3.093508481979370117e-01 1.653101108968257904e-02
5.425963997840881348e-01 4.780665636062622070e-01 -2.260620705783367157e-02
5.718959569931030273e-01 3.122477531433105469e-01 -5.063853692263364792e-03
5.742048025131225586e-01 2.985157966613769531e-01 -6.453198380768299103e-03
5.834249854087829590e-01 2.580480277538299561e-01 1.655434072017669678e-02
6.158843040466308594e-01 3.140786290168762207e-01 3.416214138269424438e-02
5.764175057411193848e-01 2.846323251724243164e-01 4.587175324559211731e-03
6.202157139778137207e-01 3.303132951259613037e-01 3.023103438317775726e-02
6.253449320793151855e-01 3.397688865661621094e-01 5.262913927435874939e-02
5.191332101821899414e-01 5.338039398193359375e-01 -3.005443513393402100e-02
5.288560986518859863e-01 5.380888581275939941e-01 -2.372541651129722595e-02
5.356093645095825195e-01 5.432827472686767578e-01 -1.654013246297836304e-02
5.313166379928588867e-01 4.811035096645355225e-01 -2.293611504137516022e-02
5.436705350875854492e-01 5.538312196731567383e-01 -1.124982838518917561e-03
5.397707819938659668e-01 5.559918284416198730e-01 -8.280372247099876404e-03
5.408585071563720703e-01 5.525789856910705566e-01 -3.023009980097413063e-03
5.307973623275756836e-01 4.704792499542236328e-01 -3.930906578898429871e-02
5.301027894020080566e-01 5.468103289604187012e-01 -1.311161927878856659e-02
5.237011313438415527e-01 5.446322560310363770e-01 -1.799676753580570221e-02
5.156148672103881836e-01 5.437461137771606445e-01 -2.213376201689243317e-02
5.141745209693908691e-01 5.937160253524780273e-01 -1.639161817729473114e-02
5.174914598464965820e-01 5.757331848144531250e-01 -2.526664547622203827e-02
5.173813700675964355e-01 5.648967623710632324e-01 -2.593875862658023834e-02
5.167512893676757812e-01 5.542932748794555664e-01 -2.304902113974094391e-02
5.155529379844665527e-01 5.463531613349914551e-01 -2.121167629957199097e-02
5.301291942596435547e-01 5.483233928680419922e-01 -1.232986990362405777e-02
5.325968265533447266e-01 5.530347824096679688e-01 -1.430153101682662964e-02
5.351350307464599609e-01 5.589773654937744141e-01 -1.618834026157855988e-02
5.371966361999511719e-01 5.654797554016113281e-01 -1.455779001116752625e-02
5.497700572013854980e-01 5.241883397102355957e-01 -1.220916677266359329e-02
6.307467222213745117e-01 4.788658022880554199e-01 1.169815361499786377e-01
5.349095463752746582e-01 5.499765276908874512e-01 -6.891458295285701752e-03
5.373102426528930664e-01 5.528376102447509766e-01 -8.280313573777675629e-03
5.225881338119506836e-01 4.881056249141693115e-01 -2.783836051821708679e-02
5.378828644752502441e-01 4.880135655403137207e-01 -1.576195284724235535e-02
5.241627693176269531e-01 4.851323068141937256e-01 -2.756200172007083893e-02
5.550014972686767578e-01 4.322236180305480957e-01 -9.304881677962839603e-04
5.718308687210083008e-01 4.455373287200927734e-01 2.504675649106502533e-03
5.455354452133178711e-01 4.699344635009765625e-01 -1.879175007343292236e-02
6.080427765846252441e-01 2.764034867286682129e-01 3.530599549412727356e-02
6.006342172622680664e-01 2.951241433620452881e-01 1.858413219451904297e-02
5.957811474800109863e-01 2.990638017654418945e-01 4.675198346376419067e-03
5.402930974960327148e-01 5.794625282287597656e-01 -7.497524376958608627e-03
5.477239489555358887e-01 3.029255270957946777e-01 -1.257966645061969757e-02
5.508586764335632324e-01 2.812270522117614746e-01 -4.007412586361169815e-03
5.561745166778564453e-01 2.480337768793106079e-01 4.994511604309082031e-03
5.923534035682678223e-01 3.975783586502075195e-01 1.869535259902477264e-02
6.156927347183227539e-01 4.151081740856170654e-01 3.420747444033622742e-02
5.481588840484619141e-01 3.827436864376068115e-01 1.166785601526498795e-02
6.088616847991943359e-01 3.656880259513854980e-01 2.488319389522075653e-02
5.382453799247741699e-01 4.085001349449157715e-01 -8.358689956367015839e-03
5.383579730987548828e-01 4.615128934383392334e-01 -3.855697438120841980e-02
6.255358457565307617e-01 4.320666790008544922e-01 4.585742577910423279e-02
6.084891557693481445e-01 4.257563650608062744e-01 2.371081151068210602e-02
5.948233604431152344e-01 4.299389719963073730e-01 1.306338049471378326e-02
5.741035342216491699e-01 4.245067238807678223e-01 7.782078813761472702e-03
5.590063333511352539e-01 4.155351221561431885e-01 5.018681287765502930e-03
5.479018688201904297e-01 4.063059985637664795e-01 2.010215772315859795e-03
5.263626575469970703e-01 3.840371072292327881e-01 -1.879832521080970764e-02
6.213454008102416992e-01 4.668320417404174805e-01 4.122262075543403625e-02
6.164062023162841797e-01 3.628065586090087891e-01 3.054533153772354126e-02
5.163174867630004883e-01 4.766197204589843750e-01 -5.089335516095161438e-02
5.428838729858398438e-01 4.365638494491577148e-01 -1.003455743193626404e-02
6.372447013854980469e-01 4.048514962196350098e-01 1.134400740265846252e-01
5.399371981620788574e-01 3.961640000343322754e-01 6.599889602512121201e-04
5.460267663002014160e-01 4.718671143054962158e-01 -8.153393864631652832e-03
6.033030152320861816e-01 3.827501237392425537e-01 2.758744731545448303e-02
5.394128561019897461e-01 4.516349434852600098e-01 -3.411890938878059387e-02
6.241127252578735352e-01 5.185951590538024902e-01 1.094969511032104492e-01
5.486104488372802734e-01 3.777273297309875488e-01 1.474642939865589142e-02
5.322561264038085938e-01 4.398582577705383301e-01 -4.450084269046783447e-02
5.890915393829345703e-01 5.937328338623046875e-01 3.789605200290679932e-02
5.879259705543518066e-01 6.140834689140319824e-01 5.559909343719482422e-02
6.313332915306091309e-01 4.736950099468231201e-01 7.959621399641036987e-02
6.034367680549621582e-01 5.735187530517578125e-01 5.263619497418403625e-02
6.307740211486816406e-01 3.694397211074829102e-01 6.854821741580963135e-02
5.413522124290466309e-01 6.411485671997070312e-01 1.200512633658945560e-03
5.144232511520385742e-01 4.809458553791046143e-01 -3.726338967680931091e-02
5.511731505393981934e-01 4.506574869155883789e-01 -6.299031432718038559e-03
6.257109642028808594e-01 3.948744833469390869e-01 5.123287066817283630e-02
5.825255513191223145e-01 3.890945911407470703e-01 1.503435336053371429e-02
5.731794238090515137e-01 3.882071375846862793e-01 1.206248626112937927e-02
5.420213937759399414e-01 5.594704151153564453e-01 -6.529380101710557938e-03
6.163678169250488281e-01 5.001506209373474121e-01 4.269287362694740295e-02
5.190957188606262207e-01 6.636011600494384766e-01 2.794419182464480400e-03
5.550846457481384277e-01 6.451966166496276855e-01 2.569320797920227051e-02
5.706682205200195312e-01 6.327552795410156250e-01 3.883792832493782043e-02
5.644922852516174316e-01 3.856922984123229980e-01 1.128899026662111282e-02
5.565436482429504395e-01 3.818074464797973633e-01 1.254235953092575073e-02
5.513942241668701172e-01 3.792877495288848877e-01 1.465594209730625153e-02
6.234980225563049316e-01 3.606443405151367188e-01 4.206490144133567810e-02
5.571876168251037598e-01 3.771370053291320801e-01 1.138481032103300095e-02
5.659871101379394531e-01 3.791664242744445801e-01 9.992906823754310608e-03
5.746572017669677734e-01 3.809243440628051758e-01 1.081440970301628113e-02
5.839945077896118164e-01 3.824189901351928711e-01 1.359467860311269760e-02
5.905818939208984375e-01 3.837237358093261719e-01 1.711708679795265198e-02
6.366126537322998047e-01 3.654251098632812500e-01 9.795437008142471313e-02
5.891955494880676270e-01 3.886979222297668457e-01 1.860687136650085449e-02
5.408925414085388184e-01 5.128905773162841797e-01 -1.768783107399940491e-02
5.347207784652709961e-01 4.748625755310058594e-01 -2.857507206499576569e-02
5.223732590675354004e-01 5.037903785705566406e-01 -2.786241658031940460e-02
5.735783576965332031e-01 6.129366159439086914e-01 2.598184533417224884e-02
5.582075119018554688e-01 6.272094249725341797e-01 1.406895648688077927e-02
5.206615328788757324e-01 6.506434679031372070e-01 -1.033169496804475784e-02
6.013879776000976562e-01 5.919297933578491211e-01 7.661082595586776733e-02
5.513771772384643555e-01 3.769262135028839111e-01 1.341547723859548569e-02
5.316879749298095703e-01 4.106463193893432617e-01 -2.339681237936019897e-02
5.384586453437805176e-01 6.559337377548217773e-01 1.220341119915246964e-02
6.249750852584838867e-01 5.103921294212341309e-01 7.568471878767013550e-02
5.236815214157104492e-01 5.469107627868652344e-01 -1.707254163920879364e-02
5.258693695068359375e-01 5.536767840385437012e-01 -1.912306807935237885e-02
5.276706218719482422e-01 5.622625946998596191e-01 -2.137498557567596436e-02
5.288667678833007812e-01 5.721654891967773438e-01 -2.042890526354312897e-02
5.286259055137634277e-01 5.878180861473083496e-01 -1.323689334094524384e-02
5.375921726226806641e-01 5.491726994514465332e-01 -8.253253065049648285e-03
5.403161048889160156e-01 5.486577749252319336e-01 -8.021999150514602661e-03
5.427387356758117676e-01 5.475799441337585449e-01 -7.820894010365009308e-03
5.559463500976562500e-01 5.390517711639404297e-01 -4.716062452644109726e-03
6.008696556091308594e-01 5.058205127716064453e-01 2.036474272608757019e-02
5.322185158729553223e-01 3.949958384037017822e-01 -1.277184952050447464e-02
5.409555435180664062e-01 3.620339632034301758e-01 7.029778789728879929e-03
5.471970438957214355e-01 3.662755787372589111e-01 1.157712377607822418e-02
5.348844528198242188e-01 5.493857860565185547e-01 -7.318771909922361374e-03
5.992646813392639160e-01 5.473130345344543457e-01 3.401619568467140198e-02
5.306145548820495605e-01 3.592993319034576416e-01 -6.834517233073711395e-03
5.346223711967468262e-01 6.049386858940124512e-01 -8.067972958087921143e-03
5.253631472587585449e-01 4.006061851978302002e-01 -3.043526224792003632e-02
5.370316505432128906e-01 4.378188252449035645e-01 -2.422226406633853912e-02
5.171121954917907715e-01 6.118426322937011719e-01 -1.507779117673635483e-02
5.610184669494628906e-01 5.785008668899536133e-01 4.980237688869237900e-03
5.539320111274719238e-01 4.864261448383331299e-01 -5.845496896654367447e-03
5.488879084587097168e-01 5.941367149353027344e-01 -1.420232234522700310e-03
5.785490870475769043e-01 4.867501854896545410e-01 -3.712707257363945246e-04
5.625933408737182617e-01 5.041763782501220703e-01 -4.550641868263483047e-03
5.852625370025634766e-01 5.154861807823181152e-01 7.203139364719390869e-03
5.200010538101196289e-01 6.326526403427124023e-01 -1.502454280853271484e-02
5.421128273010253906e-01 4.489691853523254395e-01 -1.681745238602161407e-02
5.704153180122375488e-01 5.927973389625549316e-01 1.467098575085401535e-02
5.552960634231567383e-01 6.090073585510253906e-01 6.264801602810621262e-03
5.706239342689514160e-01 5.590214133262634277e-01 7.797129917889833450e-03
6.111353039741516113e-01 5.285942554473876953e-01 4.465332999825477600e-02
5.845443606376647949e-01 5.634966492652893066e-01 1.856401003897190094e-02
6.166487336158752441e-01 5.440292954444885254e-01 6.885422766208648682e-02
5.687773823738098145e-01 5.276767015457153320e-01 7.575682684546336532e-05
5.370671749114990234e-01 4.233444631099700928e-01 -1.620374433696269989e-02
5.343770384788513184e-01 4.680436849594116211e-01 -4.116648808121681213e-02
5.394752621650695801e-01 4.744681417942047119e-01 -2.977391518652439117e-02
5.317043662071228027e-01 4.558072686195373535e-01 -4.882020875811576843e-02
5.510424971580505371e-01 3.442111909389495850e-01 4.614683333784341812e-03
5.693826675415039062e-01 3.329747319221496582e-01 3.769556526094675064e-03
5.850202441215515137e-01 3.317643105983734131e-01 5.139056127518415451e-03
5.974127650260925293e-01 3.373475670814514160e-01 9.741494432091712952e-03
6.057544946670532227e-01 3.480376601219177246e-01 1.639425009489059448e-02
6.091467738151550293e-01 3.858996629714965820e-01 3.203266859054565430e-02
6.352730393409729004e-01 4.382639825344085693e-01 7.942108809947967529e-02
5.999131798744201660e-01 4.095091819763183594e-01 2.244115620851516724e-02
5.883576273918151855e-01 4.124745726585388184e-01 1.545689348131418228e-02
5.738373398780822754e-01 4.101825654506683350e-01 1.051984913647174835e-02
5.603365302085876465e-01 4.042500555515289307e-01 8.042589761316776276e-03
5.502144098281860352e-01 3.968014717102050781e-01 7.569125853478908539e-03
5.433493256568908691e-01 3.901509642601013184e-01 6.851738318800926208e-03
6.344372034072875977e-01 4.416530430316925049e-01 1.190495789051055908e-01
5.384856462478637695e-01 4.795477092266082764e-01 -2.467585541307926178e-02
5.312051177024841309e-01 4.247550368309020996e-01 -3.247766569256782532e-02
5.278126597404479980e-01 4.670667946338653564e-01 -5.000571906566619873e-02
5.212281942367553711e-01 4.751453399658203125e-01 -4.638755321502685547e-02
5.270506143569946289e-01 4.704165458679199219e-01 -4.489719867706298828e-02
5.350041389465332031e-01 4.845093786716461182e-01 -2.153141610324382782e-02
5.194706320762634277e-01 4.761058688163757324e-01 -4.934702813625335693e-02
5.176474452018737793e-01 4.804072678089141846e-01 -3.713523223996162415e-02
5.445460677146911621e-01 3.764283955097198486e-01 1.288100518286228180e-02
5.381354093551635742e-01 3.798522353172302246e-01 5.975245498120784760e-03
5.341128110885620117e-01 3.822004199028015137e-01 -1.904009142890572548e-03
5.949575304985046387e-01 3.845098018646240234e-01 2.072804607450962067e-02
6.036991477012634277e-01 3.683748841285705566e-01 2.140497788786888123e-02
4.554398953914642334e-01 3.682850003242492676e-01 9.197128005325794220e-03
4.662163555622100830e-01 3.686713278293609619e-01 9.197128005325794220e-03
4.559226334095001221e-01 3.556120991706848145e-01 9.197128005325794220e-03
4.444699883460998535e-01 3.678331971168518066e-01 9.197128005325794220e-03
4.549256265163421631e-01 3.805975019931793213e-01 9.197128005325794220e-03
5.744922161102294922e-01 3.828858435153961182e-01 1.520188618451356888e-02
5.859245657920837402e-01 3.842383921146392822e-01 1.520188618451356888e-02
5.755424499511718750e-01 3.691341578960418701e-01 1.520188618451356888e-02
5.629398822784423828e-01 3.814865946769714355e-01 1.520188618451356888e-02
5.734435319900512695e-01 3.963812589645385742e-01 1.520188618451356888e-02
