5.067259073257446289e-01 5.489093065261840820e-01 -3.216997534036636353e-02
5.134601593017578125e-01 4.937713742256164551e-01 -5.997793748974800110e-02
5.102363228797912598e-01 5.106373429298400879e-01 -3.165366873145103455e-02
5.074868798255920410e-01 4.355858862400054932e-01 -4.548117518424987793e-02
5.151395201683044434e-01 4.762207269668579102e-01 -6.375250220298767090e-02
5.165187120437622070e-01 4.533623754978179932e-01 -5.908447504043579102e-02
5.191750526428222656e-01 3.979356884956359863e-01 -2.803825028240680695e-02
4.344568550586700439e-01 3.791477382183074951e-01 9.535250253975391388e-03
5.222277045249938965e-01 3.523405194282531738e-01 -1.950838044285774231e-02
5.241302847862243652e-01 3.292646110057830811e-01 -2.132791653275489807e-02
5.295767784118652344e-01 2.517611384391784668e-01 -8.872134611010551453e-03
5.062916278839111328e-01 5.537061095237731934e-01 -3.072543069720268250e-02
5.055956840515136719e-01 5.581262111663818359e-01 -2.706228941679000854e-02
5.049958229064941406e-01 5.605446696281433105e-01 -2.197067998349666595e-02
5.037348270416259766e-01 5.788365006446838379e-01 -2.053466811776161194e-02
5.034701228141784668e-01 5.848523974418640137e-01 -2.225605212152004242e-02
5.028414726257324219e-01 5.923578143119812012e-01 -2.466073073446750641e-02
5.019770264625549316e-01 6.001807451248168945e-01 -2.318858355283737183e-02
4.993391931056976318e-01 6.164829730987548828e-01 -1.279785856604576111e-02
5.121527910232543945e-01 5.026122927665710449e-01 -5.422104895114898682e-02
5.010685920715332031e-01 5.008486509323120117e-01 -3.955660387873649597e-02
3.932935595512390137e-01 3.087472915649414062e-01 6.050989031791687012e-02
4.641465246677398682e-01 4.008868932723999023e-01 -2.029897441389039159e-04
4.523328244686126709e-01 4.008801579475402832e-01 -9.599037002772092819e-05
4.415466785430908203e-01 3.977093994617462158e-01 2.392588648945093155e-03
4.289341866970062256e-01 3.842843174934387207e-01 1.082079205662012100e-02
4.748425185680389404e-01 3.972550928592681885e-01 2.114561153575778008e-03
4.553136527538299561e-01 3.428034186363220215e-01 -4.309006500989198685e-03
4.681882858276367188e-01 3.474013209342956543e-01 -3.272280795499682426e-03
4.426870644092559814e-01 3.442332148551940918e-01 -1.451941672712564468e-03
4.337358772754669189e-01 3.508077263832092285e-01 2.455846872180700302e-03
4.174284636974334717e-01 3.941732048988342285e-01 1.592244394123554230e-02
4.540975689888000488e-01 6.334647536277770996e-01 -1.911145052872598171e-03
4.312029778957366943e-01 3.726100921630859375e-01 1.298231072723865509e-02
3.821714520454406738e-01 3.814089298248291016e-01 6.382407993078231812e-02
4.055121243000030518e-01 3.790726661682128906e-01 2.663931809365749359e-02
4.542538821697235107e-01 4.703967273235321045e-01 -1.185158360749483109e-02
4.921920895576477051e-01 5.437116622924804688e-01 -3.181882947683334351e-02
4.923223257064819336e-01 5.554180741310119629e-01 -2.645231783390045166e-02
4.772093594074249268e-01 5.464934110641479492e-01 -2.632104046642780304e-02
4.669205248355865479e-01 5.505965948104858398e-01 -1.874892972409725189e-02
4.806747734546661377e-01 5.547503232955932617e-01 -2.288294211030006409e-02
4.714498519897460938e-01 5.557006001472473145e-01 -1.584543846547603607e-02
4.484755098819732666e-01 5.769513845443725586e-01 -2.146786078810691833e-03
5.041043162345886230e-01 4.919812977313995361e-01 -5.951940640807151794e-02
5.041053295135498047e-01 4.748607277870178223e-01 -6.304161250591278076e-02
4.200286567211151123e-01 3.324908316135406494e-01 5.298629868775606155e-03
4.809792637825012207e-01 4.309717714786529541e-01 -1.135468669235706329e-02
4.776481986045837402e-01 4.843072593212127686e-01 -3.382250294089317322e-02
4.770735800266265869e-01 4.750449061393737793e-01 -3.054745122790336609e-02
4.191572964191436768e-01 4.629623889923095703e-01 5.931052874075248837e-05
5.059506297111511230e-01 4.537042081356048584e-01 -5.643741786479949951e-02
4.503170251846313477e-01 3.151361644268035889e-01 -1.137922424823045731e-02
4.332954883575439453e-01 3.199116587638854980e-01 -3.864997066557407379e-03
4.096013903617858887e-01 2.809849083423614502e-01 3.976586833596229553e-02
4.989476501941680908e-01 3.406277298927307129e-01 -1.782011613249778748e-02
4.784999787807464600e-01 3.579238653182983398e-01 5.802061641588807106e-04
4.414809346199035645e-01 5.590369701385498047e-01 -4.119580262340605259e-04
3.819979429244995117e-01 5.428588390350341797e-01 9.238105267286300659e-02
4.850909709930419922e-01 4.952714443206787109e-01 -2.897389791905879974e-02
4.931648969650268555e-01 5.013456940650939941e-01 -2.908214367926120758e-02
4.542941451072692871e-01 5.596960783004760742e-01 -1.051110681146383286e-03
4.574360847473144531e-01 5.600609779357910156e-01 -3.819630015641450882e-03
4.282697439193725586e-01 3.084232807159423828e-01 1.148247625678777695e-03
4.759834408760070801e-01 4.919012486934661865e-01 -2.767008170485496521e-02
4.717070162296295166e-01 3.203576207160949707e-01 -1.618098467588424683e-02
4.716923236846923828e-01 3.064412772655487061e-01 -1.840692572295665741e-02
4.625556766986846924e-01 2.495626062154769897e-01 6.125404615886509418e-04
4.184091687202453613e-01 2.982522845268249512e-01 1.764407753944396973e-02
4.675869345664978027e-01 2.812165617942810059e-01 -9.418939240276813507e-03
4.136462211608886719e-01 3.246707320213317871e-01 1.455445215106010437e-02
4.028892815113067627e-01 3.204541206359863281e-01 3.617761656641960144e-02
4.920131266117095947e-01 5.502693057060241699e-01 -3.041748516261577606e-02
4.788963496685028076e-01 5.510714650154113770e-01 -2.512286603450775146e-02
4.691078662872314453e-01 5.533348321914672852e-01 -1.820416934788227081e-02
4.871633648872375488e-01 4.987699985504150391e-01 -2.620427682995796204e-02
4.558957517147064209e-01 5.598970651626586914e-01 -2.451980020850896835e-03
4.608758091926574707e-01 5.667518377304077148e-01 -8.693548850715160370e-03
4.589668810367584229e-01 5.602542757987976074e-01 -4.025639966130256653e-03
4.914196431636810303e-01 4.901346266269683838e-01 -4.430645704269409180e-02
4.732941985130310059e-01 5.570883750915527344e-01 -1.394173596054315567e-02
4.822188317775726318e-01 5.567851662635803223e-01 -1.844511739909648895e-02
4.928776919841766357e-01 5.580906867980957031e-01 -2.170846424996852875e-02
4.838716685771942139e-01 6.134485006332397461e-01 -1.325268391519784927e-02
4.867922365665435791e-01 5.960150957107543945e-01 -2.347729355096817017e-02
4.883798956871032715e-01 5.882969498634338379e-01 -2.468151226639747620e-02
4.900694489479064941e-01 5.810717344284057617e-01 -2.201843075454235077e-02
4.916498959064483643e-01 5.757593512535095215e-01 -2.026948332786560059e-02
4.727271795272827148e-01 5.682247281074523926e-01 -1.271149888634681702e-02
4.701873064041137695e-01 5.702546834945678711e-01 -1.453416608273983002e-02
4.670747518539428711e-01 5.736215114593505859e-01 -1.638532243669033051e-02
4.643888175487518311e-01 5.777171850204467773e-01 -1.459984946995973587e-02
4.581760764122009277e-01 5.329496860504150391e-01 -1.556335296481847763e-02
3.731329441070556641e-01 4.550808370113372803e-01 1.084368154406547546e-01
5.112113952636718750e-01 5.063682794570922852e-01 -3.945223987102508545e-02
4.663591682910919189e-01 5.648346543312072754e-01 -7.517428603023290634e-03
4.637003540992736816e-01 5.655044913291931152e-01 -8.695180527865886688e-03
4.958665370941162109e-01 5.083021521568298340e-01 -2.970942296087741852e-02
4.783524572849273682e-01 5.023615956306457520e-01 -1.922220736742019653e-02
4.945934116840362549e-01 5.048884749412536621e-01 -2.958253212273120880e-02
4.678708910942077637e-01 4.390660822391510010e-01 -8.515253663063049316e-03
4.478862583637237549e-01 4.473763108253479004e-01 -6.463879253715276718e-03
4.741028547286987305e-01 4.824185967445373535e-01 -2.435011602938175201e-02
4.318184256553649902e-01 2.604099512100219727e-01 1.838486082851886749e-02
4.390974044799804688e-01 2.842617630958557129e-01 2.872506156563758850e-03
4.479495882987976074e-01 3.017802834510803223e-01 -9.635854512453079224e-03
4.572873413562774658e-01 5.906346440315246582e-01 -7.154650986194610596e-03
4.986714422702789307e-01 3.168381452560424805e-01 -2.200564183294773102e-02
4.957776069641113281e-01 2.850174903869628906e-01 -1.559835765510797501e-02
4.939564764499664307e-01 2.474523484706878662e-01 -8.570589125156402588e-03
4.329746365547180176e-01 3.923592567443847656e-01 6.691060028970241547e-03
4.027796685695648193e-01 4.045679569244384766e-01 2.132207155227661133e-02
4.822260141372680664e-01 3.932524323463439941e-01 4.136619623750448227e-03
4.213306605815887451e-01 3.577848076820373535e-01 1.117520406842231750e-02
4.901238381862640381e-01 4.208581149578094482e-01 -1.469190046191215515e-02
4.852306544780731201e-01 4.784734249114990234e-01 -4.436141625046730042e-02
3.914500772953033447e-01 4.156138896942138672e-01 3.262940049171447754e-02
4.096149206161499023e-01 4.180293381214141846e-01 1.131831202656030655e-02
4.241923689842224121e-01 4.268096387386322021e-01 1.794163137674331665e-03
4.467875957489013672e-01 4.275141358375549316e-01 -1.605350524187088013e-03
4.638724029064178467e-01 4.228169918060302734e-01 -2.980126999318599701e-03
4.773592650890350342e-01 4.163547158241271973e-01 -4.924877081066370010e-03
5.078243613243103027e-01 4.003300368785858154e-01 -2.461345866322517395e-02
3.912444114685058594e-01 4.520285427570343018e-01 2.910355478525161743e-02
4.121224880218505859e-01 3.539609909057617188e-01 1.606247015297412872e-02
5.065445303916931152e-01 5.011926889419555664e-01 -5.399685725569725037e-02
4.811886250972747803e-01 4.482623934745788574e-01 -1.633984781801700592e-02
3.757925033569335938e-01 3.784587383270263672e-01 1.004813313484191895e-01
4.880963563919067383e-01 4.083802700042724609e-01 -5.752605851739645004e-03
4.722380638122558594e-01 4.831877648830413818e-01 -1.334465667605400085e-02
4.262208640575408936e-01 3.724231123924255371e-01 1.476992480456829071e-02
4.851375520229339600e-01 4.673752188682556152e-01 -4.015513136982917786e-02
3.757731616497039795e-01 4.976232349872589111e-01 1.033119559288024902e-01
4.835274517536163330e-01 3.871880173683166504e-01 6.945478729903697968e-03
4.953850805759429932e-01 4.584096968173980713e-01 -5.044309422373771667e-02
4.069425761699676514e-01 5.883932709693908691e-01 3.532759100198745728e-02
4.044409990310668945e-01 6.074495911598205566e-01 5.512290075421333313e-02
3.778459429740905762e-01 4.538768827915191650e-01 6.865669041872024536e-02
3.941308259963989258e-01 5.631690025329589844e-01 4.805246368050575256e-02
3.919569551944732666e-01 3.484201431274414062e-01 5.319830402731895447e-02
4.503473341464996338e-01 6.494554877281188965e-01 4.141031298786401749e-03
5.068744421005249023e-01 5.051321387290954590e-01 -3.895112499594688416e-02
4.695497453212738037e-01 4.593981504440307617e-01 -1.294236257672309875e-02
3.942789435386657715e-01 3.810432553291320801e-01 3.718258813023567200e-02
4.441699981689453125e-01 3.883849680423736572e-01 3.539101220667362213e-03
4.535943269729614258e-01 3.917083442211151123e-01 1.421721884980797768e-03
4.582692682743072510e-01 5.684857368469238281e-01 -7.005555089563131332e-03
3.913573324680328369e-01 4.867959022521972656e-01 3.253706172108650208e-02
4.695963263511657715e-01 6.749265789985656738e-01 8.860981091856956482e-03
4.353750944137573242e-01 6.484557390213012695e-01 2.855284884572029114e-02
4.209061861038208008e-01 6.317565441131591797e-01 4.014188051223754883e-02
5.269592404365539551e-01 2.908497452735900879e-01 -1.593580283224582672e-02
4.938078522682189941e-01 6.809318065643310547e-01 7.361500058323144913e-03
4.635675549507141113e-01 3.917390108108520508e-01 1.723245019093155861e-03
4.733758270740509033e-01 3.897745609283447266e-01 3.917977679520845413e-03
4.799761176109313965e-01 3.886322975158691406e-01 6.614732556045055389e-03
4.035823941230773926e-01 3.498157262802124023e-01 2.698635123670101166e-02
4.743328988552093506e-01 3.718974888324737549e-01 2.255851635709404945e-03
4.648118317127227783e-01 3.646561801433563232e-01 -5.179427535040304065e-05
4.549474120140075684e-01 3.618660271167755127e-01 -2.519433619454503059e-04
4.447946548461914062e-01 3.629786074161529541e-01 1.736998558044433594e-03
4.381762146949768066e-01 3.665528893470764160e-01 4.817124921828508377e-03
3.825715184211730957e-01 3.396005034446716309e-01 8.296299725770950317e-02
4.382461309432983398e-01 3.838137388229370117e-01 6.695123855024576187e-03
5.086359381675720215e-01 5.245118141174316406e-01 -2.918296679854393005e-02
4.707598388195037842e-01 5.255852937698364258e-01 -2.078430168330669403e-02
4.856399297714233398e-01 4.923369288444519043e-01 -3.302586078643798828e-02
4.930453300476074219e-01 5.234162807464599609e-01 -2.934908308088779449e-02
5.203883051872253418e-01 3.755187392234802246e-01 -1.952623575925827026e-02
4.208407402038574219e-01 6.123447418212890625e-01 2.584736607968807220e-02
4.348596930503845215e-01 6.309216618537902832e-01 1.570441760122776031e-02
4.702701270580291748e-01 6.639382243156433105e-01 -5.398056935518980026e-03
3.920840322971343994e-01 5.798951387405395508e-01 7.452867925167083740e-02
4.808263480663299561e-01 3.812105059623718262e-01 5.027193110436201096e-03
4.985246360301971436e-01 4.266730546951293945e-01 -2.936997823417186737e-02
4.948655068874359131e-01 6.697678565979003906e-01 -6.577573716640472412e-03
4.510759115219116211e-01 6.634321212768554688e-01 1.637721806764602661e-02
3.795234560966491699e-01 4.925454556941986084e-01 6.677425652742385864e-02
4.813573956489562988e-01 5.719500780105590820e-01 -1.707180030643939972e-02
4.788565933704376221e-01 5.757061839103698730e-01 -1.906243711709976196e-02
4.763024151325225830e-01 5.812940597534179688e-01 -2.121222950518131256e-02
4.741197526454925537e-01 5.881021022796630859e-01 -1.988054811954498291e-02
4.688111245632171631e-01 6.034272313117980957e-01 -1.186031010001897812e-02
4.638411998748779297e-01 5.575591325759887695e-01 -9.420772083103656769e-03
4.613759815692901611e-01 5.562697649002075195e-01 -9.684742428362369537e-03
4.593633711338043213e-01 5.546885728836059570e-01 -9.919577278196811676e-03
4.479316174983978271e-01 5.443664789199829102e-01 -8.366889320313930511e-03
4.071809947490692139e-01 4.984059333801269531e-01 1.114350277930498123e-02
4.991962909698486328e-01 4.093229174613952637e-01 -1.877801679074764252e-02
4.940831959247589111e-01 3.738465309143066406e-01 1.577828661538660526e-04
4.864217936992645264e-01 3.750892281532287598e-01 3.589018015190958977e-03
4.659616351127624512e-01 5.583697557449340820e-01 -8.359980769455432892e-03
4.022917449474334717e-01 5.394055247306823730e-01 2.757405303418636322e-02
5.051317811012268066e-01 3.743458688259124756e-01 -1.332646049559116364e-02
4.609615504741668701e-01 6.178692579269409180e-01 -6.043029483407735825e-03
5.174105167388916016e-01 4.344872534275054932e-01 -4.842019453644752502e-02
5.074899792671203613e-01 4.189262688159942627e-01 -3.606104478240013123e-02
5.182338953018188477e-01 4.169712662696838379e-01 -3.786591067910194397e-02
4.886657595634460449e-01 4.527575075626373291e-01 -3.003653883934020996e-02
4.963801503181457520e-01 6.534901261329650879e-01 -1.242354419082403183e-02
4.979516863822937012e-01 6.337397098541259766e-01 -1.223572902381420135e-02
4.786700308322906494e-01 6.298093795776367188e-01 -1.114574074745178223e-02
4.371073842048645020e-01 5.823006629943847656e-01 3.749711904674768448e-03
4.607531130313873291e-01 4.949337244033813477e-01 -1.125080138444900513e-02
4.474066495895385742e-01 6.022561192512512207e-01 -7.799723534844815731e-04
4.342675507068634033e-01 4.875059425830841064e-01 -8.653677999973297119e-03
4.482956528663635254e-01 5.096476078033447266e-01 -1.011647284030914307e-02
4.221848845481872559e-01 5.134183764457702637e-01 -5.179549334570765495e-04
4.733192324638366699e-01 6.482952833175659180e-01 -1.082888524979352951e-02
4.808068871498107910e-01 4.618687033653259277e-01 -2.262124605476856232e-02
4.263413846492767334e-01 5.939478874206542969e-01 1.353811938315629959e-02
4.397690296173095703e-01 6.145892739295959473e-01 7.248218171298503876e-03
4.301346540451049805e-01 5.595014691352844238e-01 3.961441107094287872e-03
3.925173878669738770e-01 5.165437459945678711e-01 3.659515827894210815e-02
4.154884815216064453e-01 5.603927373886108398e-01 1.398836635053157806e-02
3.838893771171569824e-01 5.288898944854736328e-01 6.197667494416236877e-02
4.372276067733764648e-01 5.297353863716125488e-01 -5.354939028620719910e-03
4.900657534599304199e-01 4.372367560863494873e-01 -2.234651148319244385e-02
4.883499443531036377e-01 4.867350161075592041e-01 -4.662890359759330750e-02
4.809051156044006348e-01 4.904046654701232910e-01 -3.473070636391639709e-02
4.941056668758392334e-01 4.757412374019622803e-01 -5.408909544348716736e-02
4.871382415294647217e-01 3.540138602256774902e-01 -3.898947499692440033e-03
4.697920382022857666e-01 3.378935754299163818e-01 -6.728858686983585358e-03
4.535471200942993164e-01 3.328458070755004883e-01 -6.984445266425609589e-03
4.392075538635253906e-01 3.351128697395324707e-01 -3.499528858810663223e-03
4.283133745193481445e-01 3.429985940456390381e-01 2.497789217159152031e-03
4.172454774379730225e-01 3.758367598056793213e-01 1.901570335030555725e-02
3.781520426273345947e-01 4.169258773326873779e-01 6.649056822061538696e-02
4.228324592113494873e-01 4.027312099933624268e-01 1.031714025884866714e-02
4.338890314102172852e-01 4.100467860698699951e-01 4.367013927549123764e-03
4.491838812828063965e-01 4.127734303474426270e-01 7.274877279996871948e-04
4.643295705318450928e-01 4.109672904014587402e-01 -5.951079656369984150e-04
4.766597151756286621e-01 4.064512550830841064e-01 2.771631407085806131e-04
4.855483770370483398e-01 4.017434120178222656e-01 1.598756643943488598e-04
3.735339641571044922e-01 4.160811901092529297e-01 1.081288978457450867e-01
4.802306592464447021e-01 4.951077699661254883e-01 -2.916782535612583160e-02
4.978285431861877441e-01 4.422205388545989990e-01 -3.840325400233268738e-02
4.961523413658142090e-01 4.886259138584136963e-01 -5.471228435635566711e-02
5.008803009986877441e-01 4.978574216365814209e-01 -4.970532283186912537e-02
4.956670105457305908e-01 4.915391504764556885e-01 -4.929284751415252686e-02
4.824289083480834961e-01 5.005749464035034180e-01 -2.509911917150020599e-02
5.030387639999389648e-01 4.996652007102966309e-01 -5.255150422453880310e-02
5.033496618270874023e-01 5.036534070968627930e-01 -3.921696543693542480e-02
4.874667227268218994e-01 3.879168033599853516e-01 5.757336039096117020e-03
4.932511448860168457e-01 3.928389847278594971e-01 -4.264955932740122080e-04
4.970239996910095215e-01 3.958559930324554443e-01 -7.876284420490264893e-03
4.343568682670593262e-01 3.696517348289489746e-01 8.318923413753509521e-03
4.276310801506042480e-01 3.596560955047607422e-01 8.372348733246326447e-03
5.265235900878906250e-01 4.383811354637145996e-01 -4.375861212611198425e-02
5.969355702400207520e-01 4.003929793834686279e-01 2.121135219931602478e-02
5.215055942535400391e-01 5.037313699722290039e-01 -3.823275864124298096e-02
6.370222568511962891e-01 3.459812998771667480e-01 7.757055759429931641e-02
5.631104111671447754e-01 4.115492999553680420e-01 7.406115997582674026e-03
5.742399692535400391e-01 4.149351119995117188e-01 9.038923308253288269e-03
5.849426388740539551e-01 4.160212874412536621e-01 1.290076039731502533e-02
6.000328660011291504e-01 4.068681001663208008e-01 2.313530631363391876e-02
5.540133714675903320e-01 4.059773087501525879e-01 8.136290125548839569e-03
5.855190753936767578e-01 3.594143688678741455e-01 5.260327830910682678e-03
5.718003511428833008e-01 3.605200946331024170e-01 4.306672606617212296e-03
5.973306894302368164e-01 3.641732633113861084e-01 9.544749744236469269e-03
6.040746569633483887e-01 3.732022941112518311e-01 1.429313141852617264e-02
6.068442463874816895e-01 4.200206398963928223e-01 2.916069701313972473e-02
5.387381911277770996e-01 6.441020965576171875e-01 3.682051319628953934e-03
6.014497280120849609e-01 3.946991562843322754e-01 2.517072856426239014e-02
6.381271481513977051e-01 4.192438125610351562e-01 8.141094446182250977e-02
6.194136142730712891e-01 4.079144001007080078e-01 4.141928255558013916e-02
5.665040612220764160e-01 4.870648384094238281e-01 -3.734856378287076950e-03
5.209912657737731934e-01 5.477873086929321289e-01 -2.955811470746994019e-02
5.177898406982421875e-01 5.592894554138183594e-01 -2.431573718786239624e-02
5.334024429321289062e-01 5.541743040084838867e-01 -2.171879634261131287e-02
5.407533049583435059e-01 5.611426234245300293e-01 -1.247315388172864914e-02
5.277279019355773926e-01 5.616950392723083496e-01 -1.882741600275039673e-02
5.349216461181640625e-01 5.651582479476928711e-01 -1.043462753295898438e-02
5.510377883911132812e-01 5.914268493652343750e-01 5.634871311485767365e-03
5.224884152412414551e-01 4.946485459804534912e-01 -5.842455476522445679e-02
5.256708860397338867e-01 4.780032634735107422e-01 -6.173912435770034790e-02
6.191065311431884766e-01 3.592232465744018555e-01 1.925353892147541046e-02
5.474529862403869629e-01 4.408142566680908203e-01 -6.079365499317646027e-03
5.455971360206604004e-01 4.942202568054199219e-01 -2.881052531301975250e-02
5.470732450485229492e-01 4.852374494075775146e-01 -2.540701255202293396e-02
5.989989638328552246e-01 4.896418750286102295e-01 1.298399362713098526e-02
5.263478159904479980e-01 4.566530287265777588e-01 -5.475084483623504639e-02
5.975693464279174805e-01 3.362500071525573730e-01 -1.382864546030759811e-03
6.112474203109741211e-01 3.441853523254394531e-01 8.427821099758148193e-03
6.292430758476257324e-01 3.150311708450317383e-01 5.500240623950958252e-02
5.472052097320556641e-01 3.494806885719299316e-01 -1.437976025044918060e-02
5.594285726547241211e-01 3.682194054126739502e-01 6.745107937604188919e-03
5.606416463851928711e-01 5.762341618537902832e-01 8.992780931293964386e-03
6.115641593933105469e-01 5.756154060363769531e-01 1.087780818343162537e-01
5.361393094062805176e-01 5.026742815971374512e-01 -2.540511079132556915e-02
5.276243090629577637e-01 5.062843561172485352e-01 -2.726306021213531494e-02
5.481921434402465820e-01 5.747133493423461914e-01 7.176986429840326309e-03
5.451976060867309570e-01 5.739808678627014160e-01 3.563588485121726990e-03
6.172547936439514160e-01 3.344047069549560547e-01 1.408900506794452667e-02
5.448251962661743164e-01 5.018777251243591309e-01 -2.273678965866565704e-02
5.772950053215026855e-01 3.366953730583190918e-01 -9.337476454675197601e-03
5.804642438888549805e-01 3.238721489906311035e-01 -1.142650004476308823e-02
5.911703109741210938e-01 2.701125144958496094e-01 9.372705593705177307e-03
6.219046711921691895e-01 3.291110098361968994e-01 3.170206770300865173e-02
5.833313465118408203e-01 2.992347478866577148e-01 -1.563517958857119083e-03
6.251352429389953613e-01 3.533501029014587402e-01 2.932176925241947174e-02
6.304909586906433105e-01 3.546678423881530762e-01 5.204909294843673706e-02
5.196917653083801270e-01 5.543879270553588867e-01 -2.814353443682193756e-02
5.305823683738708496e-01 5.585136413574218750e-01 -2.077634632587432861e-02
5.380179882049560547e-01 5.633863806724548340e-01 -1.241364050656557083e-02
5.332607626914978027e-01 5.053923130035400391e-01 -2.319582365453243256e-02
5.466704964637756348e-01 5.743781328201293945e-01 5.208801478147506714e-03
5.420823693275451660e-01 5.799483060836791992e-01 -2.118553034961223602e-03
5.436247587203979492e-01 5.736230611801147461e-01 3.158926730975508690e-03
5.326365828514099121e-01 4.962255060672760010e-01 -4.088495671749114990e-02
5.323522090911865234e-01 5.658736228942871094e-01 -8.783957920968532562e-03
5.253043770790100098e-01 5.631666779518127441e-01 -1.456743665039539337e-02
5.161197185516357422e-01 5.616173148155212402e-01 -1.949756406247615814e-02
5.142944455146789551e-01 6.175938844680786133e-01 -1.115879602730274200e-02
5.163413882255554199e-01 6.009324789047241211e-01 -2.115225791931152344e-02
5.164204835891723633e-01 5.928634405136108398e-01 -2.223369292914867401e-02
5.159367918968200684e-01 5.852782130241394043e-01 -1.961953938007354736e-02
5.148668289184570312e-01 5.795904994010925293e-01 -1.796591095626354218e-02
5.313823223114013672e-01 5.777674913406372070e-01 -7.517180405557155609e-03
5.338101387023925781e-01 5.807289481163024902e-01 -9.314645081758499146e-03
5.363971590995788574e-01 5.851162075996398926e-01 -1.094589475542306900e-02
5.383359789848327637e-01 5.900397300720214844e-01 -8.852656930685043335e-03
5.518702864646911621e-01 5.465832352638244629e-01 -8.452113717794418335e-03
6.302719116210937500e-01 4.929347634315490723e-01 1.264220625162124634e-01
5.367677211761474609e-01 5.761476755142211914e-01 -1.147850183770060539e-03
5.395070314407348633e-01 5.777841210365295410e-01 -2.355743432417511940e-03
5.240451097488403320e-01 5.123069882392883301e-01 -2.786322124302387238e-02
5.400499701499938965e-01 5.112124681472778320e-01 -1.524764206260442734e-02
5.257679820060729980e-01 5.094059705734252930e-01 -2.782478183507919312e-02
5.580343604087829590e-01 4.524449706077575684e-01 -1.537246746011078358e-03
5.753856301307678223e-01 4.663852155208587646e-01 2.823519986122846603e-03
5.478863716125488281e-01 4.931503832340240479e-01 -1.900803670287132263e-02
6.151664853096008301e-01 2.892601788043975830e-01 3.079663217067718506e-02
6.071794033050537109e-01 3.100925683975219727e-01 1.426467858254909515e-02
6.023373007774353027e-01 3.241408765316009521e-01 7.748707430437207222e-04
5.414496660232543945e-01 6.021793484687805176e-01 -6.542588234879076481e-04
5.532051920890808105e-01 3.279041647911071777e-01 -1.844219677150249481e-02
5.572827458381652832e-01 2.946916818618774414e-01 -1.146093197166919708e-02
5.636723041534423828e-01 2.587609291076660156e-01 -4.079181700944900513e-03
5.942742824554443359e-01 4.137470722198486328e-01 1.831323653459548950e-02
6.169649362564086914e-01 4.341826736927032471e-01 3.592966496944427490e-02
5.480949282646179199e-01 4.008930623531341553e-01 9.487692266702651978e-03
6.124285459518432617e-01 3.830925524234771729e-01 2.458597533404827118e-02
5.410204529762268066e-01 4.283686876296997070e-01 -1.051490474492311478e-02
5.406451225280761719e-01 4.867066442966461182e-01 -4.029997438192367554e-02
6.283565759658813477e-01 4.506555199623107910e-01 4.902635142207145691e-02
6.089133620262145996e-01 4.461623132228851318e-01 2.523608878254890442e-02
5.945746898651123047e-01 4.512149691581726074e-01 1.382099278271198273e-02
5.737671852111816406e-01 4.450241923332214355e-01 7.685238961130380630e-03
5.589101910591125488e-01 4.352530539035797119e-01 4.167596343904733658e-03
5.482299923896789551e-01 4.258449971675872803e-01 4.737862909678369761e-04
5.292224287986755371e-01 4.035413563251495361e-01 -2.288026921451091766e-02
6.238762140274047852e-01 4.863310158252716064e-01 4.558005183935165405e-02
6.201372742652893066e-01 3.820232748985290527e-01 3.063897415995597839e-02
5.176554918289184570e-01 5.027499794960021973e-01 -5.310375243425369263e-02
5.454039573669433594e-01 4.577636122703552246e-01 -1.116954628378152847e-02
6.393252015113830566e-01 4.177305400371551514e-01 1.191944926977157593e-01
5.404765605926513672e-01 4.159374833106994629e-01 -1.551113207824528217e-03
5.484028458595275879e-01 4.942749142646789551e-01 -7.855177856981754303e-03
6.053653955459594727e-01 3.957050442695617676e-01 2.756766416132450104e-02
5.418170690536499023e-01 4.756932556629180908e-01 -3.600999712944030762e-02
6.226659417152404785e-01 5.334465503692626953e-01 1.205291971564292908e-01
5.486545562744140625e-01 3.947046995162963867e-01 1.248990278691053391e-02
5.347169041633605957e-01 4.641660451889038086e-01 -4.746259748935699463e-02
5.870625376701354980e-01 6.128119826316833496e-01 4.766291752457618713e-02
5.845735073089599609e-01 6.311184763908386230e-01 6.770732998847961426e-02
6.321493983268737793e-01 4.909929335117340088e-01 8.629249036312103271e-02
6.019903421401977539e-01 5.922498703002929688e-01 6.246864050626754761e-02
6.348346471786499023e-01 3.846537172794342041e-01 7.007063180208206177e-02
5.395419001579284668e-01 6.602124571800231934e-01 1.013656612485647202e-02
5.155723690986633301e-01 5.063794255256652832e-01 -3.840669244527816772e-02
5.539842844009399414e-01 4.719277322292327881e-01 -6.605986040085554123e-03
6.271723508834838867e-01 4.125753045082092285e-01 5.327333137392997742e-02
5.853547453880310059e-01 4.058250784873962402e-01 1.385121233761310577e-02
5.756579637527465820e-01 4.055328965187072754e-01 1.052912231534719467e-02
5.443041920661926270e-01 5.824980139732360840e-01 -6.573532300535589457e-05
6.181988120079040527e-01 5.199724435806274414e-01 4.868249595165252686e-02
5.176697373390197754e-01 6.802127361297607422e-01 1.225180737674236298e-02
5.521153211593627930e-01 6.621792912483215332e-01 3.675479441881179810e-02
5.671799182891845703e-01 6.498171687126159668e-01 5.043978616595268250e-02
5.661966204643249512e-01 4.027023017406463623e-01 9.455507621169090271e-03
5.573014020919799805e-01 3.987106978893280029e-01 1.051298715174198151e-02
5.514134764671325684e-01 3.965866267681121826e-01 1.251888647675514221e-02
6.268656253814697266e-01 3.799442052841186523e-01 4.264096170663833618e-02
5.607865452766418457e-01 3.830454349517822266e-01 9.068711660802364349e-03
5.714585185050964355e-01 3.780696988105773926e-01 7.947331294417381287e-03
5.817578434944152832e-01 3.777047991752624512e-01 9.050387889146804810e-03
5.913135409355163574e-01 3.815336823463439941e-01 1.227426901459693909e-02
5.966460108757019043e-01 3.870160877704620361e-01 1.613184064626693726e-02
6.402698159217834473e-01 3.783382177352905273e-01 1.011116579174995422e-01
5.921252965927124023e-01 4.037238955497741699e-01 1.782825961709022522e-02
5.427734255790710449e-01 5.360069274902343750e-01 -1.533134747296571732e-02
5.366128683090209961e-01 4.998666942119598389e-01 -2.947480790317058563e-02
5.236598253250122070e-01 5.278443694114685059e-01 -2.709532715380191803e-02
5.710132718086242676e-01 6.319384574890136719e-01 3.591773286461830139e-02
5.558819770812988281e-01 6.461027860641479492e-01 2.366208843886852264e-02
5.192233920097351074e-01 6.697924137115478516e-01 -2.168243518099188805e-03
5.985175371170043945e-01 6.083707213401794434e-01 8.924150466918945312e-02
5.525946021080017090e-01 3.901554048061370850e-01 1.110500190407037735e-02
5.343608856201171875e-01 4.319904148578643799e-01 -2.654154971241950989e-02
5.362381339073181152e-01 6.729055047035217285e-01 2.244449034333229065e-02
6.249326467514038086e-01 5.280969142913818359e-01 8.386856317520141602e-02
5.240554213523864746e-01 5.789431333541870117e-01 -1.306535210460424423e-02
5.261421799659729004e-01 5.835163593292236328e-01 -1.491644047200679779e-02
5.278256535530090332e-01 5.898473858833312988e-01 -1.685807295143604279e-02
5.288094282150268555e-01 5.973462462425231934e-01 -1.539891213178634644e-02
5.293988585472106934e-01 6.115001440048217773e-01 -7.007858715951442719e-03
5.405133962631225586e-01 5.692321062088012695e-01 -2.905899425968527794e-03
5.432744026184082031e-01 5.687235593795776367e-01 -2.571684075519442558e-03
5.456973910331726074e-01 5.676969289779663086e-01 -2.439736388623714447e-03
5.581498146057128906e-01 5.603891611099243164e-01 4.230698104947805405e-04
6.034387350082397461e-01 5.271525382995605469e-01 2.504824846982955933e-02
5.350420475006103516e-01 4.147295951843261719e-01 -1.589801535010337830e-02
5.422436594963073730e-01 3.804864585399627686e-01 3.839704906567931175e-03
5.483337640762329102e-01 3.828400969505310059e-01 8.883667178452014923e-03
5.379992127418518066e-01 5.693011879920959473e-01 -1.923468080349266529e-03
5.998988151550292969e-01 5.676792860031127930e-01 4.147958010435104370e-02
5.330015420913696289e-01 3.793591856956481934e-01 -1.100427471101284027e-02
5.345525145530700684e-01 6.273386478424072266e-01 -9.611101122573018074e-04
5.280025601387023926e-01 4.219268858432769775e-01 -3.455426916480064392e-02
5.394661426544189453e-01 4.603495895862579346e-01 -2.626222558319568634e-02
5.167896747589111328e-01 6.346526741981506348e-01 -8.795590139925479889e-03
5.611431002616882324e-01 5.994875431060791016e-01 1.262280996888875961e-02
5.564351677894592285e-01 5.088762640953063965e-01 -4.454318899661302567e-03
5.488546490669250488e-01 6.157503724098205566e-01 6.213265005499124527e-03
5.818616747856140137e-01 5.093157291412353516e-01 1.725177629850804806e-03
5.650324225425720215e-01 5.267765522003173828e-01 -1.658892724663019180e-03
5.877684950828552246e-01 5.375905632972717285e-01 1.127863302826881409e-02
5.190800428390502930e-01 6.540351510047912598e-01 -7.822151295840740204e-03
5.444395542144775391e-01 4.712009429931640625e-01 -1.787623763084411621e-02
5.693746209144592285e-01 6.131717562675476074e-01 2.331321872770786285e-02
5.542632341384887695e-01 6.294736266136169434e-01 1.479849126189947128e-02
5.715544819831848145e-01 5.797253251075744629e-01 1.460336614400148392e-02
6.119565367698669434e-01 5.482717752456665039e-01 5.206182226538658142e-02
5.848698019981384277e-01 5.841848850250244141e-01 2.593106217682361603e-02
6.157571673393249512e-01 5.621138811111450195e-01 7.843998074531555176e-02
5.708466172218322754e-01 5.493098497390747070e-01 4.580347798764705658e-03
5.396180152893066406e-01 4.446499645709991455e-01 -1.826824061572551727e-02
5.364039540290832520e-01 4.938298463821411133e-01 -4.294081032276153564e-02
5.415424704551696777e-01 4.993062019348144531e-01 -3.049881570041179657e-02
5.339384675025939941e-01 4.816102981567382812e-01 -5.132876709103584290e-02
5.534331798553466797e-01 3.632767200469970703e-01 1.098897075280547142e-03
5.736297369003295898e-01 3.520492315292358398e-01 4.849472315981984138e-04
5.903811454772949219e-01 3.513084053993225098e-01 2.469861181452870369e-03
6.029385328292846680e-01 3.571521341800689697e-01 7.911318913102149963e-03
6.104117631912231445e-01 3.673748373985290527e-01 1.522974390536546707e-02
6.111429333686828613e-01 4.015356302261352539e-01 3.256544843316078186e-02
6.368210315704345703e-01 4.549285471439361572e-01 8.461146056652069092e-02
6.006358861923217773e-01 4.271332919597625732e-01 2.289639972150325775e-02
5.889918804168701172e-01 4.312554001808166504e-01 1.539951469749212265e-02
5.743456482887268066e-01 4.286543130874633789e-01 9.895125404000282288e-03
5.607206225395202637e-01 4.222502708435058594e-01 6.729565560817718506e-03
5.504682064056396484e-01 4.151676893234252930e-01 5.839391611516475677e-03
5.435304045677185059e-01 4.089009165763854980e-01 4.698036238551139832e-03
6.351427435874938965e-01 4.548858702182769775e-01 1.268321722745895386e-01
5.405601263046264648e-01 5.038146972656250000e-01 -2.499255910515785217e-02
5.337317585945129395e-01 4.475404918193817139e-01 -3.545563295483589172e-02
5.297407507896423340e-01 4.934788346290588379e-01 -5.238742753863334656e-02
5.228732228279113770e-01 5.009768605232238770e-01 -4.834914579987525940e-02
5.288469791412353516e-01 4.964123964309692383e-01 -4.689987003803253174e-02
5.370908379554748535e-01 5.083300471305847168e-01 -2.154719829559326172e-02
5.209926366806030273e-01 5.021790266036987305e-01 -5.144365131855010986e-02
5.189768075942993164e-01 5.058107972145080566e-01 -3.830768913030624390e-02
5.445860028266906738e-01 3.948425948619842529e-01 1.044544391334056854e-02
5.386185646057128906e-01 3.988260030746459961e-01 3.203179920092225075e-03
5.351510643959045410e-01 4.019113183021545410e-01 -4.908568691462278366e-03
5.994522571563720703e-01 3.911783397197723389e-01 2.008471824228763580e-02
6.072297096252441406e-01 3.832039833068847656e-01 2.087121270596981049e-02
4.548655152320861816e-01 3.750323951244354248e-01 4.701706115156412125e-03
4.662189483642578125e-01 3.765466511249542236e-01 4.701706115156412125e-03
4.563396573066711426e-01 3.602762222290039062e-01 4.701706115156412125e-03
4.433164000511169434e-01 3.735017180442810059e-01 4.701706115156412125e-03
4.533065855503082275e-01 3.896545171737670898e-01 4.701706115156412125e-03
5.787037611007690430e-01 3.912504315376281738e-01 1.370188873261213303e-02
5.905544161796569824e-01 3.928377628326416016e-01 1.370188873261213303e-02
5.796582698822021484e-01 3.749105930328369141e-01 1.370188873261213303e-02
5.667583346366882324e-01 3.894846141338348389e-01 1.370188873261213303e-02
5.777616500854492188e-01 4.075090885162353516e-01 1.370188873261213303e-02
