4.973890185356140137e-01 5.338426232337951660e-01 -3.478096798062324524e-02
5.077806711196899414e-01 4.793890416622161865e-01 -6.048090383410453796e-02
5.058438181877136230e-01 4.978125095367431641e-01 -3.298032656311988831e-02
5.012066364288330078e-01 4.245843291282653809e-01 -4.421692714095115662e-02
5.090047717094421387e-01 4.622769057750701904e-01 -6.379816681146621704e-02
5.101103782653808594e-01 4.406188726425170898e-01 -5.861971899867057800e-02
5.124076008796691895e-01 3.885578513145446777e-01 -2.604621462523937225e-02
4.273594617843627930e-01 3.788503110408782959e-01 1.361935399472713470e-02
5.147756338119506836e-01 3.445258736610412598e-01 -1.663655415177345276e-02
5.161769986152648926e-01 3.220676779747009277e-01 -1.762754842638969421e-02
5.200256109237670898e-01 2.509861588478088379e-01 -2.532263519242405891e-03
4.970836043357849121e-01 5.386348366737365723e-01 -3.364852070808410645e-02
4.969241619110107422e-01 5.430819392204284668e-01 -3.018069826066493988e-02
4.970425963401794434e-01 5.456860065460205078e-01 -2.522012777626514435e-02
4.955295622348785400e-01 5.784533619880676270e-01 -2.095450647175312042e-02
4.951359629631042480e-01 5.849049687385559082e-01 -2.266781963407993317e-02
4.946701824665069580e-01 5.929696559906005859e-01 -2.479792572557926178e-02
4.943639934062957764e-01 6.013075709342956543e-01 -2.257088012993335724e-02
4.967969655990600586e-01 6.156622767448425293e-01 -1.165194343775510788e-02
5.069379806518554688e-01 4.884724318981170654e-01 -5.501078814268112183e-02
4.967048466205596924e-01 4.878375828266143799e-01 -4.025300219655036926e-02
3.903182744979858398e-01 3.157041072845458984e-01 6.751897931098937988e-02
4.587252140045166016e-01 3.941448926925659180e-01 2.940372331067919731e-03
4.470964074134826660e-01 3.954740166664123535e-01 3.321135183796286583e-03
4.360919296741485596e-01 3.939713239669799805e-01 6.067343987524509430e-03
4.215036630630493164e-01 3.840397894382476807e-01 1.484079845249652863e-02
4.691737294197082520e-01 3.897140622138977051e-01 4.888966213911771774e-03
4.470928311347961426e-01 3.437539935111999512e-01 -1.289841748075559735e-04
4.597443938255310059e-01 3.474164605140686035e-01 6.676492630504071712e-04
4.345767498016357422e-01 3.448908627033233643e-01 2.921018050983548164e-03
4.256689846515655518e-01 3.509503006935119629e-01 6.981546059250831604e-03
4.115351438522338867e-01 3.935800194740295410e-01 1.960081979632377625e-02
4.523456990718841553e-01 6.298284530639648438e-01 -9.977063164114952087e-04
4.234078526496887207e-01 3.747588098049163818e-01 1.722226105630397797e-02
3.794149160385131836e-01 3.849740624427795410e-01 6.848435103893280029e-02
3.997253775596618652e-01 3.803567290306091309e-01 3.097266517579555511e-02
4.509744346141815186e-01 4.636073410511016846e-01 -1.028245128691196442e-02
4.836912155151367188e-01 5.298265218734741211e-01 -3.363507613539695740e-02
4.847445785999298096e-01 5.416187644004821777e-01 -2.899234369397163391e-02
4.701423048973083496e-01 5.343156456947326660e-01 -2.767639234662055969e-02
4.612032771110534668e-01 5.406334996223449707e-01 -1.962231844663619995e-02
4.743174910545349121e-01 5.427218079566955566e-01 -2.487695775926113129e-02
4.663151502609252930e-01 5.456543564796447754e-01 -1.738298870623111725e-02
4.481047689914703369e-01 5.739505290985107422e-01 -2.073509618639945984e-03
4.986020922660827637e-01 4.780906140804290771e-01 -5.974901095032691956e-02
4.981295764446258545e-01 4.616457819938659668e-01 -6.278060376644134521e-02
4.110021591186523438e-01 3.298533260822296143e-01 1.106824912130832672e-02
4.761250019073486328e-01 4.236295521259307861e-01 -9.495430625975131989e-03
4.733779132366180420e-01 4.741069674491882324e-01 -3.331814706325531006e-02
4.726004004478454590e-01 4.656021296977996826e-01 -2.983260527253150940e-02
4.169085919857025146e-01 4.591489434242248535e-01 2.147868508473038673e-03
4.997788667678833008e-01 4.415946602821350098e-01 -5.561923235654830933e-02
4.404650628566741943e-01 3.111487627029418945e-01 -5.972870625555515289e-03
4.236703515052795410e-01 3.168019354343414307e-01 1.868555671535432339e-03
4.054217934608459473e-01 2.874132692813873291e-01 4.753151163458824158e-02
4.898985624313354492e-01 3.331435620784759521e-01 -1.416667830199003220e-02
4.702782332897186279e-01 3.557596206665039062e-01 4.076661076396703720e-03
4.418296217918395996e-01 5.552908778190612793e-01 -2.120997814927250147e-04
3.829071819782257080e-01 5.437042117118835449e-01 9.208009392023086548e-02
4.812126159667968750e-01 4.841637015342712402e-01 -2.895831875503063202e-02
4.892758131027221680e-01 4.898028075695037842e-01 -2.981394901871681213e-02
4.515103101730346680e-01 5.552134513854980469e-01 -1.433839322999119759e-03
4.547574818134307861e-01 5.552180409431457520e-01 -4.385121166706085205e-03
4.184553027153015137e-01 3.054061830043792725e-01 7.492295466363430023e-03
4.722506105899810791e-01 4.823170900344848633e-01 -2.744324132800102234e-02
4.619647264480590820e-01 3.152333199977874756e-01 -1.141920126974582672e-02
4.614589214324951172e-01 3.013084232807159424e-01 -1.308391615748405457e-02
4.551419317722320557e-01 2.527974247932434082e-01 8.399586193263530731e-03
4.136323630809783936e-01 3.019950985908508301e-01 2.498177438974380493e-02
4.601126015186309814e-01 2.812065482139587402e-01 -2.582222921773791313e-03
4.049532413482666016e-01 3.234208822250366211e-01 2.080828882753849030e-02
3.993028402328491211e-01 3.249571621417999268e-01 4.310463741421699524e-02
4.838061928749084473e-01 5.363827943801879883e-01 -3.261795639991760254e-02
4.720830917358398438e-01 5.390666723251342773e-01 -2.682380750775337219e-02
4.635981321334838867e-01 5.434353947639465332e-01 -1.945693977177143097e-02
4.834510982036590576e-01 4.877464771270751953e-01 -2.650872059166431427e-02
4.531319737434387207e-01 5.552600026130676270e-01 -2.983469516038894653e-03
4.569094181060791016e-01 5.639038085937500000e-01 -8.736173622310161591e-03
4.562511742115020752e-01 5.551887154579162598e-01 -4.580064676702022552e-03
4.868361651897430420e-01 4.776062071323394775e-01 -4.407183453440666199e-02
4.686291217803955078e-01 5.467029809951782227e-01 -1.566354557871818542e-02
4.763568639755249023e-01 5.445395708084106445e-01 -2.065418288111686707e-02
4.859573841094970703e-01 5.442880988121032715e-01 -2.436978556215763092e-02
4.812061488628387451e-01 6.125848293304443359e-01 -1.179635897278785706e-02
4.797565937042236328e-01 5.973407030105590820e-01 -2.241947129368782043e-02
4.808752536773681641e-01 5.892121195793151855e-01 -2.407092414796352386e-02
4.825102388858795166e-01 5.813913345336914062e-01 -2.172155492007732391e-02
4.842753410339355469e-01 5.757701396942138672e-01 -2.008111216127872467e-02
4.679057002067565918e-01 5.667151808738708496e-01 -1.237986981868743896e-02
4.652483463287353516e-01 5.688191056251525879e-01 -1.403807848691940308e-02
4.620333313941955566e-01 5.723463892936706543e-01 -1.576027460396289825e-02
4.594602882862091064e-01 5.765845775604248047e-01 -1.395685691386461258e-02
4.568295776844024658e-01 5.257805585861206055e-01 -1.587601564824581146e-02
3.727660775184631348e-01 4.584445953369140625e-01 1.104539558291435242e-01
5.063801407814025879e-01 4.927075803279876709e-01 -4.062870517373085022e-02
4.626436233520507812e-01 5.618742704391479492e-01 -7.515947800129652023e-03
4.597401618957519531e-01 5.625917315483093262e-01 -8.695974946022033691e-03
4.919062852859497070e-01 4.966558814048767090e-01 -3.053130581974983215e-02
4.750891029834747314e-01 4.929628372192382812e-01 -1.944302394986152649e-02
4.906735718250274658e-01 4.932926297187805176e-01 -3.038316220045089722e-02
4.634483158588409424e-01 4.324357211589813232e-01 -6.674195174127817154e-03
4.442228376865386963e-01 4.418008625507354736e-01 -4.465701524168252945e-03
4.701028168201446533e-01 4.734830558300018311e-01 -2.381766587495803833e-02
4.260801970958709717e-01 2.655787169933319092e-01 2.627742290496826172e-02
4.329425394535064697e-01 2.865988612174987793e-01 1.012644264847040176e-02
4.376675784587860107e-01 2.980878353118896484e-01 -3.507747314870357513e-03
4.558837711811065674e-01 5.882020592689514160e-01 -6.568678189069032669e-03
4.887028932571411133e-01 3.100180625915527344e-01 -1.749385707080364227e-02
4.874416589736938477e-01 2.831225991249084473e-01 -9.415184147655963898e-03
4.853042960166931152e-01 2.488349527120590210e-01 -1.382102491334080696e-03
4.266880750656127930e-01 3.902396559715270996e-01 1.056433189660310745e-02
3.983796834945678711e-01 4.042284190654754639e-01 2.493484690785408020e-02
4.762052893638610840e-01 3.850201964378356934e-01 6.844132672995328903e-03
4.130990505218505859e-01 3.570394814014434814e-01 1.606104336678981781e-02
4.848480522632598877e-01 4.130236208438873291e-01 -1.281700842082500458e-02
4.803370237350463867e-01 4.670532345771789551e-01 -4.377501457929611206e-02
3.887218832969665527e-01 4.159515500068664551e-01 3.610379248857498169e-02
4.052322804927825928e-01 4.158961772918701172e-01 1.457457430660724640e-02
4.196343719959259033e-01 4.229798018932342529e-01 4.652725066989660263e-03
4.420918226242065430e-01 4.221142232418060303e-01 7.841721526347100735e-04
4.590869843959808350e-01 4.163088798522949219e-01 -7.903666119091212749e-04
4.724596738815307617e-01 4.089803695678710938e-01 -2.794724889099597931e-03
5.014304518699645996e-01 3.915402293205261230e-01 -2.237856388092041016e-02
3.892998099327087402e-01 4.512434601783752441e-01 3.167284280061721802e-02
4.045742750167846680e-01 3.538146317005157471e-01 2.140660583972930908e-02
5.014936327934265137e-01 4.873459339141845703e-01 -5.455851554870605469e-02
4.764247834682464600e-01 4.400729835033416748e-01 -1.499200519174337387e-02
3.740147352218627930e-01 3.844304084777832031e-01 1.048080250620841980e-01
4.828021824359893799e-01 4.000743031501770020e-01 -3.637772519141435623e-03
4.685579538345336914e-01 4.748715162277221680e-01 -1.282690186053514481e-02
4.177460372447967529e-01 3.730506598949432373e-01 1.904732361435890198e-02
4.800627827644348145e-01 4.568851888179779053e-01 -3.932743147015571594e-02
3.759408295154571533e-01 4.994967877864837646e-01 1.041787415742874146e-01
4.767240285873413086e-01 3.795071244239807129e-01 9.869295172393321991e-03
4.896955192089080811e-01 4.470843672752380371e-01 -4.953645169734954834e-02
4.068076014518737793e-01 5.862215757369995117e-01 3.558550029993057251e-02
4.044407904148101807e-01 6.058518886566162109e-01 5.429613217711448669e-02
3.763501942157745361e-01 4.551544189453125000e-01 7.107675820589065552e-02
3.945402204990386963e-01 5.620298981666564941e-01 4.828033223748207092e-02
3.888203203678131104e-01 3.526046276092529297e-01 5.911348760128021240e-02
4.482450783252716064e-01 6.464141607284545898e-01 4.560171626508235931e-03
5.021883249282836914e-01 4.917391240596771240e-01 -3.998758271336555481e-02
4.654295146465301514e-01 4.519227147102355957e-01 -1.163298636674880981e-02
3.898819983005523682e-01 3.839350044727325439e-01 4.173386096954345703e-02
4.382930099964141846e-01 3.841004669666290283e-01 7.312768604606389999e-03
4.479511678218841553e-01 3.857505917549133301e-01 4.958790726959705353e-03
4.543799757957458496e-01 5.656960010528564453e-01 -7.128317840397357941e-03
3.903406560420989990e-01 4.853916466236114502e-01 3.415233269333839417e-02
4.671929478645324707e-01 6.724984049797058105e-01 8.728644810616970062e-03
4.332323074340820312e-01 6.457213163375854492e-01 2.829569019377231598e-02
4.195488691329956055e-01 6.292402148246765137e-01 3.957929462194442749e-02
5.179871916770935059e-01 2.872471809387207031e-01 -1.074919849634170532e-02
4.922411441802978516e-01 6.783270239830017090e-01 6.622146815061569214e-03
4.575847387313842773e-01 3.848375678062438965e-01 4.988389089703559875e-03
4.670092463493347168e-01 3.822322487831115723e-01 6.942163687199354172e-03
4.733250737190246582e-01 3.806726038455963135e-01 9.570053778588771820e-03
3.968949615955352783e-01 3.515344262123107910e-01 3.257272765040397644e-02
4.671586751937866211e-01 3.744730055332183838e-01 5.666123703122138977e-03
4.573402106761932373e-01 3.732871711254119873e-01 3.495129523798823357e-03
4.480168819427490234e-01 3.726219534873962402e-01 3.614070592448115349e-03
4.382997751235961914e-01 3.726570606231689453e-01 5.849098321050405502e-03
4.314371645450592041e-01 3.733729124069213867e-01 8.999059908092021942e-03
3.801957964897155762e-01 3.463293015956878662e-01 8.869744837284088135e-02
4.318574368953704834e-01 3.814843893051147461e-01 1.061938609927892685e-02
5.046927332878112793e-01 5.121201872825622559e-01 -3.077611327171325684e-02
4.681822657585144043e-01 5.168056488037109375e-01 -2.125561609864234924e-02
4.815153479576110840e-01 4.808523654937744141e-01 -3.292452543973922729e-02
4.894306957721710205e-01 5.120652318000793457e-01 -3.025372512638568878e-02
5.133872032165527344e-01 3.673659265041351318e-01 -1.706799864768981934e-02
4.197451472282409668e-01 6.095055937767028809e-01 2.605236135423183441e-02
4.331637024879455566e-01 6.278578639030456543e-01 1.600638218224048615e-02
4.681682884693145752e-01 6.609385609626770020e-01 -5.115190055221319199e-03
3.930036425590515137e-01 5.796451568603515625e-01 7.361557334661483765e-02
4.738727509975433350e-01 3.769609928131103516e-01 8.193874731659889221e-03
4.926920533180236816e-01 4.173183441162109375e-01 -2.768541499972343445e-02
4.931449592113494873e-01 6.666834950447082520e-01 -6.933559663593769073e-03
4.485436081886291504e-01 6.607822179794311523e-01 1.641872525215148926e-02
3.786217868328094482e-01 4.929870069026947021e-01 6.817104667425155640e-02
4.751235246658325195e-01 5.716247558593750000e-01 -1.671087555587291718e-02
4.725067913532257080e-01 5.754996538162231445e-01 -1.845275238156318665e-02
4.699237048625946045e-01 5.814461112022399902e-01 -2.033980563282966614e-02
4.679764509201049805e-01 5.886169672012329102e-01 -1.882644370198249817e-02
4.665080606937408447e-01 6.019069552421569824e-01 -1.074749883264303207e-02
4.599291086196899414e-01 5.498420596122741699e-01 -1.044544856995344162e-02
4.572146534919738770e-01 5.487632155418395996e-01 -1.052188966423273087e-02
4.549966752529144287e-01 5.470936894416809082e-01 -1.052296906709671021e-02
4.477973580360412598e-01 5.389298796653747559e-01 -8.298004046082496643e-03
4.065445363521575928e-01 4.951466023921966553e-01 1.267635542899370193e-02
4.933359920978546143e-01 4.009974896907806396e-01 -1.676367409527301788e-02
4.868790507316589355e-01 3.667840361595153809e-01 3.080953843891620636e-03
4.794254899024963379e-01 3.692438602447509766e-01 6.691321730613708496e-03
4.622834324836730957e-01 5.501869320869445801e-01 -9.525798261165618896e-03
4.026528596878051758e-01 5.369662046432495117e-01 2.846005931496620178e-02
4.980407953262329102e-01 3.660403788089752197e-01 -1.050193235278129578e-02
4.591376781463623047e-01 6.147156953811645508e-01 -4.892176948487758636e-03
5.108941793441772461e-01 4.229096770286560059e-01 -4.746141284704208374e-02
5.011365413665771484e-01 4.089632332324981689e-01 -3.425107151269912720e-02
5.116057991981506348e-01 4.064127802848815918e-01 -3.632301092147827148e-02
4.834910035133361816e-01 4.431234598159790039e-01 -2.895137667655944824e-02
4.944224059581756592e-01 6.498692631721496582e-01 -1.191472448408603668e-02
4.957184195518493652e-01 6.310898065567016602e-01 -1.124705839902162552e-02
4.764929711818695068e-01 6.271085739135742188e-01 -9.763075970113277435e-03
4.365196824073791504e-01 5.785649418830871582e-01 4.231775645166635513e-03
4.580260217189788818e-01 4.874047636985778809e-01 -1.046722847968339920e-02
4.460344910621643066e-01 5.986692905426025391e-01 -5.245630745775997639e-06
4.325116276741027832e-01 4.819493889808654785e-01 -6.880755536258220673e-03
4.467918574810028076e-01 5.030100345611572266e-01 -9.290493093430995941e-03
4.220455288887023926e-01 5.087589025497436523e-01 1.007345737889409065e-03
4.713614284992218018e-01 6.447159647941589355e-01 -9.795782156288623810e-03
4.761353135108947754e-01 4.529771208763122559e-01 -2.166965417563915253e-02
4.255207180976867676e-01 5.905134081840515137e-01 1.405733078718185425e-02
4.382555782794952393e-01 6.110109090805053711e-01 7.920594885945320129e-03
4.302820563316345215e-01 5.555167198181152344e-01 4.644789732992649078e-03
3.923279643058776855e-01 5.149314403533935547e-01 3.761537000536918640e-02
4.156110882759094238e-01 5.571556687355041504e-01 1.482714433223009109e-02
3.838029205799102783e-01 5.287196636199951172e-01 6.257021427154541016e-02
4.372367560863494873e-01 5.244019031524658203e-01 -4.531392361968755722e-03
4.847931861877441406e-01 4.284284114837646484e-01 -2.085754275321960449e-02
4.836429357528686523e-01 4.744982421398162842e-01 -4.621741920709609985e-02
4.767665863037109375e-01 4.795210659503936768e-01 -3.453822433948516846e-02
4.886347353458404541e-01 4.632728695869445801e-01 -5.360490828752517700e-02
4.785905182361602783e-01 3.485657572746276855e-01 -1.990724267670884728e-04
4.606773257255554199e-01 3.344309926033020020e-01 -2.356506651267409325e-03
4.443193078041076660e-01 3.302554190158843994e-01 -2.298569539561867714e-03
4.301228821277618408e-01 3.331493735313415527e-01 1.471431227400898933e-03
4.193904399871826172e-01 3.412456512451171875e-01 7.688482291996479034e-03
4.098848104476928711e-01 3.763779997825622559e-01 2.326086722314357758e-02
3.760528564453125000e-01 4.192913174629211426e-01 7.005904614925384521e-02
4.170264601707458496e-01 4.010308980941772461e-01 1.381610240787267685e-02
4.286500215530395508e-01 4.066374301910400391e-01 7.575824391096830368e-03
4.440334141254425049e-01 4.077445268630981445e-01 3.600624389946460724e-03
4.591418206691741943e-01 4.046131968498229980e-01 2.078292891383171082e-03
4.714278280735015869e-01 3.991299569606781006e-01 2.666519256308674812e-03
4.800344705581665039e-01 3.937350511550903320e-01 2.462591277435421944e-03
3.724551200866699219e-01 4.208995699882507324e-01 1.113782003521919250e-01
4.764495790004730225e-01 4.847130477428436279e-01 -2.913485281169414520e-02
4.920572042465209961e-01 4.318680167198181152e-01 -3.713269904255867004e-02
4.910297989845275879e-01 4.753596484661102295e-01 -5.461334809660911560e-02
4.962368011474609375e-01 4.844797849655151367e-01 -5.015302821993827820e-02
4.909382760524749756e-01 4.784374535083770752e-01 -4.929668456315994263e-02
4.789218604564666748e-01 4.903556108474731445e-01 -2.535281889140605927e-02
4.981677830219268799e-01 4.860568344593048096e-01 -5.307174474000930786e-02
4.988408088684082031e-01 4.904677569866180420e-01 -4.008953645825386047e-02
4.810549914836883545e-01 3.795982301235198975e-01 8.438616059720516205e-03
4.871771037578582764e-01 3.844519555568695068e-01 1.955890096724033356e-03
4.910410046577453613e-01 3.871615529060363770e-01 -5.699346307665109634e-03
4.270031452178955078e-01 3.741111755371093750e-01 1.250958349555730820e-02
4.192208945751190186e-01 3.596262633800506592e-01 1.291967649012804031e-02
5.200254321098327637e-01 4.264427423477172852e-01 -4.333077371120452881e-02
5.900129079818725586e-01 3.957538008689880371e-01 1.972747035324573517e-02
5.162747502326965332e-01 4.898371398448944092e-01 -3.959107771515846252e-02
6.301301717758178711e-01 3.397392630577087402e-01 7.666248828172683716e-02
5.587528347969055176e-01 4.033934473991394043e-01 7.010128349065780640e-03
5.695219039916992188e-01 4.068386852741241455e-01 8.189771324396133423e-03
5.799637436866760254e-01 4.077515602111816406e-01 1.158802397549152374e-02
5.944056510925292969e-01 4.014912247657775879e-01 2.124658226966857910e-02
5.497851967811584473e-01 3.972166180610656738e-01 8.123137056827545166e-03
5.774089097976684570e-01 3.559553325176239014e-01 4.777857568114995956e-03
5.647735595703125000e-01 3.567771315574645996e-01 4.549194592982530594e-03
5.890887975692749023e-01 3.598471879959106445e-01 8.559562265872955322e-03
5.964139103889465332e-01 3.680950403213500977e-01 1.304850075393915176e-02
6.024212241172790527e-01 4.122217595577239990e-01 2.663171850144863129e-02
5.379521250724792480e-01 6.372770071029663086e-01 1.714850659482181072e-03
5.941197276115417480e-01 3.926968872547149658e-01 2.355999499559402466e-02
6.340267062187194824e-01 4.101150333881378174e-01 7.751335203647613525e-02
6.140182018280029297e-01 3.997783660888671875e-01 3.867402672767639160e-02
5.612305998802185059e-01 4.747132956981658936e-01 -6.055253092199563980e-03
5.116775631904602051e-01 5.328943133354187012e-01 -3.257956355810165405e-02
5.095301866531372070e-01 5.443562865257263184e-01 -2.798454649746417999e-02
5.252091884613037109e-01 5.407210588455200195e-01 -2.547790482640266418e-02
5.336177349090576172e-01 5.491267442703247070e-01 -1.662595570087432861e-02
5.201848745346069336e-01 5.479415059089660645e-01 -2.297397702932357788e-02
5.280802845954895020e-01 5.529728531837463379e-01 -1.482475362718105316e-02
5.489459633827209473e-01 5.838013291358947754e-01 1.638876856304705143e-03
5.167928934097290039e-01 4.799662530422210693e-01 -5.919048562645912170e-02
5.195176005363464355e-01 4.638065099716186523e-01 -6.211986392736434937e-02
6.121612191200256348e-01 3.480925559997558594e-01 1.820791512727737427e-02
5.417408943176269531e-01 4.302417933940887451e-01 -6.712518632411956787e-03
5.404549241065979004e-01 4.808076918125152588e-01 -3.082691878080368042e-02
5.419371128082275391e-01 4.723808169364929199e-01 -2.725645899772644043e-02
5.935568213462829590e-01 4.769183695316314697e-01 8.964473381638526917e-03
5.199674963951110840e-01 4.435722231864929199e-01 -5.474961176514625549e-02
5.894595384597778320e-01 3.242049813270568848e-01 -7.322875899262726307e-04
6.034167408943176270e-01 3.326081335544586182e-01 8.191590197384357452e-03
6.210228204727172852e-01 3.092116117477416992e-01 5.560861155390739441e-02
5.400728583335876465e-01 3.362202942371368408e-01 -1.225930638611316681e-02
5.534517168998718262e-01 3.629300892353057861e-01 7.258709520101547241e-03
5.575668811798095703e-01 5.668223500251770020e-01 4.358004778623580933e-03
6.119207739830017090e-01 5.656388401985168457e-01 1.010080650448799133e-01
5.311095118522644043e-01 4.892359673976898193e-01 -2.733090519905090332e-02
5.226098299026489258e-01 4.930969178676605225e-01 -2.896033786237239838e-02
5.422265529632568359e-01 5.665718317031860352e-01 2.510639606043696404e-03
5.391485095024108887e-01 5.658197999000549316e-01 -8.567447657696902752e-04
6.092292070388793945e-01 3.220124542713165283e-01 1.406106073409318924e-02
5.399255752563476562e-01 4.889675974845886230e-01 -2.499370835721492767e-02
5.694668292999267578e-01 3.239574432373046875e-01 -7.882031612098217010e-03
5.718945860862731934e-01 3.103846609592437744e-01 -9.529989212751388550e-03
5.813728570938110352e-01 2.660983204841613770e-01 1.317464653402566910e-02
6.138940453529357910e-01 3.215464949607849121e-01 3.200772032141685486e-02
5.741617679595947266e-01 2.928166389465332031e-01 1.347668468952178955e-03
6.181305646896362305e-01 3.422613143920898438e-01 2.826735936105251312e-02
6.233716607093811035e-01 3.467687964439392090e-01 5.108967795968055725e-02
5.107668638229370117e-01 5.393291115760803223e-01 -3.154087811708450317e-02
5.226338505744934082e-01 5.448826551437377930e-01 -2.477854117751121521e-02
5.309216380119323730e-01 5.513452291488647461e-01 -1.671611890196800232e-02
5.282307267189025879e-01 4.922050535678863525e-01 -2.504721656441688538e-02
5.406479239463806152e-01 5.662519931793212891e-01 6.722697289660573006e-04
5.359104275703430176e-01 5.738120675086975098e-01 -5.581005942076444626e-03
5.376245975494384766e-01 5.654004812240600586e-01 -1.149985240772366524e-03
5.273225903511047363e-01 4.818893074989318848e-01 -4.237362369894981384e-02
5.258528590202331543e-01 5.534878969192504883e-01 -1.319799944758415222e-02
5.181832313537597656e-01 5.492929816246032715e-01 -1.883152313530445099e-02
5.085489153861999512e-01 5.467762351036071777e-01 -2.333254925906658173e-02
5.125551819801330566e-01 6.156702041625976562e-01 -1.083560474216938019e-02
5.095165967941284180e-01 6.009828448295593262e-01 -2.134507708251476288e-02
5.090152621269226074e-01 5.925824642181396484e-01 -2.294332534074783325e-02
5.082495212554931641e-01 5.844726562500000000e-01 -2.062124572694301605e-02
5.071941614151000977e-01 5.785135626792907715e-01 -1.900673285126686096e-02
5.247915387153625488e-01 5.738378167152404785e-01 -9.892071597278118134e-03
5.271859765052795410e-01 5.765175223350524902e-01 -1.153410039842128754e-02
5.299486517906188965e-01 5.807503461837768555e-01 -1.309412065893411636e-02
5.321767926216125488e-01 5.855819582939147949e-01 -1.116157881915569305e-02
5.480670332908630371e-01 5.348622202873229980e-01 -1.246647536754608154e-02
6.294517517089843750e-01 4.838624298572540283e-01 1.204387545585632324e-01
5.305982232093811035e-01 5.705838203430175781e-01 -4.464602097868919373e-03
5.332856774330139160e-01 5.718799829483032227e-01 -5.667979829013347626e-03
5.194318294525146484e-01 4.993149936199188232e-01 -2.964210510253906250e-02
5.353359580039978027e-01 4.988459050655364990e-01 -1.746281795203685760e-02
5.209391713142395020e-01 4.963097870349884033e-01 -2.955835312604904175e-02
5.525351166725158691e-01 4.414463043212890625e-01 -2.915011718869209290e-03
5.698224306106567383e-01 4.545648694038391113e-01 5.339064518921077251e-04
5.430234074592590332e-01 4.806099832057952881e-01 -2.114174328744411469e-02
6.060969829559326172e-01 2.841133475303649902e-01 3.292775154113769531e-02
5.986662507057189941e-01 3.030291199684143066e-01 1.581449620425701141e-02
5.937868356704711914e-01 3.114490807056427002e-01 1.791608519852161407e-03
5.398613810539245605e-01 5.961912870407104492e-01 -3.445277223363518715e-03
5.447815656661987305e-01 3.139362931251525879e-01 -1.559894438832998276e-02
5.479788184165954590e-01 2.894415259361267090e-01 -7.350593805313110352e-03
5.536699295043945312e-01 2.561860680580139160e-01 1.094590174034237862e-03
5.889303088188171387e-01 4.063078165054321289e-01 1.660702563822269440e-02
6.126468181610107422e-01 4.243704676628112793e-01 3.259100392460823059e-02
5.438701510429382324e-01 3.914427459239959717e-01 9.705982170999050140e-03
6.061219573020935059e-01 3.758107423782348633e-01 2.301299199461936951e-02
5.349742174148559570e-01 4.180918335914611816e-01 -1.060353685170412064e-02
5.350511074066162109e-01 4.726995527744293213e-01 -4.174583777785301208e-02
6.238291263580322266e-01 4.394164085388183594e-01 4.465676844120025635e-02
6.058464646339416504e-01 4.351155459880828857e-01 2.190488018095493317e-02
5.923987030982971191e-01 4.391963779926300049e-01 1.107351109385490417e-02
5.714959502220153809e-01 4.337406158447265625e-01 5.830300506204366684e-03
5.561007857322692871e-01 4.246682524681091309e-01 3.111384343355894089e-03
5.446283817291259766e-01 4.152438342571258545e-01 7.021595956757664680e-05
5.224951505661010742e-01 3.937053084373474121e-01 -2.148120664060115814e-02
6.196358203887939453e-01 4.741068184375762939e-01 4.025863483548164368e-02
6.139658689498901367e-01 3.732181489467620850e-01 2.882915735244750977e-02
5.123639702796936035e-01 4.884473383426666260e-01 -5.409965291619300842e-02
5.399303436279296875e-01 4.464082419872283936e-01 -1.229504402726888657e-02
6.361455917358398438e-01 4.105199277400970459e-01 1.151842102408409119e-01
5.363502502441406250e-01 4.048599004745483398e-01 -1.399607281200587749e-03
5.436892509460449219e-01 4.822121858596801758e-01 -9.974768385291099548e-03
5.994186997413635254e-01 3.914482891559600830e-01 2.577332966029644012e-02
5.361918807029724121e-01 4.624927341938018799e-01 -3.724047914147377014e-02
6.227338314056396484e-01 5.235254168510437012e-01 1.136505603790283203e-01
5.440068840980529785e-01 3.859700858592987061e-01 1.282386016100645065e-02
5.286000967025756836e-01 4.509784281253814697e-01 -4.802721738815307617e-02
5.863623619079589844e-01 6.025277972221374512e-01 4.170900955796241760e-02
5.855746269226074219e-01 6.220268607139587402e-01 6.103676930069923401e-02
6.297912001609802246e-01 4.798314273357391357e-01 8.007484674453735352e-02
6.006582975387573242e-01 5.812118053436279297e-01 5.544144287705421448e-02
6.291193962097167969e-01 3.762567639350891113e-01 6.765941530466079712e-02
5.394659638404846191e-01 6.539701819419860840e-01 7.461171131581068039e-03
5.105959773063659668e-01 4.925679266452789307e-01 -3.971675038337707520e-02
5.487980246543884277e-01 4.602590501308441162e-01 -8.347705937922000885e-03
6.217522025108337402e-01 4.039486646652221680e-01 5.003209039568901062e-02
5.793325901031494141e-01 3.982517719268798828e-01 1.278069987893104553e-02
5.701986551284790039e-01 3.976960778236389160e-01 9.792372584342956543e-03
5.383102297782897949e-01 5.761565566062927246e-01 -3.843804588541388512e-03
6.145438551902770996e-01 5.073604583740234375e-01 4.250351339578628540e-02
5.174578428268432617e-01 6.765031814575195312e-01 1.042774785310029984e-02
5.534981489181518555e-01 6.554214954376220703e-01 3.249057009816169739e-02
5.687317848205566406e-01 6.418386101722717285e-01 4.498853161931037903e-02
5.611616373062133789e-01 3.949597179889678955e-01 9.117078967392444611e-03
5.526701211929321289e-01 3.907213211059570312e-01 1.048322208225727081e-02
5.470247268676757812e-01 3.879350721836090088e-01 1.272060442715883255e-02
6.207569837570190430e-01 3.710895478725433350e-01 4.057896509766578674e-02
5.537902712821960449e-01 3.826669454574584961e-01 9.158431552350521088e-03
5.632620453834533691e-01 3.833389580249786377e-01 7.628050632774829865e-03
5.722944736480712891e-01 3.848184347152709961e-01 8.403503336012363434e-03
5.813827514648437500e-01 3.871029913425445557e-01 1.126786414533853531e-02
5.874270200729370117e-01 3.894589245319366455e-01 1.489862706512212753e-02
6.350698471069335938e-01 3.716754317283630371e-01 9.865561872720718384e-02
5.855345726013183594e-01 3.972706198692321777e-01 1.645523495972156525e-02
5.389340519905090332e-01 5.237982869148254395e-01 -1.862912625074386597e-02
5.315111279487609863e-01 4.860588610172271729e-01 -3.116415999829769135e-02
5.196680426597595215e-01 5.151670575141906738e-01 -2.919820696115493774e-02
5.712718963623046875e-01 6.228589415550231934e-01 3.100381232798099518e-02
5.561294555664062500e-01 6.382961273193359375e-01 1.985809393227100372e-02
5.185821056365966797e-01 6.652294397354125977e-01 -3.594956360757350922e-03
5.989946126937866211e-01 5.987890958786010742e-01 8.149776607751846313e-02
5.471417307853698730e-01 3.840343952178955078e-01 1.136793475598096848e-02
5.280374884605407715e-01 4.208641946315765381e-01 -2.620245516300201416e-02
5.369940400123596191e-01 6.676045656204223633e-01 1.944366656243801117e-02
6.233221292495727539e-01 5.165681242942810059e-01 7.685951888561248779e-02
5.168703794479370117e-01 5.766503214836120605e-01 -1.481409557163715363e-02
5.190310478210449219e-01 5.811098217964172363e-01 -1.647959835827350616e-02
5.210151076316833496e-01 5.876129269599914551e-01 -1.823288016021251678e-02
5.224246382713317871e-01 5.952347517013549805e-01 -1.667293161153793335e-02
5.279955863952636719e-01 6.076159477233886719e-01 -8.434353396296501160e-03
5.343534946441650391e-01 5.588771700859069824e-01 -7.437008898705244064e-03
5.369407534599304199e-01 5.584252476692199707e-01 -7.186658680438995361e-03
5.393593907356262207e-01 5.573540925979614258e-01 -7.047031074762344360e-03
5.544466376304626465e-01 5.495784282684326172e-01 -4.055118653923273087e-03
5.986804366111755371e-01 5.140839219093322754e-01 1.978007704019546509e-02
5.286384820938110352e-01 4.046577811241149902e-01 -1.525957696139812469e-02
5.368085503578186035e-01 3.706118464469909668e-01 4.894382786005735397e-03
5.429439544677734375e-01 3.746812939643859863e-01 9.502584114670753479e-03
5.322129130363464355e-01 5.587346553802490234e-01 -6.435938645154237747e-03
5.968023538589477539e-01 5.555573701858520508e-01 3.544209524989128113e-02
5.269664525985717773e-01 3.677042722702026367e-01 -9.279469028115272522e-03
5.334007143974304199e-01 6.213197708129882812e-01 -2.464096760377287865e-03
5.214019417762756348e-01 4.109576940536499023e-01 -3.346735611557960510e-02
5.337594151496887207e-01 4.482349157333374023e-01 -2.701063267886638641e-02
5.151987671852111816e-01 6.305919289588928223e-01 -8.654473349452018738e-03
5.596146583557128906e-01 5.902879834175109863e-01 8.525734767317771912e-03
5.518103241920471191e-01 4.966537058353424072e-01 -7.078965194523334503e-03
5.479393601417541504e-01 6.080040335655212402e-01 3.371219150722026825e-03
5.763809680938720703e-01 4.963885247707366943e-01 -1.531237969174981117e-03
5.603961944580078125e-01 5.143522620201110840e-01 -5.098544061183929443e-03
5.826906561851501465e-01 5.246330499649047852e-01 6.993584800511598587e-03
5.179030895233154297e-01 6.488699913024902344e-01 -8.387773297727108002e-03
5.391988754272460938e-01 4.591458737850189209e-01 -1.923889294266700745e-02
5.685457587242126465e-01 6.036204695701599121e-01 1.880826242268085480e-02
5.537266135215759277e-01 6.212807297706604004e-01 1.157400198280811310e-02
5.687057375907897949e-01 5.690962672233581543e-01 9.835942648351192474e-03
6.090023517608642578e-01 5.358530879020690918e-01 4.548076167702674866e-02
5.822484493255615234e-01 5.730005502700805664e-01 2.073563635349273682e-02
6.144382357597351074e-01 5.506517291069030762e-01 7.085886597633361816e-02
5.664308071136474609e-01 5.373069643974304199e-01 2.970962668769061565e-04
5.337386727333068848e-01 4.334117770195007324e-01 -1.872051134705543518e-02
5.309671163558959961e-01 4.794460535049438477e-01 -4.439055919647216797e-02
5.364310741424560547e-01 4.856090843677520752e-01 -3.245014697313308716e-02
5.279885530471801758e-01 4.673453867435455322e-01 -5.233275890350341797e-02
5.473923087120056152e-01 3.537347316741943359e-01 2.281915629282593727e-03
5.665515065193176270e-01 3.436226844787597656e-01 1.326899742707610130e-03
5.825941562652587891e-01 3.431451320648193359e-01 2.693821676075458527e-03
5.951256155967712402e-01 3.487855195999145508e-01 7.409305777400732040e-03
6.032967567443847656e-01 3.592000603675842285e-01 1.430525910109281540e-02
6.057916879653930664e-01 3.950579762458801270e-01 3.038341552019119263e-02
6.336450576782226562e-01 4.446302652359008789e-01 7.933492958545684814e-02
5.968253016471862793e-01 4.185322523117065430e-01 2.050762251019477844e-02
5.855992436408996582e-01 4.214477837085723877e-01 1.347503252327442169e-02
5.710050463676452637e-01 4.192265868186950684e-01 8.515796624124050140e-03
5.572003722190856934e-01 4.132628440856933594e-01 6.020529195666313171e-03
5.466037392616271973e-01 4.056980311870574951e-01 5.644197110086679459e-03
5.393646359443664551e-01 3.988201022148132324e-01 4.890463780611753464e-03
6.333500146865844727e-01 4.469102621078491211e-01 1.216975003480911255e-01
5.355954170227050781e-01 4.905843436717987061e-01 -2.706435509026050568e-02
5.275235176086425781e-01 4.354248046875000000e-01 -3.562117740511894226e-02
5.240888595581054688e-01 4.787809252738952637e-01 -5.344318971037864685e-02
5.174819231033325195e-01 4.867328405380249023e-01 -4.945881292223930359e-02
5.234197974205017090e-01 4.819425046443939209e-01 -4.808526858687400818e-02
5.321930646896362305e-01 4.955216348171234131e-01 -2.358733862638473511e-02
5.156422257423400879e-01 4.878462553024291992e-01 -5.251436308026313782e-02
5.138816833496093750e-01 4.919539391994476318e-01 -3.963380306959152222e-02
5.400366187095642090e-01 3.850612044334411621e-01 1.094155106693506241e-02
5.339342951774597168e-01 3.883935809135437012e-01 3.892397275194525719e-03
5.303229689598083496e-01 3.906538486480712891e-01 -4.124656319618225098e-03
5.912294387817382812e-01 3.911987543106079102e-01 1.865174435079097748e-02
6.005938053131103516e-01 3.779187798500061035e-01 1.939101144671440125e-02
4.484429061412811279e-01 3.762171566486358643e-01 8.339338004589080811e-03
4.600036144256591797e-01 3.769116401672363281e-01 8.339338004589080811e-03
4.492605328559875488e-01 3.626886308193206787e-01 8.339338004589080811e-03
4.368134737014770508e-01 3.754547834396362305e-01 8.339338004589080811e-03
4.476541876792907715e-01 3.893178403377532959e-01 8.339338004589080811e-03
5.709677338600158691e-01 3.885410428047180176e-01 1.305229403078556061e-02
5.824095010757446289e-01 3.900496959686279297e-01 1.305229403078556061e-02
5.722026824951171875e-01 3.745517134666442871e-01 1.305229403078556061e-02
5.594322085380554199e-01 3.869461119174957275e-01 1.305229403078556061e-02
5.697205066680908203e-01 4.023434519767761230e-01 1.305229403078556061e-02
