5.156357288360595703e-01 5.440906286239624023e-01 -3.231546655297279358e-02
5.205581784248352051e-01 4.850559532642364502e-01 -5.814982950687408447e-02
5.172104239463806152e-01 5.027072429656982422e-01 -3.100162371993064880e-02
5.141228437423706055e-01 4.310710430145263672e-01 -4.356199130415916443e-02
5.221258401870727539e-01 4.684659540653228760e-01 -6.162624433636665344e-02
5.232674479484558105e-01 4.471752643585205078e-01 -5.687337741255760193e-02
5.251064300537109375e-01 3.957334160804748535e-01 -2.620537579059600830e-02
4.388122558593750000e-01 3.827461004257202148e-01 9.455278515815734863e-03
5.274135470390319824e-01 3.544507026672363281e-01 -1.777513884007930756e-02
5.289194583892822266e-01 3.328309059143066406e-01 -1.914621517062187195e-02
5.324618816375732422e-01 2.595536410808563232e-01 -4.913296550512313843e-03
5.153763294219970703e-01 5.489936470985412598e-01 -3.098450414836406708e-02
5.145711898803710938e-01 5.536369681358337402e-01 -2.738863229751586914e-02
5.136628746986389160e-01 5.565811991691589355e-01 -2.220677584409713745e-02
5.133587718009948730e-01 5.657617449760437012e-01 -2.079995907843112946e-02
5.133123397827148438e-01 5.739104747772216797e-01 -2.230985276401042938e-02
5.127441287040710449e-01 5.839396119117736816e-01 -2.468485571444034576e-02
5.117483735084533691e-01 5.935968756675720215e-01 -2.318995818495750427e-02
5.052132010459899902e-01 6.105958819389343262e-01 -1.304354146122932434e-02
5.192579030990600586e-01 4.937688708305358887e-01 -5.268403515219688416e-02
5.082676410675048828e-01 4.927905201911926270e-01 -3.851876407861709595e-02
3.990423679351806641e-01 3.187074363231658936e-01 5.929010733962059021e-02
4.715855717658996582e-01 3.961994051933288574e-01 5.002797115594148636e-04
4.596751034259796143e-01 3.976051211357116699e-01 3.965119831264019012e-04
4.482221603393554688e-01 3.966625928878784180e-01 2.609655028209090233e-03
4.326707720756530762e-01 3.875930309295654297e-01 1.044810283929109573e-02
4.820297360420227051e-01 3.916522860527038574e-01 2.744327532127499580e-03
4.611471593379974365e-01 3.479425311088562012e-01 -3.838504198938608170e-03
4.739913046360015869e-01 3.515175580978393555e-01 -2.415974158793687820e-03
4.482289552688598633e-01 3.492344021797180176e-01 -1.305705169215798378e-03
4.389638900756835938e-01 3.554763495922088623e-01 2.470841398462653160e-03
4.222414791584014893e-01 3.966917395591735840e-01 1.492460444569587708e-02
4.602473676204681396e-01 6.301323175430297852e-01 -3.574869362637400627e-03
4.345154464244842529e-01 3.798568844795227051e-01 1.262676995247602463e-02
3.884184360504150391e-01 3.877043128013610840e-01 6.132837012410163879e-02
4.110122621059417725e-01 3.835911154747009277e-01 2.529876865446567535e-02
4.621753692626953125e-01 4.678918719291687012e-01 -1.156926248222589493e-02
5.019301772117614746e-01 5.386241674423217773e-01 -3.195764124393463135e-02
5.022586584091186523e-01 5.512428879737854004e-01 -2.691454254090785980e-02
4.873206019401550293e-01 5.425363779067993164e-01 -2.691856771707534790e-02
4.771232604980468750e-01 5.473964214324951172e-01 -2.005734108388423920e-02
4.909497797489166260e-01 5.510843992233276367e-01 -2.372883819043636322e-02
4.817613065242767334e-01 5.525171756744384766e-01 -1.732603088021278381e-02
4.564985036849975586e-01 5.748526453971862793e-01 -4.823468625545501709e-03
5.113460421562194824e-01 4.835923016071319580e-01 -5.774741247296333313e-02
5.112310051918029785e-01 4.676029682159423828e-01 -6.099757179617881775e-02
4.250626564025878906e-01 3.344977498054504395e-01 5.001544021070003510e-03
4.876081645488739014e-01 4.288176298141479492e-01 -1.064076367765665054e-02
4.849241375923156738e-01 4.786143898963928223e-01 -3.275227546691894531e-02
4.841700494289398193e-01 4.701893329620361328e-01 -2.946683950722217560e-02
4.276807308197021484e-01 4.631349444389343262e-01 -1.027798629365861416e-03
5.128512382507324219e-01 4.478919506072998047e-01 -5.438008904457092285e-02
4.558305442333221436e-01 3.138676285743713379e-01 -1.081723999232053757e-02
4.385776519775390625e-01 3.209308385848999023e-01 -3.861640347167849541e-03
4.154167175292968750e-01 2.918263673782348633e-01 3.978373855352401733e-02
5.051398277282714844e-01 3.327721655368804932e-01 -1.639811880886554718e-02
4.843444228172302246e-01 3.592742085456848145e-01 1.538059441372752190e-03
4.499866664409637451e-01 5.580800771713256836e-01 -2.847127616405487061e-03
3.877387046813964844e-01 5.447360277175903320e-01 8.677861839532852173e-02
4.924420416355133057e-01 4.885576963424682617e-01 -2.801965735852718353e-02
5.004610419273376465e-01 4.943072497844696045e-01 -2.843770012259483337e-02
4.640400111675262451e-01 5.568177700042724609e-01 -3.729383694007992744e-03
4.672102034091949463e-01 5.568115711212158203e-01 -6.397946272045373917e-03
4.334251880645751953e-01 3.103500008583068848e-01 1.329333055764436722e-03
4.834646880626678467e-01 4.864919185638427734e-01 -2.689081430435180664e-02
4.772520661354064941e-01 3.158085048198699951e-01 -1.499656494706869125e-02
4.769504666328430176e-01 3.024626374244689941e-01 -1.683664321899414062e-02
4.672154188156127930e-01 2.598394155502319336e-01 3.177811158820986748e-03
4.251029789447784424e-01 3.085835874080657959e-01 1.795164495706558228e-02
4.731560945510864258e-01 2.897409796714782715e-01 -7.212375290691852570e-03
4.186564683914184570e-01 3.284206092357635498e-01 1.416515372693538666e-02
4.095574021339416504e-01 3.301603198051452637e-01 3.563852980732917786e-02
5.019770860671997070e-01 5.457242131233215332e-01 -3.075515478849411011e-02
4.891884028911590576e-01 5.472780466079711914e-01 -2.588246203958988190e-02
4.794394373893737793e-01 5.501604676246643066e-01 -1.962097175419330597e-02
4.945868551731109619e-01 4.921103417873382568e-01 -2.552120573818683624e-02
4.656740128993988037e-01 5.568757057189941406e-01 -5.122710019350051880e-03
4.710118472576141357e-01 5.613111257553100586e-01 -1.106930710375308990e-02
4.688255786895751953e-01 5.567675232887268066e-01 -6.606905255466699600e-03
4.986206591129302979e-01 4.824716150760650635e-01 -4.290872067213058472e-02
4.834213256835937500e-01 5.540489554405212402e-01 -1.535572670400142670e-02
4.922662079334259033e-01 5.533635020256042480e-01 -1.926199160516262054e-02
5.024832487106323242e-01 5.543544888496398926e-01 -2.210875786840915680e-02
4.905686378479003906e-01 6.079009771347045898e-01 -1.383334584534168243e-02
4.966731071472167969e-01 5.898433327674865723e-01 -2.377361617982387543e-02
4.985412359237670898e-01 5.803290009498596191e-01 -2.497889660298824310e-02
5.004271268844604492e-01 5.703677535057067871e-01 -2.229927107691764832e-02
5.020793676376342773e-01 5.630400180816650391e-01 -2.076304145157337189e-02
4.832793176174163818e-01 5.585820674896240234e-01 -1.425929646939039230e-02
4.805045723915100098e-01 5.620295405387878418e-01 -1.595572382211685181e-02
4.771811366081237793e-01 5.667566061019897461e-01 -1.786015182733535767e-02
4.741860330104827881e-01 5.718750357627868652e-01 -1.627650298178195953e-02
4.667251110076904297e-01 5.295024514198303223e-01 -1.683224551379680634e-02
3.787332177162170410e-01 4.597660899162292480e-01 1.034146100282669067e-01
5.182707905769348145e-01 4.978250265121459961e-01 -3.847156092524528503e-02
4.765819311141967773e-01 5.576073527336120605e-01 -9.786534123122692108e-03
4.739744365215301514e-01 5.592926740646362305e-01 -1.096450258046388626e-02
5.031340122222900391e-01 5.012183189392089844e-01 -2.916568145155906677e-02
4.860125780105590820e-01 4.970453381538391113e-01 -1.880324073135852814e-02
5.018752217292785645e-01 4.978250265121459961e-01 -2.898868545889854431e-02
4.749161899089813232e-01 4.373058378696441650e-01 -8.212113752961158752e-03
4.556259810924530029e-01 4.464418888092041016e-01 -6.724188104271888733e-03
4.814189076423645020e-01 4.777563214302062988e-01 -2.353387326002120972e-02
4.373163878917694092e-01 2.713801264762878418e-01 1.958061940968036652e-02
4.454616308212280273e-01 2.943752408027648926e-01 4.139793105423450470e-03
4.531931281089782715e-01 3.017317652702331543e-01 -8.601746521890163422e-03
4.649737775325775146e-01 5.871877074241638184e-01 -9.362352080643177032e-03
5.045500397682189941e-01 3.098967075347900391e-01 -2.011724375188350677e-02
5.004529953002929688e-01 2.918916046619415283e-01 -1.276396773755550385e-02
4.977094829082489014e-01 2.566721439361572266e-01 -5.017478484660387039e-03
4.381723403930664062e-01 3.930951654911041260e-01 6.582139059901237488e-03
4.084604382514953613e-01 4.068843424320220947e-01 1.993515156209468842e-02
4.889726638793945312e-01 3.869682252407073975e-01 4.844152368605136871e-03
4.258577823638916016e-01 3.615985810756683350e-01 1.066459994763135910e-02
4.965401589870452881e-01 4.186932742595672607e-01 -1.378367748111486435e-02
4.924085736274719238e-01 4.721346795558929443e-01 -4.286955296993255615e-02
3.985731601715087891e-01 4.193508028984069824e-01 3.050227090716362000e-02
4.147179722785949707e-01 4.179543256759643555e-01 1.026600040495395660e-02
4.293059110641479492e-01 4.249089658260345459e-01 1.193436910398304462e-03
4.527868628501892090e-01 4.241065680980682373e-01 -1.870057196356356144e-03
4.704068899154663086e-01 4.184736311435699463e-01 -2.798365894705057144e-03
4.840818345546722412e-01 4.115341007709503174e-01 -4.366558976471424103e-03
5.139581561088562012e-01 3.984093368053436279e-01 -2.302360162138938904e-02
3.988828063011169434e-01 4.545056223869323730e-01 2.676042355597019196e-02
4.171824753284454346e-01 3.581137955188751221e-01 1.540139410644769669e-02
5.137390494346618652e-01 4.925665557384490967e-01 -5.247845873236656189e-02
4.878910183906555176e-01 4.451074004173278809e-01 -1.541743893176317215e-02
3.813188076019287109e-01 3.860152959823608398e-01 9.663736075162887573e-02
4.947851002216339111e-01 4.031417965888977051e-01 -4.950861446559429169e-03
4.796190857887268066e-01 4.789984524250030518e-01 -1.280079782009124756e-02
4.294625818729400635e-01 3.770389854907989502e-01 1.417983509600162506e-02
4.920748174190521240e-01 4.620680212974548340e-01 -3.864544630050659180e-02
3.814204931259155273e-01 5.007953047752380371e-01 9.795585274696350098e-02
4.896622002124786377e-01 3.822986781597137451e-01 7.652038708329200745e-03
5.023376941680908203e-01 4.529271423816680908e-01 -4.861063882708549500e-02
4.124303460121154785e-01 5.881397128105163574e-01 3.193218633532524109e-02
4.092592298984527588e-01 6.075468659400939941e-01 5.041732266545295715e-02
3.843429088592529297e-01 4.575417935848236084e-01 6.517329812049865723e-02
4.001926779747009277e-01 5.636249780654907227e-01 4.432626441121101379e-02
3.984230756759643555e-01 3.563026785850524902e-01 5.165589600801467896e-02
4.553737640380859375e-01 6.475036144256591797e-01 2.236563712358474731e-03
5.140024423599243164e-01 4.967531859874725342e-01 -3.799396008253097534e-02
4.767901599407196045e-01 4.565915465354919434e-01 -1.230471208691596985e-02
4.008413553237915039e-01 3.869403898715972900e-01 3.552183881402015686e-02
4.510590434074401855e-01 3.867332339286804199e-01 3.858433570712804794e-03
4.612183570861816406e-01 3.879789710044860840e-01 1.921694725751876831e-03
4.680956304073333740e-01 5.635598301887512207e-01 -9.540895931422710419e-03
3.991016149520874023e-01 4.883136749267578125e-01 2.981927059590816498e-02
4.742160141468048096e-01 6.733458638191223145e-01 6.932662799954414368e-03
4.393596053123474121e-01 6.477869153022766113e-01 2.517285384237766266e-02
4.249814152717590332e-01 6.313574910163879395e-01 3.607742488384246826e-02
5.307666659355163574e-01 2.963153123855590820e-01 -1.280731428414583206e-02
4.991368353366851807e-01 6.787371635437011719e-01 5.761188920587301254e-03
4.709503352642059326e-01 3.870503902435302734e-01 2.280666027218103409e-03
4.803048670291900635e-01 3.843885660171508789e-01 4.476748872548341751e-03
4.864603579044342041e-01 3.829909265041351318e-01 7.202790584415197372e-03
4.090814888477325439e-01 3.557425141334533691e-01 2.597171440720558167e-02
4.807232618331909180e-01 3.827727138996124268e-01 3.038197290152311325e-03
4.710407853126525879e-01 3.848255872726440430e-01 4.461565986275672913e-04
4.613183438777923584e-01 3.850075304508209229e-01 1.685828610789030790e-04
4.508996903896331787e-01 3.835954666137695312e-01 1.933259307406842709e-03
4.433674514293670654e-01 3.822590708732604980e-01 4.837271757423877716e-03
3.881781697273254395e-01 3.483719229698181152e-01 8.034379780292510986e-02
4.439776539802551270e-01 3.847734928131103516e-01 6.738984957337379456e-03
5.154236555099487305e-01 5.170321464538574219e-01 -2.886655740439891815e-02
4.787111878395080566e-01 5.207331180572509766e-01 -2.133544348180294037e-02
4.929101467132568359e-01 4.853700697422027588e-01 -3.196140006184577942e-02
5.003502368927001953e-01 5.166651010513305664e-01 -2.914312295615673065e-02
5.259402990341186523e-01 3.755073547363281250e-01 -1.773535832762718201e-02
4.256955981254577637e-01 6.114528179168701172e-01 2.266824990510940552e-02
4.395025968551635742e-01 6.297674179077148438e-01 1.312045566737651825e-02
4.757618308067321777e-01 6.608873605728149414e-01 -6.744850426912307739e-03
3.975434005260467529e-01 5.807484984397888184e-01 6.920997798442840576e-02
4.869409501552581787e-01 3.818166255950927734e-01 5.755947437137365341e-03
5.050009489059448242e-01 4.234515428543090820e-01 -2.784696593880653381e-02
5.005839467048645020e-01 6.662458181381225586e-01 -7.641012314707040787e-03
4.553088545799255371e-01 6.623392701148986816e-01 1.385029498487710953e-02
3.858709335327148438e-01 4.950056374073028564e-01 6.305946409702301025e-02
4.919866025447845459e-01 5.603632926940917969e-01 -1.800545863807201385e-02
4.892965257167816162e-01 5.659574866294860840e-01 -1.983308605849742889e-02
4.864432811737060547e-01 5.735191106796264648e-01 -2.203656546771526337e-02
4.839501976966857910e-01 5.819912552833557129e-01 -2.089043147861957550e-02
4.760508537292480469e-01 5.988052487373352051e-01 -1.340040750801563263e-02
4.740869998931884766e-01 5.546197891235351562e-01 -1.155134569853544235e-02
4.715690016746520996e-01 5.534453988075256348e-01 -1.189265213906764984e-02
4.693754613399505615e-01 5.519037246704101562e-01 -1.201338134706020355e-02
4.567542672157287598e-01 5.423673987388610840e-01 -1.026947889477014542e-02
4.157565236091613770e-01 4.984020590782165527e-01 9.294719435274600983e-03
5.054334402084350586e-01 4.073056578636169434e-01 -1.756422594189643860e-02
5.006206035614013672e-01 3.691697120666503906e-01 1.422391505911946297e-03
4.928991198539733887e-01 3.717350959777832031e-01 4.470636136829853058e-03
4.762975573539733887e-01 5.554664731025695801e-01 -1.047337427735328674e-02
4.098982214927673340e-01 5.393358469009399414e-01 2.482556551694869995e-02
5.118793249130249023e-01 3.689852356910705566e-01 -1.170748379081487656e-02
4.677668511867523193e-01 6.137748360633850098e-01 -7.660794071853160858e-03
5.239073038101196289e-01 4.296213388442993164e-01 -4.634185135364532471e-02
5.138785839080810547e-01 4.155640006065368652e-01 -3.423537686467170715e-02
5.244736671447753906e-01 4.132655858993530273e-01 -3.588299453258514404e-02
4.954076111316680908e-01 4.485432505607604980e-01 -2.867727354168891907e-02
5.022500157356262207e-01 6.485570669174194336e-01 -1.315491087734699249e-02
5.038487315177917480e-01 6.281040906906127930e-01 -1.267677731812000275e-02
4.852267205715179443e-01 6.245902180671691895e-01 -1.190972141921520233e-02
4.441863596439361572e-01 5.803924798965454102e-01 1.097841421142220497e-03
4.686514139175415039e-01 4.911814033985137939e-01 -1.118081621825695038e-02
4.542028903961181641e-01 5.992785692214965820e-01 -3.063197480514645576e-03
4.429273605346679688e-01 4.857286512851715088e-01 -9.003517217934131622e-03
4.567926824092864990e-01 5.065987110137939453e-01 -1.082638464868068695e-02
4.309883415699005127e-01 5.121992230415344238e-01 -1.658273278735578060e-03
4.795872867107391357e-01 6.437342166900634766e-01 -1.185024250298738480e-02
4.875943660736083984e-01 4.578372240066528320e-01 -2.159018255770206451e-02
4.324292540550231934e-01 5.924832820892333984e-01 1.070435903966426849e-02
4.455304145812988281e-01 6.125128269195556641e-01 4.942131228744983673e-03
4.379628300666809082e-01 5.584002137184143066e-01 1.588433631695806980e-03
4.000282585620880127e-01 5.174460411071777344e-01 3.359694406390190125e-02
4.227698147296905518e-01 5.596412420272827148e-01 1.147765945643186569e-02
3.900938928127288818e-01 5.303184390068054199e-01 5.799801275134086609e-02
4.459922611713409424e-01 5.280393362045288086e-01 -6.820809096097946167e-03
4.966115355491638184e-01 4.339814484119415283e-01 -2.116150781512260437e-02
4.955838620662689209e-01 4.794300794601440430e-01 -4.512218758463859558e-02
4.882190525531768799e-01 4.839924871921539307e-01 -3.368267789483070374e-02
5.012826919555664062e-01 4.688308835029602051e-01 -5.240909010171890259e-02
4.930593371391296387e-01 3.503729701042175293e-01 -2.496972912922501564e-03
4.754059314727783203e-01 3.374724090099334717e-01 -5.711378529667854309e-03
4.589165747165679932e-01 3.340799212455749512e-01 -6.519031245261430740e-03
4.443442225456237793e-01 3.375573158264160156e-01 -3.408169141039252281e-03
4.331013858318328857e-01 3.458662629127502441e-01 2.375145675614476204e-03
4.215520024299621582e-01 3.798281550407409668e-01 1.802731305360794067e-02
3.845470547676086426e-01 4.218193590641021729e-01 6.339212507009506226e-02
4.276402592658996582e-01 4.037058353424072266e-01 9.655103087425231934e-03
4.396704435348510742e-01 4.092475473880767822e-01 3.986765164881944656e-03
4.557249546051025391e-01 4.100311398506164551e-01 7.109555299393832684e-04
4.712865352630615234e-01 4.068710803985595703e-01 -9.387420868733897805e-05
4.836511313915252686e-01 4.013258814811706543e-01 8.343452354893088341e-04
4.924230277538299561e-01 3.962270319461822510e-01 9.432386141270399094e-04
3.790788054466247559e-01 4.222984313964843750e-01 1.035920456051826477e-01
4.876680076122283936e-01 4.890051484107971191e-01 -2.834632061421871185e-02
5.045691728591918945e-01 4.378998279571533203e-01 -3.673261404037475586e-02
5.034393072128295898e-01 4.806398749351501465e-01 -5.304583162069320679e-02
5.081330537796020508e-01 4.896074235439300537e-01 -4.830111935734748840e-02
5.029366016387939453e-01 4.835491776466369629e-01 -4.779400676488876343e-02
4.899982810020446777e-01 4.945673942565917969e-01 -2.447271347045898438e-02
5.102819800376892090e-01 4.912022650241851807e-01 -5.108046904206275940e-02
5.104994773864746094e-01 4.954235553741455078e-01 -3.822615742683410645e-02
4.940109848976135254e-01 3.816844522953033447e-01 6.599784828722476959e-03
5.000298023223876953e-01 3.870810866355895996e-01 5.979153793305158615e-04
5.037348270416259766e-01 3.905414342880249023e-01 -6.837943103164434433e-03
4.384503364562988281e-01 3.810803294181823730e-01 8.129066787660121918e-03
4.319286942481994629e-01 3.641380071640014648e-01 8.181774057447910309e-03
5.327893495559692383e-01 4.331711232662200928e-01 -4.170294851064682007e-02
6.018587350845336914e-01 4.041489660739898682e-01 2.253831364214420319e-02
5.283105373382568359e-01 4.951205551624298096e-01 -3.714009001851081848e-02
6.371365189552307129e-01 3.466692566871643066e-01 7.851384580135345459e-02
5.686344504356384277e-01 4.092870950698852539e-01 9.174417704343795776e-03
5.796500444412231445e-01 4.130007028579711914e-01 1.073722075670957565e-02
5.903149843215942383e-01 4.144574999809265137e-01 1.443207636475563049e-02
6.054688692092895508e-01 4.093278944492340088e-01 2.428605034947395325e-02
5.598827600479125977e-01 4.030352830886840820e-01 9.618594311177730560e-03
5.886740684509277344e-01 3.653935194015502930e-01 6.855853833258152008e-03
5.759195685386657715e-01 3.660993874073028564e-01 6.062590517103672028e-03
6.002378463745117188e-01 3.690420985221862793e-01 1.094759535044431686e-02
6.072942018508911133e-01 3.769505620002746582e-01 1.564888842403888702e-02
6.123864650726318359e-01 4.191634654998779297e-01 2.993883751332759857e-02
5.447127223014831543e-01 6.374275088310241699e-01 2.497012028470635414e-03
6.058197021484375000e-01 4.022060632705688477e-01 2.628126554191112518e-02
6.403622031211853027e-01 4.161588847637176514e-01 8.095944672822952271e-02
6.225790977478027344e-01 4.073000252246856689e-01 4.184260964393615723e-02
5.704029798507690430e-01 4.804813563823699951e-01 -2.541490830481052399e-03
5.284780859947204590e-01 5.418494939804077148e-01 -2.961131185293197632e-02
5.249776840209960938e-01 5.542393326759338379e-01 -2.465135604143142700e-02
5.392767786979675293e-01 5.481512546539306641e-01 -2.208756096661090851e-02
5.453445315361022949e-01 5.553185343742370605e-01 -1.342608314007520676e-02
5.334037542343139648e-01 5.562494993209838867e-01 -1.943298615515232086e-02
5.393949151039123535e-01 5.594660639762878418e-01 -1.156394928693771362e-02
5.545554161071777344e-01 5.859277844429016113e-01 3.606334561482071877e-03
5.293983817100524902e-01 4.857037961483001709e-01 -5.659588798880577087e-02
5.324599146842956543e-01 4.700936675071716309e-01 -5.961868539452552795e-02
6.222898960113525391e-01 3.575764894485473633e-01 2.050837688148021698e-02
5.522985458374023438e-01 4.362184405326843262e-01 -4.783138632774353027e-03
5.516354441642761230e-01 4.863558411598205566e-01 -2.752295695245265961e-02
5.529606342315673828e-01 4.780590534210205078e-01 -2.406033501029014587e-02
6.015102267265319824e-01 4.831293225288391113e-01 1.366148889064788818e-02
5.328858494758605957e-01 4.501731991767883301e-01 -5.256993696093559265e-02
6.015303730964660645e-01 3.348411321640014648e-01 3.514534037094563246e-04
6.147741079330444336e-01 3.428857922554016113e-01 9.838651865720748901e-03
6.291095614433288574e-01 3.170889019966125488e-01 5.689235404133796692e-02
5.531944036483764648e-01 3.458439409732818604e-01 -1.248847879469394684e-02
5.644703507423400879e-01 3.715985715389251709e-01 8.441129699349403381e-03
5.636374950408935547e-01 5.713577270507812500e-01 7.330184802412986755e-03
6.169886589050292969e-01 5.687194466590881348e-01 1.050387099385261536e-01
5.422602295875549316e-01 4.944489598274230957e-01 -2.435097284615039825e-02
5.339173674583435059e-01 4.983014762401580811e-01 -2.655771002173423767e-02
5.511186718940734863e-01 5.684869885444641113e-01 5.170777440071105957e-03
5.481768846511840820e-01 5.674221515655517578e-01 1.541759003885090351e-03
6.199291944503784180e-01 3.327389955520629883e-01 1.571594551205635071e-02
5.505847334861755371e-01 4.942663311958312988e-01 -2.173175662755966187e-02
5.822212696075439453e-01 3.345098495483398438e-01 -7.383648771792650223e-03
5.849357247352600098e-01 3.215965628623962402e-01 -9.157602675259113312e-03
5.918217897415161133e-01 2.751478552818298340e-01 1.310720480978488922e-02
6.226027607917785645e-01 3.302951455116271973e-01 3.345207497477531433e-02
5.850358009338378906e-01 3.024724721908569336e-01 1.335095614194869995e-03
6.274198889732360840e-01 3.519766032695770264e-01 3.050270304083824158e-02
6.312066316604614258e-01 3.546288013458251953e-01 5.318787693977355957e-02
5.271155238151550293e-01 5.490000844001770020e-01 -2.836902812123298645e-02
5.364330410957336426e-01 5.528693795204162598e-01 -2.131442166864871979e-02
5.425881147384643555e-01 5.576909780502319336e-01 -1.348016131669282913e-02
5.393070578575134277e-01 4.973619580268859863e-01 -2.242018654942512512e-02
5.496287941932678223e-01 5.680327415466308594e-01 3.167210146784782410e-03
5.463531017303466797e-01 5.715857744216918945e-01 -4.013074096292257309e-03
5.466169714927673340e-01 5.668175816535949707e-01 1.112970174290239811e-03
5.392390489578247070e-01 4.873642027378082275e-01 -3.936414420604705811e-02
5.366806387901306152e-01 5.602813959121704102e-01 -9.853083640336990356e-03
5.308293104171752930e-01 5.580019950866699219e-01 -1.518466882407665253e-02
5.230689048767089844e-01 5.569801926612854004e-01 -1.978527568280696869e-02
5.196377038955688477e-01 6.109963059425354004e-01 -1.154388580471277237e-02
5.252186059951782227e-01 5.940104722976684570e-01 -2.128661796450614929e-02
5.252665877342224121e-01 5.841056108474731445e-01 -2.235097624361515045e-02
5.244427323341369629e-01 5.737779140472412109e-01 -1.976318843662738800e-02
5.229380726814270020e-01 5.660796165466308594e-01 -1.829738542437553406e-02
5.365306735038757324e-01 5.657517910003662109e-01 -8.703440427780151367e-03
5.393466949462890625e-01 5.702252984046936035e-01 -1.038203202188014984e-02
5.422866940498352051e-01 5.759679079055786133e-01 -1.201420556753873825e-02
5.445740222930908203e-01 5.819848775863647461e-01 -1.012608408927917480e-02
5.558772683143615723e-01 5.400272011756896973e-01 -9.335109964013099670e-03
6.341605186462402344e-01 4.883855581283569336e-01 1.238611415028572083e-01
5.407402515411376953e-01 5.659807920455932617e-01 -2.953677671030163765e-03
5.436162948608398438e-01 5.686789751052856445e-01 -4.141883458942174911e-03
5.303963422775268555e-01 5.044754743576049805e-01 -2.723721228539943695e-02
5.455219745635986328e-01 5.039697885513305664e-01 -1.463449653238058090e-02
5.320974588394165039e-01 5.015109777450561523e-01 -2.715633623301982880e-02
5.623152256011962891e-01 4.474014341831207275e-01 -3.092939441557973623e-04
5.787742733955383301e-01 4.607771337032318115e-01 3.947487566620111465e-03
5.535019636154174805e-01 4.860442876815795898e-01 -1.791151985526084900e-02
6.152423620223999023e-01 2.927663028240203857e-01 3.359439596533775330e-02
6.083233356475830078e-01 3.124045729637145996e-01 1.663522608578205109e-02
6.057509779930114746e-01 3.227100372314453125e-01 2.897470491006970406e-03
5.455299019813537598e-01 5.956944823265075684e-01 -2.339051105082035065e-03
5.585175156593322754e-01 3.244619667530059814e-01 -1.613027974963188171e-02
5.598446130752563477e-01 2.988741397857666016e-01 -8.332180790603160858e-03
5.652001500129699707e-01 2.651637196540832520e-01 3.439137071836739779e-05
5.997083783149719238e-01 4.135405123233795166e-01 1.962651312351226807e-02
6.221516728401184082e-01 4.309901595115661621e-01 3.642679378390312195e-02
5.543978214263916016e-01 3.973577022552490234e-01 1.094398926943540573e-02
6.162360906600952148e-01 3.841904103755950928e-01 2.563393861055374146e-02
5.461269617080688477e-01 4.243112206459045410e-01 -9.109075181186199188e-03
5.469442009925842285e-01 4.785991907119750977e-01 -3.864027559757232666e-02
6.312103867530822754e-01 4.456911385059356689e-01 4.900059103965759277e-02
6.159775257110595703e-01 4.413959085941314697e-01 2.594063244760036469e-02
6.030024290084838867e-01 4.455613493919372559e-01 1.486623287200927734e-02
5.821728706359863281e-01 4.400031864643096924e-01 8.789996616542339325e-03
5.668341517448425293e-01 4.307623207569122314e-01 5.374566186219453812e-03
5.557532906532287598e-01 4.213807582855224609e-01 1.697295345366001129e-03
5.348470211029052734e-01 4.007750749588012695e-01 -2.107512578368186951e-02
6.268288493156433105e-01 4.802181720733642578e-01 4.529700055718421936e-02
6.230915188789367676e-01 3.816956281661987305e-01 3.153525292873382568e-02
5.246545076370239258e-01 4.938095808029174805e-01 -5.154893919825553894e-02
5.506634712219238281e-01 4.523281157016754150e-01 -9.841484948992729187e-03
6.411193609237670898e-01 4.159718155860900879e-01 1.179420575499534607e-01
5.480434298515319824e-01 4.112389087677001953e-01 -2.361496444791555405e-04
5.536642670631408691e-01 4.875582158565521240e-01 -6.942474748939275742e-03
6.104507446289062500e-01 3.998457789421081543e-01 2.853924222290515900e-02
5.479539632797241211e-01 4.685377478599548340e-01 -3.431445360183715820e-02
6.275061368942260742e-01 5.274804830551147461e-01 1.173569634556770325e-01
5.546071529388427734e-01 3.924785256385803223e-01 1.396599970757961273e-02
5.410245656967163086e-01 4.573906362056732178e-01 -4.544082283973693848e-02
5.930055379867553711e-01 6.052535176277160645e-01 4.540606960654258728e-02
5.913583040237426758e-01 6.241124868392944336e-01 6.435635685920715332e-02
6.359217166900634766e-01 4.851855039596557617e-01 8.481264114379882812e-02
6.072762012481689453e-01 5.844019651412963867e-01 6.009520962834358215e-02
6.361504197120666504e-01 3.831012845039367676e-01 7.035229355096817017e-02
5.462749004364013672e-01 6.546553373336791992e-01 8.672341704368591309e-03
5.225529670715332031e-01 4.977592527866363525e-01 -3.742335364222526550e-02
5.586391091346740723e-01 4.661052525043487549e-01 -5.383074283599853516e-03
6.295354366302490234e-01 4.118676781654357910e-01 5.348938703536987305e-02
5.903786420822143555e-01 4.049341678619384766e-01 1.548866834491491318e-02
5.805630087852478027e-01 4.037497639656066895e-01 1.223633065819740295e-02
5.488174557685852051e-01 5.746816992759704590e-01 -2.066676737740635872e-03
6.214275956153869629e-01 5.128441452980041504e-01 4.785716161131858826e-02
5.239673256874084473e-01 6.770922541618347168e-01 1.059829350560903549e-02
5.594258904457092285e-01 6.569045782089233398e-01 3.410410508513450623e-02
5.745356678962707520e-01 6.436356902122497559e-01 4.738355055451393127e-02
5.712417960166931152e-01 4.009262919425964355e-01 1.112264394760131836e-02
5.628026127815246582e-01 3.966591358184814453e-01 1.206756848841905594e-02
5.574473142623901367e-01 3.939637839794158936e-01 1.398599054664373398e-02
6.288244128227233887e-01 3.795252442359924316e-01 4.336466267704963684e-02
5.633259415626525879e-01 3.941253423690795898e-01 1.069828215986490250e-02
5.725104212760925293e-01 3.977484703063964844e-01 9.450289420783519745e-03
5.817497372627258301e-01 4.001969993114471436e-01 1.058627851307392120e-02
5.914177298545837402e-01 4.015941619873046875e-01 1.372598577290773392e-02
5.981159806251525879e-01 4.022336900234222412e-01 1.754299551248550415e-02
6.410501003265380859e-01 3.778074383735656738e-01 1.009225547313690186e-01
5.970820784568786621e-01 4.047887921333312988e-01 1.925765164196491241e-02
5.476943850517272949e-01 5.289199948310852051e-01 -1.560276653617620468e-02
5.429150462150573730e-01 4.913712739944458008e-01 -2.827835083007812500e-02
5.297133922576904297e-01 5.202229619026184082e-01 -2.678935602307319641e-02
5.778032541275024414e-01 6.249694824218750000e-01 3.359059244394302368e-02
5.627822875976562500e-01 6.398760080337524414e-01 2.169338427484035492e-02
5.257374048233032227e-01 6.649898886680603027e-01 -3.227486740797758102e-03
6.045899391174316406e-01 6.011130213737487793e-01 8.552486449480056763e-02
5.574640631675720215e-01 3.923917412757873535e-01 1.264565624296665192e-02
5.400533080101013184e-01 4.274432659149169922e-01 -2.473284304141998291e-02
5.431854724884033203e-01 6.686164736747741699e-01 2.039271593093872070e-02
6.293604373931884766e-01 5.212376117706298828e-01 8.189421147108078003e-02
5.306776165962219238e-01 5.658180713653564453e-01 -1.377258077263832092e-02
5.332041978836059570e-01 5.722648501396179199e-01 -1.545918732881546021e-02
5.353478193283081055e-01 5.806298255920410156e-01 -1.739897020161151886e-02
5.366050004959106445e-01 5.898476243019104004e-01 -1.611144281923770905e-02
5.340542793273925781e-01 6.046506166458129883e-01 -8.130153641104698181e-03
5.437901616096496582e-01 5.631744265556335449e-01 -4.615365993231534958e-03
5.467201471328735352e-01 5.628517270088195801e-01 -4.298437852412462234e-03
5.492818355560302734e-01 5.618419051170349121e-01 -4.069867543876171112e-03
5.613453984260559082e-01 5.547254085540771484e-01 -8.850962622091174126e-04
6.061974167823791504e-01 5.195707678794860840e-01 2.490589953958988190e-02
5.404148101806640625e-01 4.113266766071319580e-01 -1.428191922605037689e-02
5.483528971672058105e-01 3.779131770133972168e-01 5.383354611694812775e-03
5.538361072540283203e-01 3.817966878414154053e-01 1.038973126560449600e-02
5.410012006759643555e-01 5.631315708160400391e-01 -3.578172065317630768e-03
6.037169694900512695e-01 5.597883462905883789e-01 4.016096144914627075e-02
5.397437810897827148e-01 3.755967617034912109e-01 -9.204829111695289612e-03
5.398622751235961914e-01 6.203455924987792969e-01 -2.109891502186655998e-03
5.339887142181396484e-01 4.178088605403900146e-01 -3.256444260478019714e-02
5.453048944473266602e-01 4.543805718421936035e-01 -2.465910464525222778e-02
5.224215388298034668e-01 6.280031204223632812e-01 -9.332879446446895599e-03
5.660077333450317383e-01 5.931647419929504395e-01 1.072032377123832703e-02
5.610858201980590820e-01 5.019018054008483887e-01 -3.890043357387185097e-03
5.540332198143005371e-01 6.090116500854492188e-01 4.546489566564559937e-03
5.848962664604187012e-01 5.019615888595581055e-01 2.598760649561882019e-03
5.689281821250915527e-01 5.195671319961547852e-01 -1.681908848695456982e-03
5.907201170921325684e-01 5.299590826034545898e-01 1.146301068365573883e-02
5.252026915550231934e-01 6.478234529495239258e-01 -8.549237623810768127e-03
5.500864982604980469e-01 4.649816751480102539e-01 -1.654837094247341156e-02
5.751091241836547852e-01 6.062427759170532227e-01 2.133299410343170166e-02
5.602347850799560547e-01 6.228393316268920898e-01 1.312245707958936691e-02
5.755866169929504395e-01 5.736320018768310547e-01 1.321931090205907822e-02
6.156935691833496094e-01 5.406270623207092285e-01 5.068532004952430725e-02
5.891846418380737305e-01 5.768624544143676758e-01 2.458615973591804504e-02
6.207157969474792480e-01 5.545315146446228027e-01 7.600356638431549072e-02
5.741634368896484375e-01 5.428079366683959961e-01 3.991576377302408218e-03
5.451457500457763672e-01 4.396074116230010986e-01 -1.673492789268493652e-02
5.429106354713439941e-01 4.850612580776214600e-01 -4.130460694432258606e-02
5.477072000503540039e-01 4.910060167312622070e-01 -2.929154783487319946e-02
5.404916405677795410e-01 4.734548330307006836e-01 -4.952049255371093750e-02
5.592246651649475098e-01 3.621593415737152100e-01 2.883823821321129799e-03
5.785299539566040039e-01 3.527338504791259766e-01 2.283628564327955246e-03
5.945529341697692871e-01 3.523758649826049805e-01 4.143886268138885498e-03
6.068081259727478027e-01 3.579491972923278809e-01 9.347654879093170166e-03
6.143533587455749512e-01 3.680655956268310547e-01 1.653581857681274414e-02
6.155741214752197266e-01 4.028281867504119873e-01 3.326199203729629517e-02
6.399075388908386230e-01 4.503508210182189941e-01 8.363356441259384155e-02
6.071696281433105469e-01 4.254636466503143311e-01 2.392793446779251099e-02
5.959743261337280273e-01 4.281688332557678223e-01 1.654245145618915558e-02
5.813484787940979004e-01 4.255796968936920166e-01 1.113299652934074402e-02
5.674792528152465820e-01 4.193545281887054443e-01 8.206515572965145111e-03
5.571503639221191406e-01 4.116134345531463623e-01 7.099342066794633865e-03
5.503367185592651367e-01 4.049145579338073730e-01 6.055336911231279373e-03
6.379385590553283691e-01 4.518539905548095703e-01 1.248331516981124878e-01
5.465204119682312012e-01 4.958430230617523193e-01 -2.398930303752422333e-02
5.397598743438720703e-01 4.419322311878204346e-01 -3.356992825865745544e-02
5.364632606506347656e-01 4.844835698604583740e-01 -5.061504989862442017e-02
5.296561717987060547e-01 4.921108186244964600e-01 -4.687814787030220032e-02
5.355536937713623047e-01 4.874544143676757812e-01 -4.529736936092376709e-02
5.428528189659118652e-01 5.006572604179382324e-01 -2.076111547648906708e-02
5.278893113136291504e-01 4.932243525981903076e-01 -4.993595927953720093e-02
5.258699059486389160e-01 4.971719384193420410e-01 -3.726889938116073608e-02
5.507811903953552246e-01 3.911853134632110596e-01 1.188064645975828171e-02
5.452780723571777344e-01 3.948059678077697754e-01 4.639547318220138550e-03
5.424842238426208496e-01 3.974460661411285400e-01 -3.504240652546286583e-03
6.024795770645141602e-01 4.023561179637908936e-01 2.132739312946796417e-02
6.113933324813842773e-01 3.865470886230468750e-01 2.210547961294651031e-02
4.625816345214843750e-01 3.831941783428192139e-01 5.032618064433336258e-03
4.733043015003204346e-01 3.838327527046203613e-01 5.032618064433336258e-03
4.632724523544311523e-01 3.708126246929168701e-01 5.032618064433336258e-03
4.516385197639465332e-01 3.825449347496032715e-01 5.032618064433336258e-03
4.618525505065917969e-01 3.952971696853637695e-01 5.032618064433336258e-03
5.808710455894470215e-01 3.996702134609222412e-01 1.518258266150951385e-02
5.916895270347595215e-01 4.010730385780334473e-01 1.518258266150951385e-02
5.818487405776977539e-01 3.873513042926788330e-01 1.518258266150951385e-02
5.699333548545837402e-01 3.982053399085998535e-01 1.518258266150951385e-02
5.799318552017211914e-01 4.117401540279388428e-01 1.518258266150951385e-02
