5.054915547370910645e-01 5.280006527900695801e-01 -3.607233241200447083e-02
5.098091959953308105e-01 4.674882292747497559e-01 -6.098911166191101074e-02
5.070633292198181152e-01 4.862959980964660645e-01 -3.355665504932403564e-02
5.041844844818115234e-01 4.126464128494262695e-01 -4.388947412371635437e-02
5.114120841026306152e-01 4.503039121627807617e-01 -6.411615759134292603e-02
5.129140019416809082e-01 4.287980794906616211e-01 -5.851971358060836792e-02
5.160944461822509766e-01 3.777608275413513184e-01 -2.474874630570411682e-02
4.337605834007263184e-01 3.628927767276763916e-01 1.426238659769296646e-02
5.192303061485290527e-01 3.344460725784301758e-01 -1.456531137228012085e-02
5.210754275321960449e-01 3.122156262397766113e-01 -1.530201453715562820e-02
5.264464020729064941e-01 2.399381548166275024e-01 1.344005228020250797e-03
5.053117275238037109e-01 5.337060689926147461e-01 -3.503605723381042480e-02
5.048099756240844727e-01 5.395574569702148438e-01 -3.160012513399124146e-02
5.043144822120666504e-01 5.436841845512390137e-01 -2.662911452353000641e-02
5.040976405143737793e-01 5.502445101737976074e-01 -2.374091930687427521e-02
5.038408637046813965e-01 5.594462156295776367e-01 -2.564923651516437531e-02
5.031839013099670410e-01 5.705881118774414062e-01 -2.818943187594413757e-02
5.023960471153259277e-01 5.811016559600830078e-01 -2.657869830727577209e-02
4.963433146476745605e-01 5.999568700790405273e-01 -1.623808406293392181e-02
5.086470842361450195e-01 4.767977893352508545e-01 -5.555461719632148743e-02
4.983541071414947510e-01 4.759571254253387451e-01 -4.085725918412208557e-02
3.933770656585693359e-01 2.996508777141571045e-01 6.913667917251586914e-02
4.634575247764587402e-01 3.826290071010589600e-01 3.555709030479192734e-03
4.514746367931365967e-01 3.829829096794128418e-01 3.719008294865489006e-03
4.406136274337768555e-01 3.803179562091827393e-01 6.345050409436225891e-03
4.278596043586730957e-01 3.682818710803985596e-01 1.524376124143600464e-02
4.745035469532012939e-01 3.786833584308624268e-01 5.810769740492105484e-03
4.545678496360778809e-01 3.250403404235839844e-01 8.975172531791031361e-04
4.675963819026947021e-01 3.292117714881896973e-01 1.862942473962903023e-03
4.417479634284973145e-01 3.269110321998596191e-01 3.761587431654334068e-03
4.326189458370208740e-01 3.339636325836181641e-01 7.651431486010551453e-03
4.159961938858032227e-01 3.783273398876190186e-01 1.995660550892353058e-02
4.513152837753295898e-01 6.165779232978820801e-01 -6.671422161161899567e-03
4.304227530956268311e-01 3.569630682468414307e-01 1.792599074542522430e-02
3.812036514282226562e-01 3.701040744781494141e-01 6.913620978593826294e-02
4.041621088981628418e-01 3.639195859432220459e-01 3.149350732564926147e-02
4.522632062435150146e-01 4.505262076854705811e-01 -1.140433456748723984e-02
4.922643303871154785e-01 5.223465561866760254e-01 -3.523550555109977722e-02
4.932277202606201172e-01 5.371121168136596680e-01 -3.071956895291805267e-02
4.788441956043243408e-01 5.264675021171569824e-01 -2.976150251924991608e-02
4.700106382369995117e-01 5.318939089775085449e-01 -2.226528152823448181e-02
4.830989241600036621e-01 5.367711782455444336e-01 -2.699717320501804352e-02
4.751697182655334473e-01 5.380898714065551758e-01 -1.992280036211013794e-02
4.474504888057708740e-01 5.595017671585083008e-01 -6.239301990717649460e-03
5.006340742111206055e-01 4.658897519111633301e-01 -6.039867922663688660e-02
5.005843043327331543e-01 4.492794871330261230e-01 -6.324411928653717041e-02
4.187414944171905518e-01 3.151056766510009766e-01 1.187087222933769226e-02
4.784891009330749512e-01 4.116512537002563477e-01 -9.348775260150432587e-03
4.754153788089752197e-01 4.613415896892547607e-01 -3.410512581467628479e-02
4.747915565967559814e-01 4.528734683990478516e-01 -3.048855438828468323e-02
4.174415767192840576e-01 4.452268481254577637e-01 8.613389800302684307e-04
5.025106072425842285e-01 4.293770790100097656e-01 -5.570176616311073303e-02
4.489589929580688477e-01 2.955461740493774414e-01 -4.826141055673360825e-03
4.319946169853210449e-01 3.014871478080749512e-01 2.790813567116856575e-03
4.091854989528656006e-01 2.712451219558715820e-01 4.947294294834136963e-02
4.978840649127960205e-01 3.184965252876281738e-01 -1.234819181263446808e-02
4.782280921936035156e-01 3.394162952899932861e-01 5.441755522042512894e-03
4.411196112632751465e-01 5.412001013755798340e-01 -3.969931509345769882e-03
3.806862235069274902e-01 5.309252738952636719e-01 8.927933126688003540e-02
4.830150604248046875e-01 4.717554152011871338e-01 -2.968057803809642792e-02
4.910099804401397705e-01 4.776826798915863037e-01 -3.044321946799755096e-02
4.596194624900817871e-01 5.424621701240539551e-01 -4.918211605399847031e-03
4.626419842243194580e-01 5.423517823219299316e-01 -7.760143838822841644e-03
4.270088672637939453e-01 2.907767891883850098e-01 8.625516667962074280e-03
4.741688966751098633e-01 4.696305394172668457e-01 -2.827888540923595428e-02
4.702761173248291016e-01 2.993288338184356689e-01 -9.980739094316959381e-03
4.702411293983459473e-01 2.859830856323242188e-01 -1.150558236986398697e-02
4.603676199913024902e-01 2.386258691549301147e-01 1.110103167593479156e-02
4.170271754264831543e-01 2.858911454677581787e-01 2.650085091590881348e-02
4.650411605834960938e-01 2.674406170845031738e-01 -4.514849861152470112e-04
4.123815894126892090e-01 3.084866404533386230e-01 2.184372395277023315e-02
4.019519686698913574e-01 3.088392317295074463e-01 4.450041055679321289e-02
4.925388693809509277e-01 5.304599404335021973e-01 -3.431829065084457397e-02
4.809948205947875977e-01 5.321151614189147949e-01 -2.896877750754356384e-02
4.725567400455474854e-01 5.351938009262084961e-01 -2.206499129533767700e-02
4.852554202079772949e-01 4.754552245140075684e-01 -2.716649696230888367e-02
4.611859619617462158e-01 5.424811244010925293e-01 -6.382980383932590485e-03
4.657546281814575195e-01 5.463836193084716797e-01 -1.254494674503803253e-02
4.641837775707244873e-01 5.422345399856567383e-01 -7.953743450343608856e-03
4.886789917945861816e-01 4.652290940284729004e-01 -4.479035735130310059e-02
4.769987463951110840e-01 5.400396585464477539e-01 -1.813251525163650513e-02
4.846505224704742432e-01 5.397360324859619141e-01 -2.270290069282054901e-02
4.938268959522247314e-01 5.411105155944824219e-01 -2.609772235155105591e-02
4.810645878314971924e-01 5.965817570686340332e-01 -1.663209497928619385e-02
4.876857399940490723e-01 5.763674378395080566e-01 -2.667253650724887848e-02
4.894141852855682373e-01 5.662599802017211914e-01 -2.784806489944458008e-02
4.914560317993164062e-01 5.553863048553466797e-01 -2.506119757890701294e-02
4.935041069984436035e-01 5.472136735916137695e-01 -2.318619936704635620e-02
4.769849181175231934e-01 5.430086255073547363e-01 -1.587971858680248260e-02
4.739863872528076172e-01 5.467757582664489746e-01 -1.775420270860195160e-02
4.706541895866394043e-01 5.515381097793579102e-01 -1.976981200277805328e-02
4.677301943302154541e-01 5.566806197166442871e-01 -1.815687865018844604e-02
4.570433199405670166e-01 5.123606920242309570e-01 -1.830031536519527435e-02
3.724129498004913330e-01 4.445144534111022949e-01 1.096093580126762390e-01
5.078601837158203125e-01 4.812379777431488037e-01 -4.112680256366729736e-02
4.712572097778320312e-01 5.423978567123413086e-01 -1.107565034180879593e-02
4.686104059219360352e-01 5.442972779273986816e-01 -1.237825956195592880e-02
4.933826923370361328e-01 4.845798611640930176e-01 -3.139923140406608582e-02
4.767879247665405273e-01 4.804284870624542236e-01 -2.030898630619049072e-02
4.922763109207153320e-01 4.811958372592926025e-01 -3.110604546964168549e-02
4.654633998870849609e-01 4.201071262359619141e-01 -6.893866695463657379e-03
4.456704854965209961e-01 4.287309050559997559e-01 -5.089740268886089325e-03
4.721361696720123291e-01 4.607463181018829346e-01 -2.457321248948574066e-02
4.305189847946166992e-01 2.500970959663391113e-01 2.858496829867362976e-02
4.370783567428588867e-01 2.712139487266540527e-01 1.191683206707239151e-02
4.465526640415191650e-01 2.830849885940551758e-01 -2.202023984864354134e-03
4.554617702960968018e-01 5.733916759490966797e-01 -1.116803288459777832e-02
4.975371360778808594e-01 2.953918576240539551e-01 -1.554498728364706039e-02
4.929214119911193848e-01 2.707245945930480957e-01 -6.923935841768980026e-03
4.912075698375701904e-01 2.360954582691192627e-01 1.823467435315251350e-03
4.319885969161987305e-01 3.755882978439331055e-01 1.085114851593971252e-02
4.013179540634155273e-01 3.892091512680053711e-01 2.501166798174381256e-02
4.822039604187011719e-01 3.743340075016021729e-01 7.969986647367477417e-03
4.199272990226745605e-01 3.413320183753967285e-01 1.669137738645076752e-02
4.875597357749938965e-01 4.012901186943054199e-01 -1.235765404999256134e-02
4.824942648410797119e-01 4.543830454349517822e-01 -4.445090144872665405e-02
3.897576034069061279e-01 4.014137983322143555e-01 3.589450940489768982e-02
4.080787003040313721e-01 4.016867280006408691e-01 1.424535363912582397e-02
4.228225946426391602e-01 4.094313383102416992e-01 4.244646988809108734e-03
4.457222819328308105e-01 4.090781509876251221e-01 6.337599479593336582e-04
4.629078507423400879e-01 4.038153588771820068e-01 -6.282316171564161777e-04
4.766204655170440674e-01 3.969994783401489258e-01 -2.371526090428233147e-03
5.049096941947937012e-01 3.803926110267639160e-01 -2.129716984927654266e-02
3.895080685615539551e-01 4.369142949581146240e-01 3.062806278467178345e-02
4.107306003570556641e-01 3.379653394222259521e-01 2.201354503631591797e-02
5.032267570495605469e-01 4.754421710968017578e-01 -5.522459000349044800e-02
4.787548780441284180e-01 4.278776645660400391e-01 -1.514670811593532562e-02
3.756403923034667969e-01 3.697189092636108398e-01 1.056964620947837830e-01
4.874997437000274658e-01 3.886530399322509766e-01 -2.845891984179615974e-03
4.704810380935668945e-01 4.623153805732727051e-01 -1.354752853512763977e-02
4.250387549400329590e-01 3.566113710403442383e-01 1.970883831381797791e-02
4.824391305446624756e-01 4.442915916442871094e-01 -3.980545699596405029e-02
3.745863437652587891e-01 4.861464500427246094e-01 1.024135649204254150e-01
4.838488698005676270e-01 3.684611916542053223e-01 1.119307335466146469e-02
4.923004508018493652e-01 4.346416890621185303e-01 -4.983340203762054443e-02
4.044100344181060791e-01 5.736432671546936035e-01 3.131322935223579407e-02
4.015167653560638428e-01 5.942679047584533691e-01 4.973415285348892212e-02
3.760804533958435059e-01 4.410145580768585205e-01 7.031799107789993286e-02
3.922772407531738281e-01 5.490026473999023438e-01 4.478712007403373718e-02
3.911448717117309570e-01 3.372071385383605957e-01 6.020909175276756287e-02
4.467799961566925049e-01 6.339812874794006348e-01 -1.411458477377891541e-03
5.037375092506408691e-01 4.800396263599395752e-01 -4.055598005652427673e-02
4.673844277858734131e-01 4.393973350524902344e-01 -1.216937880963087082e-02
3.931733965873718262e-01 3.669230937957763672e-01 4.220648482441902161e-02
4.434939026832580566e-01 3.710733950138092041e-01 7.899345830082893372e-03
4.529755711555480957e-01 3.740492165088653564e-01 5.625725723803043365e-03
4.629575908184051514e-01 5.486429333686828613e-01 -1.100859697908163071e-02
3.897619843482971191e-01 4.712972939014434814e-01 3.230239078402519226e-02
4.659725129604339600e-01 6.611883640289306641e-01 2.538297791033983231e-03
4.313312172889709473e-01 6.344324350357055664e-01 2.262601442635059357e-02
4.171267747879028320e-01 6.179871559143066406e-01 3.437042981386184692e-02
5.239242315292358398e-01 2.760968506336212158e-01 -7.689172402024269104e-03
4.910527765750885010e-01 6.675435304641723633e-01 7.985178381204605103e-04
4.630824625492095947e-01 3.738942444324493408e-01 5.858573596924543381e-03
4.731708168983459473e-01 3.716319203376770020e-01 8.058421313762664795e-03
4.800732731819152832e-01 3.701403737068176270e-01 1.082306727766990662e-02
4.022443592548370361e-01 3.350659310817718506e-01 3.338611871004104614e-02
4.742875695228576660e-01 3.548736572265625000e-01 6.919925101101398468e-03
4.643417596817016602e-01 3.486548364162445068e-01 4.732049070298671722e-03
4.543178379535675049e-01 3.464768826961517334e-01 4.669072106480598450e-03
4.441498219966888428e-01 3.478093743324279785e-01 6.728765089064836502e-03
4.375046193599700928e-01 3.512649536132812500e-01 9.819832630455493927e-03
3.826761841773986816e-01 3.308968544006347656e-01 9.011407196521759033e-02
4.375815391540527344e-01 3.670204281806945801e-01 1.123938336968421936e-02
5.055519938468933105e-01 5.003833174705505371e-01 -3.161768987774848938e-02
4.689374566078186035e-01 5.038010478019714355e-01 -2.308840863406658173e-02
4.833232164382934570e-01 4.683701097965240479e-01 -3.353603184223175049e-02
4.904735386371612549e-01 4.997175335884094238e-01 -3.154583647847175598e-02
5.174584984779357910e-01 3.569601476192474365e-01 -1.532703451812267303e-02
4.176367819309234619e-01 5.971569418907165527e-01 2.105420827865600586e-02
4.313856959342956543e-01 6.155974864959716797e-01 1.045950129628181458e-02
4.669155180454254150e-01 6.484122276306152344e-01 -1.133003551512956619e-02
3.901857733726501465e-01 5.674515962600708008e-01 6.992914527654647827e-02
4.811070561408996582e-01 3.630669713020324707e-01 9.473391808569431305e-03
4.956389367580413818e-01 4.054034054279327393e-01 -2.723992802202701569e-02
4.919034242630004883e-01 6.547117233276367188e-01 -1.284913159906864166e-02
4.470606744289398193e-01 6.493688225746154785e-01 1.031328178942203522e-02
3.776480555534362793e-01 4.791930913925170898e-01 6.656026840209960938e-02
4.844196140766143799e-01 5.445306897163391113e-01 -2.002607099711894989e-02
4.813841581344604492e-01 5.506369471549987793e-01 -2.205069549381732941e-02
4.784224629402160645e-01 5.585567951202392578e-01 -2.433184906840324402e-02
4.759934842586517334e-01 5.673615336418151855e-01 -2.317405492067337036e-02
4.663701653480529785e-01 5.864375829696655273e-01 -1.558800507336854935e-02
4.688467681407928467e-01 5.401341319084167480e-01 -1.345992553979158401e-02
4.661362171173095703e-01 5.387769937515258789e-01 -1.361213531345129013e-02
4.637800753116607666e-01 5.370198488235473633e-01 -1.364341378211975098e-02
4.474299848079681396e-01 5.251482129096984863e-01 -1.141656469553709030e-02
4.059367477893829346e-01 4.811834394931793213e-01 1.040160469710826874e-02
4.964504241943359375e-01 3.895213901996612549e-01 -1.592601835727691650e-02
4.937779605388641357e-01 3.543199896812438965e-01 4.552042577415704727e-03
4.864606559276580811e-01 3.561547994613647461e-01 8.129448629915714264e-03
4.710977375507354736e-01 5.411456823348999023e-01 -1.247388962656259537e-02
4.009611010551452637e-01 5.233933925628662109e-01 2.525407075881958008e-02
5.042903423309326172e-01 3.538998961448669434e-01 -8.975175209343433380e-03
4.585200846195220947e-01 6.006624698638916016e-01 -1.021926477551460266e-02
5.139916539192199707e-01 4.113275408744812012e-01 -4.691576585173606873e-02
5.043615698814392090e-01 3.973480761051177979e-01 -3.350822627544403076e-02
5.149694085121154785e-01 3.951701521873474121e-01 -3.538354113698005676e-02
4.859592020511627197e-01 4.308379888534545898e-01 -2.901519834995269775e-02
4.933973848819732666e-01 6.369942426681518555e-01 -1.767634227871894836e-02
4.949865341186523438e-01 6.169363260269165039e-01 -1.649164594709873199e-02
4.759933054447174072e-01 6.126402020454406738e-01 -1.528093498200178146e-02
4.354419708251953125e-01 5.649722814559936523e-01 -2.492330095265060663e-04
4.592522680759429932e-01 4.744940698146820068e-01 -1.185958180576562881e-02
4.451581537723541260e-01 5.850015878677368164e-01 -5.004090722650289536e-03
4.328000545501708984e-01 4.682572185993194580e-01 -8.842457085847854614e-03
4.471180438995361328e-01 4.896503686904907227e-01 -1.152416598051786423e-02
4.212361276149749756e-01 4.949870705604553223e-01 -1.715254969894886017e-03
4.704690277576446533e-01 6.313024163246154785e-01 -1.580828242003917694e-02
4.783881008625030518e-01 4.406103491783142090e-01 -2.199096791446208954e-02
4.239054620265960693e-01 5.774862766265869141e-01 9.295977652072906494e-03
4.370157122611999512e-01 5.980638265609741211e-01 2.591165713965892792e-03
4.291008114814758301e-01 5.418716669082641602e-01 7.043656078167259693e-04
3.910182118415832520e-01 5.011448264122009277e-01 3.506709262728691101e-02
4.138994216918945312e-01 5.437904596328735352e-01 1.093688048422336578e-02
3.821291923522949219e-01 5.152419805526733398e-01 6.001890823245048523e-02
4.366872906684875488e-01 5.108068585395812988e-01 -7.503001019358634949e-03
4.874267280101776123e-01 4.163758456707000732e-01 -2.070903778076171875e-02
4.855850040912628174e-01 4.619452655315399170e-01 -4.693603143095970154e-02
4.786623418331146240e-01 4.668689072132110596e-01 -3.531152009963989258e-02
4.909722805023193359e-01 4.507160186767578125e-01 -5.424033850431442261e-02
4.865467250347137451e-01 3.339168727397918701e-01 1.220446662046015263e-03
4.688279628753662109e-01 3.184206187725067139e-01 -1.149512594565749168e-03
4.524197578430175781e-01 3.141304850578308105e-01 -1.271425746381282806e-03
4.379501938819885254e-01 3.172120451927185059e-01 2.242346527054905891e-03
4.269883632659912109e-01 3.257209062576293945e-01 8.281125687062740326e-03
4.157958328723907471e-01 3.602311015129089355e-01 2.388682775199413300e-02
3.767299950122833252e-01 4.048015475273132324e-01 6.999865919351577759e-02
4.213917255401611328e-01 3.862079977989196777e-01 1.395137514919042587e-02
4.326045811176300049e-01 3.926555216312408447e-01 7.634347304701805115e-03
4.480892121791839600e-01 3.946449160575866699e-01 3.735922975465655327e-03
4.634523093700408936e-01 3.923786878585815430e-01 2.454921603202819824e-03
4.760971963405609131e-01 3.875133991241455078e-01 3.375656669959425926e-03
4.851813316345214844e-01 3.825667798519134521e-01 3.393397666513919830e-03
3.731675744056701660e-01 4.067296385765075684e-01 1.114497780799865723e-01
4.782991409301757812e-01 4.721653461456298828e-01 -2.989731729030609131e-02
4.947982430458068848e-01 4.197051525115966797e-01 -3.702208027243614197e-02
4.930496215820312500e-01 4.629681110382080078e-01 -5.530557036399841309e-02
4.979628324508666992e-01 4.724816381931304932e-01 -5.080927163362503052e-02
4.928170144557952881e-01 4.661949872970581055e-01 -4.996024072170257568e-02
4.807163774967193604e-01 4.779317378997802734e-01 -2.609703131020069122e-02
4.999037683010101318e-01 4.740448594093322754e-01 -5.375842750072479248e-02
5.004380941390991211e-01 4.786642193794250488e-01 -4.067540541291236877e-02
4.876368641853332520e-01 3.687697052955627441e-01 9.793999604880809784e-03
4.930242598056793213e-01 3.733752965927124023e-01 3.219585400074720383e-03
4.964684844017028809e-01 3.759241998195648193e-01 -4.530199803411960602e-03
4.336250722408294678e-01 3.541507422924041748e-01 1.329512801021337509e-02
4.264046847820281982e-01 3.432039022445678711e-01 1.354657858610153198e-02
5.231073498725891113e-01 4.153372049331665039e-01 -4.252471029758453369e-02
5.945850610733032227e-01 3.834626376628875732e-01 2.354827895760536194e-02
5.176627635955810547e-01 4.789417982101440430e-01 -3.982654586434364319e-02
6.337838172912597656e-01 3.343853354454040527e-01 8.378440141677856445e-02
5.617308020591735840e-01 3.940327763557434082e-01 9.643827565014362335e-03
5.727573037147521973e-01 3.970386981964111328e-01 1.103679556399583817e-02
5.832913517951965332e-01 3.982018530368804932e-01 1.474843733012676239e-02
5.982329845428466797e-01 3.905932605266571045e-01 2.504930645227432251e-02
5.524457097053527832e-01 3.890672326087951660e-01 1.061695627868175507e-02
5.820564627647399902e-01 3.437666893005371094e-01 8.485591039061546326e-03
5.686572790145874023e-01 3.451596498489379883e-01 7.861232385039329529e-03
5.940555334091186523e-01 3.480246067047119141e-01 1.249044295400381088e-02
6.012661457061767578e-01 3.568140566349029541e-01 1.707082241773605347e-02
6.053548455238342285e-01 4.036643803119659424e-01 3.052187711000442505e-02
5.371277928352355957e-01 6.271073818206787109e-01 -2.311829943209886551e-03
5.989466309547424316e-01 3.788065016269683838e-01 2.760546654462814331e-02
6.370352506637573242e-01 4.056411683559417725e-01 8.305045217275619507e-02
6.178279519081115723e-01 3.927100300788879395e-01 4.326700419187545776e-02
5.637966990470886230e-01 4.668120145797729492e-01 -4.923617932945489883e-03
5.185477733612060547e-01 5.260729789733886719e-01 -3.354282304644584656e-02
5.155271887779235840e-01 5.404899716377258301e-01 -2.912687696516513824e-02
5.302006006240844727e-01 5.334158539772033691e-01 -2.629115059971809387e-02
5.370636582374572754e-01 5.411534309387207031e-01 -1.754816249012947083e-02
5.245400667190551758e-01 5.426838397979736328e-01 -2.396369352936744690e-02
5.311536788940429688e-01 5.459849834442138672e-01 -1.587031409144401550e-02
5.486941933631896973e-01 5.739541649818420410e-01 -3.575511509552598000e-04
5.187721252441406250e-01 4.685431420803070068e-01 -5.952131003141403198e-02
5.219020843505859375e-01 4.523419141769409180e-01 -6.222553923726081848e-02
6.162055730819702148e-01 3.422830402851104736e-01 2.296295017004013062e-02
5.448450446128845215e-01 4.212003350257873535e-01 -5.125415045768022537e-03
5.420934557914733887e-01 4.712714850902557373e-01 -3.019397146999835968e-02
5.437860488891601562e-01 4.630135595798492432e-01 -2.646629326045513153e-02
5.970245003700256348e-01 4.711063802242279053e-01 1.119147241115570068e-02
5.227256417274475098e-01 4.322413802146911621e-01 -5.436446145176887512e-02
5.932772755622863770e-01 3.190932273864746094e-01 3.138896077871322632e-03
6.075116395950317383e-01 3.269697725772857666e-01 1.259998045861721039e-02
6.258056163787841797e-01 3.030396699905395508e-01 6.252496689558029175e-02
5.431357026100158691e-01 3.325036764144897461e-01 -9.578607976436614990e-03
5.567122101783752441e-01 3.526759147644042969e-01 1.033533830195665359e-02
5.580023527145385742e-01 5.584273934364318848e-01 3.262692596763372421e-03
6.140132546424865723e-01 5.631476640701293945e-01 1.034204587340354919e-01
5.324203372001647949e-01 4.793205261230468750e-01 -2.691276930272579193e-02
5.237312316894531250e-01 4.827438890933990479e-01 -2.902360260486602783e-02
5.441696047782897949e-01 5.549547076225280762e-01 1.290276995860040188e-03
5.413181781768798828e-01 5.538674592971801758e-01 -2.225054427981376648e-03
6.135582923889160156e-01 3.171474039554595947e-01 1.887952908873558044e-02
5.412958264350891113e-01 4.796335101127624512e-01 -2.443870902061462402e-02
5.727721452713012695e-01 3.198428750038146973e-01 -4.536949098110198975e-03
5.756697058677673340e-01 3.067330718040466309e-01 -5.976194515824317932e-03
5.877094864845275879e-01 2.579208016395568848e-01 1.866127550601959229e-02
6.189539432525634766e-01 3.144394457340240479e-01 3.757879137992858887e-02
5.802516341209411621e-01 2.843783497810363770e-01 5.748943891376256943e-03
6.224068403244018555e-01 3.370212316513061523e-01 3.352770954370498657e-02
6.276544928550720215e-01 3.403796553611755371e-01 5.697852745652198792e-02
5.173659920692443848e-01 5.341150164604187012e-01 -3.260399028658866882e-02
5.273877978324890137e-01 5.386201143264770508e-01 -2.571654133498668671e-02
5.342758297920227051e-01 5.437863469123840332e-01 -1.773808710277080536e-02
5.294131040573120117e-01 4.822291731834411621e-01 -2.481256425380706787e-02
5.426918864250183105e-01 5.544960498809814453e-01 -6.316812359727919102e-04
5.389881730079650879e-01 5.580418109893798828e-01 -7.675596978515386581e-03
5.397815704345703125e-01 5.532193779945373535e-01 -2.593907993286848068e-03
5.289745926856994629e-01 4.714308083057403564e-01 -4.211375117301940918e-02
5.287675261497497559e-01 5.472347140312194824e-01 -1.429018657654523849e-02
5.222685933113098145e-01 5.451615452766418457e-01 -1.983132772147655487e-02
5.140253305435180664e-01 5.442141294479370117e-01 -2.446594834327697754e-02
5.116395354270935059e-01 6.007343530654907227e-01 -1.510030403733253479e-02
5.164003372192382812e-01 5.818300247192382812e-01 -2.502735704183578491e-02
5.162100791931152344e-01 5.710809230804443359e-01 -2.611687034368515015e-02
5.153470039367675781e-01 5.595983862876892090e-01 -2.335551939904689789e-02
5.139313936233520508e-01 5.507922172546386719e-01 -2.153896540403366089e-02
5.285937786102294922e-01 5.511800646781921387e-01 -1.204726845026016235e-02
5.314995646476745605e-01 5.563493967056274414e-01 -1.394111383706331253e-02
5.344780087471008301e-01 5.626162290573120117e-01 -1.576636545360088348e-02
5.368815064430236816e-01 5.690755248069763184e-01 -1.394081488251686096e-02
5.487326979637145996e-01 5.259649157524108887e-01 -1.292056217789649963e-02
6.313759684562683105e-01 4.808698296546936035e-01 1.251337379217147827e-01
5.334075689315795898e-01 5.517830848693847656e-01 -6.348832976073026657e-03
5.362223386764526367e-01 5.548694133758544922e-01 -7.696434855461120605e-03
5.204035043716430664e-01 4.886757135391235352e-01 -2.994751930236816406e-02
5.364218354225158691e-01 4.893867969512939453e-01 -1.721516251564025879e-02
5.219876170158386230e-01 4.858134090900421143e-01 -2.971263974905014038e-02
5.555718541145324707e-01 4.330950379371643066e-01 -1.268771244212985039e-03
5.730568170547485352e-01 4.471426904201507568e-01 2.359458943828940392e-03
5.446239709854125977e-01 4.714582562446594238e-01 -2.038997784256935120e-02
6.117722988128662109e-01 2.770949602127075195e-01 3.925839811563491821e-02
6.042957305908203125e-01 2.952300012111663818e-01 2.087707817554473877e-02
5.978689193725585938e-01 3.068437576293945312e-01 6.046851165592670441e-03
5.392888188362121582e-01 5.849040150642395020e-01 -6.305532529950141907e-03
5.486732721328735352e-01 3.108138442039489746e-01 -1.268650963902473450e-02
5.541367530822753906e-01 2.799032330513000488e-01 -3.652524668723344803e-03
5.602257847785949707e-01 2.467682361602783203e-01 5.717960651963949203e-03
5.925403237342834473e-01 3.964528441429138184e-01 2.011374384164810181e-02
6.157710552215576172e-01 4.179288744926452637e-01 3.665399178862571716e-02
5.462757945060729980e-01 3.842513561248779297e-01 1.223767641931772232e-02
6.102467775344848633e-01 3.669529557228088379e-01 2.737896703183650970e-02
5.382516980171203613e-01 4.085509777069091797e-01 -9.009876288473606110e-03
5.370248556137084961e-01 4.625936746597290039e-01 -4.126352444291114807e-02
6.274974346160888672e-01 4.347543716430664062e-01 4.896071553230285645e-02
6.077434420585632324e-01 4.285939633846282959e-01 2.536182478070259094e-02
5.932824611663818359e-01 4.326570928096771240e-01 1.385966129601001740e-02
5.723553299903869629e-01 4.265556037425994873e-01 8.091521449387073517e-03
5.573568344116210938e-01 4.171834886074066162e-01 5.123624112457036972e-03
5.462643504142761230e-01 4.077720940113067627e-01 1.953189261257648468e-03
5.261443853378295898e-01 3.834706842899322510e-01 -1.991775259375572205e-02
6.233478188514709473e-01 4.699502289295196533e-01 4.375592246651649475e-02
6.179047226905822754e-01 3.662750422954559326e-01 3.358890488743782043e-02
5.140224695205688477e-01 4.770486950874328613e-01 -5.452067404985427856e-02
5.425291061401367188e-01 4.371639490127563477e-01 -1.102232001721858978e-02
6.382337808609008789e-01 4.068238139152526855e-01 1.218563690781593323e-01
5.381838679313659668e-01 3.975461721420288086e-01 5.166796036064624786e-04
5.452347993850708008e-01 4.733281731605529785e-01 -9.231694042682647705e-03
6.033949255943298340e-01 3.800489008426666260e-01 2.990688569843769073e-02
5.383533835411071777e-01 4.525460004806518555e-01 -3.653143346309661865e-02
6.247647404670715332e-01 5.210120677947998047e-01 1.173037886619567871e-01
5.466560125350952148e-01 3.783259391784667969e-01 1.559189334511756897e-02
5.311264991760253906e-01 4.402827918529510498e-01 -4.746845364570617676e-02
5.883544087409973145e-01 5.977039337158203125e-01 4.109417647123336792e-02
5.871371626853942871e-01 6.178849935531616211e-01 6.068342924118041992e-02
6.329628229141235352e-01 4.765029251575469971e-01 8.428713679313659668e-02
6.034399867057800293e-01 5.775326490402221680e-01 5.622462928295135498e-02
6.325939893722534180e-01 3.709343671798706055e-01 7.352285832166671753e-02
5.386939048767089844e-01 6.446474194526672363e-01 3.297012532129883766e-03
5.120187997817993164e-01 4.813311696052551270e-01 -4.012674838304519653e-02
5.511912107467651367e-01 4.516630768775939941e-01 -7.120339199900627136e-03
6.259437203407287598e-01 3.982024788856506348e-01 5.497872456908226013e-02
5.834348201751708984e-01 3.875539600849151611e-01 1.613785512745380402e-02
5.739985108375549316e-01 3.872315883636474609e-01 1.288663689047098160e-02
5.415372848510742188e-01 5.613075494766235352e-01 -5.862601567059755325e-03
6.181125640869140625e-01 5.036056041717529297e-01 4.515245184302330017e-02
5.162645578384399414e-01 6.666461825370788574e-01 5.432954523712396622e-03
5.531036853790283203e-01 6.481763124465942383e-01 2.970467135310173035e-02
5.691700577735900879e-01 6.360438466072082520e-01 4.331014305353164673e-02
5.646471977233886719e-01 3.849436044692993164e-01 1.202632300555706024e-02
5.557426214218139648e-01 3.817841708660125732e-01 1.330461539328098297e-02
5.496640801429748535e-01 3.801146149635314941e-01 1.552121527493000031e-02
6.247992515563964844e-01 3.650093674659729004e-01 4.575938358902931213e-02
5.585191845893859863e-01 3.680812716484069824e-01 1.232853066176176071e-02
5.687973499298095703e-01 3.636994659900665283e-01 1.109809335321187973e-02
5.786795616149902344e-01 3.631404340267181396e-01 1.206038612872362137e-02
5.881422758102416992e-01 3.664599359035491943e-01 1.509011536836624146e-02
5.937037467956542969e-01 3.714409768581390381e-01 1.881398260593414307e-02
6.377933025360107422e-01 3.672186136245727539e-01 1.057597696781158447e-01
5.899736881256103516e-01 3.859914839267730713e-01 2.009765245020389557e-02
5.396913290023803711e-01 5.142740011215209961e-01 -1.893642917275428772e-02
5.329432487487792969e-01 4.760435521602630615e-01 -3.076088801026344299e-02
5.203192234039306641e-01 5.042253732681274414e-01 -2.983017824590206146e-02
5.719451904296875000e-01 6.164363026618957520e-01 2.899318188428878784e-02
5.561074614524841309e-01 6.305382251739501953e-01 1.668809913098812103e-02
5.172849893569946289e-01 6.542767882347106934e-01 -8.779095485806465149e-03
6.010642647743225098e-01 5.956436395645141602e-01 8.266676217317581177e-02
5.505066514015197754e-01 3.742359280586242676e-01 1.430298388004302979e-02
5.312167406082153320e-01 4.105442166328430176e-01 -2.497099339962005615e-02
5.360693335533142090e-01 6.589702367782592773e-01 1.552315056324005127e-02
6.264326572418212891e-01 5.135722756385803223e-01 8.012276887893676758e-02
5.221369862556457520e-01 5.508309602737426758e-01 -1.709356158971786499e-02
5.247479677200317383e-01 5.582667589187622070e-01 -1.904942095279693604e-02
5.269575715065002441e-01 5.674924850463867188e-01 -2.119027450680732727e-02
5.283858776092529297e-01 5.775002241134643555e-01 -1.993717253208160400e-02
5.270898342132568359e-01 5.945196747779846191e-01 -1.201575901359319687e-02
5.362129807472229004e-01 5.496215820312500000e-01 -8.614163845777511597e-03
5.390547513961791992e-01 5.491551756858825684e-01 -8.281053043901920319e-03
5.416548252105712891e-01 5.480325818061828613e-01 -8.028617128729820251e-03
5.550769567489624023e-01 5.411896705627441406e-01 -4.688734654337167740e-03
6.020943522453308105e-01 5.093318819999694824e-01 2.145110443234443665e-02
5.321121215820312500e-01 3.947212398052215576e-01 -1.362848374992609024e-02
5.395798683166503906e-01 3.636056482791900635e-01 7.451144512742757797e-03
5.459694266319274902e-01 3.666417598724365234e-01 1.232979353517293930e-02
5.336506962776184082e-01 5.498168468475341797e-01 -7.675332948565483093e-03
5.997384786605834961e-01 5.512231588363647461e-01 3.628879040479660034e-02
5.298425555229187012e-01 3.613599240779876709e-01 -7.142135873436927795e-03
5.326315760612487793e-01 6.100618839263916016e-01 -6.339874584227800369e-03
5.247396230697631836e-01 4.002211093902587891e-01 -3.231198340654373169e-02
5.362667441368103027e-01 4.382809996604919434e-01 -2.601352334022521973e-02
5.141823291778564453e-01 6.174285411834716797e-01 -1.347570586949586868e-02
5.598489046096801758e-01 5.819317698478698730e-01 6.581459194421768188e-03
5.533321499824523926e-01 4.882014393806457520e-01 -6.547884549945592880e-03
5.475260019302368164e-01 5.983495712280273438e-01 3.241950762458145618e-04
5.792748928070068359e-01 4.895778894424438477e-01 -5.588812055066227913e-04
5.620508790016174316e-01 5.064618587493896484e-01 -4.905765876173973083e-03
5.854958295822143555e-01 5.186925530433654785e-01 7.630962412804365158e-03
5.166627764701843262e-01 6.369938850402832031e-01 -1.346219237893819809e-02
5.413816571235656738e-01 4.498192071914672852e-01 -1.824381016194820404e-02
5.691398978233337402e-01 5.964045524597167969e-01 1.693507656455039978e-02
5.535795688629150391e-01 6.127204895019531250e-01 8.463759906589984894e-03
5.698863267898559570e-01 5.619011521339416504e-01 8.972648531198501587e-03
6.123188734054565430e-01 5.322533845901489258e-01 4.736194759607315063e-02
5.843104720115661621e-01 5.672883987426757812e-01 2.033032104372978210e-02
6.174684762954711914e-01 5.476372241973876953e-01 7.304850220680236816e-02
5.680449604988098145e-01 5.300869941711425781e-01 2.296660240972414613e-04
5.366169214248657227e-01 4.235818088054656982e-01 -1.744742505252361298e-02
5.327211022377014160e-01 4.691154658794403076e-01 -4.404658451676368713e-02
5.379223823547363281e-01 4.758628010749816895e-01 -3.200080618262290955e-02
5.301852226257324219e-01 4.565481245517730713e-01 -5.207571014761924744e-02
5.503028631210327148e-01 3.470125198364257812e-01 5.179332103580236435e-03
5.700366497039794922e-01 3.358098268508911133e-01 4.586278460919857025e-03
5.866683125495910645e-01 3.346801400184631348e-01 6.280960049480199814e-03
5.995297431945800781e-01 3.402303457260131836e-01 1.135513745248317719e-02
6.076471805572509766e-01 3.505724370479583740e-01 1.845051348209381104e-02
6.094636917114257812e-01 3.861924707889556885e-01 3.470178321003913879e-02
6.367335915565490723e-01 4.407639503479003906e-01 8.435128629207611084e-02
5.991699099540710449e-01 4.100791811943054199e-01 2.400893904268741608e-02
5.874658226966857910e-01 4.134183526039123535e-01 1.646920852363109589e-02
5.729233622550964355e-01 4.107807576656341553e-01 1.109134871512651443e-02
5.592758059501647949e-01 4.047585427761077881e-01 8.343373425304889679e-03
5.487129092216491699e-01 3.979728817939758301e-01 7.832366973161697388e-03
5.415004491806030273e-01 3.915463089942932129e-01 7.023112382739782333e-03
6.352017521858215332e-01 4.436103105545043945e-01 1.275743991136550903e-01
5.368992686271667480e-01 4.809693396091461182e-01 -2.663555368781089783e-02
5.303945541381835938e-01 4.248619377613067627e-01 -3.467888757586479187e-02
5.259730219841003418e-01 4.678569734096527100e-01 -5.346317961812019348e-02
5.190784335136413574e-01 4.757086038589477539e-01 -4.972794279456138611e-02
5.250877141952514648e-01 4.711976945400238037e-01 -4.806976392865180969e-02
5.333330631256103516e-01 4.858053624629974365e-01 -2.332879230380058289e-02
5.172763466835021973e-01 4.766549766063690186e-01 -5.287701264023780823e-02
5.152649283409118652e-01 4.809022545814514160e-01 -3.995736688375473022e-02
5.425103902816772461e-01 3.781981766223907471e-01 1.351452060043811798e-02
5.363131761550903320e-01 3.813647031784057617e-01 6.109426729381084442e-03
5.325837135314941406e-01 3.835024237632751465e-01 -2.157117240130901337e-03
5.967257022857666016e-01 3.753710687160491943e-01 2.265948615968227386e-02
6.049590110778808594e-01 3.670853376388549805e-01 2.349575422704219818e-02
4.536581337451934814e-01 3.594462275505065918e-01 9.282758459448814392e-03
4.652884900569915771e-01 3.605779111385345459e-01 9.282758459448814392e-03
4.548172950744628906e-01 3.445058763027191162e-01 9.282758459448814392e-03
4.418421685695648193e-01 3.582696318626403809e-01 9.282758459448814392e-03
4.524060487747192383e-01 3.741888403892517090e-01 9.282758459448814392e-03
5.762563943862915039e-01 3.758521974086761475e-01 1.644209399819374084e-02
5.878110527992248535e-01 3.774150609970092773e-01 1.644209399819374084e-02
5.774921178817749023e-01 3.608871698379516602e-01 1.644209399819374084e-02
5.646853446960449219e-01 3.742387890815734863e-01 1.644209399819374084e-02
5.750621557235717773e-01 3.908382654190063477e-01 1.644209399819374084e-02
