5.063343644142150879e-01 5.303893685340881348e-01 -3.412091732025146484e-02
5.111062526702880859e-01 4.653822481632232666e-01 -5.776271969079971313e-02
5.085417032241821289e-01 4.846081137657165527e-01 -3.177569061517715454e-02
5.052868127822875977e-01 4.135542511940002441e-01 -4.149389639496803284e-02
5.125504732131958008e-01 4.488222301006317139e-01 -6.081535294651985168e-02
5.138954520225524902e-01 4.284384548664093018e-01 -5.560223758220672607e-02
5.165875554084777832e-01 3.799858987331390381e-01 -2.376727946102619171e-02
4.325606524944305420e-01 3.694568276405334473e-01 1.488457433879375458e-02
5.190742611885070801e-01 3.394683599472045898e-01 -1.460849307477474213e-02
5.206137299537658691e-01 3.178569078445434570e-01 -1.529793627560138702e-02
5.249117612838745117e-01 2.482471466064453125e-01 8.186111226677894592e-04
5.058676004409790039e-01 5.357575416564941406e-01 -3.300159052014350891e-02
5.051221251487731934e-01 5.409156084060668945e-01 -2.960330434143543243e-02
5.044402480125427246e-01 5.445093512535095215e-01 -2.487562224268913269e-02
5.040865540504455566e-01 5.449008345603942871e-01 -2.309591695666313171e-02
5.036781430244445801e-01 5.532578229904174805e-01 -2.500392869114875793e-02
5.028744339942932129e-01 5.635955929756164551e-01 -2.746660821139812469e-02
5.018559098243713379e-01 5.739040374755859375e-01 -2.611109986901283264e-02
4.974660873413085938e-01 5.949405431747436523e-01 -1.649337634444236755e-02
5.100855827331542969e-01 4.745889306068420410e-01 -5.260148271918296814e-02
5.000895857810974121e-01 4.743607938289642334e-01 -3.840781375765800476e-02
3.939955830574035645e-01 3.114899694919586182e-01 6.790805608034133911e-02
4.667782187461853027e-01 3.824176192283630371e-01 4.485685843974351883e-03
4.540027976036071777e-01 3.843810558319091797e-01 4.901241511106491089e-03
4.420328736305236816e-01 3.837294876575469971e-01 7.591412868350744247e-03
4.265595674514770508e-01 3.743134140968322754e-01 1.604103855788707733e-02
4.780239164829254150e-01 3.771775960922241211e-01 6.322347093373537064e-03
4.547392725944519043e-01 3.357760310173034668e-01 1.375380204990506172e-03
4.682969450950622559e-01 3.385274410247802734e-01 2.260529669001698494e-03
4.417127966880798340e-01 3.375688195228576660e-01 4.404584877192974091e-03
4.326695501804351807e-01 3.437886834144592285e-01 8.409109897911548615e-03
4.156641364097595215e-01 3.838506340980529785e-01 2.059069275856018066e-02
4.536082148551940918e-01 6.153051257133483887e-01 -6.381325889378786087e-03
4.283874630928039551e-01 3.667341470718383789e-01 1.834718324244022369e-02
3.832835555076599121e-01 3.795819580554962158e-01 6.842041760683059692e-02
4.049395322799682617e-01 3.708050847053527832e-01 3.173588588833808899e-02
4.552151262760162354e-01 4.532641470432281494e-01 -9.110791608691215515e-03
4.938728511333465576e-01 5.248759984970092773e-01 -3.303425759077072144e-02
4.940382242202758789e-01 5.385422706604003906e-01 -2.850417420268058777e-02
4.807003736495971680e-01 5.292224287986755371e-01 -2.730745635926723480e-02
4.715331196784973145e-01 5.346173048019409180e-01 -1.984521187841892242e-02
4.840356111526489258e-01 5.384558439254760742e-01 -2.459032833576202393e-02
4.758377075195312500e-01 5.397961139678955078e-01 -1.764570176601409912e-02
4.495715498924255371e-01 5.588620901107788086e-01 -4.835972562432289124e-03
5.021448135375976562e-01 4.640772640705108643e-01 -5.701922997832298279e-02
5.018794536590576172e-01 4.482244849205017090e-01 -5.978121235966682434e-02
4.180293083190917969e-01 3.251141905784606934e-01 1.222471334040164948e-02
4.805824160575866699e-01 4.147228002548217773e-01 -7.773442659527063370e-03
4.773458242416381836e-01 4.614029228687286377e-01 -3.132232651114463806e-02
4.767094850540161133e-01 4.534717798233032227e-01 -2.784173935651779175e-02
4.213446080684661865e-01 4.496712088584899902e-01 3.055620007216930389e-03
5.037400722503662109e-01 4.293577969074249268e-01 -5.266932770609855652e-02
4.488145112991333008e-01 3.057117760181427002e-01 -4.433699883520603180e-03
4.313772916793823242e-01 3.124346733093261719e-01 3.166620386764407158e-03
4.099879860877990723e-01 2.835838496685028076e-01 4.865097627043724060e-02
4.985890090465545654e-01 3.224456310272216797e-01 -1.237782835960388184e-02
4.796561300754547119e-01 3.454719185829162598e-01 5.613891873508691788e-03
4.429733157157897949e-01 5.418273210525512695e-01 -2.112312009558081627e-03
3.846651613712310791e-01 5.368785858154296875e-01 8.843739330768585205e-02
4.849257767200469971e-01 4.711542725563049316e-01 -2.729096449911594391e-02
4.926920831203460693e-01 4.767319858074188232e-01 -2.838439308106899261e-02
4.601971805095672607e-01 5.438773632049560547e-01 -3.157898318022489548e-03
4.629326462745666504e-01 5.435574054718017578e-01 -6.015596911311149597e-03
4.265291690826416016e-01 3.016313314437866211e-01 8.850092068314552307e-03
4.761787950992584229e-01 4.695928692817687988e-01 -2.575438283383846283e-02
4.706340730190277100e-01 3.075088858604431152e-01 -9.623122401535511017e-03
4.703409373760223389e-01 2.941464781761169434e-01 -1.095876656472682953e-02
4.605751633644104004e-01 2.495008111000061035e-01 1.105985138565301895e-02
4.189473986625671387e-01 2.981603145599365234e-01 2.628145553171634674e-02
4.659231007099151611e-01 2.773088812828063965e-01 -3.459051731624640524e-05
4.120210409164428711e-01 3.183204829692840576e-01 2.178967744112014771e-02
4.038530886173248291e-01 3.208729028701782227e-01 4.394203796982765198e-02
4.937636256217956543e-01 5.325662493705749512e-01 -3.204545751214027405e-02
4.823841750621795654e-01 5.343320965766906738e-01 -2.650427259504795074e-02
4.736661016941070557e-01 5.373773574829101562e-01 -1.968807727098464966e-02
4.870641827583312988e-01 4.747733175754547119e-01 -2.501519769430160522e-02
4.616115987300872803e-01 5.437825322151184082e-01 -4.661342129111289978e-03
4.661398231983184814e-01 5.463331341743469238e-01 -1.102247461676597595e-02
4.644089639186859131e-01 5.433379411697387695e-01 -6.273332983255386353e-03
4.905999302864074707e-01 4.641852378845214844e-01 -4.176052287220954895e-02
4.772943854331970215e-01 5.413287281990051270e-01 -1.600066758692264557e-02
4.852181673049926758e-01 5.409137010574340820e-01 -2.054954133927822113e-02
4.943143129348754883e-01 5.420995950698852539e-01 -2.407683059573173523e-02
4.829215407371520996e-01 5.922304391860961914e-01 -1.660595834255218506e-02
4.883962571620941162e-01 5.706778764724731445e-01 -2.589535154402256012e-02
4.901039302349090576e-01 5.603773593902587891e-01 -2.690700069069862366e-02
4.920442700386047363e-01 5.502494573593139648e-01 -2.416564896702766418e-02
4.939592778682708740e-01 5.425871014595031738e-01 -2.228592336177825928e-02
4.771056473255157471e-01 5.412784218788146973e-01 -1.456888858228921890e-02
4.743377864360809326e-01 5.450746417045593262e-01 -1.650399900972843170e-02
4.713080227375030518e-01 5.499781370162963867e-01 -1.844142191112041473e-02
4.685187339782714844e-01 5.555886030197143555e-01 -1.683731935918331146e-02
4.590290486812591553e-01 5.129126906394958496e-01 -1.589841209352016449e-02
3.751174211502075195e-01 4.534773826599121094e-01 1.079796627163887024e-01
5.093640685081481934e-01 4.791594743728637695e-01 -3.891613334417343140e-02
4.711197912693023682e-01 5.420294404029846191e-01 -9.599220007658004761e-03
4.687761068344116211e-01 5.440444946289062500e-01 -1.092743966728448868e-02
4.950716495513916016e-01 4.835646450519561768e-01 -2.941843681037425995e-02
4.787982106208801270e-01 4.802726209163665771e-01 -1.830748654901981354e-02
4.939830303192138672e-01 4.801898300647735596e-01 -2.906425110995769501e-02
4.679837226867675781e-01 4.235020875930786133e-01 -5.178450141102075577e-03
4.488138854503631592e-01 4.326196908950805664e-01 -3.219649661332368851e-03
4.741946458816528320e-01 4.613222479820251465e-01 -2.209957130253314972e-02
4.313348233699798584e-01 2.620323002338409424e-01 2.813801355659961700e-02
4.388087987899780273e-01 2.829092741012573242e-01 1.204455364495515823e-02
4.464541673660278320e-01 2.932243943214416504e-01 -1.682540168985724449e-03
4.577960371971130371e-01 5.713691711425781250e-01 -1.004923600703477859e-02
4.979944527149200439e-01 3.004395365715026855e-01 -1.532658841460943222e-02
4.927672743797302246e-01 2.789850234985351562e-01 -6.607912480831146240e-03
4.905401468276977539e-01 2.457922399044036865e-01 1.816773205064237118e-03
4.318416118621826172e-01 3.800433576107025146e-01 1.195299997925758362e-02
4.016022980213165283e-01 3.946576118469238281e-01 2.581523545086383820e-02
4.854433238506317139e-01 3.722002506256103516e-01 8.208003826439380646e-03
4.196044206619262695e-01 3.497572839260101318e-01 1.715651713311672211e-02
4.892733693122863770e-01 4.042791724205017090e-01 -1.097277551889419556e-02
4.843667149543762207e-01 4.541503787040710449e-01 -4.136347770690917969e-02
3.933011889457702637e-01 4.090220034122467041e-01 3.660549595952033997e-02
4.073082804679870605e-01 4.061744511127471924e-01 1.566932722926139832e-02
4.217003881931304932e-01 4.133000075817108154e-01 5.923602264374494553e-03
4.456878304481506348e-01 4.118137657642364502e-01 2.090425929054617882e-03
4.638262093067169189e-01 4.054097235202789307e-01 6.235071341507136822e-04
4.777880311012268066e-01 3.979738354682922363e-01 -1.231619622558355331e-03
5.057635307312011719e-01 3.829359412193298340e-01 -2.021645195782184601e-02
3.935502767562866211e-01 4.434269666671752930e-01 3.202009946107864380e-02
4.108287394046783447e-01 3.464270234107971191e-01 2.240272052586078644e-02
5.048206448554992676e-01 4.734576642513275146e-01 -5.213141068816184998e-02
4.806570708751678467e-01 4.300792813301086426e-01 -1.312218047678470612e-02
3.767003417015075684e-01 3.797504901885986328e-01 1.035121977329254150e-01
4.886696040630340576e-01 3.894894421100616455e-01 -1.987546449527144432e-03
4.726563692092895508e-01 4.631339907646179199e-01 -1.149415224790573120e-02
4.235801994800567627e-01 3.638416528701782227e-01 2.005655877292156219e-02
4.842170476913452148e-01 4.447107315063476562e-01 -3.693933039903640747e-02
3.780799210071563721e-01 4.940628111362457275e-01 1.011437550187110901e-01
4.865026175975799561e-01 3.675397336483001709e-01 1.113471668213605881e-02
4.938063025474548340e-01 4.349494874477386475e-01 -4.677677154541015625e-02
4.078577756881713867e-01 5.756422877311706543e-01 3.194363042712211609e-02
4.057070910930633545e-01 5.961174368858337402e-01 4.960727691650390625e-02
3.796777725219726562e-01 4.489478468894958496e-01 7.028081268072128296e-02
3.958654999732971191e-01 5.526190996170043945e-01 4.545281827449798584e-02
3.930201828479766846e-01 3.478142023086547852e-01 5.947154015302658081e-02
4.489397108554840088e-01 6.329678893089294434e-01 -1.117943436838686466e-03
5.053184628486633301e-01 4.781338870525360107e-01 -3.827577456831932068e-02
4.697886109352111816e-01 4.418574273586273193e-01 -1.005776692181825638e-02
3.949976563453674316e-01 3.740829527378082275e-01 4.230719432234764099e-02
4.449291825294494629e-01 3.734287321567535400e-01 8.759271353483200073e-03
4.556419253349304199e-01 3.745260238647460938e-01 6.458577699959278107e-03
4.635573029518127441e-01 5.490291118621826172e-01 -9.429494850337505341e-03
3.938270509243011475e-01 4.771333634853363037e-01 3.384077921509742737e-02
4.673232734203338623e-01 6.590846776962280273e-01 1.921314164064824581e-03
4.342864155769348145e-01 6.342443823814392090e-01 2.222061716020107269e-02
4.207363724708557129e-01 6.185421943664550781e-01 3.412922844290733337e-02
5.227347612380981445e-01 2.831309437751770020e-01 -7.929235696792602539e-03
4.916883409023284912e-01 6.647263765335083008e-01 -2.596208360046148300e-04
4.662304520606994629e-01 3.730848729610443115e-01 6.398632191121578217e-03
4.765875935554504395e-01 3.697038292884826660e-01 8.244926109910011292e-03
4.831824004650115967e-01 3.680689632892608643e-01 1.080344058573246002e-02
4.030829370021820068e-01 3.434411287307739258e-01 3.332700580358505249e-02
4.768474102020263672e-01 3.688859045505523682e-01 7.095306180417537689e-03
4.662778973579406738e-01 3.720414936542510986e-01 4.926445428282022476e-03
4.557582736015319824e-01 3.730354905128479004e-01 5.090424325317144394e-03
4.448595643043518066e-01 3.717736899852752686e-01 7.270561996847391129e-03
4.372521340847015381e-01 3.700559139251708984e-01 1.032813638448715210e-02
3.832638263702392578e-01 3.417458236217498779e-01 8.825625479221343994e-02
4.377243518829345703e-01 3.714156448841094971e-01 1.195080019533634186e-02
5.068407058715820312e-01 4.992938339710235596e-01 -2.998213656246662140e-02
4.709696173667907715e-01 5.038392543792724609e-01 -2.080428600311279297e-02
4.852390885353088379e-01 4.677331149578094482e-01 -3.102429583668708801e-02
4.921253025531768799e-01 4.990977346897125244e-01 -2.961549349129199982e-02
5.176282525062561035e-01 3.608219623565673828e-01 -1.503568701446056366e-02
4.207453131675720215e-01 5.980758070945739746e-01 2.144877053797245026e-02
4.340137541294097900e-01 6.157022118568420410e-01 1.077123638242483139e-02
4.685461223125457764e-01 6.461291313171386719e-01 -1.120007783174514771e-02
3.943598270416259766e-01 5.711812973022460938e-01 6.966827809810638428e-02
4.835425019264221191e-01 3.672941327095031738e-01 9.536220692098140717e-03
4.969577491283416748e-01 4.074150919914245605e-01 -2.534739486873149872e-02
4.928619265556335449e-01 6.516025066375732422e-01 -1.316239591687917709e-02
4.492172598838806152e-01 6.482301354408264160e-01 9.909807704389095306e-03
3.814289569854736328e-01 4.861441254615783691e-01 6.680773198604583740e-02
4.848666191101074219e-01 5.411915779113769531e-01 -1.886531524360179901e-02
4.819963574409484863e-01 5.471914410591125488e-01 -2.093023434281349182e-02
4.793463945388793945e-01 5.549558997154235840e-01 -2.317233569920063019e-02
4.770545661449432373e-01 5.640582442283630371e-01 -2.206602133810520172e-02
4.685951769351959229e-01 5.830296277999877930e-01 -1.488237176090478897e-02
4.692086577415466309e-01 5.416478514671325684e-01 -1.134918536990880966e-02
4.668606519699096680e-01 5.406289100646972656e-01 -1.143539603799581528e-02
4.648435413837432861e-01 5.392280220985412598e-01 -1.138076279312372208e-02
4.492749273777008057e-01 5.258494615554809570e-01 -9.076191112399101257e-03
4.097330570220947266e-01 4.855447411537170410e-01 1.255239173769950867e-02
4.977371990680694580e-01 3.923472166061401367e-01 -1.478205807507038116e-02
4.960878193378448486e-01 3.549729883670806885e-01 4.735188558697700500e-03
4.891078472137451172e-01 3.572240471839904785e-01 8.174990303814411163e-03
4.712617397308349609e-01 5.423768758773803711e-01 -1.051381416618824005e-02
4.045967459678649902e-01 5.270566940307617188e-01 2.671700529754161835e-02
5.057289600372314453e-01 3.552038967609405518e-01 -8.635188452899456024e-03
4.609049558639526367e-01 5.985915064811706543e-01 -9.874817915260791779e-03
5.148346424102783203e-01 4.118941724300384521e-01 -4.469081759452819824e-02
5.053519010543823242e-01 3.989797830581665039e-01 -3.174387663602828979e-02
5.156774520874023438e-01 3.964577317237854004e-01 -3.377582877874374390e-02
4.876836240291595459e-01 4.322240650653839111e-01 -2.670186385512351990e-02
4.944367408752441406e-01 6.334854364395141602e-01 -1.810289174318313599e-02
4.960819482803344727e-01 6.127347946166992188e-01 -1.706472411751747131e-02
4.777985811233520508e-01 6.092532873153686523e-01 -1.547873578965663910e-02
4.380236864089965820e-01 5.652821063995361328e-01 9.469346259720623493e-04
4.617577493190765381e-01 4.757296741008758545e-01 -9.617453441023826599e-03
4.478823542594909668e-01 5.841726064682006836e-01 -4.246026277542114258e-03
4.360844492912292480e-01 4.712250828742980957e-01 -6.370706018060445786e-03
4.496861696243286133e-01 4.912564456462860107e-01 -9.014402516186237335e-03
4.244917631149291992e-01 4.980701506137847900e-01 6.497770664282143116e-04
4.721883833408355713e-01 6.286842823028564453e-01 -1.578518562018871307e-02
4.803009927272796631e-01 4.419955015182495117e-01 -1.976136490702629089e-02
4.269477725028991699e-01 5.782282352447509766e-01 1.019279286265373230e-02
4.396748542785644531e-01 5.978739261627197266e-01 3.108249744400382042e-03
4.316318631172180176e-01 5.433019399642944336e-01 2.482953947037458420e-03
3.949789702892303467e-01 5.062467455863952637e-01 3.642461448907852173e-02
4.171664714813232422e-01 5.458474159240722656e-01 1.253853552043437958e-02
3.858622908592224121e-01 5.208219289779663086e-01 6.046013534069061279e-02
4.389635324478149414e-01 5.126289129257202148e-01 -5.075765773653984070e-03
4.890658855438232422e-01 4.185308218002319336e-01 -1.874988898634910583e-02
4.875110387802124023e-01 4.611475467681884766e-01 -4.378505423665046692e-02
4.805914759635925293e-01 4.665164053440093994e-01 -3.259253874421119690e-02
4.926112592220306396e-01 4.500070214271545410e-01 -5.087170749902725220e-02
4.879817962646484375e-01 3.377473354339599609e-01 1.573689165525138378e-03
4.693242609500885010e-01 3.261402845382690430e-01 -7.120139198377728462e-04
4.522252678871154785e-01 3.234069347381591797e-01 -8.300472400151193142e-04
4.374834299087524414e-01 3.271183967590332031e-01 2.887985901907086372e-03
4.264467060565948486e-01 3.352030515670776367e-01 9.024241007864475250e-03
4.155091643333435059e-01 3.669983446598052979e-01 2.413456700742244720e-02
3.796866238117218018e-01 4.134990274906158447e-01 6.968344748020172119e-02
4.208484888076782227e-01 3.911162912845611572e-01 1.499617751687765121e-02
4.328765273094177246e-01 3.967483043670654297e-01 8.867911994457244873e-03
4.494289755821228027e-01 3.971615433692932129e-01 5.031746346503496170e-03
4.657017886638641357e-01 3.933221697807312012e-01 3.593229921534657478e-03
4.786169230937957764e-01 3.871391117572784424e-01 4.162716213613748550e-03
4.875716269016265869e-01 3.818484246730804443e-01 3.981191664934158325e-03
3.750599622726440430e-01 4.161579012870788574e-01 1.094282716512680054e-01
4.802623987197875977e-01 4.717973470687866211e-01 -2.744353562593460083e-02
4.962459206581115723e-01 4.209079444408416748e-01 -3.459543734788894653e-02
4.948332309722900391e-01 4.615526497364044189e-01 -5.196342617273330688e-02
4.997976124286651611e-01 4.708656668663024902e-01 -4.783833399415016174e-02
4.947217702865600586e-01 4.648869633674621582e-01 -4.686371237039566040e-02
4.826230704784393311e-01 4.774877429008483887e-01 -2.394437789916992188e-02
5.016214251518249512e-01 4.722257852554321289e-01 -5.068337544798851013e-02
5.021067857742309570e-01 4.769066274166107178e-01 -3.831906616687774658e-02
4.905634522438049316e-01 3.669147491455078125e-01 9.810823015868663788e-03
4.952950477600097656e-01 3.726655542850494385e-01 3.557486692443490028e-03
4.978498518466949463e-01 3.767277598381042480e-01 -3.976854030042886734e-03
4.322944581508636475e-01 3.683888912200927734e-01 1.370540540665388107e-02
4.258677959442138672e-01 3.517760634422302246e-01 1.418984588235616684e-02
5.237610340118408203e-01 4.156022965908050537e-01 -4.067779332399368286e-02
5.972927808761596680e-01 3.913610279560089111e-01 2.071752026677131653e-02
5.190572142601013184e-01 4.767327010631561279e-01 -3.782759234309196472e-02
6.345131993293762207e-01 3.382734060287475586e-01 7.678868621587753296e-02
5.635836720466613770e-01 3.956342339515686035e-01 8.438170887529850006e-03
5.742420554161071777e-01 3.998045921325683594e-01 9.610683657228946686e-03
5.849232673645019531e-01 4.017844498157501221e-01 1.290866639465093613e-02
6.012676954269409180e-01 3.964843153953552246e-01 2.218983508646488190e-02
5.551245212554931641e-01 3.891036212444305420e-01 9.463344700634479523e-03
5.828105807304382324e-01 3.516974449157714844e-01 6.136361975222826004e-03
5.705858469009399414e-01 3.525360226631164551e-01 6.039944011718034744e-03
5.942643284797668457e-01 3.552674651145935059e-01 9.812989272177219391e-03
6.015374660491943359e-01 3.631856441497802734e-01 1.419652625918388367e-02
6.081811785697937012e-01 4.065924584865570068e-01 2.735999971628189087e-02
5.376549959182739258e-01 6.234656572341918945e-01 -3.692211350426077843e-03
6.015965938568115234e-01 3.892695307731628418e-01 2.439180761575698853e-02
6.367208957672119141e-01 4.071570336818695068e-01 7.678554952144622803e-02
6.200679540634155273e-01 3.938541710376739502e-01 3.900615498423576355e-02
5.633553266525268555e-01 4.659022986888885498e-01 -4.913485608994960785e-03
5.185124278068542480e-01 5.283175706863403320e-01 -3.199285641312599182e-02
5.151356458663940430e-01 5.416854023933410645e-01 -2.746397815644741058e-02
5.287581086158752441e-01 5.354998707771301270e-01 -2.520184032618999481e-02
5.348815321922302246e-01 5.431786179542541504e-01 -1.693530380725860596e-02
5.233072638511657715e-01 5.441145896911621094e-01 -2.268082462251186371e-02
5.294474959373474121e-01 5.475739240646362305e-01 -1.505129504948854446e-02
5.485783219337463379e-01 5.706428885459899902e-01 -1.080297050066292286e-03
5.199320912361145020e-01 4.661987721920013428e-01 -5.653128027915954590e-02
5.228059887886047363e-01 4.506803452968597412e-01 -5.921525880694389343e-02
6.172333359718322754e-01 3.426910042762756348e-01 1.899727992713451385e-02
5.449060201644897461e-01 4.220523834228515625e-01 -5.089569371193647385e-03
5.429211854934692383e-01 4.692698717117309570e-01 -2.911420911550521851e-02
5.444349050521850586e-01 4.614465534687042236e-01 -2.554784901440143585e-02
5.956270694732666016e-01 4.696104228496551514e-01 9.876615367829799652e-03
5.235018134117126465e-01 4.315939247608184814e-01 -5.188234895467758179e-02
5.946851372718811035e-01 3.205623626708984375e-01 7.448978140018880367e-04
6.085454821586608887e-01 3.282019495964050293e-01 9.352450259029865265e-03
6.253066062927246094e-01 3.075099587440490723e-01 5.652718991041183472e-02
5.454627871513366699e-01 3.321287035942077637e-01 -1.042601279914379120e-02
5.596175789833068848e-01 3.580480217933654785e-01 8.664132095873355865e-03
5.578086376190185547e-01 5.557811260223388672e-01 2.488490194082260132e-03
6.129767894744873047e-01 5.609034299850463867e-01 9.708441793918609619e-02
5.335963964462280273e-01 4.771974682807922363e-01 -2.584533579647541046e-02
5.251722335815429688e-01 4.808636307716369629e-01 -2.761835418641567230e-02
5.416998863220214844e-01 5.561463832855224609e-01 8.433802868239581585e-04
5.391005277633666992e-01 5.550497174263000488e-01 -2.437952207401394844e-03
6.143392324447631836e-01 3.172400593757629395e-01 1.517746224999427795e-02
5.421398282051086426e-01 4.776144027709960938e-01 -2.356927469372749329e-02
5.748722553253173828e-01 3.207073509693145752e-01 -6.115696858614683151e-03
5.773349404335021973e-01 3.072462081909179688e-01 -7.523242849856615067e-03
5.851662158966064453e-01 2.637541890144348145e-01 1.573173701763153076e-02
6.175267696380615234e-01 3.185992240905761719e-01 3.289008885622024536e-02
5.776905417442321777e-01 2.889539599418640137e-01 3.584295278415083885e-03
6.233925223350524902e-01 3.364010751247406006e-01 2.879488840699195862e-02
6.270536184310913086e-01 3.441774845123291016e-01 5.135994404554367065e-02
5.170568823814392090e-01 5.359605550765991211e-01 -3.097090683877468109e-02
5.260154604911804199e-01 5.403904914855957031e-01 -2.449993230402469635e-02
5.323138833045959473e-01 5.455438494682312012e-01 -1.697233878076076508e-02
5.306893587112426758e-01 4.801971316337585449e-01 -2.371594682335853577e-02
5.403639674186706543e-01 5.556641221046447754e-01 -9.324919665232300758e-04
5.363000631332397461e-01 5.569647550582885742e-01 -7.865009829401969910e-03
5.376741886138916016e-01 5.543968677520751953e-01 -2.800817135721445084e-03
5.300643444061279297e-01 4.690416455268859863e-01 -4.028042405843734741e-02
5.272176861763000488e-01 5.487618446350097656e-01 -1.352640334516763687e-02
5.211923718452453613e-01 5.463315844535827637e-01 -1.872347854077816010e-02
5.135555267333984375e-01 5.450656414031982422e-01 -2.301777154207229614e-02
5.123988389968872070e-01 5.955832600593566895e-01 -1.552467979490756989e-02
5.145580768585205078e-01 5.744593143463134766e-01 -2.476209774613380432e-02
5.147422552108764648e-01 5.639082193374633789e-01 -2.572603896260261536e-02
5.143633484840393066e-01 5.534920692443847656e-01 -2.303554676473140717e-02
5.133365392684936523e-01 5.454841256141662598e-01 -2.116717584431171417e-02
5.271252989768981934e-01 5.487037897109985352e-01 -1.205184683203697205e-02
5.294967293739318848e-01 5.533370971679687500e-01 -1.398497261106967926e-02
5.317941904067993164e-01 5.590647459030151367e-01 -1.577929593622684479e-02
5.336515903472900391e-01 5.653586387634277344e-01 -1.405171863734722137e-02
5.490078330039978027e-01 5.238240361213684082e-01 -1.267389766871929169e-02
6.312600970268249512e-01 4.816948473453521729e-01 1.176436617970466614e-01
5.317099690437316895e-01 5.510512590408325195e-01 -6.538798101246356964e-03
5.340118408203125000e-01 5.539166927337646484e-01 -7.897227071225643158e-03
5.217536687850952148e-01 4.869095385074615479e-01 -2.858838252723217010e-02
5.373235344886779785e-01 4.875129759311676025e-01 -1.650738716125488281e-02
5.233852267265319824e-01 4.839782416820526123e-01 -2.830814011394977570e-02
5.553598403930664062e-01 4.335694909095764160e-01 -1.455252524465322495e-03
5.722586512565612793e-01 4.469318091869354248e-01 1.846681116148829460e-03
5.452381968498229980e-01 4.698390960693359375e-01 -1.969203725457191467e-02
6.100256443023681641e-01 2.820457220077514648e-01 3.463353961706161499e-02
6.021308898925781250e-01 2.995960414409637451e-01 1.736477203667163849e-02
5.990796089172363281e-01 3.077403903007507324e-01 3.439093474298715591e-03
5.392469763755798340e-01 5.805706381797790527e-01 -6.911470554769039154e-03
5.502007007598876953e-01 3.104002475738525391e-01 -1.343362499028444290e-02
5.519766807556152344e-01 2.854307889938354492e-01 -4.727856721729040146e-03
5.578172206878662109e-01 2.536939978599548340e-01 4.227612167596817017e-03
5.949442386627197266e-01 4.010058045387268066e-01 1.774188876152038574e-02
6.185059547424316406e-01 4.187037348747253418e-01 3.310393914580345154e-02
5.498193502426147461e-01 3.835720419883728027e-01 1.096819527447223663e-02
6.115553379058837891e-01 3.703002333641052246e-01 2.372699230909347534e-02
5.384234189987182617e-01 4.097963571548461914e-01 -8.834142237901687622e-03
5.377790331840515137e-01 4.605742394924163818e-01 -3.955703973770141602e-02
6.260791420936584473e-01 4.347712099552154541e-01 4.470256716012954712e-02
6.107084751129150391e-01 4.297208189964294434e-01 2.268515154719352722e-02
5.964940786361694336e-01 4.339485764503479004e-01 1.219953875988721848e-02
5.754842758178710938e-01 4.276959598064422607e-01 7.124092895537614822e-03
5.604900121688842773e-01 4.177953302860260010e-01 4.481856245547533035e-03
5.494738817214965820e-01 4.081642627716064453e-01 1.563432044349610806e-03
5.264601707458496094e-01 3.852473795413970947e-01 -1.931683346629142761e-02
6.217271089553833008e-01 4.687622189521789551e-01 4.018569737672805786e-02
6.193925738334655762e-01 3.673229217529296875e-01 2.932349033653736115e-02
5.153349637985229492e-01 4.747455418109893799e-01 -5.172931030392646790e-02
5.429424047470092773e-01 4.372794032096862793e-01 -1.060694083571434021e-02
6.390606164932250977e-01 4.089781641960144043e-01 1.136497929692268372e-01
5.414719581604003906e-01 3.980051577091217041e-01 1.860193151514977217e-04
5.458386540412902832e-01 4.719409346580505371e-01 -8.853759616613388062e-03
6.063268184661865234e-01 3.863239288330078125e-01 2.647446282207965851e-02
5.390090942382812500e-01 4.511778056621551514e-01 -3.506818413734436035e-02
6.241050958633422852e-01 5.205572843551635742e-01 1.102936193346977234e-01
5.503540039062500000e-01 3.789554834365844727e-01 1.398198679089546204e-02
5.317744612693786621e-01 4.393517673015594482e-01 -4.540342465043067932e-02
5.873952507972717285e-01 5.934998393058776855e-01 3.778799250721931458e-02
5.859593749046325684e-01 6.135324239730834961e-01 5.624371767044067383e-02
6.318044662475585938e-01 4.761481583118438721e-01 7.865044474601745605e-02
6.021450757980346680e-01 5.736492872238159180e-01 5.219914391636848450e-02
6.323375701904296875e-01 3.736029565334320068e-01 6.738429516553878784e-02
5.391713976860046387e-01 6.412287354469299316e-01 1.653493847697973251e-03
5.134543776512145996e-01 4.791683852672576904e-01 -3.803705424070358276e-02
5.513008236885070801e-01 4.514252543449401855e-01 -6.910218857228755951e-03
6.287593841552734375e-01 3.978842496871948242e-01 5.006225034594535828e-02
5.850375890731811523e-01 3.921387195587158203e-01 1.402848865836858749e-02
5.751984715461730957e-01 3.904646337032318115e-01 1.113927178084850311e-02
5.384221673011779785e-01 5.603451132774353027e-01 -6.136806681752204895e-03
6.164990067481994629e-01 5.015044808387756348e-01 4.181366413831710815e-02
5.166705846786499023e-01 6.635960936546325684e-01 3.716529579833149910e-03
5.529582500457763672e-01 6.447032690048217773e-01 2.645478211343288422e-02
5.685395598411560059e-01 6.320934891700744629e-01 3.952994197607040405e-02
5.662583112716674805e-01 3.871729373931884766e-01 1.042009145021438599e-02
5.582115054130554199e-01 3.825744092464447021e-01 1.171573624014854431e-02
5.530940294265747070e-01 3.800479769706726074e-01 1.387556362897157669e-02
6.266695857048034668e-01 3.645306527614593506e-01 4.078323021531105042e-02
5.585842728614807129e-01 3.824160099029541016e-01 1.050407160073518753e-02
5.674123167991638184e-01 3.876432776451110840e-01 8.973320014774799347e-03
5.763678550720214844e-01 3.906882405281066895e-01 9.752692654728889465e-03
5.861266255378723145e-01 3.914485871791839600e-01 1.250428240746259689e-02
5.931197404861450195e-01 3.910442292690277100e-01 1.601034589111804962e-02
6.389232873916625977e-01 3.702513277530670166e-01 9.792958199977874756e-02
5.920942425727844238e-01 3.921189904212951660e-01 1.755496859550476074e-02
5.400924682617187500e-01 5.122880935668945312e-01 -1.833534240722656250e-02
5.341280698776245117e-01 4.738141894340515137e-01 -2.946621738374233246e-02
5.212422609329223633e-01 5.027411580085754395e-01 -2.858902513980865479e-02
5.717090368270874023e-01 6.126872897148132324e-01 2.619074098765850067e-02
5.560931563377380371e-01 6.269778609275817871e-01 1.443815883249044418e-02
5.182310342788696289e-01 6.508994102478027344e-01 -9.674944914877414703e-03
5.998500585556030273e-01 5.918877124786376953e-01 7.734344899654388428e-02
5.530474185943603516e-01 3.794346451759338379e-01 1.262106746435165405e-02
5.316129922866821289e-01 4.112945199012756348e-01 -2.396325767040252686e-02
5.362658500671386719e-01 6.557586193084716797e-01 1.300123054534196854e-02
6.250478029251098633e-01 5.120999217033386230e-01 7.487269490957260132e-02
5.210527777671813965e-01 5.465751290321350098e-01 -1.695697382092475891e-02
5.231308341026306152e-01 5.532963275909423828e-01 -1.896938309073448181e-02
5.246574282646179199e-01 5.616711378097534180e-01 -2.106191776692867279e-02
5.255773663520812988e-01 5.712917447090148926e-01 -1.990331523120403290e-02
5.273504853248596191e-01 5.894277095794677734e-01 -1.248950604349374771e-02
5.341817140579223633e-01 5.511988997459411621e-01 -8.283514529466629028e-03
5.367627143859863281e-01 5.507571101188659668e-01 -8.074077777564525604e-03
5.390759706497192383e-01 5.497976541519165039e-01 -7.921885699033737183e-03
5.551550984382629395e-01 5.387682914733886719e-01 -4.928606096655130386e-03
6.007440090179443359e-01 5.067542195320129395e-01 1.963532343506813049e-02
5.323547720909118652e-01 3.962575793266296387e-01 -1.327859796583652496e-02
5.428699254989624023e-01 3.643895983695983887e-01 6.409645546227693558e-03
5.492564439773559570e-01 3.683531284332275391e-01 1.082353852689266205e-02
5.316693186759948730e-01 5.514019131660461426e-01 -7.380895782262086868e-03
5.984673500061035156e-01 5.477476716041564941e-01 3.353073075413703918e-02
5.323008298873901367e-01 3.619477450847625732e-01 -7.483703549951314926e-03
5.329356193542480469e-01 6.058003902435302734e-01 -7.394336163997650146e-03
5.252389311790466309e-01 4.011482000350952148e-01 -3.099330700933933258e-02
5.368368029594421387e-01 4.379914402961730957e-01 -2.493867650628089905e-02
5.150161981582641602e-01 6.130160093307495117e-01 -1.435515936464071274e-02
5.598095655441284180e-01 5.787696242332458496e-01 5.282481200993061066e-03
5.536321401596069336e-01 4.866560995578765869e-01 -6.371560040861368179e-03
5.474677681922912598e-01 5.946670174598693848e-01 -8.395424229092895985e-04
5.785010457038879395e-01 4.876072406768798828e-01 -9.425384923815727234e-04
5.621504783630371094e-01 5.045010447502136230e-01 -4.927475005388259888e-03
5.848709940910339355e-01 5.161188840866088867e-01 6.701930891722440720e-03
5.177085399627685547e-01 6.332859992980957031e-01 -1.434691250324249268e-02
5.420182943344116211e-01 4.491744637489318848e-01 -1.756222732365131378e-02
5.689371228218078613e-01 5.929109454154968262e-01 1.489567663520574570e-02
5.534794926643371582e-01 6.091452240943908691e-01 6.715950090438127518e-03
5.696080327033996582e-01 5.590859055519104004e-01 7.771411444991827011e-03
6.108026504516601562e-01 5.294489264488220215e-01 4.397054389119148254e-02
5.834529399871826172e-01 5.636364221572875977e-01 1.843184791505336761e-02
6.160990595817565918e-01 5.449454784393310547e-01 6.817689538002014160e-02
5.681231021881103516e-01 5.278429985046386719e-01 -2.092565409839153290e-04
5.370479226112365723e-01 4.240559935569763184e-01 -1.676596701145172119e-02
5.336950421333312988e-01 4.667232632637023926e-01 -4.216971620917320251e-02
5.389313697814941406e-01 4.736404418945312500e-01 -3.076383844017982483e-02
5.310096740722656250e-01 4.545763731002807617e-01 -4.973557218909263611e-02
5.533493161201477051e-01 3.488058745861053467e-01 3.872083732858300209e-03
5.721751451492309570e-01 3.391822576522827148e-01 2.888419898226857185e-03
5.878596901893615723e-01 3.385640382766723633e-01 4.076699260622262955e-03
6.002777814865112305e-01 3.438764810562133789e-01 8.622390218079090118e-03
6.085017323493957520e-01 3.540056347846984863e-01 1.530271861702203751e-02
6.119924783706665039e-01 3.892109394073486328e-01 3.091020695865154266e-02
6.360682249069213867e-01 4.413957595825195312e-01 7.834010571241378784e-02
6.021795272827148438e-01 4.131678938865661621e-01 2.145691961050033569e-02
5.901904106140136719e-01 4.158407747745513916e-01 1.463903486728668213e-02
5.754905343055725098e-01 4.127312898635864258e-01 9.845090098679065704e-03
5.619498491287231445e-01 4.059718847274780273e-01 7.441796362400054932e-03
5.518459081649780273e-01 3.979839086532592773e-01 7.053257431834936142e-03
5.449538230895996094e-01 3.912861645221710205e-01 6.316623184829950333e-03
6.355822682380676270e-01 4.451463818550109863e-01 1.195331811904907227e-01
5.379328727722167969e-01 4.788350164890289307e-01 -2.560512349009513855e-02
5.309478640556335449e-01 4.248480200767517090e-01 -3.320775181055068970e-02
5.269951224327087402e-01 4.653958082199096680e-01 -5.094096064567565918e-02
5.202394723892211914e-01 4.734076857566833496e-01 -4.722952842712402344e-02
5.261922478675842285e-01 4.687862694263458252e-01 -4.580146446824073792e-02
5.344064831733703613e-01 4.838224351406097412e-01 -2.235496416687965393e-02
5.184814333915710449e-01 4.742946624755859375e-01 -5.019297450780868530e-02
5.166791081428527832e-01 4.787105321884155273e-01 -3.791061043739318848e-02
5.463469624519348145e-01 3.776163756847381592e-01 1.217223424464464188e-02
5.397963523864746094e-01 3.812875747680664062e-01 5.384093150496482849e-03
5.356575250625610352e-01 3.842068612575531006e-01 -2.431811066344380379e-03
5.978302955627441406e-01 3.902656435966491699e-01 1.961840316653251648e-02
6.062788963317871094e-01 3.729031085968017578e-01 2.032306045293807983e-02
4.584680199623107910e-01 3.687084913253784180e-01 9.683414362370967865e-03
4.690407812595367432e-01 3.688490092754364014e-01 9.683414362370967865e-03
4.593447744846343994e-01 3.563212156295776367e-01 9.683414362370967865e-03
4.478034973144531250e-01 3.684864342212677002e-01 9.683414362370967865e-03
4.575121998786926270e-01 3.808137178421020508e-01 9.683414362370967865e-03
5.736376643180847168e-01 3.857713341712951660e-01 1.423810143023729324e-02
5.849887728691101074e-01 3.873187899589538574e-01 1.423810143023729324e-02
5.744942426681518555e-01 3.725049197673797607e-01 1.423810143023729324e-02
5.621924400329589844e-01 3.841344714164733887e-01 1.423810143023729324e-02
5.728334188461303711e-01 3.986939787864685059e-01 1.423810143023729324e-02
