5.003910660743713379e-01 5.425350069999694824e-01 -3.230350092053413391e-02
5.074140429496765137e-01 4.821369349956512451e-01 -5.896900221705436707e-02
5.048775076866149902e-01 4.998691678047180176e-01 -3.114204294979572296e-02
5.014340281486511230e-01 4.263147115707397461e-01 -4.406686872243881226e-02
5.088673830032348633e-01 4.649456441402435303e-01 -6.264067441225051880e-02
5.101919174194335938e-01 4.429253935813903809e-01 -5.799608305096626282e-02
5.129365921020507812e-01 3.900934159755706787e-01 -2.739002369344234467e-02
4.268867969512939453e-01 3.827000260353088379e-01 1.311095431447029114e-02
5.156455039978027344e-01 3.474392592906951904e-01 -1.928223296999931335e-02
5.172201991081237793e-01 3.251408040523529053e-01 -2.094182558357715607e-02
5.220065116882324219e-01 2.514856457710266113e-01 -7.994082756340503693e-03
4.999150931835174561e-01 5.492967963218688965e-01 -3.095719031989574432e-02
4.992456138134002686e-01 5.561441183090209961e-01 -2.725160308182239532e-02
4.987019300460815430e-01 5.606960058212280273e-01 -2.199961803853511810e-02
4.984872341156005859e-01 5.634834766387939453e-01 -2.004805020987987518e-02
4.980257451534271240e-01 5.722227692604064941e-01 -2.149966731667518616e-02
4.972872138023376465e-01 5.825392603874206543e-01 -2.369950897991657257e-02
4.964244365692138672e-01 5.927729606628417969e-01 -2.188742719590663910e-02
4.939239919185638428e-01 6.103346943855285645e-01 -1.113203912973403931e-02
5.064086914062500000e-01 4.910478293895721436e-01 -5.333132669329643250e-02
4.960099756717681885e-01 4.899069666862487793e-01 -3.849720954895019531e-02
3.900748491287231445e-01 3.127718567848205566e-01 6.497980654239654541e-02
4.607807397842407227e-01 3.966545760631561279e-01 2.407056046649813652e-03
4.483175575733184814e-01 3.985027968883514404e-01 2.961649093776941299e-03
4.366389214992523193e-01 3.968589901924133301e-01 5.793082993477582932e-03
4.209350347518920898e-01 3.865084946155548096e-01 1.452291477471590042e-02
4.718831777572631836e-01 3.911846876144409180e-01 4.142156336456537247e-03
4.498511552810668945e-01 3.451726734638214111e-01 -1.445146976038813591e-03
4.628040492534637451e-01 3.486494421958923340e-01 -8.334316080436110497e-04
4.370513260364532471e-01 3.465827107429504395e-01 1.782895298674702644e-03
4.278219044208526611e-01 3.531143963336944580e-01 6.046901457011699677e-03
4.107112586498260498e-01 3.942165970802307129e-01 1.965190842747688293e-02
4.501414299011230469e-01 6.284503936767578125e-01 5.341245559975504875e-04
4.228460490703582764e-01 3.792954683303833008e-01 1.659876480698585510e-02
3.793570697307586670e-01 3.828903734683990479e-01 6.858847290277481079e-02
3.996674716472625732e-01 3.799162507057189941e-01 3.075097501277923584e-02
4.510356783866882324e-01 4.640095829963684082e-01 -8.831289596855640411e-03
4.877302944660186768e-01 5.366620421409606934e-01 -3.124142624437808990e-02
4.879408478736877441e-01 5.534712076187133789e-01 -2.613765373826026917e-02
4.745602607727050781e-01 5.405498743057250977e-01 -2.530136331915855408e-02
4.658039212226867676e-01 5.453501939773559570e-01 -1.770117692649364471e-02
4.780536890029907227e-01 5.522772669792175293e-01 -2.227517962455749512e-02
4.702200591564178467e-01 5.523606538772583008e-01 -1.523077674210071564e-02
4.459211230278015137e-01 5.716787576675415039e-01 -9.745350689627230167e-04
4.982669353485107422e-01 4.805867373943328857e-01 -5.817806720733642578e-02
4.980268776416778564e-01 4.640138149261474609e-01 -6.153831258416175842e-02
4.140177965164184570e-01 3.307755291461944580e-01 9.428105317056179047e-03
4.766590893268585205e-01 4.244448542594909668e-01 -9.331257082521915436e-03
4.734971225261688232e-01 4.752161204814910889e-01 -3.157274052500724792e-02
4.728821814060211182e-01 4.665480256080627441e-01 -2.826301753520965576e-02
4.170643389225006104e-01 4.588498473167419434e-01 3.923226613551378250e-03
4.998976588249206543e-01 4.436331689357757568e-01 -5.488549545407295227e-02
4.445770978927612305e-01 3.122315406799316406e-01 -8.414374664425849915e-03
4.273717403411865234e-01 3.179641366004943848e-01 -3.202968509867787361e-04
4.058306813240051270e-01 2.847878336906433105e-01 4.405026510357856750e-02
4.939450323581695557e-01 3.324469327926635742e-01 -1.661617681384086609e-02
4.736912250518798828e-01 3.568138480186462402e-01 2.603782806545495987e-03
4.393850266933441162e-01 5.542318820953369141e-01 1.284249592572450638e-03
3.816536068916320801e-01 5.427949428558349609e-01 9.583919495344161987e-02
4.810525178909301758e-01 4.854789972305297852e-01 -2.727629058063030243e-02
4.887779653072357178e-01 4.913254380226135254e-01 -2.804010175168514252e-02
4.551289677619934082e-01 5.536122322082519531e-01 -1.192952113342471421e-04
4.578332304954528809e-01 5.538637042045593262e-01 -3.198296763002872467e-03
4.225777089595794678e-01 3.057815432548522949e-01 5.037827417254447937e-03
4.723098278045654297e-01 4.831566214561462402e-01 -2.556938119232654572e-02
4.661273956298828125e-01 3.154999613761901855e-01 -1.391665916889905930e-02
4.661237001419067383e-01 3.008795678615570068e-01 -1.591993495821952820e-02
4.570209681987762451e-01 2.517107725143432617e-01 3.779188729822635651e-03
4.141500890254974365e-01 3.004586100578308105e-01 2.206180803477764130e-02
4.618160724639892578e-01 2.811248898506164551e-01 -6.314579397439956665e-03
4.080649614334106445e-01 3.231172561645507812e-01 1.896044611930847168e-02
3.992371559143066406e-01 3.230741620063781738e-01 4.097915440797805786e-02
4.875872433185577393e-01 5.459126234054565430e-01 -3.001149557530879974e-02
4.762945175170898438e-01 5.468795895576477051e-01 -2.435370907187461853e-02
4.679604768753051758e-01 5.489862561225891113e-01 -1.743295788764953613e-02
4.832002520561218262e-01 4.890327453613281250e-01 -2.475170418620109558e-02
4.565390348434448242e-01 5.537854433059692383e-01 -1.752224168740212917e-03
4.611490666866302490e-01 5.583253502845764160e-01 -8.001024834811687469e-03
4.592508077621459961e-01 5.539844036102294922e-01 -3.448833711445331573e-03
4.866009950637817383e-01 4.794800281524658203e-01 -4.242238402366638184e-02
4.717851877212524414e-01 5.547099113464355469e-01 -1.333459280431270599e-02
4.793903231620788574e-01 5.557631254196166992e-01 -1.780208945274353027e-02
4.884346425533294678e-01 5.579888224601745605e-01 -2.124597690999507904e-02
4.791583716869354248e-01 6.072716712951660156e-01 -1.127471588551998138e-02
4.829046428203582764e-01 5.885227918624877930e-01 -2.179896086454391479e-02
4.844850003719329834e-01 5.784987807273864746e-01 -2.326156385242938995e-02
4.863338172435760498e-01 5.684638023376464844e-01 -2.078206464648246765e-02
4.882563352584838867e-01 5.606341958045959473e-01 -1.932789757847785950e-02
4.718277454376220703e-01 5.559272170066833496e-01 -1.180116366595029831e-02
4.691906273365020752e-01 5.593755841255187988e-01 -1.346015650779008865e-02
4.662931263446807861e-01 5.638665556907653809e-01 -1.520449202507734299e-02
4.637160599231719971e-01 5.690275430679321289e-01 -1.337713934481143951e-02
4.551794528961181641e-01 5.261918902397155762e-01 -1.412099227309226990e-02
3.726273179054260254e-01 4.569118916988372803e-01 1.124760806560516357e-01
5.056917667388916016e-01 4.950713515281677246e-01 -3.884155675768852234e-02
4.660850167274475098e-01 5.548385977745056152e-01 -6.857830565422773361e-03
4.636994898319244385e-01 5.564454793930053711e-01 -7.986687123775482178e-03
4.912619590759277344e-01 4.982287287712097168e-01 -2.864063344895839691e-02
4.749810099601745605e-01 4.937753677368164062e-01 -1.753162965178489685e-02
4.901072382926940918e-01 4.948486983776092529e-01 -2.855752967298030853e-02
4.640271961688995361e-01 4.331027567386627197e-01 -6.060590967535972595e-03
4.446209669113159180e-01 4.421438872814178467e-01 -3.417592728510499001e-03
4.703288376331329346e-01 4.742320477962493896e-01 -2.210029773414134979e-02
4.273065626621246338e-01 2.636071443557739258e-01 2.212979830801486969e-02
4.341105222702026367e-01 2.856079339981079102e-01 6.756342481821775436e-03
4.422783255577087402e-01 2.982933521270751953e-01 -6.226170342415571213e-03
4.539313018321990967e-01 5.849092602729797363e-01 -5.789562594145536423e-03
4.935415387153625488e-01 3.087150454521179199e-01 -2.052261121571063995e-02
4.892268478870391846e-01 2.836968302726745605e-01 -1.346320658922195435e-02
4.874236881732940674e-01 2.484771907329559326e-01 -6.418467499315738678e-03
4.263726472854614258e-01 3.927516937255859375e-01 1.030483469367027283e-02
3.967282772064208984e-01 4.041689038276672363e-01 2.543654106557369232e-02
4.791773557662963867e-01 3.861127495765686035e-01 5.913550499826669693e-03
4.147823452949523926e-01 3.585199117660522461e-01 1.512499246746301651e-02
4.853652119636535645e-01 4.139970541000366211e-01 -1.300257071852684021e-02
4.804140925407409668e-01 4.686851501464843750e-01 -4.223093762993812561e-02
3.891493082046508789e-01 4.146683514118194580e-01 3.712324425578117371e-02
4.032683074474334717e-01 4.155384004116058350e-01 1.538453251123428345e-02
4.179370403289794922e-01 4.228357970714569092e-01 5.428216885775327682e-03
4.413126111030578613e-01 4.227613210678100586e-01 1.286977669224143028e-03
4.590166509151458740e-01 4.174193739891052246e-01 -6.262084352783858776e-04
4.729678630828857422e-01 4.104154109954833984e-01 -3.005049889907240868e-03
5.019494295120239258e-01 3.928461074829101562e-01 -2.349788695573806763e-02
3.896399736404418945e-01 4.502453207969665527e-01 3.366489708423614502e-02
4.062192738056182861e-01 3.539667427539825439e-01 2.034984901547431946e-02
5.009084343910217285e-01 4.897952079772949219e-01 -5.284064635634422302e-02
4.768696725368499756e-01 4.409996271133422852e-01 -1.418749801814556122e-02
3.738949298858642578e-01 3.818517327308654785e-01 1.046402975916862488e-01
4.838955700397491455e-01 4.019873142242431641e-01 -4.173971712589263916e-03
4.688336253166198730e-01 4.755108356475830078e-01 -1.111859269440174103e-02
4.180389642715454102e-01 3.755148649215698242e-01 1.846332103013992310e-02
4.803731739521026611e-01 4.583091139793395996e-01 -3.802304714918136597e-02
3.754181265830993652e-01 4.985426664352416992e-01 1.070789098739624023e-01
4.799364209175109863e-01 3.816386461257934570e-01 8.721712045371532440e-03
4.898822009563446045e-01 4.488583207130432129e-01 -4.856042936444282532e-02
4.043863117694854736e-01 5.855776071548461914e-01 3.861065953969955444e-02
4.022476673126220703e-01 6.054244041442871094e-01 5.802695080637931824e-02
3.763213753700256348e-01 4.538564682006835938e-01 7.329852133989334106e-02
3.924951553344726562e-01 5.611366629600524902e-01 5.177988484501838684e-02
3.887313604354858398e-01 3.505144417285919189e-01 5.800610408186912537e-02
4.458977878093719482e-01 6.455798149108886719e-01 6.811169441789388657e-03
5.014873147010803223e-01 4.939552247524261475e-01 -3.818853944540023804e-02
4.658597111701965332e-01 4.526355862617492676e-01 -1.045470684766769409e-02
3.891181051731109619e-01 3.828227818012237549e-01 4.167958348989486694e-02
4.393250346183776855e-01 3.879015445709228516e-01 6.831854116171598434e-03
4.500263929367065430e-01 3.893331885337829590e-01 4.375173244625329971e-03
4.587114155292510986e-01 5.606279373168945312e-01 -6.262577604502439499e-03
3.901659250259399414e-01 4.846038222312927246e-01 3.689939156174659729e-02
4.646304845809936523e-01 6.717130541801452637e-01 1.093528419733047485e-02
4.313046634197235107e-01 6.454740762710571289e-01 3.095126524567604065e-02
4.174950718879699707e-01 6.290716528892517090e-01 4.267478734254837036e-02
5.196201205253601074e-01 2.885724008083343506e-01 -1.511497981846332550e-02
4.890366196632385254e-01 6.776745319366455078e-01 8.627111092209815979e-03
4.603572487831115723e-01 3.878073692321777344e-01 4.208690952509641647e-03
4.703777432441711426e-01 3.842058777809143066e-01 5.996147636324167252e-03
4.767201244831085205e-01 3.823507130146026611e-01 8.467660285532474518e-03
3.981361091136932373e-01 3.501374125480651855e-01 3.152111545205116272e-02
4.702573120594024658e-01 3.816269040107727051e-01 4.389340057969093323e-03
4.599141478538513184e-01 3.841811418533325195e-01 2.249721903353929520e-03
4.499829411506652832e-01 3.850157856941223145e-01 2.482831478118896484e-03
4.395607113838195801e-01 3.837936222553253174e-01 4.859921056777238846e-03
4.319069981575012207e-01 3.821860849857330322e-01 8.182136341929435730e-03
3.798869252204895020e-01 3.433936238288879395e-01 8.728882670402526855e-02
4.319936037063598633e-01 3.852743208408355713e-01 1.013670675456523895e-02
5.032231211662292480e-01 5.145897865295410156e-01 -2.884842269122600555e-02
4.671277403831481934e-01 5.177155137062072754e-01 -1.932583563029766083e-02
4.813922941684722900e-01 4.822910726070404053e-01 -3.125146403908729553e-02
4.882689118385314941e-01 5.140040516853332520e-01 -2.836493030190467834e-02
5.141390562057495117e-01 3.692755103111267090e-01 -1.904538273811340332e-02
4.173952043056488037e-01 6.089735031127929688e-01 2.859680354595184326e-02
4.308432638645172119e-01 6.273654699325561523e-01 1.838132552802562714e-02
4.654604792594909668e-01 6.596772670745849609e-01 -3.111077472567558289e-03
3.910964727401733398e-01 5.787903070449829102e-01 7.765212655067443848e-02
4.770466983318328857e-01 3.808527290821075439e-01 6.953664589673280716e-03
4.930750429630279541e-01 4.186269640922546387e-01 -2.777990885078907013e-02
4.899719953536987305e-01 6.655656099319458008e-01 -5.176957696676254272e-03
4.464394450187683105e-01 6.602823734283447266e-01 1.881822384893894196e-02
3.782428503036499023e-01 4.919534027576446533e-01 7.118470966815948486e-02
4.793084263801574707e-01 5.578171014785766602e-01 -1.603301987051963806e-02
4.765903949737548828e-01 5.636437535285949707e-01 -1.775113865733146667e-02
4.740589857101440430e-01 5.710550546646118164e-01 -1.976026594638824463e-02
4.718992412090301514e-01 5.798249840736389160e-01 -1.834765076637268066e-02
4.647409617900848389e-01 5.973740816116333008e-01 -1.019551046192646027e-02
4.638973772525787354e-01 5.529500842094421387e-01 -8.874460123479366302e-03
4.615552425384521484e-01 5.513190031051635742e-01 -9.010680019855499268e-03
4.595439434051513672e-01 5.494274497032165527e-01 -9.009657427668571472e-03
4.455345869064331055e-01 5.386942028999328613e-01 -6.760785821825265884e-03
4.057556092739105225e-01 4.946670830249786377e-01 1.508874353021383286e-02
4.938518404960632324e-01 4.021378159523010254e-01 -1.745692826807498932e-02
4.899805188179016113e-01 3.673227131366729736e-01 1.517764991149306297e-03
4.827691912651062012e-01 3.701283931732177734e-01 5.311170592904090881e-03
4.659709334373474121e-01 5.543469190597534180e-01 -7.804276421666145325e-03
4.008728265762329102e-01 5.362513661384582520e-01 3.132572025060653687e-02
5.007504224777221680e-01 3.667839467525482178e-01 -1.220065727829933167e-02
4.571293592453002930e-01 6.122466325759887695e-01 -3.976358566433191299e-03
5.111113190650939941e-01 4.248629808425903320e-01 -4.749421402812004089e-02
5.015029311180114746e-01 4.104283750057220459e-01 -3.482514619827270508e-02
5.119615793228149414e-01 4.081004261970520020e-01 -3.706647083163261414e-02
4.838559031486511230e-01 4.444267749786376953e-01 -2.813322842121124268e-02
4.912673234939575195e-01 6.480761766433715820e-01 -1.089648716151714325e-02
4.927020668983459473e-01 6.277990341186523438e-01 -1.061983313411474228e-02
4.741573333740234375e-01 6.238338947296142578e-01 -9.029391221702098846e-03
4.341327846050262451e-01 5.775078535079956055e-01 5.591697990894317627e-03
4.577304422855377197e-01 4.877615272998809814e-01 -8.808501064777374268e-03
4.440042078495025635e-01 5.970261693000793457e-01 1.089603756554424763e-03
4.317853450775146484e-01 4.818540811538696289e-01 -5.103697068989276886e-03
4.455343484878540039e-01 5.031269788742065430e-01 -7.609312422573566437e-03
4.203389585018157959e-01 5.085150599479675293e-01 3.078149631619453430e-03
4.687505364418029785e-01 6.428183317184448242e-01 -8.532102219760417938e-03
4.765877425670623779e-01 4.539888203144073486e-01 -2.053100802004337311e-02
4.232194423675537109e-01 5.897829532623291016e-01 1.599683426320552826e-02
4.360943436622619629e-01 6.101641058921813965e-01 9.670694358646869659e-03
4.277002811431884766e-01 5.549553632736206055e-01 6.399367470294237137e-03
3.913751542568206787e-01 5.142139196395874023e-01 4.067316278815269470e-02
4.132681488990783691e-01 5.564928054809570312e-01 1.707375794649124146e-02
3.826505541801452637e-01 5.277286171913146973e-01 6.611081957817077637e-02
4.349154233932495117e-01 5.243259072303771973e-01 -2.861813642084598541e-03
4.852159619331359863e-01 4.295638203620910645e-01 -2.047217823565006256e-02
4.835151135921478271e-01 4.762758016586303711e-01 -4.460673034191131592e-02
4.767250418663024902e-01 4.808003902435302734e-01 -3.273487463593482971e-02
4.886086881160736084e-01 4.653001427650451660e-01 -5.231061577796936035e-02
4.821710288524627686e-01 3.489310145378112793e-01 -2.073229057714343071e-03
4.641213417053222656e-01 3.352965712547302246e-01 -4.359632730484008789e-03
4.476419687271118164e-01 3.314735293388366699e-01 -4.137135110795497894e-03
4.332090020179748535e-01 3.345754742622375488e-01 -9.880102152237668633e-05
4.219602942466735840e-01 3.429809808731079102e-01 6.372842472046613693e-03
4.101544618606567383e-01 3.771151304244995117e-01 2.276885323226451874e-02
3.760443329811096191e-01 4.176184833049774170e-01 7.128529250621795654e-02
4.160708189010620117e-01 4.019507765769958496e-01 1.402373705059289932e-02
4.282819926738739014e-01 4.077932238578796387e-01 7.692886050790548325e-03
4.443322718143463135e-01 4.094546437263488770e-01 3.614990739151835442e-03
4.601614773273468018e-01 4.063751399517059326e-01 1.912901527248322964e-03
4.729890823364257812e-01 4.003653824329376221e-01 2.195392735302448273e-03
4.819151163101196289e-01 3.949792981147766113e-01 1.804665545932948589e-03
3.724740147590637207e-01 4.188694655895233154e-01 1.122270300984382629e-01
4.763734340667724609e-01 4.858002066612243652e-01 -2.730274759232997894e-02
4.923399984836578369e-01 4.334028959274291992e-01 -3.666184097528457642e-02
4.907355010509490967e-01 4.775469005107879639e-01 -5.303815007209777832e-02
4.956054389476776123e-01 4.867088198661804199e-01 -4.845393821597099304e-02
4.905596077442169189e-01 4.805486798286437988e-01 -4.767612367868423462e-02
4.787736535072326660e-01 4.913785159587860107e-01 -2.349699474871158600e-02
4.975540935993194580e-01 4.883705973625183105e-01 -5.134480446577072144e-02
4.981237649917602539e-01 4.926074743270874023e-01 -3.830772265791893005e-02
4.841513931751251221e-01 3.806186914443969727e-01 7.333812303841114044e-03
4.894705414772033691e-01 3.856364488601684570e-01 9.220522479154169559e-04
4.928715825080871582e-01 3.891457319259643555e-01 -6.717468146234750748e-03
4.268445670604705811e-01 3.807034194469451904e-01 1.178928837180137634e-02
4.206956028938293457e-01 3.619026541709899902e-01 1.213580090552568436e-02
5.201472640037536621e-01 4.286318421363830566e-01 -4.339189454913139343e-02
5.934563875198364258e-01 4.023020565509796143e-01 1.736648194491863251e-02
5.159626603126525879e-01 4.924522638320922852e-01 -3.799100220203399658e-02
6.312663555145263672e-01 3.424538969993591309e-01 7.150177657604217529e-02
5.588797330856323242e-01 4.069601893424987793e-01 5.306224338710308075e-03
5.702497363090515137e-01 4.110661149024963379e-01 6.420026998966932297e-03
5.813140273094177246e-01 4.127210378646850586e-01 9.744655340909957886e-03
5.972881317138671875e-01 4.075810313224792480e-01 1.904162392020225525e-02
5.497643351554870605e-01 4.002919197082519531e-01 6.378301419317722321e-03
5.800242424011230469e-01 3.620393872261047363e-01 2.057766076177358627e-03
5.670164823532104492e-01 3.625057339668273926e-01 1.910892198793590069e-03
5.918081402778625488e-01 3.660437762737274170e-01 5.818445701152086258e-03
5.989012718200683594e-01 3.742971420288085938e-01 1.032849494367837906e-02
6.043363809585571289e-01 4.176020622253417969e-01 2.452837675809860229e-02
5.344216227531433105e-01 6.378834247589111328e-01 2.703731646761298180e-03
5.976412296295166016e-01 4.000068902969360352e-01 2.100185491144657135e-02
6.344193816184997559e-01 4.137951731681823730e-01 7.456305623054504395e-02
6.157681941986083984e-01 4.051202833652496338e-01 3.601634129881858826e-02
5.602512359619140625e-01 4.781944751739501953e-01 -5.476122722029685974e-03
5.130854249000549316e-01 5.403704047203063965e-01 -3.023895993828773499e-02
5.098927617073059082e-01 5.569445490837097168e-01 -2.512200549244880676e-02
5.243284106254577637e-01 5.476971864700317383e-01 -2.330488897860050201e-02
5.309020280838012695e-01 5.549548268318176270e-01 -1.496715750545263290e-02
5.187903046607971191e-01 5.585253238677978516e-01 -2.042382769286632538e-02
5.253683924674987793e-01 5.607838034629821777e-01 -1.276376377791166306e-02
5.446615219116210938e-01 5.846662521362304688e-01 2.391813322901725769e-03
5.164607167243957520e-01 4.828791320323944092e-01 -5.776325240731239319e-02
5.192682147026062012e-01 4.666546285152435303e-01 -6.105185672640800476e-02
6.150063276290893555e-01 3.545834720134735107e-01 1.436570752412080765e-02
5.416283607482910156e-01 4.326668381690979004e-01 -7.192533463239669800e-03
5.397196412086486816e-01 4.836504161357879639e-01 -2.967822179198265076e-02
5.411993861198425293e-01 4.751667082309722900e-01 -2.631171792745590210e-02
5.927897095680236816e-01 4.814437031745910645e-01 9.027957916259765625e-03
5.199323892593383789e-01 4.460848569869995117e-01 -5.422759801149368286e-02
5.935040116310119629e-01 3.312499523162841797e-01 -4.804689902812242508e-03
6.070856451988220215e-01 3.394184708595275879e-01 4.100623074918985367e-03
6.219575405120849609e-01 3.117737472057342529e-01 4.979078471660614014e-02
5.426347255706787109e-01 3.415086269378662109e-01 -1.537377852946519852e-02
5.550562143325805664e-01 3.679720461368560791e-01 4.821953829377889633e-03
5.538609027862548828e-01 5.696278810501098633e-01 5.311498884111642838e-03
6.124497652053833008e-01 5.705458521842956543e-01 1.021835133433341980e-01
5.304489135742187500e-01 4.918383657932281494e-01 -2.584636025130748749e-02
5.219838619232177734e-01 4.955998957157135010e-01 -2.728189900517463684e-02
5.380880236625671387e-01 5.667293667793273926e-01 3.494273172691464424e-03
5.354451537132263184e-01 5.661187171936035156e-01 1.156674261437729001e-04
6.126930713653564453e-01 3.290829956531524658e-01 9.636250324547290802e-03
5.390287637710571289e-01 4.917057752609252930e-01 -2.366620488464832306e-02
5.733392238616943359e-01 3.305231630802154541e-01 -1.148458383977413177e-02
5.761856436729431152e-01 3.173468112945556641e-01 -1.348726823925971985e-02
5.824843049049377441e-01 2.680715918540954590e-01 7.042743265628814697e-03
6.144268512725830078e-01 3.251544237136840820e-01 2.692160196602344513e-02
5.748396515846252441e-01 2.958348393440246582e-01 -3.669255645945668221e-03
6.207597255706787109e-01 3.487828373908996582e-01 2.406540140509605408e-02
6.241800785064697266e-01 3.504329323768615723e-01 4.638811945915222168e-02
5.117359161376953125e-01 5.495881438255310059e-01 -2.897864580154418945e-02
5.215521454811096191e-01 5.536665916442871094e-01 -2.243969962000846863e-02
5.282640457153320312e-01 5.580239892005920410e-01 -1.485381554812192917e-02
5.275596976280212402e-01 4.947429895401000977e-01 -2.359470166265964508e-02
5.367365479469299316e-01 5.664770007133483887e-01 1.652968116104602814e-03
5.325590372085571289e-01 5.699301362037658691e-01 -5.044061690568923950e-03
5.340085029602050781e-01 5.657526850700378418e-01 -2.264298236696049571e-04
5.269321203231811523e-01 4.847042858600616455e-01 -4.111705347895622253e-02
5.231820344924926758e-01 5.625187754631042480e-01 -1.094381231814622879e-02
5.166431665420532227e-01 5.615259408950805664e-01 -1.601323485374450684e-02
5.083997249603271484e-01 5.611805915832519531e-01 -2.019990980625152588e-02
5.087494850158691406e-01 6.110540628433227539e-01 -1.027355622500181198e-02
5.096327066421508789e-01 5.931360721588134766e-01 -2.068372257053852081e-02
5.096676945686340332e-01 5.826762914657592773e-01 -2.203172445297241211e-02
5.091992616653442383e-01 5.722398161888122559e-01 -1.961130276322364807e-02
5.082282423973083496e-01 5.639407634735107422e-01 -1.817365176975727081e-02
5.229840278625488281e-01 5.641209483146667480e-01 -9.362487122416496277e-03
5.253628492355346680e-01 5.685961842536926270e-01 -1.101538166403770447e-02
5.277151465415954590e-01 5.741445422172546387e-01 -1.267660874873399734e-02
5.295866131782531738e-01 5.801851749420166016e-01 -1.080195978283882141e-02
5.451271533966064453e-01 5.381757616996765137e-01 -1.117109507322311401e-02
6.298822760581970215e-01 4.881944060325622559e-01 1.194168180227279663e-01
5.278859734535217285e-01 5.646523833274841309e-01 -3.962160088121891022e-03
5.302378535270690918e-01 5.672052502632141113e-01 -5.140767898410558701e-03
5.183727741241455078e-01 5.017262697219848633e-01 -2.788031287491321564e-02
5.341925024986267090e-01 5.015292763710021973e-01 -1.596875861287117004e-02
5.201264619827270508e-01 4.987873435020446777e-01 -2.782842330634593964e-02
5.521526336669921875e-01 4.443232119083404541e-01 -3.205948974937200546e-03
5.691523551940917969e-01 4.581870436668395996e-01 3.516466822475194931e-04
5.420804023742675781e-01 4.833781719207763672e-01 -2.003669925034046173e-02
6.069011092185974121e-01 2.865143716335296631e-01 2.679125592112541199e-02
5.990272760391235352e-01 3.064728975296020508e-01 1.066050305962562561e-02
5.980643630027770996e-01 3.188002109527587891e-01 -2.595141995698213577e-03
5.354952216148376465e-01 5.952857732772827148e-01 -2.940900856629014015e-03
5.482034087181091309e-01 3.199571371078491211e-01 -1.931735500693321228e-02
5.491337776184082031e-01 2.916345298290252686e-01 -1.210486143827438354e-02
5.552639961242675781e-01 2.574811577796936035e-01 -4.711428657174110413e-03
5.911730527877807617e-01 4.120405912399291992e-01 1.464274246245622635e-02
6.144213080406188965e-01 4.296797513961791992e-01 3.072128072381019592e-02
5.439925193786621094e-01 3.945078849792480469e-01 7.897794246673583984e-03
6.084365248680114746e-01 3.816408216953277588e-01 1.988283731043338776e-02
5.350676774978637695e-01 4.202527105808258057e-01 -1.132674887776374817e-02
5.345316529273986816e-01 4.756640791893005371e-01 -4.068556055426597595e-02
6.238961815834045410e-01 4.436960816383361816e-01 4.294770956039428711e-02
6.074081063270568848e-01 4.404250383377075195e-01 2.055279538035392761e-02
5.935996770858764648e-01 4.442986249923706055e-01 1.007327344268560410e-02
5.721476078033447266e-01 4.382553100585937500e-01 4.952729679644107819e-03
5.564047098159790039e-01 4.285646080970764160e-01 2.204667776823043823e-03
5.449225306510925293e-01 4.188656806945800781e-01 -8.687936933711171150e-04
5.228914618492126465e-01 3.955000638961791992e-01 -2.284444868564605713e-02
6.196288466453552246e-01 4.790135025978088379e-01 3.963180258870124817e-02
6.161673665046691895e-01 3.788622915744781494e-01 2.547753974795341492e-02
5.118857026100158691e-01 4.911531209945678711e-01 -5.249938368797302246e-02
5.395868420600891113e-01 4.490039050579071045e-01 -1.210568193346261978e-02
6.367557048797607422e-01 4.138187170028686523e-01 1.120661869645118713e-01
5.367704033851623535e-01 4.084703326225280762e-01 -2.568697789683938026e-03
5.426981449127197266e-01 4.849811196327209473e-01 -8.971685543656349182e-03
6.023948788642883301e-01 3.976333737373352051e-01 2.310429513454437256e-02
5.357174873352050781e-01 4.653189778327941895e-01 -3.643197938799858093e-02
6.232466101646423340e-01 5.284305214881896973e-01 1.137392669916152954e-01
5.443588495254516602e-01 3.896210193634033203e-01 1.074055954813957214e-02
5.283643603324890137e-01 4.536814987659454346e-01 -4.739470779895782471e-02
5.854362249374389648e-01 6.067740917205810547e-01 4.305265098810195923e-02
5.848065614700317383e-01 6.262948513031005859e-01 6.303015351295471191e-02
6.301387548446655273e-01 4.846901595592498779e-01 7.933332771062850952e-02
6.006809473037719727e-01 5.860432386398315430e-01 5.689071118831634521e-02
6.297985911369323730e-01 3.798308968544006348e-01 6.377097964286804199e-02
5.362848639488220215e-01 6.551670432090759277e-01 9.005851112306118011e-03
5.100223422050476074e-01 4.950284659862518311e-01 -3.796995803713798523e-02
5.481088161468505859e-01 4.632442593574523926e-01 -7.888157851994037628e-03
6.233900189399719238e-01 4.094101190567016602e-01 4.732111096382141113e-02
5.814504623413085938e-01 4.032854139804840088e-01 1.065781246870756149e-02
5.712750554084777832e-01 4.017983376979827881e-01 7.767025846987962723e-03
5.346841216087341309e-01 5.729845762252807617e-01 -3.190443385392427444e-03
6.145264506340026855e-01 5.126500129699707031e-01 4.286576807498931885e-02
5.139113664627075195e-01 6.767073273658752441e-01 1.236163266003131866e-02
5.506398081779479980e-01 6.579149961471557617e-01 3.423028811812400818e-02
5.667006969451904297e-01 6.452457904815673828e-01 4.680927842855453491e-02
5.616526603698730469e-01 3.985750079154968262e-01 7.115332875400781631e-03
5.528628230094909668e-01 3.938937783241271973e-01 8.458264172077178955e-03
5.472970604896545410e-01 3.910908699035644531e-01 1.063451170921325684e-02
6.227009296417236328e-01 3.765578866004943848e-01 3.697776794433593750e-02
5.539114475250244141e-01 3.914889395236968994e-01 6.904375273734331131e-03
5.636644959449768066e-01 3.954766988754272461e-01 5.232898984104394913e-03
5.731216073036193848e-01 3.982523679733276367e-01 5.958373192697763443e-03
5.829324722290039062e-01 3.997668027877807617e-01 8.760619908571243286e-03
5.897164344787597656e-01 4.003262519836425781e-01 1.235807128250598907e-02
6.361068487167358398e-01 3.746164441108703613e-01 9.439923614263534546e-02
5.884298682212829590e-01 4.031530022621154785e-01 1.422406826168298721e-02
5.365206003189086914e-01 5.268629193305969238e-01 -1.703623309731483459e-02
5.309071540832519531e-01 4.887584745883941650e-01 -2.989003993570804596e-02
5.177407860755920410e-01 5.178949832916259766e-01 -2.740098163485527039e-02
5.692542791366577148e-01 6.261445283889770508e-01 3.231530636548995972e-02
5.535345673561096191e-01 6.407893896102905273e-01 2.128838561475276947e-02
5.151491165161132812e-01 6.649865508079528809e-01 -1.935686916112899780e-03
5.991755723953247070e-01 6.033678650856018066e-01 8.351171761751174927e-02
5.474538803100585938e-01 3.895822763442993164e-01 9.193792939186096191e-03
5.281398892402648926e-01 4.230469465255737305e-01 -2.667261101305484772e-02
5.336192846298217773e-01 6.689643859863281250e-01 2.119025774300098419e-02
6.237126588821411133e-01 5.217604637145996094e-01 7.713726907968521118e-02
5.164384245872497559e-01 5.638631582260131836e-01 -1.410673465579748154e-02
5.185038447380065918e-01 5.706413984298706055e-01 -1.577166840434074402e-02
5.201024413108825684e-01 5.789094567298889160e-01 -1.770804077386856079e-02
5.210797190666198730e-01 5.884190797805786133e-01 -1.631444692611694336e-02
5.236594676971435547e-01 6.046701669692993164e-01 -7.958362810313701630e-03
5.304263234138488770e-01 5.631670355796813965e-01 -5.916681606322526932e-03
5.330101847648620605e-01 5.622919201850891113e-01 -5.810448899865150452e-03
5.353379845619201660e-01 5.609416365623474121e-01 -5.757177714258432388e-03
5.511397123336791992e-01 5.528988838195800781e-01 -3.044731914997100830e-03
5.982309579849243164e-01 5.191486477851867676e-01 2.060549706220626831e-02
5.289049744606018066e-01 4.066323637962341309e-01 -1.628818549215793610e-02
5.378002524375915527e-01 3.744605481624603271e-01 2.864031586796045303e-03
5.437227487564086914e-01 3.785964548587799072e-01 7.231715600937604904e-03
5.280147790908813477e-01 5.638588070869445801e-01 -4.856245126575231552e-03
5.963218808174133301e-01 5.605123639106750488e-01 3.661170229315757751e-02
5.282155275344848633e-01 3.717271983623504639e-01 -1.135652139782905579e-02
5.295462012290954590e-01 6.206786036491394043e-01 -1.826060004532337189e-03
5.216570496559143066e-01 4.129027724266052246e-01 -3.424122929573059082e-02
5.334232449531555176e-01 4.508280754089355469e-01 -2.667084708809852600e-02
5.115109086036682129e-01 6.281515955924987793e-01 -8.075094781816005707e-03
5.563539862632751465e-01 5.927535295486450195e-01 9.312143549323081970e-03
5.505075454711914062e-01 4.997223913669586182e-01 -6.027584895491600037e-03
5.441380739212036133e-01 6.090445518493652344e-01 4.014759324491024017e-03
5.754043459892272949e-01 5.004961490631103516e-01 -7.810480310581624508e-04
5.587211251258850098e-01 5.179149508476257324e-01 -4.090676549822092056e-03
5.818070769309997559e-01 5.292709469795227051e-01 7.927998900413513184e-03
5.142955183982849121e-01 6.479373574256896973e-01 -7.420208770781755447e-03
5.386594533920288086e-01 4.618595242500305176e-01 -1.868184842169284821e-02
5.659835934638977051e-01 6.066903471946716309e-01 1.983804255723953247e-02
5.505863428115844727e-01 6.233119964599609375e-01 1.262564770877361298e-02
5.661618113517761230e-01 5.728428363800048828e-01 1.087163388729095459e-02
6.089127659797668457e-01 5.411950945854187012e-01 4.642951488494873047e-02
5.807769894599914551e-01 5.772489309310913086e-01 2.184943482279777527e-02
6.148630380630493164e-01 5.557975769042968750e-01 7.193651050329208374e-02
5.644720792770385742e-01 5.414276719093322754e-01 1.386582036502659321e-03
5.336441397666931152e-01 4.357756972312927246e-01 -1.885980926454067230e-02
5.305432677268981934e-01 4.823380112648010254e-01 -4.321341589093208313e-02
5.357390642166137695e-01 4.883987605571746826e-01 -3.113172203302383423e-02
5.277042388916015625e-01 4.702834784984588623e-01 -5.120800063014030457e-02
5.493411421775817871e-01 3.584178686141967773e-01 -2.873795456252992153e-04
5.695483088493347168e-01 3.489897847175598145e-01 -1.773698488250374794e-03
5.859698653221130371e-01 3.489128649234771729e-01 -7.458361214958131313e-04
5.984914302825927734e-01 3.547442555427551270e-01 3.974425606429576874e-03
6.062446832656860352e-01 3.652814626693725586e-01 1.089002657681703568e-02
6.079943180084228516e-01 4.004789590835571289e-01 2.767995372414588928e-02
6.339900493621826172e-01 4.489089250564575195e-01 7.751206308603286743e-02
5.986402034759521484e-01 4.240117073059082031e-01 1.872681826353073120e-02
5.868481993675231934e-01 4.264960885047912598e-01 1.192730385810136795e-02
5.717287063598632812e-01 4.236080944538116455e-01 7.161413785070180893e-03
5.574492812156677246e-01 4.170049130916595459e-01 4.732027184218168259e-03
5.467300415039062500e-01 4.089930355548858643e-01 4.287587478756904602e-03
5.395547747611999512e-01 4.020769000053405762e-01 3.478568047285079956e-03
6.337084770202636719e-01 4.506433606147766113e-01 1.196773052215576172e-01
5.348018407821655273e-01 4.932754337787628174e-01 -2.568839490413665771e-02
5.274672508239746094e-01 4.378478825092315674e-01 -3.551591187715530396e-02
5.238027572631835938e-01 4.817215800285339355e-01 -5.215947329998016357e-02
5.171983242034912109e-01 4.894729554653167725e-01 -4.793602228164672852e-02
5.231075882911682129e-01 4.848234653472900391e-01 -4.676003381609916687e-02
5.312741398811340332e-01 4.981279671192169189e-01 -2.209048531949520111e-02
5.152469873428344727e-01 4.905867874622344971e-01 -5.092564970254898071e-02
5.134437084197998047e-01 4.945045113563537598e-01 -3.796351701021194458e-02
5.403454303741455078e-01 3.882606625556945801e-01 9.023922495543956757e-03
5.343518853187561035e-01 3.917213082313537598e-01 2.235838910564780235e-03
5.309575796127319336e-01 3.943340182304382324e-01 -5.585771054029464722e-03
5.941811203956604004e-01 4.003194570541381836e-01 1.608118414878845215e-02
6.031899452209472656e-01 3.841452598571777344e-01 1.669611223042011261e-02
4.515818059444427490e-01 3.851712942123413086e-01 7.459660992026329041e-03
4.635828733444213867e-01 3.856402039527893066e-01 7.459660992026329041e-03
4.524262547492980957e-01 3.717387914657592773e-01 7.459660992026329041e-03
4.395628869533538818e-01 3.845384120941162109e-01 7.459660992026329041e-03
4.507109522819519043e-01 3.981528878211975098e-01 7.459660992026329041e-03
5.708304643630981445e-01 3.956868052482604980e-01 1.077845226973295212e-02
5.822105407714843750e-01 3.974422216415405273e-01 1.077845226973295212e-02
5.719042420387268066e-01 3.824954330921173096e-01 1.077845226973295212e-02
5.593181252479553223e-01 3.938937187194824219e-01 1.077845226973295212e-02
5.697824954986572266e-01 4.086013436317443848e-01 1.077845226973295212e-02
