5.043660998344421387e-01 4.999862015247344971e-01 -4.099116474390029907e-02
5.105798840522766113e-01 4.463895857334136963e-01 -6.097792088985443115e-02
5.085488557815551758e-01 4.664108157157897949e-01 -3.601900860667228699e-02
5.040155649185180664e-01 3.975889086723327637e-01 -4.062501713633537292e-02
5.117651224136352539e-01 4.301550090312957764e-01 -6.301243603229522705e-02
5.128685832023620605e-01 4.111153483390808105e-01 -5.623468011617660522e-02
5.150455236434936523e-01 3.667121529579162598e-01 -1.932789199054241180e-02
4.313015937805175781e-01 3.585495352745056152e-01 1.975217089056968689e-02
5.171294212341308594e-01 3.279035687446594238e-01 -6.869703996926546097e-03
5.184251666069030762e-01 3.067942857742309570e-01 -5.642458330839872360e-03
5.215838551521301270e-01 2.392264157533645630e-01 1.685466431081295013e-02
5.041730403900146484e-01 5.032675862312316895e-01 -4.060216248035430908e-02
5.040189623832702637e-01 5.067520141601562500e-01 -3.772848099470138550e-02
5.039666295051574707e-01 5.093266367912292480e-01 -3.361971676349639893e-02
5.015769004821777344e-01 5.631187558174133301e-01 -2.762496657669544220e-02
5.015284419059753418e-01 5.688883066177368164e-01 -3.016975708305835724e-02
5.012734532356262207e-01 5.758185982704162598e-01 -3.270514309406280518e-02
5.010791420936584473e-01 5.827794671058654785e-01 -3.069975413382053375e-02
4.987491667270660400e-01 5.921730995178222656e-01 -2.092306315898895264e-02
5.096942186355590820e-01 4.558318853378295898e-01 -5.626143515110015869e-02
4.995732903480529785e-01 4.562677443027496338e-01 -4.213180765509605408e-02
3.945622742176055908e-01 3.060484528541564941e-01 7.847817987203598022e-02
4.624277651309967041e-01 3.729948401451110840e-01 8.609016425907611847e-03
4.504860937595367432e-01 3.741167783737182617e-01 8.774988353252410889e-03
4.393652379512786865e-01 3.727902173995971680e-01 1.137570664286613464e-02
4.250651001930236816e-01 3.638283610343933105e-01 2.023174986243247986e-02
4.732601046562194824e-01 3.686404824256896973e-01 1.072893850505352020e-02
4.530618786811828613e-01 3.241931200027465820e-01 7.845984771847724915e-03
4.657906293869018555e-01 3.277733922004699707e-01 8.984412997961044312e-03
4.402268826961517334e-01 3.254417181015014648e-01 1.047528721392154694e-02
4.309337735176086426e-01 3.317094147205352783e-01 1.420381665229797363e-02
4.142528474330902100e-01 3.735195100307464600e-01 2.395731024444103241e-02
4.530595242977142334e-01 6.048670411109924316e-01 -1.349218469113111496e-02
4.273912906646728516e-01 3.553025424480438232e-01 2.349577844142913818e-02
3.827569484710693359e-01 3.716094493865966797e-01 7.287563383579254150e-02
4.035169482231140137e-01 3.620904982089996338e-01 3.612962737679481506e-02
4.530566632747650146e-01 4.373608231544494629e-01 -1.104909181594848633e-02
4.889664947986602783e-01 4.958125948905944824e-01 -3.971675410866737366e-02
4.905758500099182129e-01 5.052750706672668457e-01 -3.662162274122238159e-02
4.740424156188964844e-01 5.002551674842834473e-01 -3.422447293996810913e-02
4.644260108470916748e-01 5.081457495689392090e-01 -2.631727978587150574e-02
4.791356027126312256e-01 5.073572993278503418e-01 -3.243816271424293518e-02
4.705425798892974854e-01 5.123060345649719238e-01 -2.487470582127571106e-02
4.489959776401519775e-01 5.478891134262084961e-01 -1.074487995356321335e-02
5.014520883560180664e-01 4.452254474163055420e-01 -6.026392802596092224e-02
5.010594725608825684e-01 4.297031760215759277e-01 -6.204395741224288940e-02
4.171642065048217773e-01 3.121252655982971191e-01 1.966854743659496307e-02
4.784431755542755127e-01 4.004077911376953125e-01 -6.445405539125204086e-03
4.754907786846160889e-01 4.434968233108520508e-01 -3.430923819541931152e-02
4.746653437614440918e-01 4.361629188060760498e-01 -3.023795783519744873e-02
4.188286960124969482e-01 4.347632825374603271e-01 9.695084299892187119e-04
5.026077628135681152e-01 4.120720922946929932e-01 -5.338896811008453369e-02
4.477100968360900879e-01 2.909414172172546387e-01 4.173925612121820450e-03
4.305975735187530518e-01 2.980414628982543945e-01 1.136430352926254272e-02
4.092373847961425781e-01 2.773411870002746582e-01 6.149819865822792053e-02
4.962587356567382812e-01 3.097038269042968750e-01 -4.394563846290111542e-03
4.762887358665466309e-01 3.357323706150054932e-01 1.214005798101425171e-02
4.429569244384765625e-01 5.284809470176696777e-01 -8.118911646306514740e-03
3.832115530967712402e-01 5.283361077308654785e-01 7.985305786132812500e-02
4.834876656532287598e-01 4.532759487628936768e-01 -3.061524219810962677e-02
4.919110834598541260e-01 4.588862061500549316e-01 -3.226919472217559814e-02
4.551237523555755615e-01 5.302102565765380859e-01 -9.154454804956912994e-03
4.586532115936279297e-01 5.299918651580810547e-01 -1.192054059356451035e-02
4.257887005805969238e-01 2.883524894714355469e-01 1.816354691982269287e-02
4.743118286132812500e-01 4.519303143024444580e-01 -2.921224758028984070e-02
4.688877463340759277e-01 2.931520342826843262e-01 -1.117634819820523262e-03
4.687857329845428467e-01 2.802864909172058105e-01 -1.420230371877551079e-03
4.576362669467926025e-01 2.412322461605072021e-01 2.644590288400650024e-02
4.174197614192962646e-01 2.894092798233032227e-01 3.760650381445884705e-02
4.631953835487365723e-01 2.674497365951538086e-01 1.274698600172996521e-02
4.112256765365600586e-01 3.074644207954406738e-01 3.015818260610103607e-02
4.032645523548126221e-01 3.126436471939086914e-01 5.379417166113853455e-02
4.893500208854675293e-01 5.007507801055908203e-01 -3.945108130574226379e-02
4.764476120471954346e-01 5.042101740837097168e-01 -3.393218666315078735e-02
4.673256278038024902e-01 5.104621052742004395e-01 -2.659022435545921326e-02
4.858084022998809814e-01 4.569141864776611328e-01 -2.852156572043895721e-02
4.568777382373809814e-01 5.302176475524902344e-01 -1.059984136372804642e-02
4.598855972290039062e-01 5.412212014198303223e-01 -1.628720201551914215e-02
4.602014720439910889e-01 5.296133756637573242e-01 -1.210422720760107040e-02
4.893063008785247803e-01 4.460819959640502930e-01 -4.480217769742012024e-02
4.730970561504364014e-01 5.128681063652038574e-01 -2.359821088612079620e-02
4.815019071102142334e-01 5.089227557182312012e-01 -2.886681072413921356e-02
4.918766617774963379e-01 5.079938173294067383e-01 -3.278748691082000732e-02
4.823397994041442871e-01 5.884240865707397461e-01 -2.120271325111389160e-02
4.843510091304779053e-01 5.780640840530395508e-01 -3.054519183933734894e-02
4.854988455772399902e-01 5.714583992958068848e-01 -3.182460367679595947e-02
4.870499074459075928e-01 5.647302269935607910e-01 -2.909360453486442566e-02
4.887910485267639160e-01 5.595712065696716309e-01 -2.675436809659004211e-02
4.712165594100952148e-01 5.468600392341613770e-01 -1.907902956008911133e-02
4.684450030326843262e-01 5.487422943115234375e-01 -2.110385335981845856e-02
4.649437069892883301e-01 5.514510273933410645e-01 -2.312962338328361511e-02
4.620758593082427979e-01 5.545874238014221191e-01 -2.161367423832416534e-02
4.579815268516540527e-01 4.961463809013366699e-01 -2.143229544162750244e-02
3.748537302017211914e-01 4.463598132133483887e-01 1.059758216142654419e-01
5.091104507446289062e-01 4.608073830604553223e-01 -4.289356991648674011e-02
4.657765030860900879e-01 5.399248003959655762e-01 -1.451509632170200348e-02
4.628221392631530762e-01 5.404751896858215332e-01 -1.600003242492675781e-02
4.943710267543792725e-01 4.654465913772583008e-01 -3.373717889189720154e-02
4.770079255104064941e-01 4.627227783203125000e-01 -2.218182757496833801e-02
4.932293891906738281e-01 4.622434079647064209e-01 -3.316722065210342407e-02
4.656576812267303467e-01 4.087022542953491211e-01 -4.803639370948076248e-03
4.464602768421173096e-01 4.174043834209442139e-01 -3.764564171433448792e-03
4.720755219459533691e-01 4.442257881164550781e-01 -2.496556006371974945e-02
4.292697608470916748e-01 2.548262178897857666e-01 4.252577573060989380e-02
4.364558160305023193e-01 2.736008167266845703e-01 2.426943741738796234e-02
4.453684389591217041e-01 2.793846726417541504e-01 8.117046207189559937e-03
4.564511775970458984e-01 5.627176165580749512e-01 -1.552017964422702789e-02
4.959018826484680176e-01 2.878475785255432129e-01 -5.730472039431333542e-03
4.900269806385040283e-01 2.688281834125518799e-01 6.466650869697332382e-03
4.872358441352844238e-01 2.369918078184127808e-01 1.755575090646743774e-02
4.299882650375366211e-01 3.692447245121002197e-01 1.580722630023956299e-02
4.004261493682861328e-01 3.843641579151153564e-01 2.827910706400871277e-02
4.806408882141113281e-01 3.638871312141418457e-01 1.302807126194238663e-02
4.180223345756530762e-01 3.386485278606414795e-01 2.305421419441699982e-02
4.873997271060943604e-01 3.903710544109344482e-01 -8.879881352186203003e-03
4.828194379806518555e-01 4.361806213855743408e-01 -4.391892254352569580e-02
3.912003934383392334e-01 3.977916836738586426e-01 3.796551004052162170e-02
4.062556326389312744e-01 3.938042521476745605e-01 1.702013239264488220e-02
4.203316569328308105e-01 3.994895517826080322e-01 6.891776341944932938e-03
4.433987140655517578e-01 3.983809947967529297e-01 3.267865628004074097e-03
4.609666466712951660e-01 3.929692208766937256e-01 2.421839861199259758e-03
4.749181568622589111e-01 3.860340416431427002e-01 1.205901382490992546e-03
5.041308999061584473e-01 3.696064352989196777e-01 -1.607137545943260193e-02
3.909045755863189697e-01 4.307419955730438232e-01 3.045676834881305695e-02
4.095348417758941650e-01 3.362972736358642578e-01 2.860155329108238220e-02
5.043140649795532227e-01 4.547814130783081055e-01 -5.585169792175292969e-02
4.784899950027465820e-01 4.147028326988220215e-01 -1.336165610700845718e-02
3.777316808700561523e-01 3.747408092021942139e-01 1.080214455723762512e-01
4.858114123344421387e-01 3.774129450321197510e-01 1.301910495385527611e-03
4.704128503799438477e-01 4.464627504348754883e-01 -1.416585594415664673e-02
4.220924675464630127e-01 3.535243868827819824e-01 2.511207945644855499e-02
4.824423193931579590e-01 4.274365603923797607e-01 -3.873199597001075745e-02
3.769090175628662109e-01 4.856937527656555176e-01 9.583874046802520752e-02
4.816608130931854248e-01 3.592150211334228516e-01 1.669493131339550018e-02
4.924519062042236328e-01 4.177625179290771484e-01 -4.797865077853202820e-02
4.063496887683868408e-01 5.641974806785583496e-01 2.358879521489143372e-02
4.039100110530853271e-01 5.863527059555053711e-01 3.895617276430130005e-02
3.777356743812561035e-01 4.386073946952819824e-01 6.860253214836120605e-02
3.941973447799682617e-01 5.416303277015686035e-01 3.714441508054733276e-02
3.927180767059326172e-01 3.400374650955200195e-01 6.690068542957305908e-02
4.485334157943725586e-01 6.225073337554931641e-01 -9.953702799975872040e-03
5.049626827239990234e-01 4.598719179630279541e-01 -4.227184876799583435e-02
4.674456119537353516e-01 4.260829389095306396e-01 -1.123835518956184387e-02
3.935887515544891357e-01 3.669002056121826172e-01 4.657026380300521851e-02
4.424103498458862305e-01 3.631175756454467773e-01 1.335402950644493103e-02
4.521813988685607910e-01 3.648734688758850098e-01 1.105397380888462067e-02
4.571380913257598877e-01 5.422406196594238281e-01 -1.501329801976680756e-02
3.910344243049621582e-01 4.641357064247131348e-01 2.955426089465618134e-02
4.678550362586975098e-01 6.505298614501953125e-01 -8.194688707590103149e-03
4.327683448791503906e-01 6.239712238311767578e-01 1.232249289751052856e-02
4.188702702522277832e-01 6.082155108451843262e-01 2.396318875253200531e-02
5.200667977333068848e-01 2.728783488273620605e-01 5.351771600544452667e-03
4.939380288124084473e-01 6.572018265724182129e-01 -1.017373986542224884e-02
4.619613289833068848e-01 3.643336296081542969e-01 1.120822597295045853e-02
4.716249108314514160e-01 3.619396686553955078e-01 1.336580887436866760e-02
4.781421422958374023e-01 3.603524565696716309e-01 1.622142829000949860e-02
4.018811583518981934e-01 3.356014490127563477e-01 3.995500877499580383e-02
4.725534915924072266e-01 3.565934598445892334e-01 1.315794698894023895e-02
4.627689719200134277e-01 3.566679954528808594e-01 1.101675070822238922e-02
4.532340764999389648e-01 3.561021387577056885e-01 1.106019318103790283e-02
4.431642591953277588e-01 3.553467094898223877e-01 1.302334666252136230e-02
4.358963668346405029e-01 3.552726507186889648e-01 1.590176112949848175e-02
3.844545781612396240e-01 3.368060886859893799e-01 9.607224166393280029e-02
4.358980059623718262e-01 3.607788980007171631e-01 1.663892157375812531e-02
5.074416995048522949e-01 4.799325168132781982e-01 -3.483006358146667480e-02
4.695455133914947510e-01 4.859318733215332031e-01 -2.613150700926780701e-02
4.837310314178466797e-01 4.497342407703399658e-01 -3.400523215532302856e-02
4.917075335979461670e-01 4.798012077808380127e-01 -3.449787944555282593e-02
5.158740282058715820e-01 3.486993312835693359e-01 -8.773415349423885345e-03
4.193035960197448730e-01 5.865075588226318359e-01 1.297415606677532196e-02
4.330252707004547119e-01 6.043085455894470215e-01 2.078784629702568054e-03
4.691439867019653320e-01 6.369642615318298340e-01 -2.002882212400436401e-02
3.928667008876800537e-01 5.623313188552856445e-01 5.914521217346191406e-02
4.789822101593017578e-01 3.576291799545288086e-01 1.534772943705320358e-02
4.953777492046356201e-01 3.925970792770385742e-01 -2.358759194612503052e-02
4.948970079421997070e-01 6.435960531234741211e-01 -2.183158323168754578e-02
4.485024809837341309e-01 6.385539174079895020e-01 -4.382738188724033535e-05
3.789194226264953613e-01 4.753134846687316895e-01 6.221627444028854370e-02
4.788594841957092285e-01 5.537905693054199219e-01 -2.335946261882781982e-02
4.760989546775817871e-01 5.573059320449829102e-01 -2.555391006171703339e-02
4.733199477195739746e-01 5.623631477355957031e-01 -2.770633809268474579e-02
4.712071418762207031e-01 5.682316422462463379e-01 -2.656687051057815552e-02
4.670943617820739746e-01 5.771100521087646484e-01 -1.990896649658679962e-02
4.636142253875732422e-01 5.196902751922607422e-01 -1.788863539695739746e-02
4.605552554130554199e-01 5.189604163169860840e-01 -1.781664788722991943e-02
4.579449892044067383e-01 5.173847079277038574e-01 -1.758168637752532959e-02
4.489680230617523193e-01 5.105313062667846680e-01 -1.461440790444612503e-02
4.076740741729736328e-01 4.712128043174743652e-01 8.034507744014263153e-03
4.960169196128845215e-01 3.787718117237091064e-01 -1.159732788801193237e-02
4.923011958599090576e-01 3.454687595367431641e-01 1.082467194646596909e-02
4.848829507827758789e-01 3.485299050807952881e-01 1.432406902313232422e-02
4.660560488700866699e-01 5.192881822586059570e-01 -1.725093834102153778e-02
4.028562903404235840e-01 5.142090320587158203e-01 2.015396207571029663e-02
5.029574036598205566e-01 3.439875841140747070e-01 -2.548986114561557770e-03
4.598826169967651367e-01 5.895733833312988281e-01 -1.567249745130538940e-02
5.136241912841796875e-01 3.959784507751464844e-01 -4.358011484146118164e-02
5.039549469947814941e-01 3.843142390251159668e-01 -2.900678105652332306e-02
5.143004059791564941e-01 3.818901479244232178e-01 -3.081639483571052551e-02
4.857933223247528076e-01 4.160325527191162109e-01 -2.712651900947093964e-02
4.963271915912628174e-01 6.257126331329345703e-01 -2.488754317164421082e-02
4.977020025253295898e-01 6.070422530174255371e-01 -2.238953672349452972e-02
4.778201282024383545e-01 6.023533940315246582e-01 -2.092456817626953125e-02
4.373085498809814453e-01 5.528283715248107910e-01 -5.245127249509096146e-03
4.599436521530151367e-01 4.592877626419067383e-01 -1.285574212670326233e-02
4.466017484664916992e-01 5.731373429298400879e-01 -1.029421575367450714e-02
4.344373941421508789e-01 4.557394981384277344e-01 -9.454341605305671692e-03
4.486041069030761719e-01 4.753037989139556885e-01 -1.310523971915245056e-02
4.235996007919311523e-01 4.830555915832519531e-01 -3.796699922531843185e-03
4.726858735084533691e-01 6.197349429130554199e-01 -2.276003547012805939e-02
4.780927598476409912e-01 4.257167875766754150e-01 -2.097819559276103973e-02
4.257787466049194336e-01 5.659464001655578613e-01 2.972523448988795280e-03
4.385740458965301514e-01 5.862365961074829102e-01 -4.167622420936822891e-03
4.313328862190246582e-01 5.294901132583618164e-01 -3.628251608461141586e-03
3.923937678337097168e-01 4.936015307903289795e-01 3.041858784854412079e-02
4.159919619560241699e-01 5.328118205070495605e-01 6.035063881427049637e-03
3.836569190025329590e-01 5.100022554397583008e-01 5.335702374577522278e-02
4.388096034526824951e-01 4.972403049468994141e-01 -1.005480810999870300e-02
4.871953725814819336e-01 4.034723639488220215e-01 -1.803863048553466797e-02
4.861028790473937988e-01 4.429355561733245850e-01 -4.663239791989326477e-02
4.789083600044250488e-01 4.484405219554901123e-01 -3.590669482946395874e-02
4.914938211441040039e-01 4.318762719631195068e-01 -5.332995206117630005e-02
4.847097396850585938e-01 3.270364999771118164e-01 8.712006732821464539e-03
4.670920372009277344e-01 3.140150308609008789e-01 6.843854207545518875e-03
4.507496953010559082e-01 3.104521632194519043e-01 6.612023804336786270e-03
4.362943768501281738e-01 3.139503598213195801e-01 9.866627864539623260e-03
4.251009821891784668e-01 3.224982023239135742e-01 1.564027741551399231e-02
4.139524102210998535e-01 3.573232591152191162e-01 2.889219857752323151e-02
3.785738348960876465e-01 4.043165445327758789e-01 7.101229578256607056e-02
4.192751348018646240e-01 3.797481656074523926e-01 1.784501783549785614e-02
4.307491779327392578e-01 3.846963644027709961e-01 1.147423963993787766e-02
4.464431405067443848e-01 3.855732977390289307e-01 7.591896224766969681e-03
4.620596170425415039e-01 3.826750218868255615e-01 6.581088993698358536e-03
4.747404158115386963e-01 3.773127198219299316e-01 7.607324980199337006e-03
4.837796688079833984e-01 3.720225989818572998e-01 7.879442535340785980e-03
3.755210041999816895e-01 4.103455245494842529e-01 1.108349710702896118e-01
4.786350429058074951e-01 4.538804888725280762e-01 -3.094082325696945190e-02
4.947242736816406250e-01 4.049161672592163086e-01 -3.431912884116172791e-02
4.938774108886718750e-01 4.431033134460449219e-01 -5.499910190701484680e-02
4.991532266139984131e-01 4.525591135025024414e-01 -5.137681216001510620e-02
4.937170147895812988e-01 4.466589689254760742e-01 -4.997847601771354675e-02
4.810597896575927734e-01 4.596920311450958252e-01 -2.765980921685695648e-02
5.010395646095275879e-01 4.537065029144287109e-01 -5.437942594289779663e-02
5.016733407974243164e-01 4.587158858776092529e-01 -4.217434674501419067e-02
4.859119951725006104e-01 3.585062623023986816e-01 1.513880491256713867e-02
4.915576875209808350e-01 3.627966642379760742e-01 8.337768726050853729e-03
4.948723316192626953e-01 3.649418056011199951e-01 3.133852151222527027e-04
4.311914443969726562e-01 3.552727103233337402e-01 1.909939199686050415e-02
4.241356849670410156e-01 3.404941558837890625e-01 1.970178447663784027e-02
5.227389335632324219e-01 3.997378349304199219e-01 -3.960435092449188232e-02
5.944671630859375000e-01 3.811450004577636719e-01 2.666872367262840271e-02
5.190014839172363281e-01 4.585998654365539551e-01 -4.135998338460922241e-02
6.332066059112548828e-01 3.329313993453979492e-01 8.957201987504959106e-02
5.620292425155639648e-01 3.848045170307159424e-01 1.324732787907123566e-02
5.725913643836975098e-01 3.888334333896636963e-01 1.429750677198171616e-02
5.831077694892883301e-01 3.906792402267456055e-01 1.765065081417560577e-02
5.989260673522949219e-01 3.864214420318603516e-01 2.751505374908447266e-02
5.534549355506896973e-01 3.785465061664581299e-01 1.441303454339504242e-02
5.811000466346740723e-01 3.422067165374755859e-01 1.353524997830390930e-02
5.690519213676452637e-01 3.426272571086883545e-01 1.354962214827537537e-02
5.925171375274658203e-01 3.460223972797393799e-01 1.698707416653633118e-02
5.998436808586120605e-01 3.540581166744232178e-01 2.117283828556537628e-02
6.064763069152832031e-01 3.964058458805084229e-01 3.183319792151451111e-02
5.411560535430908203e-01 6.145491003990173340e-01 -1.037422660738229752e-02
5.987923145294189453e-01 3.789891302585601807e-01 3.070029243826866150e-02
6.382336020469665527e-01 4.007061123847961426e-01 8.290241658687591553e-02
6.186763048171997070e-01 3.852529823780059814e-01 4.470692947506904602e-02
5.648436546325683594e-01 4.504604339599609375e-01 -6.166202481836080551e-03
5.195870995521545410e-01 4.991220831871032715e-01 -3.842905163764953613e-02
5.168229341506958008e-01 5.081188082695007324e-01 -3.538132086396217346e-02
5.330228805541992188e-01 5.066621899604797363e-01 -3.159992769360542297e-02
5.407257080078125000e-01 5.165248513221740723e-01 -2.272143959999084473e-02
5.271460413932800293e-01 5.124947428703308105e-01 -3.012962266802787781e-02
5.342382192611694336e-01 5.195388197898864746e-01 -2.175692655146121979e-02
5.524047017097473145e-01 5.600318908691406250e-01 -6.300241686403751373e-03
5.195658206939697266e-01 4.473939239978790283e-01 -5.961181223392486572e-02
5.222775340080261230e-01 4.322296380996704102e-01 -6.129554286599159241e-02
6.159434914588928223e-01 3.353197872638702393e-01 2.775466255843639374e-02
5.448595881462097168e-01 4.080229997634887695e-01 -3.246481064707040787e-03
5.442851781845092773e-01 4.515782892704010010e-01 -3.146280348300933838e-02
5.458282232284545898e-01 4.443470239639282227e-01 -2.728666737675666809e-02
5.977345108985900879e-01 4.556340873241424561e-01 8.675636723637580872e-03
5.226789712905883789e-01 4.143642187118530273e-01 -5.239282548427581787e-02
5.929999351501464844e-01 3.114608526229858398e-01 1.015490479767322540e-02
6.070491075515747070e-01 3.199501633644104004e-01 1.859003305435180664e-02
6.235414147377014160e-01 3.014063835144042969e-01 7.137051224708557129e-02
5.435349941253662109e-01 3.210920989513397217e-01 -2.200451213866472244e-03
5.580107569694519043e-01 3.477560281753540039e-01 1.589112170040607452e-02
5.611341595649719238e-01 5.425090193748474121e-01 -2.696085255593061447e-03
6.179144978523254395e-01 5.559360384941101074e-01 9.070943295955657959e-02
5.346382260322570801e-01 4.594365358352661133e-01 -2.867150679230690002e-02
5.256826877593994141e-01 4.629646539688110352e-01 -3.125567734241485596e-02
5.461143255233764648e-01 5.410522818565368652e-01 -4.432787187397480011e-03
5.426411032676696777e-01 5.401233434677124023e-01 -7.703735958784818649e-03
6.130911707878112793e-01 3.102136850357055664e-01 2.564209327101707458e-02
5.438013076782226562e-01 4.600807428359985352e-01 -2.638077363371849060e-02
5.730085372924804688e-01 3.106275796890258789e-01 3.002237994223833084e-03
5.755050778388977051e-01 2.977734208106994629e-01 2.718747826293110847e-03
5.826725363731384277e-01 2.556414008140563965e-01 3.228892758488655090e-02
6.157988309860229492e-01 3.109572529792785645e-01 4.556939750909805298e-02
5.755515098571777344e-01 2.797775864601135254e-01 1.727146096527576447e-02
6.223497986793518066e-01 3.303566575050354004e-01 3.855255991220474243e-02
6.258065104484558105e-01 3.370977342128753662e-01 6.274868547916412354e-02
5.184685587882995605e-01 5.040046572685241699e-01 -3.815686702728271484e-02
5.300481319427490234e-01 5.100667476654052734e-01 -3.145290911197662354e-02
5.376572608947753906e-01 5.182874798774719238e-01 -2.326912991702556610e-02
5.317072272300720215e-01 4.624117612838745117e-01 -2.682270854711532593e-02
5.443468093872070312e-01 5.407249331474304199e-01 -6.204400677233934402e-03
5.414689183235168457e-01 5.510370135307312012e-01 -1.252858992666006088e-02
5.410432219505310059e-01 5.394188761711120605e-01 -7.987201213836669922e-03
5.305404663085937500e-01 4.511394202709197998e-01 -4.285081848502159119e-02
5.316734313964843750e-01 5.196057558059692383e-01 -2.061293274164199829e-02
5.246881842613220215e-01 5.135401487350463867e-01 -2.667219191789627075e-02
5.153873562812805176e-01 5.104947090148925781e-01 -3.152631595730781555e-02
5.152817964553833008e-01 5.923198461532592773e-01 -2.004763670265674591e-02
5.174693465232849121e-01 5.822848677635192871e-01 -2.922825701534748077e-02
5.167520642280578613e-01 5.752770900726318359e-01 -3.043801151216030121e-02
5.155058503150939941e-01 5.681707262992858887e-01 -2.774005010724067688e-02
5.139446854591369629e-01 5.624936819076538086e-01 -2.544505894184112549e-02
5.306299328804016113e-01 5.542070865631103516e-01 -1.606936752796173096e-02
5.334940552711486816e-01 5.567392110824584961e-01 -1.810995116829872131e-02
5.368679165840148926e-01 5.603145360946655273e-01 -1.997195743024349213e-02
5.395556688308715820e-01 5.642750263214111328e-01 -1.834460906684398651e-02
5.521795153617858887e-01 5.072531700134277344e-01 -1.733461581170558929e-02
6.350765228271484375e-01 4.770364165306091309e-01 1.178743913769721985e-01
5.355803370475769043e-01 5.485266447067260742e-01 -1.085159461945295334e-02
5.385945439338684082e-01 5.496437549591064453e-01 -1.236353721469640732e-02
5.225636363029479980e-01 4.688147306442260742e-01 -3.268747031688690186e-02
5.392850637435913086e-01 4.700105786323547363e-01 -1.990802772343158722e-02
5.240494608879089355e-01 4.659855067729949951e-01 -3.217513114213943481e-02
5.558808445930480957e-01 4.191651344299316406e-01 -5.283522768877446651e-04
5.733453631401062012e-01 4.322896301746368408e-01 1.904787728562951088e-03
5.469267964363098145e-01 4.529118537902832031e-01 -2.187293581664562225e-02
6.078903675079345703e-01 2.750548720359802246e-01 5.067143961787223816e-02
6.001400351524353027e-01 2.913435697555541992e-01 3.075750730931758881e-02
5.975822210311889648e-01 2.995555400848388672e-01 1.420846302062273026e-02
5.434013605117797852e-01 5.727930068969726562e-01 -1.180385332554578781e-02
5.483139753341674805e-01 3.002588152885437012e-01 -3.542491933330893517e-03
5.496647953987121582e-01 2.754931449890136719e-01 8.881701156497001648e-03
5.549477934837341309e-01 2.449472844600677490e-01 2.059306576848030090e-02
5.927748084068298340e-01 3.903492689132690430e-01 2.267140150070190430e-02
6.169865131378173828e-01 4.082753360271453857e-01 3.682924434542655945e-02
5.479105710983276367e-01 3.729876279830932617e-01 1.628953404724597931e-02
6.100031137466430664e-01 3.618148267269134521e-01 3.090411797165870667e-02
5.378349423408508301e-01 3.960995078086853027e-01 -6.337373051792383194e-03
5.384137034416198730e-01 4.428381025791168213e-01 -4.159693047404289246e-02
6.280899047851562500e-01 4.251917600631713867e-01 4.749282449483871460e-02
6.091275215148925781e-01 4.176295995712280273e-01 2.522386051714420319e-02
5.948274135589599609e-01 4.203738272190093994e-01 1.409324351698160172e-02
5.737971663475036621e-01 4.140076041221618652e-01 8.961278013885021210e-03
5.587404966354370117e-01 4.045358896255493164e-01 6.844971794635057449e-03
5.475370883941650391e-01 3.950737714767456055e-01 4.505738615989685059e-03
5.251398086547851562e-01 3.719976544380187988e-01 -1.501468755304813385e-02
6.246528029441833496e-01 4.579230248928070068e-01 4.003174602985382080e-02
6.181243658065795898e-01 3.596814870834350586e-01 3.696941584348678589e-02
5.151007175445556641e-01 4.560530185699462891e-01 -5.532966926693916321e-02
5.435209274291992188e-01 4.221622347831726074e-01 -1.028770767152309418e-02
6.404409408569335938e-01 4.048148989677429199e-01 1.204396560788154602e-01
5.393553972244262695e-01 3.848652839660644531e-01 3.870724700391292572e-03
5.476037859916687012e-01 4.554232060909271240e-01 -1.089671906083822250e-02
6.041510105133056641e-01 3.771046102046966553e-01 3.267971426248550415e-02
5.396595597267150879e-01 4.340664148330688477e-01 -3.634827584028244019e-02
6.289756298065185547e-01 5.154423713684082031e-01 1.072025448083877563e-01
5.484711527824401855e-01 3.684613108634948730e-01 2.008617483079433441e-02
5.315119624137878418e-01 4.222911298274993896e-01 -4.622381180524826050e-02
5.914396643638610840e-01 5.852383375167846680e-01 3.052259981632232666e-02
5.906667113304138184e-01 6.076323986053466797e-01 4.719956964254379272e-02
6.357125043869018555e-01 4.684571623802185059e-01 7.862760126590728760e-02
6.063966751098632812e-01 5.660332441329956055e-01 4.523789882659912109e-02
6.323248744010925293e-01 3.668959736824035645e-01 7.641562819480895996e-02
5.428693890571594238e-01 6.327143907546997070e-01 -6.633125711232423782e-03
5.133046507835388184e-01 4.608215391635894775e-01 -4.196110740303993225e-02
5.523908734321594238e-01 4.359579980373382568e-01 -7.451860699802637100e-03
6.274054050445556641e-01 3.901646137237548828e-01 5.583122000098228455e-02
5.828189849853515625e-01 3.817919492721557617e-01 1.953338645398616791e-02
5.733736157417297363e-01 3.801448941230773926e-01 1.653214544057846069e-02
5.441336035728454590e-01 5.527124404907226562e-01 -1.106781605631113052e-02
6.202419996261596680e-01 4.907442033290863037e-01 3.892702236771583557e-02
5.202256441116333008e-01 6.562019586563110352e-01 -5.976122803986072540e-03
5.575918555259704590e-01 6.373471021652221680e-01 1.762526668608188629e-02
5.733031034469604492e-01 6.252372264862060547e-01 3.067047894001007080e-02
5.646094083786010742e-01 3.769627809524536133e-01 1.590887829661369324e-02
5.565878748893737793e-01 3.726596236228942871e-01 1.737936399877071381e-02
5.513350963592529297e-01 3.699783980846405029e-01 1.982301101088523865e-02
6.256031990051269531e-01 3.582722246646881104e-01 4.892494156956672668e-02
5.573696494102478027e-01 3.693937659263610840e-01 1.727540232241153717e-02
5.664402842521667480e-01 3.726677894592285156e-01 1.585044525563716888e-02
5.749406814575195312e-01 3.751325905323028564e-01 1.665265299379825592e-02
5.840497016906738281e-01 3.768674433231353760e-01 1.928109675645828247e-02
5.906698107719421387e-01 3.779421150684356689e-01 2.267123758792877197e-02
6.386418342590332031e-01 3.655144870281219482e-01 1.080502271652221680e-01
5.894789695739746094e-01 3.818385303020477295e-01 2.326029725372791290e-02
5.431104898452758789e-01 4.945752322673797607e-01 -2.299085259437561035e-02
5.350847840309143066e-01 4.559841454029083252e-01 -3.198342025279998779e-02
5.230247974395751953e-01 4.836267530918121338e-01 -3.319446370005607605e-02
5.756930112838745117e-01 6.039918661117553711e-01 1.858641207218170166e-02
5.601537227630615234e-01 6.182770729064941406e-01 6.485270336270332336e-03
5.211907029151916504e-01 6.427119374275207520e-01 -1.826233975589275360e-02
6.044540405273437500e-01 5.868322849273681641e-01 6.880220770835876465e-02
5.513026714324951172e-01 3.680919110774993896e-01 1.905386149883270264e-02
5.308328866958618164e-01 3.966489434242248535e-01 -2.187224291265010834e-02
5.405993461608886719e-01 6.482255458831787109e-01 3.859188640490174294e-03
6.299806833267211914e-01 5.044963359832763672e-01 7.192122191190719604e-02
5.235362648963928223e-01 5.591113567352294922e-01 -2.108365669846534729e-02
5.262408256530761719e-01 5.634042024612426758e-01 -2.318995818495750427e-02
5.287778377532958984e-01 5.692234039306640625e-01 -2.521124854683876038e-02
5.306499600410461426e-01 5.758711099624633789e-01 -2.401331812143325806e-02
5.313373804092407227e-01 5.844205021858215332e-01 -1.714068651199340820e-02
5.392478704452514648e-01 5.285941362380981445e-01 -1.420659106224775314e-02
5.422711968421936035e-01 5.283745527267456055e-01 -1.377951260656118393e-02
5.451721549034118652e-01 5.273878574371337891e-01 -1.338817272335290909e-02
5.583163499832153320e-01 5.234805345535278320e-01 -9.570093825459480286e-03
6.036991477012634277e-01 4.939336776733398438e-01 1.614309288561344147e-02
5.313259959220886230e-01 3.828529119491577148e-01 -9.834934026002883911e-03
5.408758521080017090e-01 3.532845675945281982e-01 1.300399564206600189e-02
5.473399758338928223e-01 3.577789664268493652e-01 1.755917444825172424e-02
5.369119644165039062e-01 5.278083086013793945e-01 -1.354295946657657623e-02
6.019251942634582520e-01 5.371530652046203613e-01 2.808516472578048706e-02
5.302513837814331055e-01 3.495980203151702881e-01 -1.108114491216838360e-03
5.367318987846374512e-01 5.981265306472778320e-01 -1.280003692954778671e-02
5.240511298179626465e-01 3.865817785263061523e-01 -2.810473926365375519e-02
5.370809435844421387e-01 4.220128655433654785e-01 -2.489221841096878052e-02
5.178788304328918457e-01 6.068619489669799805e-01 -1.963009499013423920e-02
5.631771683692932129e-01 5.674244761466979980e-01 -1.925587566802278161e-04
5.554716587066650391e-01 4.703634679317474365e-01 -8.861407637596130371e-03
5.514708757400512695e-01 5.850448608398437500e-01 -6.329870782792568207e-03
5.803199410438537598e-01 4.728156328201293945e-01 -3.290002932772040367e-03
5.640268325805664062e-01 4.888143539428710938e-01 -8.139908313751220703e-03
5.867592692375183105e-01 5.020092725753784180e-01 3.120085457339882851e-03
5.204406976699829102e-01 6.250839233398437500e-01 -2.110335417091846466e-02
5.429971218109130859e-01 4.330965280532836914e-01 -1.818905770778656006e-02
5.724471807479858398e-01 5.825112462043762207e-01 8.483333513140678406e-03
5.574396252632141113e-01 5.995257496833801270e-01 5.471761323860846460e-05
5.724014639854431152e-01 5.460696816444396973e-01 2.504206728190183640e-03
6.148347854614257812e-01 5.193501710891723633e-01 3.929691761732101440e-02
5.866945385932922363e-01 5.524257421493530273e-01 1.286053191870450974e-02
6.209171414375305176e-01 5.375855565071105957e-01 6.268173456192016602e-02
5.700357556343078613e-01 5.126541256904602051e-01 -4.296223167330026627e-03
5.368731617927551270e-01 4.092071652412414551e-01 -1.559319905936717987e-02
5.342242717742919922e-01 4.487953186035156250e-01 -4.452527314424514771e-02
5.401712059974670410e-01 4.557635486125946045e-01 -3.350602090358734131e-02
5.309150815010070801e-01 4.366066753864288330e-01 -5.179819837212562561e-02
5.516115427017211914e-01 3.382081091403961182e-01 1.165935117751359940e-02
5.705396533012390137e-01 3.292785286903381348e-01 1.117362547665834427e-02
5.861583948135375977e-01 3.291122913360595703e-01 1.233633514493703842e-02
5.985964536666870117e-01 3.348353505134582520e-01 1.665436662733554840e-02
6.069414615631103516e-01 3.454018533229827881e-01 2.311499044299125671e-02
6.102811098098754883e-01 3.802986145019531250e-01 3.690603375434875488e-02
6.386394500732421875e-01 4.342341423034667969e-01 8.134008198976516724e-02
6.004395484924316406e-01 4.019845128059387207e-01 2.535486221313476562e-02
5.885866880416870117e-01 4.036694765090942383e-01 1.812565699219703674e-02
5.739410519599914551e-01 4.005009531974792480e-01 1.315714232623577118e-02
5.603537559509277344e-01 3.940429389476776123e-01 1.107117719948291779e-02
5.500526428222656250e-01 3.863630890846252441e-01 1.100584398955106735e-02
5.429830551147460938e-01 3.796092271804809570e-01 1.067421305924654007e-02
6.382021903991699219e-01 4.409622251987457275e-01 1.232094690203666687e-01
5.393205285072326660e-01 4.610589146614074707e-01 -2.854080870747566223e-02
5.303673744201660156e-01 4.090083837509155273e-01 -3.258063271641731262e-02
5.269516706466674805e-01 4.470852613449096680e-01 -5.364546924829483032e-02
5.201691389083862305e-01 4.551483690738677979e-01 -5.059641599655151367e-02
5.262960791587829590e-01 4.507189393043518066e-01 -4.858396574854850769e-02
5.359451770782470703e-01 4.661295413970947266e-01 -2.561881020665168762e-02
5.183615088462829590e-01 4.557826817035675049e-01 -5.373885855078697205e-02
5.166212916374206543e-01 4.604557454586029053e-01 -4.162567481398582458e-02
5.443274974822998047e-01 3.669489324092864990e-01 1.799662038683891296e-02
5.377299189567565918e-01 3.695442378520965576e-01 1.059705857187509537e-02
5.335137844085693359e-01 3.712332546710968018e-01 2.116215648129582405e-03
5.951653718948364258e-01 3.785592019557952881e-01 2.610159106552600861e-02
6.045428514480590820e-01 3.638553619384765625e-01 2.707912400364875793e-02
4.546033143997192383e-01 3.583242893218994141e-01 1.502452418208122253e-02
4.658452570438385010e-01 3.588517904281616211e-01 1.502452418208122253e-02
4.553550779819488525e-01 3.460215330123901367e-01 1.502452418208122253e-02
4.432733654975891113e-01 3.577373921871185303e-01 1.502452418208122253e-02
4.538140892982482910e-01 3.703078925609588623e-01 1.502452418208122253e-02
5.740283727645874023e-01 3.752468824386596680e-01 2.042366005480289459e-02
5.861446261405944824e-01 3.772318661212921143e-01 2.042366005480289459e-02
5.752386450767517090e-01 3.618377447128295898e-01 2.042366005480289459e-02
5.618333816528320312e-01 3.732705116271972656e-01 2.042366005480289459e-02
5.728706717491149902e-01 3.883937597274780273e-01 2.042366005480289459e-02
