5.138595700263977051e-01 5.278212428092956543e-01 -3.683084994554519653e-02
5.178066492080688477e-01 4.757022261619567871e-01 -6.156055256724357605e-02
5.141903758049011230e-01 4.941500723361968994e-01 -3.433687984943389893e-02
5.110135078430175781e-01 4.198328256607055664e-01 -4.453598707914352417e-02
5.194678306579589844e-01 4.583292603492736816e-01 -6.456476449966430664e-02
5.205655097961425781e-01 4.364863932132720947e-01 -5.884530022740364075e-02
5.223831534385681152e-01 3.842983841896057129e-01 -2.457421272993087769e-02
4.372991621494293213e-01 3.683636188507080078e-01 1.122246962040662766e-02
5.252843499183654785e-01 3.384336233139038086e-01 -1.397774834185838699e-02
5.272127985954284668e-01 3.156741261482238770e-01 -1.447993516921997070e-02
5.320366024971008301e-01 2.441739737987518311e-01 2.497703535482287407e-03
5.136357545852661133e-01 5.321156978607177734e-01 -3.583245724439620972e-02
5.130766630172729492e-01 5.363986492156982422e-01 -3.248318284749984741e-02
5.124912858009338379e-01 5.391794443130493164e-01 -2.761320210993289948e-02
5.102084279060363770e-01 5.688648223876953125e-01 -2.310696803033351898e-02
5.100367665290832520e-01 5.762637257575988770e-01 -2.502145431935787201e-02
5.093131661415100098e-01 5.854487419128417969e-01 -2.745956368744373322e-02
5.083775520324707031e-01 5.940042734146118164e-01 -2.557623572647571564e-02
5.023095011711120605e-01 6.124219298362731934e-01 -1.526354439556598663e-02
5.163625478744506836e-01 4.850267767906188965e-01 -5.619799718260765076e-02
5.049875974655151367e-01 4.840352833271026611e-01 -4.190040007233619690e-02
3.947659432888031006e-01 3.017389774322509766e-01 6.522118300199508667e-02
4.670328497886657715e-01 3.876902759075164795e-01 1.558230724185705185e-03
4.550290703773498535e-01 3.878298699855804443e-01 1.337813562713563442e-03
4.440442621707916260e-01 3.851244449615478516e-01 3.614144399762153625e-03
4.310161471366882324e-01 3.736641108989715576e-01 1.200028508901596069e-02
4.781176447868347168e-01 3.839587867259979248e-01 4.289904143661260605e-03
4.582771360874176025e-01 3.307729959487915039e-01 -1.336964778602123260e-03
4.712899923324584961e-01 3.351630866527557373e-01 1.888338447315618396e-04
4.452358484268188477e-01 3.322064280509948730e-01 1.155652920715510845e-03
4.358458518981933594e-01 3.390277028083801270e-01 4.794529639184474945e-03
4.188153147697448730e-01 3.831746578216552734e-01 1.635925471782684326e-02
4.555916786193847656e-01 6.254290342330932617e-01 -7.272855844348669052e-03
4.338308274745941162e-01 3.629843294620513916e-01 1.480707712471485138e-02
3.827182352542877197e-01 3.728844523429870605e-01 6.405138224363327026e-02
4.067621231079101562e-01 3.685745298862457275e-01 2.754964306950569153e-02
4.564482867717742920e-01 4.564737677574157715e-01 -1.381331123411655426e-02
4.991270601749420166e-01 5.233839154243469238e-01 -3.647681698203086853e-02
4.997993409633636475e-01 5.346300005912780762e-01 -3.202164545655250549e-02
4.838734865188598633e-01 5.281860232353210449e-01 -3.143680468201637268e-02
4.737509489059448242e-01 5.342445969581604004e-01 -2.396354079246520996e-02
4.881053864955902100e-01 5.358251333236694336e-01 -2.858042903244495392e-02
4.791108965873718262e-01 5.390436649322509766e-01 -2.151646465063095093e-02
4.512388110160827637e-01 5.686070919036865234e-01 -7.548105902969837189e-03
5.082495212554931641e-01 4.740608930587768555e-01 -6.123533844947814941e-02
5.081595778465270996e-01 4.571824669837951660e-01 -6.402413547039031982e-02
4.213928878307342529e-01 3.179341256618499756e-01 8.697056211531162262e-03
4.830808043479919434e-01 4.174198806285858154e-01 -1.083008293062448502e-02
4.803232550621032715e-01 4.684395492076873779e-01 -3.602724894881248474e-02
4.794403612613677979e-01 4.596706330776214600e-01 -3.239893540740013123e-02
4.208933115005493164e-01 4.504010677337646484e-01 -2.789722289890050888e-03
5.097679495811462402e-01 4.369420707225799561e-01 -5.646762251853942871e-02
4.523931741714477539e-01 2.982065677642822266e-01 -6.612549535930156708e-03
4.350428283214569092e-01 3.040598332881927490e-01 3.703220572788268328e-04
4.110623598098754883e-01 2.734724879264831543e-01 4.637863487005233765e-02
5.022561550140380859e-01 3.221647143363952637e-01 -1.262690778821706772e-02
4.818307459354400635e-01 3.453067541122436523e-01 4.041225183755159378e-03
4.449747800827026367e-01 5.493543148040771484e-01 -5.965063348412513733e-03
3.809521794319152832e-01 5.345959067344665527e-01 8.387808501720428467e-02
4.881209731101989746e-01 4.792544245719909668e-01 -3.135806694626808167e-02
4.966983497142791748e-01 4.853734970092773438e-01 -3.162820637226104736e-02
4.622791111469268799e-01 5.487787723541259766e-01 -6.647988222539424896e-03
4.656366407871246338e-01 5.487411022186279297e-01 -9.239017963409423828e-03
4.298373460769653320e-01 2.929075360298156738e-01 6.000168155878782272e-03
4.787040054798126221e-01 4.766566455364227295e-01 -3.022267483174800873e-02
4.741342663764953613e-01 3.023146986961364746e-01 -1.108200941234827042e-02
4.740913510322570801e-01 2.885928153991699219e-01 -1.257886551320552826e-02
4.641689956188201904e-01 2.415616363286972046e-01 9.995395317673683167e-03
4.198461174964904785e-01 2.881389558315277100e-01 2.358433045446872711e-02
4.692803621292114258e-01 2.704425752162933350e-01 -1.521479687653481960e-03
4.148345589637756348e-01 3.112539649009704590e-01 1.838039234280586243e-02
4.044344425201416016e-01 3.110510706901550293e-01 4.069390147924423218e-02
4.991983771324157715e-01 5.295287370681762695e-01 -3.558307886123657227e-02
4.859524369239807129e-01 5.324772000312805176e-01 -3.057207912206649780e-02
4.763329625129699707e-01 5.369282960891723633e-01 -2.369280718266963959e-02
4.903843700885772705e-01 4.829578101634979248e-01 -2.863236702978610992e-02
4.640040099620819092e-01 5.488215684890747070e-01 -7.961030118167400360e-03
4.683985114097595215e-01 5.565901398658752441e-01 -1.346621289849281311e-02
4.671663939952850342e-01 5.486267805099487305e-01 -9.354018606245517731e-03
4.947218000888824463e-01 4.731297791004180908e-01 -4.627708718180656433e-02
4.813989996910095215e-01 5.401810407638549805e-01 -1.975291781127452850e-02
4.899824559688568115e-01 5.376777052879333496e-01 -2.434332109987735748e-02
5.004776120185852051e-01 5.374145507812500000e-01 -2.750723809003829956e-02
4.860331416130065918e-01 6.087018251419067383e-01 -1.610564999282360077e-02
4.925771057605743408e-01 5.895688533782958984e-01 -2.619159035384654999e-02
4.943715333938598633e-01 5.814309120178222656e-01 -2.754030190408229828e-02
4.964052438735961914e-01 5.725050568580627441e-01 -2.488730847835540771e-02
4.983065426349639893e-01 5.660134553909301758e-01 -2.300416864454746246e-02
4.803317785263061523e-01 5.580337643623352051e-01 -1.636025868356227875e-02
4.774554073810577393e-01 5.605920553207397461e-01 -1.818734966218471527e-02
4.739131629467010498e-01 5.643943548202514648e-01 -2.017678692936897278e-02
4.709057211875915527e-01 5.684541463851928711e-01 -1.863393932580947876e-02
4.615870118141174316e-01 5.195262432098388672e-01 -2.029716409742832184e-02
3.724440932273864746e-01 4.469406306743621826e-01 1.039782389998435974e-01
5.152815580368041992e-01 4.893742799758911133e-01 -4.186958447098731995e-02
4.743934273719787598e-01 5.541696548461914062e-01 -1.197087951004505157e-02
4.714110791683197021e-01 5.552082657814025879e-01 -1.325904205441474915e-02
4.994255006313323975e-01 4.923122227191925049e-01 -3.260274976491928101e-02
4.812039732933044434e-01 4.874924719333648682e-01 -2.205105125904083252e-02
4.981528818607330322e-01 4.889290928840637207e-01 -3.228203207254409790e-02
4.697221517562866211e-01 4.256259799003601074e-01 -8.863485418260097504e-03
4.497350454330444336e-01 4.340814650058746338e-01 -7.674360647797584534e-03
4.764828085899353027e-01 4.675063192844390869e-01 -2.657828666269779205e-02
4.331769347190856934e-01 2.525139451026916504e-01 2.648014388978481293e-02
4.404250085353851318e-01 2.736557722091674805e-01 9.844906628131866455e-03
4.498383104801177979e-01 2.853451669216156006e-01 -4.109259229153394699e-03
4.594357013702392578e-01 5.834798812866210938e-01 -1.190537866204977036e-02
5.019066333770751953e-01 2.984282970428466797e-01 -1.569733023643493652e-02
4.980024397373199463e-01 2.745932340621948242e-01 -6.947101559489965439e-03
4.959632456302642822e-01 2.397062927484512329e-01 1.838110038079321384e-03
4.353221356868743896e-01 3.805391788482666016e-01 7.790586911141872406e-03
4.038523137569427490e-01 3.936225175857543945e-01 2.093105204403400421e-02
4.858801066875457764e-01 3.796485364437103271e-01 6.623642519116401672e-03
4.227435588836669922e-01 3.458164930343627930e-01 1.338943187147378922e-02
4.925099313259124756e-01 4.072523117065429688e-01 -1.349008362740278244e-02
4.882292151451110840e-01 4.618035852909088135e-01 -4.606356471776962280e-02
3.919505178928375244e-01 4.051850438117980957e-01 3.116879798471927643e-02
4.107256233692169189e-01 4.059505760669708252e-01 1.035035401582717896e-02
4.256817102432250977e-01 4.137881994247436523e-01 9.076107526198029518e-04
4.490469396114349365e-01 4.139329195022583008e-01 -1.912225736305117607e-03
4.667012989521026611e-01 4.090772271156311035e-01 -2.583718625828623772e-03
4.807297587394714355e-01 4.024203419685363770e-01 -3.793208859860897064e-03
5.108345150947570801e-01 3.867110311985015869e-01 -2.160217426717281342e-02
3.916791677474975586e-01 4.410737454891204834e-01 2.571006491780281067e-02
4.133961796760559082e-01 3.419223427772521973e-01 1.837237738072872162e-02
5.106524825096130371e-01 4.836478829383850098e-01 -5.609681084752082825e-02
4.833538234233856201e-01 4.340055584907531738e-01 -1.682558096945285797e-02
3.760859668254852295e-01 3.717289566993713379e-01 1.005025580525398254e-01
4.918276667594909668e-01 3.939741253852844238e-01 -3.909006249159574509e-03
4.745242595672607422e-01 4.688361883163452148e-01 -1.555847842246294022e-02
4.279387593269348145e-01 3.620956540107727051e-01 1.642915047705173492e-02
4.878391027450561523e-01 4.513027369976043701e-01 -4.138301685452461243e-02
3.745171725749969482e-01 4.888516068458557129e-01 9.684003889560699463e-02
4.874467253684997559e-01 3.738276064395904541e-01 9.819847531616687775e-03
4.987235963344573975e-01 4.419462978839874268e-01 -5.100248754024505615e-02
4.068823158740997314e-01 5.799210071563720703e-01 2.780031785368919373e-02
4.030601680278778076e-01 6.001301407814025879e-01 4.591687768697738647e-02
3.771676421165466309e-01 4.442672133445739746e-01 6.470073014497756958e-02
3.941231966018676758e-01 5.544429421424865723e-01 4.027698189020156860e-02
3.931229710578918457e-01 3.396935760974884033e-01 5.573619157075881958e-02
4.508965313434600830e-01 6.425090432167053223e-01 -2.375322161242365837e-03
5.108964443206787109e-01 4.881899654865264893e-01 -4.143466800451278687e-02
4.715893268585205078e-01 4.453563988208770752e-01 -1.420419756323099136e-02
3.955780863761901855e-01 3.715190589427947998e-01 3.777156770229339600e-02
4.471170008182525635e-01 3.757835030555725098e-01 5.221152212470769882e-03
4.565771818161010742e-01 3.787511885166168213e-01 3.275875234976410866e-03
4.655455648899078369e-01 5.581329464912414551e-01 -1.209690608084201813e-02
3.917748928070068359e-01 4.757858812808990479e-01 2.742657624185085297e-02
4.702861905097961426e-01 6.702542304992675781e-01 2.479105023667216301e-03
4.340908229351043701e-01 6.419445276260375977e-01 2.086679264903068542e-02
4.193377494812011719e-01 6.247270703315734863e-01 3.168613463640213013e-02
5.297862291336059570e-01 2.805562019348144531e-01 -6.634287536144256592e-03
4.961969256401062012e-01 6.768217086791992188e-01 1.596316462382674217e-03
4.666323959827423096e-01 3.787837922573089600e-01 3.874901216477155685e-03
4.766422510147094727e-01 3.767942190170288086e-01 6.376654375344514847e-03
4.835764169692993164e-01 3.754003047943115234e-01 9.354105219244956970e-03
4.047437906265258789e-01 3.389021754264831543e-01 2.938542142510414124e-02
4.778889119625091553e-01 3.619410693645477295e-01 5.254492163658142090e-03
4.679309427738189697e-01 3.565845489501953125e-01 2.817301312461495399e-03
4.580860435962677002e-01 3.545584380626678467e-01 2.437151269987225533e-03
4.479946494102478027e-01 3.554744720458984375e-01 4.159089177846908569e-03
4.412278831005096436e-01 3.582392036914825439e-01 6.994732189923524857e-03
3.835594058036804199e-01 3.329335749149322510e-01 8.549524843692779541e-02
4.412002563476562500e-01 3.720518350601196289e-01 8.319292217493057251e-03
5.127001404762268066e-01 5.076130628585815430e-01 -3.238567337393760681e-02
4.737488627433776855e-01 5.108742117881774902e-01 -2.496927976608276367e-02
4.886255264282226562e-01 4.759537875652313232e-01 -3.511010482907295227e-02
4.966525137424468994e-01 5.069166421890258789e-01 -3.275427222251892090e-02
5.233709216117858887e-01 3.623389601707458496e-01 -1.502122636884450912e-02
4.205971360206604004e-01 6.041157245635986328e-01 1.854946836829185486e-02
4.347945451736450195e-01 6.232796311378479004e-01 8.738301694393157959e-03
4.718421101570129395e-01 6.577439308166503906e-01 -1.136410422623157501e-02
3.910475671291351318e-01 5.723643302917480469e-01 6.508775800466537476e-02
4.846903979778289795e-01 3.689906895160675049e-01 8.006343618035316467e-03
5.014675259590148926e-01 4.120215773582458496e-01 -2.810090407729148865e-02
4.976124763488769531e-01 6.643554568290710449e-01 -1.201354619115591049e-02
4.505519866943359375e-01 6.577507257461547852e-01 9.391029365360736847e-03
3.785236477851867676e-01 4.828480780124664307e-01 6.102002412080764771e-02
4.883540272712707520e-01 5.621433258056640625e-01 -2.022991515696048737e-02
4.855089485645294189e-01 5.665851831436157227e-01 -2.220193855464458466e-02
4.824264347553253174e-01 5.732190012931823730e-01 -2.442497760057449341e-02
4.799038767814636230e-01 5.803599357604980469e-01 -2.322205714881420135e-02
4.706282615661621094e-01 5.976812839508056641e-01 -1.574668847024440765e-02
4.717622995376586914e-01 5.434190034866333008e-01 -1.500518620014190674e-02
4.689562916755676270e-01 5.423543453216552734e-01 -1.524416729807853699e-02
4.665498435497283936e-01 5.407353043556213379e-01 -1.539265085011720657e-02
4.517712295055389404e-01 5.326835513114929199e-01 -1.347475592046976089e-02
4.090147018432617188e-01 4.864960312843322754e-01 6.443433463573455811e-03
5.018871426582336426e-01 3.956934511661529541e-01 -1.663833670318126678e-02
4.977324306964874268e-01 3.595515191555023193e-01 3.762783715501427650e-03
4.902250170707702637e-01 3.617619276046752930e-01 6.958444137126207352e-03
4.740966558456420898e-01 5.438255071640014648e-01 -1.404844410717487335e-02
4.035971462726593018e-01 5.290582180023193359e-01 2.123716101050376892e-02
5.088864564895629883e-01 3.588000237941741943e-01 -9.333902038633823395e-03
4.627390205860137939e-01 6.103445291519165039e-01 -1.053407602012157440e-02
5.211655497550964355e-01 4.186627268791198730e-01 -4.710090532898902893e-02
5.107569694519042969e-01 4.041877985000610352e-01 -3.388912975788116455e-02
5.217063426971435547e-01 4.021889865398406982e-01 -3.535882011055946350e-02
4.912642538547515869e-01 4.374883472919464111e-01 -3.039328195154666901e-02
4.993580281734466553e-01 6.470926403999328613e-01 -1.651929318904876709e-02
5.009541511535644531e-01 6.280361413955688477e-01 -1.535689085721969604e-02
4.810427129268646240e-01 6.233340501785278320e-01 -1.470971200615167618e-02
4.391224980354309082e-01 5.728487968444824219e-01 -1.868124702014029026e-03
4.633080959320068359e-01 4.809490144252777100e-01 -1.403183862566947937e-02
4.489229619503021240e-01 5.936325788497924805e-01 -5.952369887381792068e-03
4.369436502456665039e-01 4.742862880229949951e-01 -1.168400328606367111e-02
4.514608979225158691e-01 4.962375462055206299e-01 -1.387035567313432693e-02
4.252108931541442871e-01 5.010913610458374023e-01 -4.849663935601711273e-03
4.756072759628295898e-01 6.410152316093444824e-01 -1.548280008137226105e-02
4.829743802547454834e-01 4.470266997814178467e-01 -2.369343303143978119e-02
4.272570312023162842e-01 5.847806334495544434e-01 7.172702811658382416e-03
4.406650960445404053e-01 6.060481071472167969e-01 1.286323531530797482e-03
4.328719973564147949e-01 5.490946769714355469e-01 -1.675005303695797920e-03
3.930096924304962158e-01 5.060029625892639160e-01 3.036321513354778290e-02
4.170849621295928955e-01 5.503926277160644531e-01 7.945835590362548828e-03
3.832552433013916016e-01 5.196124911308288574e-01 5.470257997512817383e-02
4.410399198532104492e-01 5.175758600234985352e-01 -9.969769045710563660e-03
4.926197230815887451e-01 4.227538704872131348e-01 -2.200428023934364319e-02
4.915614724159240723e-01 4.697335064411163330e-01 -4.847198352217674255e-02
4.837592840194702148e-01 4.742270708084106445e-01 -3.707255795598030090e-02
4.976872503757476807e-01 4.584791660308837891e-01 -5.543687567114830017e-02
4.903448820114135742e-01 3.387011885643005371e-01 2.513406798243522644e-04
4.725534319877624512e-01 3.228665590286254883e-01 -2.529251854866743088e-03
4.559831321239471436e-01 3.182566761970520020e-01 -3.140985034406185150e-03
4.412426054477691650e-01 3.211257159709930420e-01 -1.742040331009775400e-04
4.299693107604980469e-01 3.296608924865722656e-01 5.453765857964754105e-03
4.185416102409362793e-01 3.652939796447753906e-01 2.034983038902282715e-02
3.781103491783142090e-01 4.077926278114318848e-01 6.449659913778305054e-02
4.243087172508239746e-01 3.910095095634460449e-01 1.053733192384243011e-02
4.357067346572875977e-01 3.974034786224365234e-01 4.691670183092355728e-03
4.514775574207305908e-01 3.995863497257232666e-01 1.324287732131779194e-03
4.671152830123901367e-01 3.976290225982666016e-01 4.682439030148088932e-04
4.799749255180358887e-01 3.929547071456909180e-01 1.956081250682473183e-03
4.892007708549499512e-01 3.879900574684143066e-01 2.229559700936079025e-03
3.733852505683898926e-01 4.088661670684814453e-01 1.059674024581909180e-01
4.831498265266418457e-01 4.794350862503051758e-01 -3.166956454515457153e-02
5.009885430335998535e-01 4.266533553600311279e-01 -3.807774186134338379e-02
4.999291300773620605e-01 4.710752069950103760e-01 -5.645596981048583984e-02
5.048257112503051758e-01 4.806528091430664062e-01 -5.178974941372871399e-02
4.993625581264495850e-01 4.742853641510009766e-01 -5.117158964276313782e-02
4.854789078235626221e-01 4.852179586887359619e-01 -2.772841602563858032e-02
5.070486068725585938e-01 4.822547137737274170e-01 -5.467528104782104492e-02
5.073165297508239746e-01 4.867840111255645752e-01 -4.162595793604850769e-02
4.913857281208038330e-01 3.740857839584350586e-01 8.634622208774089813e-03
4.971363246440887451e-01 3.787267506122589111e-01 2.365361433476209641e-03
5.008910894393920898e-01 3.811249136924743652e-01 -5.175454542040824890e-03
4.371740818023681641e-01 3.606383502483367920e-01 1.032388489693403244e-02
4.293902516365051270e-01 3.482894003391265869e-01 1.044688001275062561e-02
5.303300023078918457e-01 4.226276874542236328e-01 -4.232866689562797546e-02
5.991744995117187500e-01 3.893910944461822510e-01 2.665244974195957184e-02
5.254743099212646484e-01 4.869129061698913574e-01 -4.020500555634498596e-02
6.369136571884155273e-01 3.396326899528503418e-01 8.849251270294189453e-02
5.665761232376098633e-01 3.997797667980194092e-01 1.158384885638952255e-02
5.776847600936889648e-01 4.030894041061401367e-01 1.339549943804740906e-02
5.882391929626464844e-01 4.041593670845031738e-01 1.748613268136978149e-02
6.027489304542541504e-01 3.962854146957397461e-01 2.829121425747871399e-02
5.572527050971984863e-01 3.940795063972473145e-01 1.221902575343847275e-02
5.875904560089111328e-01 3.494228720664978027e-01 1.120052952319383621e-02
5.741258263587951660e-01 3.502967357635498047e-01 1.008580159395933151e-02
5.994651317596435547e-01 3.539042472839355469e-01 1.560981757938861847e-02
6.064155101776123047e-01 3.626846969127655029e-01 2.040497399866580963e-02
6.100028157234191895e-01 4.093169271945953369e-01 3.389598801732063293e-02
5.430375933647155762e-01 6.356916427612304688e-01 -1.821831538109108806e-04
6.033716797828674316e-01 3.847414553165435791e-01 3.090674430131912231e-02
6.393783092498779297e-01 4.109453260898590088e-01 8.759942650794982910e-02
6.220302581787109375e-01 3.979395031929016113e-01 4.716609418392181396e-02
5.702985525131225586e-01 4.729944169521331787e-01 -3.521981183439493179e-03
5.276630520820617676e-01 5.265242457389831543e-01 -3.376047313213348389e-02
5.247051715850830078e-01 5.374547243118286133e-01 -2.955144643783569336e-02
5.396245718002319336e-01 5.337616205215454102e-01 -2.584911137819290161e-02
5.465741157531738281e-01 5.416736006736755371e-01 -1.633024588227272034e-02
5.340951085090637207e-01 5.407193899154663086e-01 -2.376041188836097717e-02
5.405778288841247559e-01 5.455420017242431641e-01 -1.503162924200296402e-02
5.552924871444702148e-01 5.820541381835937500e-01 2.045500557869672775e-03
5.268862843513488770e-01 4.767325222492218018e-01 -5.981892347335815430e-02
5.300579071044921875e-01 4.603041708469390869e-01 -6.235767900943756104e-02
6.215958595275878906e-01 3.477172851562500000e-01 2.708977833390235901e-02
5.509679913520812988e-01 4.273588955402374268e-01 -4.059311002492904663e-03
5.500491857528686523e-01 4.781652688980102539e-01 -2.965723909437656403e-02
5.514931678771972656e-01 4.696987569332122803e-01 -2.584212645888328552e-02
6.024097800254821777e-01 4.768589735031127930e-01 1.388218719512224197e-02
5.304940938949584961e-01 4.398818016052246094e-01 -5.430359765887260437e-02
6.000147461891174316e-01 3.241652846336364746e-01 6.330299656838178635e-03
6.136465668678283691e-01 3.323609232902526855e-01 1.641491241753101349e-02
6.301045417785644531e-01 3.083163499832153320e-01 6.715682148933410645e-02
5.500732660293579102e-01 3.355758786201477051e-01 -8.243655785918235779e-03
5.619673132896423340e-01 3.573341667652130127e-01 1.212510652840137482e-02
5.644165873527526855e-01 5.653395652770996094e-01 5.696804262697696686e-03
6.146329045295715332e-01 5.673558712005615234e-01 1.061171591281890869e-01
5.403212904930114746e-01 4.864670932292938232e-01 -2.681570686399936676e-02
5.314938426017761230e-01 4.901495873928070068e-01 -2.933796308934688568e-02
5.523670911788940430e-01 5.585181117057800293e-01 3.490574192255735397e-03
5.490537285804748535e-01 5.577306747436523438e-01 -2.241477195639163256e-04
6.195282936096191406e-01 3.224667310714721680e-01 2.297046408057212830e-02
5.490736365318298340e-01 4.863263368606567383e-01 -2.400265820324420929e-02
5.798680782318115234e-01 3.239378333091735840e-01 -2.220318652689456940e-03
5.829632282257080078e-01 3.108729124069213867e-01 -3.483923850581049919e-03
5.937303304672241211e-01 2.628988921642303467e-01 2.201074548065662384e-02
6.241862177848815918e-01 3.195416927337646484e-01 4.217625409364700317e-02
5.868346095085144043e-01 2.891319990158081055e-01 8.861365728080272675e-03
6.275062561035156250e-01 3.422363996505737305e-01 3.791609779000282288e-02
6.318433284759521484e-01 3.456073403358459473e-01 6.174528598785400391e-02
5.265484452247619629e-01 5.326283574104309082e-01 -3.288256004452705383e-02
5.369340181350708008e-01 5.377730727195739746e-01 -2.535715326666831970e-02
5.438055396080017090e-01 5.439075231552124023e-01 -1.670992746949195862e-02
5.372487306594848633e-01 4.893443584442138672e-01 -2.481956221163272858e-02
5.506606698036193848e-01 5.581933259963989258e-01 1.439858460798859596e-03
5.467895269393920898e-01 5.655317306518554688e-01 -5.456326063722372055e-03
5.474568605422973633e-01 5.572521090507507324e-01 -5.846253479830920696e-04
5.370324850082397461e-01 4.792409539222717285e-01 -4.193285852670669556e-02
5.378156900405883789e-01 5.460508465766906738e-01 -1.358108967542648315e-02
5.314978361129760742e-01 5.420601367950439453e-01 -1.976424083113670349e-02
5.229824185371398926e-01 5.399063825607299805e-01 -2.493363060057163239e-02
5.182014107704162598e-01 6.127946376800537109e-01 -1.371170952916145325e-02
5.229717493057250977e-01 5.935789346694946289e-01 -2.352959476411342621e-02
5.230786204338073730e-01 5.849984884262084961e-01 -2.477191574871540070e-02
5.222685933113098145e-01 5.755819678306579590e-01 -2.214499935507774353e-02
5.208712816238403320e-01 5.686998367309570312e-01 -2.039898931980133057e-02
5.360857844352722168e-01 5.645329952239990234e-01 -1.016625761985778809e-02
5.388468503952026367e-01 5.678542256355285645e-01 -1.196941640228033066e-02
5.418760180473327637e-01 5.726771950721740723e-01 -1.368048880249261856e-02
5.441463589668273926e-01 5.776666998863220215e-01 -1.172585878521203995e-02
5.560027956962585449e-01 5.324787497520446777e-01 -1.148826908320188522e-02
6.318000555038452148e-01 4.850943386554718018e-01 1.286567747592926025e-01
5.410411357879638672e-01 5.616464614868164062e-01 -4.257664550095796585e-03
5.440056920051574707e-01 5.634189248085021973e-01 -5.547889042645692825e-03
5.281235575675964355e-01 4.961996972560882568e-01 -3.029503673315048218e-02
5.441381931304931641e-01 4.959989786148071289e-01 -1.707637123763561249e-02
5.297319889068603516e-01 4.933055341243743896e-01 -3.005886450409889221e-02
5.616794824600219727e-01 4.390656948089599609e-01 1.181807674583978951e-04
5.789839625358581543e-01 4.530558586120605469e-01 4.302195739001035690e-03
5.521830916404724121e-01 4.780246019363403320e-01 -1.980501227080821991e-02
6.171505451202392578e-01 2.823057770729064941e-01 4.345174878835678101e-02
6.103934645652770996e-01 3.002034127712249756e-01 2.486951090395450592e-02
6.046776771545410156e-01 3.118507266044616699e-01 9.486147202551364899e-03
5.459892749786376953e-01 5.943987965583801270e-01 -3.948110155761241913e-03
5.559063553810119629e-01 3.138859272003173828e-01 -1.106771267950534821e-02
5.605549812316894531e-01 2.846460938453674316e-01 -1.504699815995991230e-03
5.662797689437866211e-01 2.514466047286987305e-01 7.962952367961406708e-03
5.972414016723632812e-01 4.022567272186279297e-01 2.315724454820156097e-02
6.201750040054321289e-01 4.236356019973754883e-01 4.031600058078765869e-02
5.511075258255004883e-01 3.887133896350860596e-01 1.369177456945180893e-02
6.151129007339477539e-01 3.724589943885803223e-01 3.118589706718921661e-02
5.443734526634216309e-01 4.148912429809570312e-01 -8.117540739476680756e-03
5.451183915138244629e-01 4.699600636959075928e-01 -4.088963940739631653e-02
6.312291622161865234e-01 4.403855800628662109e-01 5.299922823905944824e-02
6.127269864082336426e-01 4.347666203975677490e-01 2.873210050165653229e-02
5.988170504570007324e-01 4.390270709991455078e-01 1.664572209119796753e-02
5.779576897621154785e-01 4.326865673065185547e-01 1.018978189677000046e-02
5.628371238708496094e-01 4.229100942611694336e-01 6.693958770483732224e-03
5.517480969429016113e-01 4.131180942058563232e-01 3.183420980349183083e-03
5.324305295944213867e-01 3.899934291839599609e-01 -1.936432160437107086e-02
6.273123025894165039e-01 4.753673374652862549e-01 4.750067740678787231e-02
6.227056980133056641e-01 3.715197145938873291e-01 3.772708401083946228e-02
5.218883156776428223e-01 4.852444529533386230e-01 -5.495092645287513733e-02
5.492380261421203613e-01 4.434892833232879639e-01 -1.021639537066221237e-02
6.390651464462280273e-01 4.114235639572143555e-01 1.260242164134979248e-01
5.438231825828552246e-01 4.025871157646179199e-01 1.523082726635038853e-03
5.525408387184143066e-01 4.796621501445770264e-01 -8.677371777594089508e-03
6.079091429710388184e-01 3.856627941131591797e-01 3.336969017982482910e-02
5.461807847023010254e-01 4.595672488212585449e-01 -3.608825057744979858e-02
6.253231167793273926e-01 5.249904990196228027e-01 1.204218193888664246e-01
5.512765645980834961e-01 3.825409114360809326e-01 1.717048510909080505e-02
5.389075279235839844e-01 4.476822614669799805e-01 -4.718286544084548950e-02
5.915140509605407715e-01 6.036925911903381348e-01 4.391975700855255127e-02
5.893485546112060547e-01 6.234862804412841797e-01 6.289048492908477783e-02
6.353237032890319824e-01 4.815501272678375244e-01 8.821987360715866089e-02
6.057674884796142578e-01 5.829415917396545410e-01 5.920102447271347046e-02
6.358488798141479492e-01 3.762751817703247070e-01 7.821250706911087036e-02
5.441908240318298340e-01 6.529182791709899902e-01 5.292940884828567505e-03
5.196270346641540527e-01 4.894405603408813477e-01 -4.073760658502578735e-02
5.578650236129760742e-01 4.578187465667724609e-01 -6.143629085272550583e-03
6.296129226684570312e-01 4.032253623008728027e-01 5.919449031352996826e-02
5.883405804634094238e-01 3.937171697616577148e-01 1.885161362588405609e-02
5.789064168930053711e-01 3.934537768363952637e-01 1.530039682984352112e-02
5.492983460426330566e-01 5.677889585494995117e-01 -3.590176580473780632e-03
6.218479871749877930e-01 5.088210701942443848e-01 4.854216054081916809e-02
5.216968059539794922e-01 6.755627393722534180e-01 6.814012303948402405e-03
5.575826168060302734e-01 6.554800271987915039e-01 3.176848590373992920e-02
5.726717114448547363e-01 6.425212621688842773e-01 4.548677802085876465e-02
5.694577097892761230e-01 3.908418416976928711e-01 1.409424562007188797e-02
5.604503750801086426e-01 3.869382739067077637e-01 1.511842384934425354e-02
5.543462038040161133e-01 3.846289515495300293e-01 1.720622926950454712e-02
6.291463375091552734e-01 3.700021803379058838e-01 5.015470460057258606e-02
5.629161000251770020e-01 3.732459247112274170e-01 1.423851773142814636e-02
5.732811689376831055e-01 3.698552846908569336e-01 1.330758351832628250e-02
5.832667350769042969e-01 3.699246346950531006e-01 1.464576553553342819e-02
5.926785469055175781e-01 3.733361959457397461e-01 1.801412180066108704e-02
5.981875061988830566e-01 3.780038356781005859e-01 2.188520878553390503e-02
6.397821307182312012e-01 3.722241520881652832e-01 1.102411597967147827e-01
5.947248339653015137e-01 3.919795453548431396e-01 2.303508669137954712e-02
5.473440289497375488e-01 5.209072232246398926e-01 -1.822582073509693146e-02
5.409624576568603516e-01 4.833567738533020020e-01 -3.060946986079216003e-02
5.280432701110839844e-01 5.112486481666564941e-01 -2.997846528887748718e-02
5.760037302970886230e-01 6.231070756912231445e-01 3.162067383527755737e-02
5.609063506126403809e-01 6.378850936889648438e-01 1.901745609939098358e-02
5.231374502182006836e-01 6.634705662727355957e-01 -7.286247797310352325e-03
6.022071242332458496e-01 6.005011796951293945e-01 8.496878296136856079e-02
5.550463199615478516e-01 3.786792755126953125e-01 1.604299433529376984e-02
5.379227399826049805e-01 4.173879325389862061e-01 -2.444381639361381531e-02
5.412516593933105469e-01 6.671552062034606934e-01 1.737035252153873444e-02
6.287041902542114258e-01 5.184947848320007324e-01 8.367093652486801147e-02
5.294698476791381836e-01 5.670367479324340820e-01 -1.556227449327707291e-02
5.319393277168273926e-01 5.723133683204650879e-01 -1.735271513462066650e-02
5.340818166732788086e-01 5.798274278640747070e-01 -1.933505758643150330e-02
5.352541804313659668e-01 5.878515839576721191e-01 -1.792700402438640594e-02
5.339025259017944336e-01 6.054666638374328613e-01 -9.952520951628684998e-03
5.451892018318176270e-01 5.511924624443054199e-01 -7.104794494807720184e-03
5.481838583946228027e-01 5.507496595382690430e-01 -6.569881457835435867e-03
5.509318709373474121e-01 5.496346950531005859e-01 -6.196466740220785141e-03
5.618286132812500000e-01 5.476987361907958984e-01 -2.562966896221041679e-03
6.066843271255493164e-01 5.148376226425170898e-01 2.433822117745876312e-02
5.383107662200927734e-01 4.012079238891601562e-01 -1.293431501835584641e-02
5.450511574745178223e-01 3.675439953804016113e-01 8.554087020456790924e-03
5.509449839591979980e-01 3.708261251449584961e-01 1.388872321695089340e-02
5.426226854324340820e-01 5.509843230247497559e-01 -6.276462692767381668e-03
6.033576130867004395e-01 5.567175149917602539e-01 3.925559669733047485e-02
5.360887646675109863e-01 3.652357757091522217e-01 -6.376161240041255951e-03
5.389082431793212891e-01 6.194379925727844238e-01 -4.270730540156364441e-03
5.315096378326416016e-01 4.072175025939941406e-01 -3.195725381374359131e-02
5.434843897819519043e-01 4.450410008430480957e-01 -2.553878165781497955e-02
5.205212235450744629e-01 6.280249953269958496e-01 -1.182553265243768692e-02
5.655948519706726074e-01 5.892175436019897461e-01 9.193235076963901520e-03
5.603922009468078613e-01 4.945300519466400146e-01 -5.537857301533222198e-03
5.536267161369323730e-01 6.065400838851928711e-01 2.743167802691459656e-03
5.851526260375976562e-01 4.957281649112701416e-01 1.436757971532642841e-03
5.685813426971435547e-01 5.128234624862670898e-01 -3.283468307927250862e-03
5.906671285629272461e-01 5.246202349662780762e-01 1.007245760411024094e-02
5.228031873703002930e-01 6.465963125228881836e-01 -1.171367894858121872e-02
5.485843420028686523e-01 4.562755525112152100e-01 -1.762681826949119568e-02
5.740739107131958008e-01 6.033433079719543457e-01 1.964903622865676880e-02
5.590723156929016113e-01 6.203671693801879883e-01 1.087365113198757172e-02
5.754443407058715820e-01 5.683565139770507812e-01 1.164471358060836792e-02
6.156447529792785645e-01 5.374109148979187012e-01 5.052281916141510010e-02
5.888400673866271973e-01 5.734601616859436035e-01 2.319392375648021698e-02
6.195040345191955566e-01 5.526514649391174316e-01 7.632026076316833496e-02
5.739321112632751465e-01 5.362139940261840820e-01 2.406301209703087807e-03
5.433111786842346191e-01 4.301874637603759766e-01 -1.676313392817974091e-02
5.408591628074645996e-01 4.768005013465881348e-01 -4.377083480358123779e-02
5.459545254707336426e-01 4.829539954662322998e-01 -3.170749172568321228e-02
5.383363962173461914e-01 4.643336236476898193e-01 -5.187484994530677795e-02
5.561782121658325195e-01 3.507606387138366699e-01 6.790466606616973877e-03
5.762571692466735840e-01 3.403733074665069580e-01 6.911188364028930664e-03
5.928645730018615723e-01 3.399782180786132812e-01 9.231817908585071564e-03
6.054382324218750000e-01 3.458591699600219727e-01 1.484673097729682922e-02
6.130366921424865723e-01 3.562377691268920898e-01 2.226255089044570923e-02
6.139365434646606445e-01 3.915306031703948975e-01 3.835100680589675903e-02
6.390125751495361328e-01 4.460158050060272217e-01 8.868992328643798828e-02
6.040969491004943848e-01 4.159318506717681885e-01 2.712895721197128296e-02
5.927064418792724609e-01 4.194001555442810059e-01 1.920102536678314209e-02
5.781548023223876953e-01 4.167462587356567383e-01 1.334156468510627747e-02
5.643916726112365723e-01 4.103746414184570312e-01 1.004271209239959717e-02
5.537966489791870117e-01 4.030136466026306152e-01 9.203199297189712524e-03
5.466570258140563965e-01 3.962434530258178711e-01 8.135383948683738708e-03
6.356247067451477051e-01 4.480003714561462402e-01 1.314224600791931152e-01
5.447794795036315918e-01 4.878754019737243652e-01 -2.639335580170154572e-02
5.376093387603759766e-01 4.319730401039123535e-01 -3.429228439927101135e-02
5.341380834579467773e-01 4.759598672389984131e-01 -5.346632748842239380e-02
5.269799232482910156e-01 4.838213026523590088e-01 -5.004658922553062439e-02
5.331627130508422852e-01 4.792183935642242432e-01 -4.810396581888198853e-02
5.411313176155090332e-01 4.926650822162628174e-01 -2.327862754464149475e-02
5.251919627189636230e-01 4.848255515098571777e-01 -5.325087159872055054e-02
5.229867100715637207e-01 4.889322817325592041e-01 -4.045292362570762634e-02
5.473462939262390137e-01 3.823501765727996826e-01 1.482714340090751648e-02
5.415886640548706055e-01 3.857524991035461426e-01 7.060866337269544601e-03
5.383602976799011230e-01 3.881629407405853271e-01 -1.364444382488727570e-03
6.011980175971984863e-01 3.815937042236328125e-01 2.584823407232761383e-02
6.098155975341796875e-01 3.727431893348693848e-01 2.695518545806407928e-02
4.568557441234588623e-01 3.644753396511077881e-01 7.016523275524377823e-03
4.684615731239318848e-01 3.657570183277130127e-01 7.016523275524377823e-03
4.580541849136352539e-01 3.500347137451171875e-01 7.016523275524377823e-03
4.450656175613403320e-01 3.631271719932556152e-01 7.016523275524377823e-03
4.555795490741729736e-01 3.786430656909942627e-01 7.016523275524377823e-03
5.802460312843322754e-01 3.812485337257385254e-01 1.889488101005554199e-02
5.920688509941101074e-01 3.830017149448394775e-01 1.889488101005554199e-02
5.815184712409973145e-01 3.662352263927459717e-01 1.889488101005554199e-02
5.684083700180053711e-01 3.793784081935882568e-01 1.889488101005554199e-02
5.790629982948303223e-01 3.961731791496276855e-01 1.889488101005554199e-02
