5.079585313796997070e-01 5.332539081573486328e-01 -3.573631867766380310e-02
5.129870772361755371e-01 4.789677858352661133e-01 -6.068221479654312134e-02
5.100864171981811523e-01 4.968711137771606445e-01 -3.336977213621139526e-02
5.068106055259704590e-01 4.233836531639099121e-01 -4.398227483034133911e-02
5.145667791366577148e-01 4.618668556213378906e-01 -6.384333968162536621e-02
5.159133672714233398e-01 4.400711953639984131e-01 -5.835346132516860962e-02
5.185303092002868652e-01 3.875215053558349609e-01 -2.478726021945476532e-02
4.355783760547637939e-01 3.716062605381011963e-01 1.271115615963935852e-02
5.214455723762512207e-01 3.423301577568054199e-01 -1.483168918639421463e-02
5.231994986534118652e-01 3.196846544742584229e-01 -1.564991287887096405e-02
5.275602340698242188e-01 2.481363862752914429e-01 8.308121468871831894e-04
5.078482627868652344e-01 5.371850728988647461e-01 -3.461132943630218506e-02
5.075254440307617188e-01 5.410020947456359863e-01 -3.112202882766723633e-02
5.072628855705261230e-01 5.435088872909545898e-01 -2.616999484598636627e-02
5.059260129928588867e-01 5.742421150207519531e-01 -2.375622466206550598e-02
5.057657957077026367e-01 5.808124542236328125e-01 -2.566769346594810486e-02
5.052222013473510742e-01 5.890306234359741211e-01 -2.818358503282070160e-02
5.045680403709411621e-01 5.972250103950500488e-01 -2.658917941153049469e-02
4.996136128902435303e-01 6.086792945861816406e-01 -1.634539104998111725e-02
5.117862224578857422e-01 4.879495799541473389e-01 -5.524464696645736694e-02
5.007628798484802246e-01 4.868215024471282959e-01 -4.073263332247734070e-02
3.921683728694915771e-01 3.072503209114074707e-01 6.695367395877838135e-02
4.653661251068115234e-01 3.908464610576629639e-01 2.545596333220601082e-03
4.535915255546569824e-01 3.914237618446350098e-01 2.591897733509540558e-03
4.427157938480377197e-01 3.889487683773040771e-01 5.094419233500957489e-03
4.295743703842163086e-01 3.769410252571105957e-01 1.371334213763475418e-02
4.760573804378509521e-01 3.867325186729431152e-01 4.970028065145015717e-03
4.557811319828033447e-01 3.340720534324645996e-01 -5.998460692353546619e-04
4.686112403869628906e-01 3.379402160644531250e-01 6.226933910511434078e-04
4.431153535842895508e-01 3.360966444015502930e-01 2.174936002120375633e-03
4.340778589248657227e-01 3.431115150451660156e-01 6.021150853484869003e-03
4.176461100578308105e-01 3.870608508586883545e-01 1.833473145961761475e-02
4.540859162807464600e-01 6.245650053024291992e-01 -6.975755561143159866e-03
4.320164322853088379e-01 3.656954467296600342e-01 1.630558818578720093e-02
3.808170557022094727e-01 3.771162033081054688e-01 6.685937941074371338e-02
4.049191176891326904e-01 3.725133240222930908e-01 2.963704429566860199e-02
4.538914263248443604e-01 4.597673714160919189e-01 -1.200203504413366318e-02
4.931677877902984619e-01 5.287398695945739746e-01 -3.510219231247901917e-02
4.942521154880523682e-01 5.389625430107116699e-01 -3.040627948939800262e-02
4.785288870334625244e-01 5.328263044357299805e-01 -2.972648292779922485e-02
4.688833057880401611e-01 5.386368632316589355e-01 -2.226629480719566345e-02
4.829015135765075684e-01 5.399139523506164551e-01 -2.679945342242717743e-02
4.742670059204101562e-01 5.429379940032958984e-01 -1.978643611073493958e-02
4.496737122535705566e-01 5.689603090286254883e-01 -6.424838677048683167e-03
5.035231709480285645e-01 4.773370921611785889e-01 -6.018077209591865540e-02
5.034061074256896973e-01 4.607631266117095947e-01 -6.310191750526428223e-02
4.196465015411376953e-01 3.242732286453247070e-01 9.986113756895065308e-03
4.802451729774475098e-01 4.207667112350463867e-01 -9.865264408290386200e-03
4.767493903636932373e-01 4.715759456157684326e-01 -3.440826013684272766e-02
4.761002659797668457e-01 4.628536105155944824e-01 -3.083814308047294617e-02
4.188790023326873779e-01 4.537744522094726562e-01 -1.766558416420593858e-04
5.052389502525329590e-01 4.405778646469116211e-01 -5.569152161478996277e-02
4.503082036972045898e-01 3.047163486480712891e-01 -6.244304124265909195e-03
4.331720769405364990e-01 3.107749819755554199e-01 1.154479919932782650e-03
4.077396690845489502e-01 2.791681885719299316e-01 4.737713560461997986e-02
4.994052350521087646e-01 3.273510336875915527e-01 -1.309769880026578903e-02
4.790863096714019775e-01 3.478216230869293213e-01 4.353064578026533127e-03
4.430593550205230713e-01 5.509994626045227051e-01 -4.241367336362600327e-03
3.817462027072906494e-01 5.366274118423461914e-01 8.810867369174957275e-02
4.845306575298309326e-01 4.821320176124572754e-01 -2.987913973629474640e-02
4.929038286209106445e-01 4.880659580230712891e-01 -3.039056435227394104e-02
4.586195945739746094e-01 5.527316927909851074e-01 -5.086025223135948181e-03
4.619819521903991699e-01 5.526880621910095215e-01 -7.866174913942813873e-03
4.276783168315887451e-01 2.997452616691589355e-01 6.805498618632555008e-03
4.753488600254058838e-01 4.795164465904235840e-01 -2.856350690126419067e-02
4.717410504817962646e-01 3.083915710449218750e-01 -1.112853456288576126e-02
4.715306460857391357e-01 2.948117852210998535e-01 -1.270264852792024612e-02
4.597881138324737549e-01 2.466378659009933472e-01 9.598249569535255432e-03
4.162708520889282227e-01 2.939921915531158447e-01 2.437152154743671417e-02
4.649629592895507812e-01 2.755935192108154297e-01 -1.891233259811997414e-03
4.126250743865966797e-01 3.172073662281036377e-01 1.974915526807308197e-02
4.014205038547515869e-01 3.166495561599731445e-01 4.215976223349571228e-02
4.933972656726837158e-01 5.343093872070312500e-01 -3.409117087721824646e-02
4.806128740310668945e-01 5.367983579635620117e-01 -2.884503267705440521e-02
4.714201688766479492e-01 5.410155653953552246e-01 -2.199156768620014191e-02
4.867914319038391113e-01 4.856965541839599609e-01 -2.724110335111618042e-02
4.603212475776672363e-01 5.527687668800354004e-01 -6.508409045636653900e-03
4.644775986671447754e-01 5.603761672973632812e-01 -1.268056314438581467e-02
4.635165631771087646e-01 5.525865554809570312e-01 -8.057246915996074677e-03
4.907571375370025635e-01 4.762448668479919434e-01 -4.488227143883705139e-02
4.766804575920104980e-01 5.439472794532775879e-01 -1.796314492821693420e-02
4.849323034286499023e-01 5.416727066040039062e-01 -2.248060517013072968e-02
4.951951801776885986e-01 5.416061282157897949e-01 -2.578766830265522003e-02
4.840844571590423584e-01 6.054176092147827148e-01 -1.683268137276172638e-02
4.885856211185455322e-01 5.925064682960510254e-01 -2.681245282292366028e-02
4.901627004146575928e-01 5.846555829048156738e-01 -2.798806875944137573e-02
4.919482767581939697e-01 5.766773819923400879e-01 -2.522791177034378052e-02
4.936546683311462402e-01 5.709071159362792969e-01 -2.333230711519718170e-02
4.759872257709503174e-01 5.622971057891845703e-01 -1.607345044612884521e-02
4.732398986816406250e-01 5.644645094871520996e-01 -1.794720813632011414e-02
4.698412716388702393e-01 5.678684115409851074e-01 -1.995631679892539978e-02
4.669462442398071289e-01 5.717881321907043457e-01 -1.833551749587059021e-02
4.589330554008483887e-01 5.222927331924438477e-01 -1.848135888576507568e-02
3.723710775375366211e-01 4.507227540016174316e-01 1.079438328742980957e-01
5.109342932701110840e-01 4.921028912067413330e-01 -4.086587950587272644e-02
4.702934324741363525e-01 5.583118200302124023e-01 -1.123658474534749985e-02
4.674043953418731689e-01 5.591135621070861816e-01 -1.254004333168268204e-02
4.956240355968475342e-01 4.949670732021331787e-01 -3.137981519103050232e-02
4.780000746250152588e-01 4.901690185070037842e-01 -2.050139755010604858e-02
4.943448603153228760e-01 4.915851056575775146e-01 -3.104648925364017487e-02
4.671290516853332520e-01 4.290273189544677734e-01 -7.520255167037248611e-03
4.473327696323394775e-01 4.375849664211273193e-01 -5.872922018170356750e-03
4.733357131481170654e-01 4.704917669296264648e-01 -2.493026107549667358e-02
4.292349219322204590e-01 2.579827606678009033e-01 2.671006508171558380e-02
4.364588856697082520e-01 2.793486714363098145e-01 1.006115321069955826e-02
4.475395083427429199e-01 2.919527888298034668e-01 -3.768343711271882057e-03
4.580077230930328369e-01 5.824678540229797363e-01 -1.134089194238185883e-02
4.988586306571960449e-01 3.040043711662292480e-01 -1.635953411459922791e-02
4.935608506202697754e-01 2.791878879070281982e-01 -7.938613183796405792e-03
4.913978278636932373e-01 2.442773729562759399e-01 7.929663406684994698e-04
4.339300394058227539e-01 3.842954933643341064e-01 9.453792124986648560e-03
4.029493033885955811e-01 3.980242311954498291e-01 2.329862490296363831e-02
4.834546446800231934e-01 3.823512792587280273e-01 7.147583179175853729e-03
4.210878908634185791e-01 3.503174781799316406e-01 1.492359675467014313e-02
4.894478023052215576e-01 4.106351137161254883e-01 -1.280146837234497070e-02
4.843391180038452148e-01 4.651788771152496338e-01 -4.464385285973548889e-02
3.902684152126312256e-01 4.091295599937438965e-01 3.404862806200981140e-02
4.105037450790405273e-01 4.107862412929534912e-01 1.274212822318077087e-02
4.258031845092773438e-01 4.186265468597412109e-01 2.999082440510392189e-03
4.486382603645324707e-01 4.180636703968048096e-01 -2.966143947560340166e-04
4.655772447586059570e-01 4.125432968139648438e-01 -1.392116071656346321e-03
4.790037870407104492e-01 4.055895805358886719e-01 -2.970356959849596024e-03
5.071653127670288086e-01 3.900394141674041748e-01 -2.153412997722625732e-02
3.904161453247070312e-01 4.446251988410949707e-01 2.900443784892559052e-02
4.114125967025756836e-01 3.467364311218261719e-01 2.006671950221061707e-02
5.061336755752563477e-01 4.866101741790771484e-01 -5.500001832842826843e-02
4.803716838359832764e-01 4.373174309730529785e-01 -1.558012887835502625e-02
3.747603595256805420e-01 3.761942386627197266e-01 1.035608127713203430e-01
4.897046983242034912e-01 3.972383439540863037e-01 -3.369846614077687263e-03
4.716482162475585938e-01 4.717037379741668701e-01 -1.391857489943504333e-02
4.265116751194000244e-01 3.653097450733184814e-01 1.803659647703170776e-02
4.841634631156921387e-01 4.547172486782073975e-01 -4.006092995405197144e-02
3.750600218772888184e-01 4.921577870845794678e-01 1.010116413235664368e-01
4.846988618373870850e-01 3.764302432537078857e-01 1.025161053985357285e-02
4.945878088474273682e-01 4.455313682556152344e-01 -4.995283856987953186e-02
4.066013097763061523e-01 5.800246596336364746e-01 3.044851124286651611e-02
4.038228392601013184e-01 5.997539162635803223e-01 4.896420985460281372e-02
3.767323493957519531e-01 4.478108882904052734e-01 6.844474375247955322e-02
3.941238522529602051e-01 5.552381873130798340e-01 4.372781515121459961e-02
3.906763792037963867e-01 3.445544242858886719e-01 5.787080153822898865e-02
4.495339691638946533e-01 6.415101289749145508e-01 -1.695758779533207417e-03
5.065556764602661133e-01 4.909384548664093018e-01 -4.034252464771270752e-02
4.688431322574615479e-01 4.486241638660430908e-01 -1.267149392515420914e-02
3.931480050086975098e-01 3.753164410591125488e-01 4.017121344804763794e-02
4.455593228340148926e-01 3.796622753143310547e-01 6.543784867972135544e-03
4.549807012081146240e-01 3.824256360530853271e-01 4.402442835271358490e-03
4.616891443729400635e-01 5.619463920593261719e-01 -1.114873774349689484e-02
3.909595906734466553e-01 4.788411557674407959e-01 3.096096590161323547e-02
4.686561226844787598e-01 6.685627698898315430e-01 2.360988873988389969e-03
4.338460564613342285e-01 6.409146189689636230e-01 2.211588248610496521e-02
4.196132421493530273e-01 6.238980293273925781e-01 3.374962881207466125e-02
5.253820419311523438e-01 2.846097350120544434e-01 -8.215461857616901398e-03
4.939936697483062744e-01 6.750928759574890137e-01 9.036124101839959621e-04
4.648285508155822754e-01 3.820196688175201416e-01 4.744737409055233002e-03
4.745366275310516357e-01 3.795703053474426270e-01 7.036497816443443298e-03
4.811310172080993652e-01 3.780524730682373047e-01 9.861417114734649658e-03
4.021490216255187988e-01 3.434045910835266113e-01 3.124911896884441376e-02
4.752207994461059570e-01 3.630173504352569580e-01 5.749077070504426956e-03
4.654316604137420654e-01 3.570164144039154053e-01 3.403292503207921982e-03
4.556069970130920410e-01 3.551018238067626953e-01 3.232154995203018188e-03
4.456189274787902832e-01 3.565769791603088379e-01 5.188936367630958557e-03
4.391019642353057861e-01 3.600351214408874512e-01 8.206682279706001282e-03
3.815948069095611572e-01 3.379429876804351807e-01 8.790884912014007568e-02
4.395632147789001465e-01 3.757114410400390625e-01 9.762877598404884338e-03
5.086630582809448242e-01 5.105983018875122070e-01 -3.143863379955291748e-02
4.708645641803741455e-01 5.137330293655395508e-01 -2.324606291949748993e-02
4.849408566951751709e-01 4.789600670337677002e-01 -3.369614854454994202e-02
4.930219352245330811e-01 5.098831653594970703e-01 -3.155358880758285522e-02
5.196881890296936035e-01 3.658595383167266846e-01 -1.552605442702770233e-02
4.200159311294555664e-01 6.038847565650939941e-01 2.042393386363983154e-02
4.339879155158996582e-01 6.226844787597656250e-01 1.000620517879724503e-02
4.699397087097167969e-01 6.562702655792236328e-01 -1.134758070111274719e-02
3.919224739074707031e-01 5.729174017906188965e-01 6.900738179683685303e-02
4.819597005844116211e-01 3.711005449295043945e-01 8.446519263088703156e-03
4.978250861167907715e-01 4.154765605926513672e-01 -2.751425839960575104e-02
4.952673614025115967e-01 6.626529097557067871e-01 -1.258473936468362808e-02
4.496082067489624023e-01 6.563844680786132812e-01 9.902001358568668365e-03
3.786458671092987061e-01 4.857330322265625000e-01 6.498316675424575806e-02
4.837884604930877686e-01 5.666801929473876953e-01 -2.022097073495388031e-02
4.810832440853118896e-01 5.706106424331665039e-01 -2.226587198674678802e-02
4.782186150550842285e-01 5.765538811683654785e-01 -2.454378828406333923e-02
4.758478105068206787e-01 5.833312273025512695e-01 -2.336088009178638458e-02
4.691433608531951904e-01 5.953516364097595215e-01 -1.576035842299461365e-02
4.674065411090850830e-01 5.472291111946105957e-01 -1.340115722268819809e-02
4.645971059799194336e-01 5.463162064552307129e-01 -1.359781529754400253e-02
4.622608721256256104e-01 5.448514223098754883e-01 -1.368528325110673904e-02
4.493387341499328613e-01 5.350723862648010254e-01 -1.162802800536155701e-02
4.074824452400207520e-01 4.893338978290557861e-01 9.446540847420692444e-03
4.985330104827880859e-01 3.990840911865234375e-01 -1.628732681274414062e-02
4.949136972427368164e-01 3.626271188259124756e-01 3.827616805210709572e-03
4.873252511024475098e-01 3.643203377723693848e-01 7.225577719509601593e-03
4.698266983032226562e-01 5.475440025329589844e-01 -1.241928432136774063e-02
4.027253985404968262e-01 5.307634472846984863e-01 2.432395704090595245e-02
5.061043500900268555e-01 3.624951839447021484e-01 -9.501529857516288757e-03
4.613553881645202637e-01 6.090027689933776855e-01 -1.047506835311651230e-02
5.168041586875915527e-01 4.221291542053222656e-01 -4.684139415621757507e-02
5.068117976188659668e-01 4.075945615768432617e-01 -3.365520387887954712e-02
5.176210999488830566e-01 4.054937958717346191e-01 -3.537369892001152039e-02
4.878396391868591309e-01 4.409283995628356934e-01 -2.932398021221160889e-02
4.968424439430236816e-01 6.451570987701416016e-01 -1.753123849630355835e-02
4.983659684658050537e-01 6.253032684326171875e-01 -1.652153767645359039e-02
4.791137278079986572e-01 6.210662126541137695e-01 -1.542942225933074951e-02
4.376802444458007812e-01 5.735057592391967773e-01 -5.738145555369555950e-04
4.605728685855865479e-01 4.838497042655944824e-01 -1.226290874183177948e-02
4.477233290672302246e-01 5.933152437210083008e-01 -5.294105969369411469e-03
4.345312416553497314e-01 4.773497879505157471e-01 -9.520224295556545258e-03
4.487970471382141113e-01 4.991331696510314941e-01 -1.191416941583156586e-02
4.229713082313537598e-01 5.037617087364196777e-01 -2.408195286989212036e-03
4.735748767852783203e-01 6.394708156585693359e-01 -1.590791717171669006e-02
4.798817634582519531e-01 4.502914547920227051e-01 -2.236284129321575165e-02
4.261579811573028564e-01 5.850961804389953613e-01 8.791099302470684052e-03
4.395611286163330078e-01 6.057388782501220703e-01 2.208225196227431297e-03
4.310972690582275391e-01 5.507335066795349121e-01 2.730510313995182514e-04
3.924881815910339355e-01 5.083872675895690918e-01 3.392223641276359558e-02
4.158732295036315918e-01 5.515495538711547852e-01 1.028284896165132523e-02
3.835130333900451660e-01 5.215545296669006348e-01 5.867866426706314087e-02
4.384678006172180176e-01 5.202361941337585449e-01 -7.880570366978645325e-03
4.893165826797485352e-01 4.261466562747955322e-01 -2.108246274292469025e-02
4.875825345516204834e-01 4.729747176170349121e-01 -4.706171900033950806e-02
4.801107943058013916e-01 4.773018062114715576e-01 -3.551708906888961792e-02
4.933049678802490234e-01 4.619646966457366943e-01 -5.423487722873687744e-02
4.876356720924377441e-01 3.425667881965637207e-01 2.877881634049117565e-04
4.700641930103302002e-01 3.273759484291076660e-01 -2.307502087205648422e-03
4.538603425025939941e-01 3.232963383197784424e-01 -2.635121811181306839e-03
4.394133985042572021e-01 3.264500498771667480e-01 7.075304165482521057e-04
4.283376932144165039e-01 3.349234461784362793e-01 6.656047888100147247e-03
4.169896543025970459e-01 3.688319623470306396e-01 2.213171683251857758e-02
3.769086003303527832e-01 4.117131233215332031e-01 6.786679476499557495e-02
4.234920740127563477e-01 3.950479924678802490e-01 1.249766349792480469e-02
4.349761009216308594e-01 4.014773964881896973e-01 6.409509107470512390e-03
4.505183100700378418e-01 4.032908678054809570e-01 2.748648170381784439e-03
4.656579494476318359e-01 4.007786512374877930e-01 1.581658376380801201e-03
4.779616892337799072e-01 3.957713246345520020e-01 2.693840069696307182e-03
4.868440032005310059e-01 3.908140063285827637e-01 2.766976365819573402e-03
3.726110160350799561e-01 4.129028022289276123e-01 1.095015406608581543e-01
4.796550869941711426e-01 4.823019802570343018e-01 -3.010684065520763397e-02
4.971155822277069092e-01 4.302041828632354736e-01 -3.724149987101554871e-02
4.955223202705383301e-01 4.742902517318725586e-01 -5.523590743541717529e-02
5.005172491073608398e-01 4.835785925388336182e-01 -5.064376443624496460e-02
4.951719939708709717e-01 4.773714840412139893e-01 -4.992995783686637878e-02
4.820783138275146484e-01 4.879273474216461182e-01 -2.625396661460399628e-02
5.026378631591796875e-01 4.852014780044555664e-01 -5.355136469006538391e-02
5.030473470687866211e-01 4.895224869251251221e-01 -4.050198197364807129e-02
4.886381328105926514e-01 3.768035769462585449e-01 8.991959504783153534e-03
4.944561123847961426e-01 3.816348314285278320e-01 2.628816291689872742e-03
4.984380900859832764e-01 3.844673931598663330e-01 -4.957609809935092926e-03
4.352640509605407715e-01 3.629229068756103516e-01 1.166378427296876907e-02
4.278279542922973633e-01 3.522130250930786133e-01 1.187474001199007034e-02
5.260187387466430664e-01 4.259894788265228271e-01 -4.228616878390312195e-02
5.967991352081298828e-01 3.922156393527984619e-01 2.445702068507671356e-02
5.212050080299377441e-01 4.895907938480377197e-01 -3.944234549999237061e-02
6.359179019927978516e-01 3.411579132080078125e-01 8.510899543762207031e-02
5.635100603103637695e-01 4.025104939937591553e-01 1.022475212812423706e-02
5.744945406913757324e-01 4.059851467609405518e-01 1.181260962039232254e-02
5.850622057914733887e-01 4.071746766567230225e-01 1.568239368498325348e-02
6.001812815666198730e-01 3.987607657909393311e-01 2.611427567899227142e-02
5.543971657752990723e-01 3.968812823295593262e-01 1.105620153248310089e-02
5.851866006851196289e-01 3.509912490844726562e-01 9.054608643054962158e-03
5.716030001640319824e-01 3.520241379737854004e-01 8.256280794739723206e-03
5.970143675804138184e-01 3.557161390781402588e-01 1.326059829443693161e-02
6.039132475852966309e-01 3.647423684597015381e-01 1.794932223856449127e-02
6.070555448532104492e-01 4.115536212921142578e-01 3.171510994434356689e-02
5.403128266334533691e-01 6.349260210990905762e-01 -1.675353501923382282e-03
6.013060212135314941e-01 3.868127465248107910e-01 2.855124138295650482e-02
6.383806467056274414e-01 4.125823676586151123e-01 8.452834188938140869e-02
6.197727918624877930e-01 4.000073075294494629e-01 4.452884569764137268e-02
5.664546489715576172e-01 4.751957654953002930e-01 -4.061372950673103333e-03
5.223674178123474121e-01 5.322670340538024902e-01 -3.304183855652809143e-02
5.198352336883544922e-01 5.422560572624206543e-01 -2.850699611008167267e-02
5.354738831520080566e-01 5.396273136138916016e-01 -2.551634609699249268e-02
5.434578061103820801e-01 5.480195283889770508e-01 -1.658348552882671356e-02
5.301260948181152344e-01 5.458145141601562500e-01 -2.316188625991344452e-02
5.375778079032897949e-01 5.511092543601989746e-01 -1.494635175913572311e-02
5.517076253890991211e-01 5.824840068817138672e-01 6.192652508616447449e-04
5.221397876739501953e-01 4.798997640609741211e-01 -5.910435691475868225e-02
5.252612829208374023e-01 4.637728929519653320e-01 -6.184126064181327820e-02
6.187756061553955078e-01 3.508547544479370117e-01 2.402281202375888824e-02
5.472512245178222656e-01 4.299096763134002686e-01 -4.576446954160928726e-03
5.458790659904479980e-01 4.809274673461914062e-01 -2.954331971704959869e-02
5.473479628562927246e-01 4.724064171314239502e-01 -2.582148090004920959e-02
5.989149808883666992e-01 4.783872663974761963e-01 1.258766371756792068e-02
5.258753299713134766e-01 4.433621168136596680e-01 -5.405015498399734497e-02
5.964908599853515625e-01 3.281606435775756836e-01 3.800500882789492607e-03
6.104807853698730469e-01 3.358779549598693848e-01 1.351863332092761993e-02
6.283763051033020020e-01 3.101429641246795654e-01 6.360597908496856689e-02
5.463397502899169922e-01 3.405802249908447266e-01 -9.594852104783058167e-03
5.593796968460083008e-01 3.595700562000274658e-01 1.058729086071252823e-02
5.609028339385986328e-01 5.669621229171752930e-01 4.391687456518411636e-03
6.136511564254760742e-01 5.678089261054992676e-01 1.053505912423133850e-01
5.362602472305297852e-01 4.891696572303771973e-01 -2.642938680946826935e-02
5.274816751480102539e-01 4.927814006805419922e-01 -2.864282950758934021e-02
5.506899356842041016e-01 5.659051537513732910e-01 2.350449329242110252e-03
5.474151372909545898e-01 5.648770928382873535e-01 -1.279408577829599380e-03
6.164601445198059082e-01 3.262480497360229492e-01 1.980685070157051086e-02
5.450746417045593262e-01 4.889392256736755371e-01 -2.379902452230453491e-02
5.761510133743286133e-01 3.285447955131530762e-01 -4.225836135447025299e-03
5.790610313415527344e-01 3.157894611358642578e-01 -5.665383301675319672e-03
5.899859666824340820e-01 2.655571699142456055e-01 1.905074529349803925e-02
6.215981245040893555e-01 3.217847347259521484e-01 3.848467767238616943e-02
5.829216241836547852e-01 2.920014560222625732e-01 6.029582116752862930e-03
6.249409317970275879e-01 3.452962040901184082e-01 3.457741439342498779e-02
6.298246979713439941e-01 3.475334644317626953e-01 5.806316807866096497e-02
5.214118957519531250e-01 5.378819108009338379e-01 -3.202150017023086548e-02
5.328440666198730469e-01 5.432450175285339355e-01 -2.490647695958614349e-02
5.407178997993469238e-01 5.498511791229248047e-01 -1.678474247455596924e-02
5.332559347152709961e-01 4.919765889644622803e-01 -2.434215880930423737e-02
5.490139722824096680e-01 5.654681921005249023e-01 3.686592972371727228e-04
5.452567338943481445e-01 5.726889371871948242e-01 -6.847556680440902710e-03
5.458470582962036133e-01 5.642866492271423340e-01 -1.646978664211928844e-03
5.326537489891052246e-01 4.820368885993957520e-01 -4.156283661723136902e-02
5.349378585815429688e-01 5.513756871223449707e-01 -1.338830683380365372e-02
5.276811718940734863e-01 5.469654202461242676e-01 -1.906400732696056366e-02
5.183617472648620605e-01 5.445306897163391113e-01 -2.382981963455677032e-02
5.149732232093811035e-01 6.093896031379699707e-01 -1.503383461385965347e-02
5.196402668952941895e-01 5.978459119796752930e-01 -2.482995018362998962e-02
5.194793939590454102e-01 5.894362330436706543e-01 -2.591835334897041321e-02
5.186446309089660645e-01 5.809248685836791992e-01 -2.318494021892547607e-02
5.172777175903320312e-01 5.746833086013793945e-01 -2.138325013220310211e-02
5.339773297309875488e-01 5.714614391326904297e-01 -1.148963067680597305e-02
5.367554426193237305e-01 5.746507048606872559e-01 -1.338464114814996719e-02
5.399202108383178711e-01 5.793640613555908203e-01 -1.518801879137754440e-02
5.423123836517333984e-01 5.843760967254638672e-01 -1.329068560153245926e-02
5.521897077560424805e-01 5.349423885345458984e-01 -1.194076240062713623e-02
6.315802931785583496e-01 4.866949915885925293e-01 1.270391345024108887e-01
5.393499135971069336e-01 5.687639713287353516e-01 -5.579654127359390259e-03
5.423688292503356934e-01 5.704976320266723633e-01 -6.912266835570335388e-03
5.240169167518615723e-01 4.988293051719665527e-01 -2.960845641791820526e-02
5.401914119720458984e-01 4.985564053058624268e-01 -1.670510694384574890e-02
5.256723165512084961e-01 4.959054291248321533e-01 -2.934576943516731262e-02
5.579056739807128906e-01 4.414597153663635254e-01 -5.234113777987658978e-04
5.752616524696350098e-01 4.551925659179687500e-01 3.396151354536414146e-03
5.481694936752319336e-01 4.805960953235626221e-01 -1.973711885511875153e-02
6.144561767578125000e-01 2.843924760818481445e-01 4.003960266709327698e-02
6.071537733078002930e-01 3.026853799819946289e-01 2.152063138782978058e-02
6.010855436325073242e-01 3.161036968231201172e-01 6.706968881189823151e-03
5.424266457557678223e-01 5.933054089546203613e-01 -5.529901012778282166e-03
5.520170331001281738e-01 3.192791938781738281e-01 -1.273648627102375031e-02
5.562695264816284180e-01 2.880349755287170410e-01 -3.758954117074608803e-03
5.619606375694274902e-01 2.547016143798828125e-01 5.636859685182571411e-03
5.944060683250427246e-01 4.052074849605560303e-01 2.114742994308471680e-02
6.171784996986389160e-01 4.257259070873260498e-01 3.802020847797393799e-02
5.484074354171752930e-01 3.917565345764160156e-01 1.256278622895479202e-02
6.125208139419555664e-01 3.748112916946411133e-01 2.845577709376811981e-02
5.406874418258666992e-01 4.176048636436462402e-01 -8.598072454333305359e-03
5.406799912452697754e-01 4.729385077953338623e-01 -4.067945480346679688e-02
6.287441253662109375e-01 4.419377446174621582e-01 5.053973197937011719e-02
6.090065836906433105e-01 4.369235038757324219e-01 2.672279253602027893e-02
5.945464372634887695e-01 4.412470161914825439e-01 1.505069527775049210e-02
5.737913846969604492e-01 4.349124729633331299e-01 9.045924991369247437e-03
5.590172410011291504e-01 4.251944720745086670e-01 5.815274547785520554e-03
5.482065677642822266e-01 4.156384468078613281e-01 2.479423535987734795e-03
5.286490321159362793e-01 3.930340707302093506e-01 -1.978939212858676910e-02
6.243373751640319824e-01 4.766467213630676270e-01 4.546990618109703064e-02
6.202389001846313477e-01 3.739464282989501953e-01 3.476437553763389587e-02
5.173531770706176758e-01 4.881487190723419189e-01 -5.412961915135383606e-02
5.452986359596252441e-01 4.461296796798706055e-01 -1.045429892838001251e-02
6.392602324485778809e-01 4.129300415515899658e-01 1.234385669231414795e-01
5.403277873992919922e-01 4.055292904376983643e-01 8.705413783900439739e-04
5.486075282096862793e-01 4.821021258831024170e-01 -8.626478724181652069e-03
6.055499315261840820e-01 3.878162503242492676e-01 3.093271329998970032e-02
5.417991876602172852e-01 4.625509381294250488e-01 -3.598401695489883423e-02
6.246836781501770020e-01 5.262547731399536133e-01 1.192713454365730286e-01
5.488826632499694824e-01 3.857684433460235596e-01 1.587808318436145782e-02
5.344089269638061523e-01 4.509685635566711426e-01 -4.702966287732124329e-02
5.894075036048889160e-01 6.034699678421020508e-01 4.251090064644813538e-02
5.873738527297973633e-01 6.228904724121093750e-01 6.212889775633811951e-02
6.333834528923034668e-01 4.828733503818511963e-01 8.606584370136260986e-02
6.038057208061218262e-01 5.828348994255065918e-01 5.789252370595932007e-02
6.344366073608398438e-01 3.779053688049316406e-01 7.479633390903472900e-02
5.417263507843017578e-01 6.522958278656005859e-01 4.060869570821523666e-03
5.152941346168518066e-01 4.921399354934692383e-01 -3.981855511665344238e-02
5.539726018905639648e-01 4.602794945240020752e-01 -6.437084637582302094e-03
6.278757452964782715e-01 4.052763283252716064e-01 5.637210607528686523e-02
5.853775739669799805e-01 3.971741497516632080e-01 1.694653369486331940e-02
5.758106112480163574e-01 3.966971635818481445e-01 1.359189953655004501e-02
5.477926135063171387e-01 5.751441121101379395e-01 -4.953639116138219833e-03
6.189167499542236328e-01 5.098001360893249512e-01 4.693029075860977173e-02
5.192496776580810547e-01 6.743122339248657227e-01 5.777745041996240616e-03
5.550972223281860352e-01 6.549017429351806641e-01 3.059432469308376312e-02
5.703549385070800781e-01 6.419749855995178223e-01 4.446634277701377869e-02
5.664875507354736328e-01 3.938001394271850586e-01 1.256004162132740021e-02
5.576469898223876953e-01 3.898401856422424316e-01 1.371416449546813965e-02
5.517203807830810547e-01 3.877042233943939209e-01 1.586642861366271973e-02
6.271693706512451172e-01 3.722893595695495605e-01 4.698901996016502380e-02
5.608510971069335938e-01 3.746059238910675049e-01 1.267120335251092911e-02
5.713491439819335938e-01 3.699482977390289307e-01 1.151192188262939453e-02
5.814525485038757324e-01 3.697463572025299072e-01 1.264414750039577484e-02
5.909346342086791992e-01 3.735899329185485840e-01 1.581770554184913635e-02
5.963622927665710449e-01 3.790418505668640137e-01 1.961017772555351257e-02
6.394158005714416504e-01 3.735964894294738770e-01 1.072100549936294556e-01
5.920581221580505371e-01 3.952724039554595947e-01 2.097120694816112518e-02
5.432011485099792480e-01 5.235365629196166992e-01 -1.819480210542678833e-02
5.368012785911560059e-01 4.860948324203491211e-01 -3.025349602103233337e-02
5.238435268402099609e-01 5.141402482986450195e-01 -2.944936044514179230e-02
5.737828016281127930e-01 6.229858398437500000e-01 3.019165247678756714e-02
5.584842562675476074e-01 6.376177072525024414e-01 1.767831481993198395e-02
5.206999182701110840e-01 6.622540950775146484e-01 -8.249611593782901764e-03
6.007440090179443359e-01 6.001833677291870117e-01 8.445042371749877930e-02
5.527375936508178711e-01 3.813612461090087891e-01 1.462117116898298264e-02
5.339345932006835938e-01 4.204041957855224609e-01 -2.467820979654788971e-02
5.387350320816040039e-01 6.663650870323181152e-01 1.612297259271144867e-02
6.266037821769714355e-01 5.194199085235595703e-01 8.197143673896789551e-02
5.266301631927490234e-01 5.735319256782531738e-01 -1.673864200711250305e-02
5.291076302528381348e-01 5.785232186317443848e-01 -1.867455989122390747e-02
5.313422083854675293e-01 5.855817794799804688e-01 -2.078592032194137573e-02
5.327253937721252441e-01 5.933921337127685547e-01 -1.949102990329265594e-02
5.303656458854675293e-01 6.029976606369018555e-01 -1.153023913502693176e-02
5.432314276695251465e-01 5.574225187301635742e-01 -7.595866452902555466e-03
5.460950732231140137e-01 5.572513937950134277e-01 -7.236058358103036880e-03
5.487104058265686035e-01 5.563905239105224609e-01 -6.962779909372329712e-03
5.582950711250305176e-01 5.498616695404052734e-01 -3.558504162356257439e-03
6.035562157630920410e-01 5.158378481864929199e-01 2.302295528352260590e-02
5.345762372016906738e-01 4.040952622890472412e-01 -1.336953882128000259e-02
5.421861410140991211e-01 3.711998760700225830e-01 7.539083249866962433e-03
5.484442710876464844e-01 3.738913238048553467e-01 1.256458181887865067e-02
5.407514572143554688e-01 5.569821000099182129e-01 -6.693344563245773315e-03
6.008257269859313965e-01 5.570943355560302734e-01 3.786372765898704529e-02
5.325455665588378906e-01 3.691931366920471191e-01 -7.165782619267702103e-03
5.357444286346435547e-01 6.180534362792968750e-01 -5.837886128574609756e-03
5.274705290794372559e-01 4.103915095329284668e-01 -3.215539082884788513e-02
5.392841696739196777e-01 4.479999542236328125e-01 -2.556160837411880493e-02
5.175473690032958984e-01 6.257364749908447266e-01 -1.327982731163501740e-02
5.625120401382446289e-01 5.897717475891113281e-01 7.614748086780309677e-03
5.565949082374572754e-01 4.968546926975250244e-01 -5.756995640695095062e-03
5.503872632980346680e-01 6.062232851982116699e-01 1.112792524509131908e-03
5.817019939422607422e-01 4.973758161067962646e-01 5.352082080207765102e-04
5.651414990425109863e-01 5.148943662643432617e-01 -3.900414798408746719e-03
5.877280831336975098e-01 5.259104371070861816e-01 8.888986892998218536e-03
5.201627016067504883e-01 6.451475024223327637e-01 -1.305373013019561768e-02
5.444906949996948242e-01 4.589873552322387695e-01 -1.768476702272891998e-02
5.714462995529174805e-01 6.035170555114746094e-01 1.806725561618804932e-02
5.562574863433837891e-01 6.201553344726562500e-01 9.337348863482475281e-03
5.723990201950073242e-01 5.696200132369995117e-01 1.019350439310073853e-02
6.129964590072631836e-01 5.380679368972778320e-01 4.910896718502044678e-02
5.861276984214782715e-01 5.738589167594909668e-01 2.169519476592540741e-02
6.175186038017272949e-01 5.530676245689392090e-01 7.493247091770172119e-02
5.709244608879089355e-01 5.381242036819458008e-01 1.401260378770530224e-03
5.393417477607727051e-01 4.330102205276489258e-01 -1.700050942599773407e-02
5.364314913749694824e-01 4.796773195266723633e-01 -4.347401112318038940e-02
5.417928099632263184e-01 4.857136011123657227e-01 -3.142164647579193115e-02
5.337145924568176270e-01 4.675506055355072021e-01 -5.153689906001091003e-02
5.531505346298217773e-01 3.545575439929962158e-01 5.338634364306926727e-03
5.731310248374938965e-01 3.435243964195251465e-01 4.986455664038658142e-03
5.897706151008605957e-01 3.427809178829193115e-01 6.935096345841884613e-03
6.024438738822937012e-01 3.485373258590698242e-01 1.223808992654085159e-02
6.102166175842285156e-01 3.588750958442687988e-01 1.948984712362289429e-02
6.114330291748046875e-01 3.935417532920837402e-01 3.582824766635894775e-02
6.375749111175537109e-01 4.475511610507965088e-01 8.601950854063034058e-02
6.007983088493347168e-01 4.182846844196319580e-01 2.517418935894966125e-02
5.890532135963439941e-01 4.219221472740173340e-01 1.752054318785667419e-02
5.745058655738830566e-01 4.191983938217163086e-01 1.198238506913185120e-02
5.610210299491882324e-01 4.127970635890960693e-01 8.963429369032382965e-03
5.507102012634277344e-01 4.056209325790405273e-01 8.308799006044864655e-03
5.436768531799316406e-01 3.991574347019195557e-01 7.349625695496797562e-03
6.357674598693847656e-01 4.496155083179473877e-01 1.293035596609115601e-01
5.407499074935913086e-01 4.905573427677154541e-01 -2.607091702520847321e-02
5.333379507064819336e-01 4.351425170898437500e-01 -3.431816026568412781e-02
5.295454859733581543e-01 4.789613783359527588e-01 -5.296414345502853394e-02
5.225470066070556641e-01 4.866114258766174316e-01 -4.931407421827316284e-02
5.286979079246520996e-01 4.820528924465179443e-01 -4.757919162511825562e-02
5.371505022048950195e-01 4.952776134014129639e-01 -2.283942513167858124e-02
5.206806063652038574e-01 4.876594245433807373e-01 -5.247192457318305969e-02
5.186781287193298340e-01 4.916162490844726562e-01 -3.960384428501129150e-02
5.448088049888610840e-01 3.856651782989501953e-01 1.373580750077962875e-02
5.386694073677062988e-01 3.890506625175476074e-01 6.290582008659839630e-03
5.349183678627014160e-01 3.915359079837799072e-01 -1.963777467608451843e-03
5.992296934127807617e-01 3.832120895385742188e-01 2.351690642535686493e-02
6.072853207588195801e-01 3.749807775020599365e-01 2.446860261261463165e-02
4.545883238315582275e-01 3.673833608627319336e-01 7.969410158693790436e-03
4.661239981651306152e-01 3.684111535549163818e-01 7.969410158693790436e-03
4.555251300334930420e-01 3.524476289749145508e-01 7.969410158693790436e-03
4.428180158138275146e-01 3.663365840911865234e-01 7.969410158693790436e-03
4.535729289054870605e-01 3.821205794811248779e-01 7.969410158693790436e-03
5.780056715011596680e-01 3.840955197811126709e-01 1.705811545252799988e-02
5.899795293807983398e-01 3.856823742389678955e-01 1.705811545252799988e-02
5.790513753890991211e-01 3.690149784088134766e-01 1.705811545252799988e-02
5.659912824630737305e-01 3.824366331100463867e-01 1.705811545252799988e-02
5.770207643508911133e-01 3.991498351097106934e-01 1.705811545252799988e-02
