5.010395646095275879e-01 5.023126006126403809e-01 -4.211714491248130798e-02
5.030679106712341309e-01 4.417784512042999268e-01 -6.199482828378677368e-02
5.013540387153625488e-01 4.632317423820495605e-01 -3.691096976399421692e-02
4.975703358650207520e-01 3.917081952095031738e-01 -4.053951427340507507e-02
5.043944716453552246e-01 4.249617755413055420e-01 -6.393752992153167725e-02
5.059744119644165039e-01 4.054230153560638428e-01 -5.689728632569313049e-02
5.097241401672363281e-01 3.602086901664733887e-01 -1.877476833760738373e-02
4.310208261013031006e-01 3.524644970893859863e-01 2.332998625934123993e-02
5.128993391990661621e-01 3.188482522964477539e-01 -5.583128891885280609e-03
5.145567059516906738e-01 2.969028055667877197e-01 -4.217573907226324081e-03
5.193940997123718262e-01 2.309810817241668701e-01 1.870595663785934448e-02
5.008067488670349121e-01 5.059937834739685059e-01 -4.172740876674652100e-02
5.004190206527709961e-01 5.098905563354492188e-01 -3.886422887444496155e-02
5.001305937767028809e-01 5.123420953750610352e-01 -3.485361486673355103e-02
4.971987307071685791e-01 5.620006322860717773e-01 -2.949487790465354919e-02
4.970472157001495361e-01 5.665897130966186523e-01 -3.229501098394393921e-02
4.965580105781555176e-01 5.725110769271850586e-01 -3.503127396106719971e-02
4.958746433258056641e-01 5.789209604263305664e-01 -3.329299390316009521e-02
4.920293688774108887e-01 5.890450477600097656e-01 -2.368857339024543762e-02
5.022959709167480469e-01 4.518668651580810547e-01 -5.726410076022148132e-02
4.924835562705993652e-01 4.526163637638092041e-01 -4.270868003368377686e-02
3.924885988235473633e-01 3.015270531177520752e-01 8.508759737014770508e-02
4.596931040287017822e-01 3.680670261383056641e-01 1.077869068831205368e-02
4.484054148197174072e-01 3.691567778587341309e-01 1.130920276045799255e-02
4.379138648509979248e-01 3.676429390907287598e-01 1.434606593102216721e-02
4.249851405620574951e-01 3.579385280609130859e-01 2.401022054255008698e-02
4.700816869735717773e-01 3.638881146907806396e-01 1.270861364901065826e-02
4.494207203388214111e-01 3.144753277301788330e-01 1.098266616463661194e-02
4.619391858577728271e-01 3.176074624061584473e-01 1.159066241234540939e-02
4.370750784873962402e-01 3.169563114643096924e-01 1.405970845371484756e-02
4.284119606018066406e-01 3.243651092052459717e-01 1.794962771236896515e-02
4.136955738067626953e-01 3.681256771087646484e-01 2.812436968088150024e-02
4.470999836921691895e-01 6.029469966888427734e-01 -1.487273164093494415e-02
4.274297058582305908e-01 3.477370738983154297e-01 2.740267477929592133e-02
3.799757063388824463e-01 3.686583936214447021e-01 7.885151356458663940e-02
4.018309116363525391e-01 3.552770018577575684e-01 4.101857915520668030e-02
4.468747079372406006e-01 4.338239431381225586e-01 -9.777916595339775085e-03
4.854228198528289795e-01 4.983998537063598633e-01 -4.031800851225852966e-02
4.865422844886779785e-01 5.087801814079284668e-01 -3.723416849970817566e-02
4.697867333889007568e-01 5.043516159057617188e-01 -3.419263288378715515e-02
4.596776366233825684e-01 5.127472877502441406e-01 -2.578938566148281097e-02
4.747798740863800049e-01 5.117006301879882812e-01 -3.251146897673606873e-02
4.658405482769012451e-01 5.171660780906677246e-01 -2.451636455953121185e-02
4.421322345733642578e-01 5.449808835983276367e-01 -1.018154993653297424e-02
4.938929378986358643e-01 4.406929016113281250e-01 -6.103931739926338196e-02
4.935586452484130859e-01 4.246028065681457520e-01 -6.266986578702926636e-02
4.144854545593261719e-01 3.054029941558837891e-01 2.458630688488483429e-02
4.728959500789642334e-01 3.959630131721496582e-01 -5.122729111462831497e-03
4.684990048408508301e-01 4.398782253265380859e-01 -3.397471830248832703e-02
4.679213762283325195e-01 4.323162138462066650e-01 -2.978551946580410004e-02
4.130191206932067871e-01 4.312702417373657227e-01 3.979978617280721664e-03
4.955981373786926270e-01 4.064930677413940430e-01 -5.365974828600883484e-02
4.427954852581024170e-01 2.839529514312744141e-01 7.985856384038925171e-03
4.267728924751281738e-01 2.909882664680480957e-01 1.590542867779731750e-02
4.069392383098602295e-01 2.713353931903839111e-01 6.751488894224166870e-02
4.903894066810607910e-01 3.024232387542724609e-01 -2.386055188253521919e-03
4.723388552665710449e-01 3.265777826309204102e-01 1.438162475824356079e-02
4.361026585102081299e-01 5.251603722572326660e-01 -7.016449701040983200e-03
3.810156583786010742e-01 5.277415513992309570e-01 8.492904156446456909e-02
4.765077531337738037e-01 4.499020278453826904e-01 -3.061912953853607178e-02
4.849394559860229492e-01 4.556154012680053711e-01 -3.260572999715805054e-02
4.493221044540405273e-01 5.345619916915893555e-01 -8.125272579491138458e-03
4.528546035289764404e-01 5.346673130989074707e-01 -1.106308307498693466e-02
4.218074679374694824e-01 2.812120914459228516e-01 2.296308800578117371e-02
4.674475491046905518e-01 4.486852884292602539e-01 -2.886543050408363342e-02
4.631177783012390137e-01 2.857149243354797363e-01 1.757910475134849548e-03
4.626344144344329834e-01 2.731341123580932617e-01 1.555565046146512032e-03
4.549040794372558594e-01 2.334225922822952271e-01 3.031425736844539642e-02
4.137011468410491943e-01 2.818933129310607910e-01 4.290042445063591003e-02
4.591122865676879883e-01 2.585489749908447266e-01 1.622823812067508698e-02
4.081994891166687012e-01 2.997946441173553467e-01 3.547750413417816162e-02
3.998652398586273193e-01 3.065853714942932129e-01 5.961031839251518250e-02
4.856194853782653809e-01 5.038722753524780273e-01 -4.004725441336631775e-02
4.721568226814270020e-01 5.083150267601013184e-01 -3.393910825252532959e-02
4.625731706619262695e-01 5.150184035301208496e-01 -2.614244259893894196e-02
4.788847863674163818e-01 4.536800980567932129e-01 -2.857886999845504761e-02
4.510983228683471680e-01 5.347167849540710449e-01 -9.661998599767684937e-03
4.544625282287597656e-01 5.445692539215087891e-01 -1.588955335319042206e-02
4.544038772583007812e-01 5.344706773757934570e-01 -1.129550393670797348e-02
4.821625947952270508e-01 4.421715140342712402e-01 -4.493292421102523804e-02
4.682983756065368652e-01 5.177191495895385742e-01 -2.333648875355720520e-02
4.769603908061981201e-01 5.131638646125793457e-01 -2.903037518262863159e-02
4.876338243484497070e-01 5.113524198532104492e-01 -3.345409780740737915e-02
4.756339490413665771e-01 5.855244398117065430e-01 -2.339625544846057892e-02
4.787781536579132080e-01 5.745677351951599121e-01 -3.246294334530830383e-02
4.803255796432495117e-01 5.684986710548400879e-01 -3.346688672900199890e-02
4.821403324604034424e-01 5.628971457481384277e-01 -3.056160919368267059e-02
4.840394556522369385e-01 5.589005351066589355e-01 -2.798247151076793671e-02
4.660324454307556152e-01 5.497314333915710449e-01 -1.922265253961086273e-02
4.631502926349639893e-01 5.508444905281066895e-01 -2.142037078738212585e-02
4.595715701580047607e-01 5.528112649917602539e-01 -2.353795990347862244e-02
4.566290676593780518e-01 5.554488897323608398e-01 -2.198907919228076935e-02
4.509788751602172852e-01 4.930132627487182617e-01 -2.050876803696155548e-02
3.726940751075744629e-01 4.451631307601928711e-01 1.123556420207023621e-01
5.018411874771118164e-01 4.572586715221405029e-01 -4.379477724432945251e-02
4.603503644466400146e-01 5.441398620605468750e-01 -1.406909059733152390e-02
4.573578834533691406e-01 5.441616773605346680e-01 -1.564350910484790802e-02
4.873112440109252930e-01 4.623107016086578369e-01 -3.423833101987838745e-02
4.702551960945129395e-01 4.596955180168151855e-01 -2.206394635140895844e-02
4.862250387668609619e-01 4.590316712856292725e-01 -3.358102589845657349e-02
4.599266052246093750e-01 4.046837687492370605e-01 -3.160324646160006523e-03
4.405736029148101807e-01 4.135826826095581055e-01 -1.536700990982353687e-03
4.654577076435089111e-01 4.407123923301696777e-01 -2.447734214365482330e-02
4.266710579395294189e-01 2.477131187915802002e-01 4.762296006083488464e-02
4.325051307678222656e-01 2.651125788688659668e-01 2.873587049543857574e-02
4.400608241558074951e-01 2.724621891975402832e-01 1.203387603163719177e-02
4.497064352035522461e-01 5.600818991661071777e-01 -1.569209434092044830e-02
4.891989529132843018e-01 2.801300287246704102e-01 -3.566248575225472450e-03
4.862728416919708252e-01 2.599684894084930420e-01 8.992692455649375916e-03
4.846728444099426270e-01 2.288645207881927490e-01 2.026436664164066315e-02
4.294243156909942627e-01 3.640183806419372559e-01 1.924344152212142944e-02
3.999730348587036133e-01 3.794264197349548340e-01 3.274448588490486145e-02
4.772677421569824219e-01 3.592049777507781982e-01 1.491030398756265640e-02
4.162588417530059814e-01 3.320603370666503906e-01 2.750689908862113953e-02
4.819450378417968750e-01 3.854090869426727295e-01 -7.682001218199729919e-03
4.756590425968170166e-01 4.319279491901397705e-01 -4.387051612138748169e-02
3.871110379695892334e-01 3.946313560009002686e-01 4.292349889874458313e-02
4.067913889884948730e-01 3.903690576553344727e-01 2.091121673583984375e-02
4.211691021919250488e-01 3.966098725795745850e-01 1.005938276648521423e-02
4.433384239673614502e-01 3.948636651039123535e-01 5.771085619926452637e-03
4.598994553089141846e-01 3.888615369796752930e-01 4.382593557238578796e-03
4.730036258697509766e-01 3.816513121128082275e-01 2.806739881634712219e-03
4.987643361091613770e-01 3.633955717086791992e-01 -1.516013313084840775e-02
3.863573074340820312e-01 4.278529584407806396e-01 3.492030128836631775e-02
4.072826504707336426e-01 3.292313218116760254e-01 3.356893733143806458e-02
4.969498813152313232e-01 4.508079886436462402e-01 -5.665775388479232788e-02
4.726261198520660400e-01 4.103938043117523193e-01 -1.248195581138134003e-02
3.758094012737274170e-01 3.725860118865966797e-01 1.151218339800834656e-01
4.832151234149932861e-01 3.728981614112854004e-01 2.726286649703979492e-03
4.640657901763916016e-01 4.431353509426116943e-01 -1.358565315604209900e-02
4.217030107975006104e-01 3.471487164497375488e-01 2.925875410437583923e-02
4.756197929382324219e-01 4.229425489902496338e-01 -3.853539377450942993e-02
3.747384250164031982e-01 4.849143326282501221e-01 1.016642525792121887e-01
4.786550402641296387e-01 3.535269796848297119e-01 1.871900260448455811e-02
4.855396151542663574e-01 4.126112461090087891e-01 -4.800316318869590759e-02
4.030172824859619141e-01 5.626371502876281738e-01 2.527217939496040344e-02
4.010297060012817383e-01 5.856816768646240234e-01 4.157814383506774902e-02
3.743871152400970459e-01 4.366869330406188965e-01 7.380258291959762573e-02
3.913061022758483887e-01 5.401987433433532715e-01 3.990784659981727600e-02
3.896485567092895508e-01 3.357326388359069824e-01 7.290920615196228027e-02
4.430159032344818115e-01 6.207178831100463867e-01 -1.140926126390695572e-02
4.977217912673950195e-01 4.562883973121643066e-01 -4.304527491331100464e-02
4.614854156970977783e-01 4.222505688667297363e-01 -1.021063141524791718e-02
3.913794159889221191e-01 3.592799901962280273e-01 5.188985913991928101e-02
4.406991302967071533e-01 3.583043217658996582e-01 1.634043082594871521e-02
4.497134685516357422e-01 3.602082431316375732e-01 1.371315959841012955e-02
4.517337083816528320e-01 5.453458428382873535e-01 -1.450064126402139664e-02
3.867290019989013672e-01 4.616066515445709229e-01 3.347945213317871094e-02
4.620041251182556152e-01 6.488287448883056641e-01 -1.016598753631114960e-02
4.284303784370422363e-01 6.228905320167541504e-01 1.257924269884824753e-02
4.153412282466888428e-01 6.073779463768005371e-01 2.533563785254955292e-02
5.169329643249511719e-01 2.640180885791778564e-01 7.018610369414091110e-03
4.876087009906768799e-01 6.552593111991882324e-01 -1.305470801889896393e-02
4.591146707534790039e-01 3.595699667930603027e-01 1.362661365419626236e-02
4.685285687446594238e-01 3.571202456951141357e-01 1.560749951750040054e-02
4.750557243824005127e-01 3.553217947483062744e-01 1.837012358009815216e-02
3.989681303501129150e-01 3.273996114730834961e-01 4.541199654340744019e-02
4.692993164062500000e-01 3.433455824851989746e-01 1.548506785184144974e-02
4.596547484397888184e-01 3.391254842281341553e-01 1.374369580298662186e-02
4.501418173313140869e-01 3.380322754383087158e-01 1.408084388822317123e-02
4.405853450298309326e-01 3.397222757339477539e-01 1.638153940439224243e-02
4.342392981052398682e-01 3.428850769996643066e-01 1.945749856531620026e-02
3.824788928031921387e-01 3.336178064346313477e-01 1.031051948666572571e-01
4.349296391010284424e-01 3.554865717887878418e-01 2.000532858073711395e-02
5.001619458198547363e-01 4.768807888031005859e-01 -3.578779846429824829e-02
4.624823331832885742e-01 4.829885065555572510e-01 -2.565971575677394867e-02
4.766766428947448730e-01 4.462036192417144775e-01 -3.398605436086654663e-02
4.844144880771636963e-01 4.767428338527679443e-01 -3.497731313109397888e-02
5.112320184707641602e-01 3.413921296596527100e-01 -7.891084067523479462e-03
4.154507219791412354e-01 5.849712491035461426e-01 1.359885837882757187e-02
4.284555912017822266e-01 6.026483774185180664e-01 1.647702185437083244e-03
4.628945291042327881e-01 6.350256204605102539e-01 -2.255188487470149994e-02
3.904395699501037598e-01 5.617495775222778320e-01 6.315150111913681030e-02
4.759241044521331787e-01 3.493778109550476074e-01 1.753109507262706757e-02
4.894616007804870605e-01 3.870183229446411133e-01 -2.297757938504219055e-02
4.882355630397796631e-01 6.413524150848388672e-01 -2.515911683440208435e-02
4.433141946792602539e-01 6.371569633483886719e-01 -9.435426327399909496e-04
3.759175539016723633e-01 4.737727940082550049e-01 6.677172333002090454e-02
4.738546311855316162e-01 5.547037124633789062e-01 -2.402946539223194122e-02
4.708760678768157959e-01 5.572136044502258301e-01 -2.641556598246097565e-02
4.679371416568756104e-01 5.613336563110351562e-01 -2.869010716676712036e-02
4.656196832656860352e-01 5.663630962371826172e-01 -2.760931663215160370e-02
4.604026079177856445e-01 5.744513273239135742e-01 -2.094182372093200684e-02
4.584909081459045410e-01 5.247262716293334961e-01 -1.717962510883808136e-02
4.554096758365631104e-01 5.236579775810241699e-01 -1.694515720009803772e-02
4.528405666351318359e-01 5.221111178398132324e-01 -1.666720770299434662e-02
4.419160485267639160e-01 5.072399973869323730e-01 -1.340631954371929169e-02
4.023422598838806152e-01 4.682708978652954102e-01 1.090412493795156479e-02
4.906320273876190186e-01 3.731489777565002441e-01 -1.052543334662914276e-02
4.877111017704010010e-01 3.392812311649322510e-01 1.242976356297731400e-02
4.807547628879547119e-01 3.417688012123107910e-01 1.635809056460857391e-02
4.609155356884002686e-01 5.244333148002624512e-01 -1.657764054834842682e-02
3.985978364944458008e-01 5.120077133178710938e-01 2.267689257860183716e-02
4.980750083923339844e-01 3.379020690917968750e-01 -1.278153620660305023e-03
4.536663591861724854e-01 5.874163508415222168e-01 -1.693499647080898285e-02
5.072697997093200684e-01 3.899523913860321045e-01 -4.384996742010116577e-02
4.979809820652008057e-01 3.782711029052734375e-01 -2.856630645692348480e-02
5.084303021430969238e-01 3.756403326988220215e-01 -3.067725151777267456e-02
4.795230925083160400e-01 4.113031029701232910e-01 -2.669366076588630676e-02
4.894880354404449463e-01 6.234004497528076172e-01 -2.810249291360378265e-02
4.908955693244934082e-01 6.043633222579956055e-01 -2.541474439203739166e-02
4.712055027484893799e-01 5.999803543090820312e-01 -2.334673330187797546e-02
4.314334094524383545e-01 5.504034161567687988e-01 -4.631150979548692703e-03
4.535539746284484863e-01 4.562508165836334229e-01 -1.203297171741724014e-02
4.406483769416809082e-01 5.709829330444335938e-01 -1.059514842927455902e-02
4.281779825687408447e-01 4.523722827434539795e-01 -7.853108458220958710e-03
4.420790672302246094e-01 4.722610712051391602e-01 -1.197101268917322159e-02
4.175287485122680664e-01 4.800124764442443848e-01 -2.021295716986060143e-03
4.661250412464141846e-01 6.177248954772949219e-01 -2.520762570202350616e-02
4.718755185604095459e-01 4.215699434280395508e-01 -2.038652636110782623e-02
4.208577275276184082e-01 5.639345049858093262e-01 3.645041259005665779e-03
4.333349764347076416e-01 5.842598080635070801e-01 -4.617903847247362137e-03
4.252945780754089355e-01 5.266599655151367188e-01 -2.337031532078981400e-03
3.885578513145446777e-01 4.914176464080810547e-01 3.379893675446510315e-02
4.110051691532135010e-01 5.304337143898010254e-01 7.639295887202024460e-03
3.809155821800231934e-01 5.086884498596191406e-01 5.726767703890800476e-02
4.323123097419738770e-01 4.941047132015228271e-01 -8.633752353489398956e-03
4.813279807567596436e-01 3.985475003719329834e-01 -1.726943068206310272e-02
4.788938164710998535e-01 4.388967454433441162e-01 -4.670324549078941345e-02
4.718415737152099609e-01 4.449301660060882568e-01 -3.577741980552673340e-02
4.841249883174896240e-01 4.270819425582885742e-01 -5.351293459534645081e-02
4.799158275127410889e-01 3.194276392459869385e-01 1.067299768328666687e-02
4.625306427478790283e-01 3.056604862213134766e-01 9.522836655378341675e-03
4.467203915119171143e-01 3.026624917984008789e-01 9.973762556910514832e-03
4.329408109188079834e-01 3.067042827606201172e-01 1.376362796872854233e-02
4.226224720478057861e-01 3.158476650714874268e-01 1.986928284168243408e-02
4.129045307636260986e-01 3.509912490844726562e-01 3.341069445013999939e-02
3.753792643547058105e-01 4.019546806812286377e-01 7.672524452209472656e-02
4.191243052482604980e-01 3.749716877937316895e-01 2.155144326388835907e-02
4.301668703556060791e-01 3.801489770412445068e-01 1.464685704559087753e-02
4.452416598796844482e-01 3.808803260326385498e-01 1.016128063201904297e-02
4.599855840206146240e-01 3.777794241905212402e-01 8.579349145293235779e-03
4.720477461814880371e-01 3.725123703479766846e-01 9.383027441799640656e-03
4.806346893310546875e-01 3.672238290309906006e-01 9.427299723029136658e-03
3.734834194183349609e-01 4.087746739387512207e-01 1.176979765295982361e-01
4.716783463954925537e-01 4.506219029426574707e-01 -3.077814169228076935e-02
4.883321225643157959e-01 3.994957506656646729e-01 -3.402282670140266418e-02
4.864680767059326172e-01 4.387288689613342285e-01 -5.545306950807571411e-02
4.919868409633636475e-01 4.486629366874694824e-01 -5.204969644546508789e-02
4.865311086177825928e-01 4.425937533378601074e-01 -5.037382617592811584e-02
4.741896092891693115e-01 4.566161334514617920e-01 -2.762737683951854706e-02
4.937455654144287109e-01 4.497731626033782959e-01 -5.513645708560943604e-02
4.945213198661804199e-01 4.551253020763397217e-01 -4.284555464982986450e-02
4.823035299777984619e-01 3.534562885761260986e-01 1.691398583352565765e-02
4.878223240375518799e-01 3.577788472175598145e-01 9.783970192074775696e-03
4.913660287857055664e-01 3.600302934646606445e-01 1.620660186745226383e-03
4.304640293121337891e-01 3.454251885414123535e-01 2.285003662109375000e-02
4.226044118404388428e-01 3.338212370872497559e-01 2.364718355238437653e-02
5.165967345237731934e-01 3.939278125762939453e-01 -4.022089764475822449e-02
5.898063182830810547e-01 3.697233498096466064e-01 2.541131153702735901e-02
5.116981267929077148e-01 4.550817012786865234e-01 -4.249948635697364807e-02
6.311853528022766113e-01 3.282066285610198975e-01 8.901253342628479004e-02
5.579068064689636230e-01 3.784356117248535156e-01 1.220828574150800705e-02
5.685597062110900879e-01 3.820599615573883057e-01 1.305295154452323914e-02
5.789235830307006836e-01 3.833118975162506104e-01 1.626969873905181885e-02
5.938049554824829102e-01 3.763259351253509521e-01 2.616954967379570007e-02
5.490121841430664062e-01 3.724551796913146973e-01 1.388298906385898590e-02
5.776851177215576172e-01 3.289406299591064453e-01 1.270466018468141556e-02
5.647730231285095215e-01 3.296522498130798340e-01 1.296705100685358047e-02
5.894458293914794922e-01 3.336378335952758789e-01 1.602467894554138184e-02
5.966773033142089844e-01 3.425160348415374756e-01 2.004823274910449982e-02
6.011539697647094727e-01 3.886641860008239746e-01 3.053271770477294922e-02
5.353533029556274414e-01 6.128427386283874512e-01 -1.404549647122621536e-02
5.942950844764709473e-01 3.653022944927215576e-01 2.956375479698181152e-02
6.349545717239379883e-01 3.974820375442504883e-01 8.163212984800338745e-02
6.141441464424133301e-01 3.774621188640594482e-01 4.356837645173072815e-02
5.603559017181396484e-01 4.476336240768432617e-01 -8.186448365449905396e-03
5.164943933486938477e-01 5.019474625587463379e-01 -4.006467014551162720e-02
5.136237144470214844e-01 5.120629668235778809e-01 -3.699046745896339417e-02
5.305253267288208008e-01 5.107405185699462891e-01 -3.365067020058631897e-02
5.387539267539978027e-01 5.216307640075683594e-01 -2.499924786388874054e-02
5.242699384689331055e-01 5.174739360809326172e-01 -3.206222131848335266e-02
5.317865014076232910e-01 5.251712203025817871e-01 -2.384417876601219177e-02
5.480816960334777832e-01 5.577558279037475586e-01 -9.127834811806678772e-03
5.122532844543457031e-01 4.429225921630859375e-01 -6.082171574234962463e-02
5.151417255401611328e-01 4.271597564220428467e-01 -6.246819347143173218e-02
6.118508577346801758e-01 3.268462121486663818e-01 2.702154405415058136e-02
5.403240919113159180e-01 4.039328992366790771e-01 -4.094598814845085144e-03
5.380026102066040039e-01 4.483768045902252197e-01 -3.319147601723670959e-02
5.398193597793579102e-01 4.409700334072113037e-01 -2.896763198077678680e-02
5.943652391433715820e-01 4.530962407588958740e-01 6.415023934096097946e-03
5.160322189331054688e-01 4.088558554649353027e-01 -5.336586385965347290e-02
5.882396101951599121e-01 3.019691705703735352e-01 1.011739857494831085e-02
6.026686429977416992e-01 3.109461069107055664e-01 1.832670904695987701e-02
6.222375035285949707e-01 2.952442467212677002e-01 7.096648961305618286e-02
5.380827188491821289e-01 3.128846883773803711e-01 -1.432575983926653862e-03
5.531951189041137695e-01 3.363937735557556152e-01 1.551526226103305817e-02
5.571693181991577148e-01 5.402336120605468750e-01 -5.529792513698339462e-03
6.142368316650390625e-01 5.553771853446960449e-01 8.889689296483993530e-02
5.282025933265686035e-01 4.564396440982818604e-01 -3.017128072679042816e-02
5.188818573951721191e-01 4.599793255329132080e-01 -3.235774487257003784e-02
5.449619293212890625e-01 5.476882457733154297e-01 -6.950173061341047287e-03
5.415312051773071289e-01 5.467881560325622559e-01 -1.005847379565238953e-02
6.089648604393005371e-01 3.012614846229553223e-01 2.528196014463901520e-02
5.377001762390136719e-01 4.573596715927124023e-01 -2.809188887476921082e-02
5.676620602607727051e-01 3.013448119163513184e-01 3.246051259338855743e-03
5.702365040779113770e-01 2.882410287857055664e-01 2.983005484566092491e-03
5.815002322196960449e-01 2.476750612258911133e-01 3.248766437172889709e-02
6.147225499153137207e-01 3.032122254371643066e-01 4.519608989357948303e-02
5.740119218826293945e-01 2.708627581596374512e-01 1.766538992524147034e-02
6.184411048889160156e-01 3.217486739158630371e-01 3.787761926651000977e-02
6.241000890731811523e-01 3.307794332504272461e-01 6.204793229699134827e-02
5.154241919517517090e-01 5.074257254600524902e-01 -3.976404666900634766e-02
5.274200439453125000e-01 5.145469903945922852e-01 -3.345339372754096985e-02
5.355337262153625488e-01 5.235241055488586426e-01 -2.545876428484916687e-02
5.251762866973876953e-01 4.595703184604644775e-01 -2.808896265923976898e-02
5.432175993919372559e-01 5.473322272300720215e-01 -8.608985692262649536e-03
5.392135381698608398e-01 5.565024018287658691e-01 -1.508834026753902435e-02
5.400572419166564941e-01 5.460852384567260742e-01 -1.032261271029710770e-02
5.236486196517944336e-01 4.474236667156219482e-01 -4.436607658863067627e-02
5.291247367858886719e-01 5.252115726470947266e-01 -2.270752564072608948e-02
5.216595530509948730e-01 5.185801386833190918e-01 -2.861200645565986633e-02
5.120043754577636719e-01 5.143668651580810547e-01 -3.321570158004760742e-02
5.091199278831481934e-01 5.894164443016052246e-01 -2.315218746662139893e-02
5.124838352203369141e-01 5.793384909629821777e-01 -3.225920721888542175e-02
5.122713446617126465e-01 5.729166269302368164e-01 -3.330308571457862854e-02
5.113593339920043945e-01 5.669667720794677734e-01 -3.036268055438995361e-02
5.098251700401306152e-01 5.625613331794738770e-01 -2.778537571430206299e-02
5.274855494499206543e-01 5.585066676139831543e-01 -1.859683729708194733e-02
5.302470922470092773e-01 5.605305433273315430e-01 -2.083047293126583099e-02
5.334656834602355957e-01 5.634837150573730469e-01 -2.286706119775772095e-02
5.358829498291015625e-01 5.669615268707275391e-01 -2.126877196133136749e-02
5.469714999198913574e-01 5.049887895584106445e-01 -1.954555884003639221e-02
6.314972043037414551e-01 4.755466580390930176e-01 1.166525930166244507e-01
5.332960486412048340e-01 5.543789863586425781e-01 -1.324799004942178726e-02
5.363882780075073242e-01 5.552704334259033203e-01 -1.488090865314006805e-02
5.155806541442871094e-01 4.658836126327514648e-01 -3.393713384866714478e-02
5.331202149391174316e-01 4.676247835159301758e-01 -2.142526395618915558e-02
5.171303749084472656e-01 4.630236327648162842e-01 -3.330322355031967163e-02
5.516399145126342773e-01 4.156418442726135254e-01 -1.711224089376628399e-03
5.695214867591857910e-01 4.291101694107055664e-01 3.143891226500272751e-04
5.411016345024108887e-01 4.499435722827911377e-01 -2.359163202345371246e-02
6.069723367691040039e-01 2.677733302116394043e-01 5.053138360381126404e-02
5.991981029510498047e-01 2.826346755027770996e-01 3.068719804286956787e-02
5.927779674530029297e-01 2.898506522178649902e-01 1.406455226242542267e-02
5.385377407073974609e-01 5.704701542854309082e-01 -1.481549721211194992e-02
5.430414080619812012e-01 2.910629510879516602e-01 -2.674888120964169502e-03
5.472935438156127930e-01 2.667288780212402344e-01 9.808029979467391968e-03
5.532568097114562988e-01 2.367715835571289062e-01 2.145044319331645966e-02
5.880989432334899902e-01 3.818752169609069824e-01 2.127581089735031128e-02
6.114491820335388184e-01 4.022660553455352783e-01 3.524620085954666138e-02
5.430222153663635254e-01 3.669888079166412354e-01 1.592338830232620239e-02
6.059687733650207520e-01 3.522297441959381104e-01 2.988569065928459167e-02
5.331552624702453613e-01 3.913882970809936523e-01 -6.866097915917634964e-03
5.318642854690551758e-01 4.388572275638580322e-01 -4.318749904632568359e-02
6.248661279678344727e-01 4.222038388252258301e-01 4.568821191787719727e-02
6.030434370040893555e-01 4.127736687660217285e-01 2.339449897408485413e-02
5.883923768997192383e-01 4.162625074386596680e-01 1.228934898972511292e-02
5.677979588508605957e-01 4.097696840763092041e-01 7.641329430043697357e-03
5.531533956527709961e-01 4.000657796859741211e-01 5.860535427927970886e-03
5.421459674835205078e-01 3.902229666709899902e-01 3.889060812070965767e-03
5.200180411338806152e-01 3.658628463745117188e-01 -1.480515860021114349e-02
6.213805079460144043e-01 4.556444883346557617e-01 3.770846500992774963e-02
6.140308976173400879e-01 3.510865569114685059e-01 3.596986830234527588e-02
5.076896548271179199e-01 4.521319270133972168e-01 -5.649133399128913879e-02
5.383226275444030762e-01 4.182290732860565186e-01 -1.148180197924375534e-02
6.374022960662841797e-01 4.023770391941070557e-01 1.197470873594284058e-01
5.339605808258056641e-01 3.796296119689941406e-01 3.582477103918790817e-03
5.420613884925842285e-01 4.526807367801666260e-01 -1.258095540106296539e-02
5.991085767745971680e-01 3.659715056419372559e-01 3.160209581255912781e-02
5.333815217018127441e-01 4.299139082431793213e-01 -3.782183304429054260e-02
6.252492666244506836e-01 5.145189166069030762e-01 1.057899743318557739e-01
5.435724258422851562e-01 3.612018227577209473e-01 1.979282312095165253e-02
5.250730514526367188e-01 4.173146784305572510e-01 -4.746938869357109070e-02
5.870756506919860840e-01 5.841251015663146973e-01 2.722891606390476227e-02
5.863725543022155762e-01 6.068686842918395996e-01 4.465605691075325012e-02
6.320078969001770020e-01 4.665113389492034912e-01 7.653790712356567383e-02
6.023861169815063477e-01 5.650485157966613770e-01 4.215263575315475464e-02
6.296845674514770508e-01 3.623880743980407715e-01 7.547571510076522827e-02
5.368532538414001465e-01 6.309618353843688965e-01 -1.052056811749935150e-02
5.059845447540283203e-01 4.573160707950592041e-01 -4.296538606286048889e-02
5.475377440452575684e-01 4.326590299606323242e-01 -9.013157337903976440e-03
6.227327585220336914e-01 3.826246857643127441e-01 5.453405529260635376e-02
5.788052082061767578e-01 3.734982609748840332e-01 1.826487854123115540e-02
5.696480274200439453e-01 3.728263080120086670e-01 1.540367491543292999e-02
5.417271852493286133e-01 5.580527782440185547e-01 -1.366992108523845673e-02
6.168964505195617676e-01 4.890869259834289551e-01 3.623020648956298828e-02
5.139713883399963379e-01 6.543707251548767090e-01 -9.370752610266208649e-03
5.521366596221923828e-01 6.360206604003906250e-01 1.447451859712600708e-02
5.683305263519287109e-01 6.241750121116638184e-01 2.780405804514884949e-02
5.606805086135864258e-01 3.698847293853759766e-01 1.506725512444972992e-02
5.522521138191223145e-01 3.657512068748474121e-01 1.683603040874004364e-02
5.464994907379150391e-01 3.633193075656890869e-01 1.948046311736106873e-02
6.215244531631469727e-01 3.498215079307556152e-01 4.791398718953132629e-02
5.547565221786499023e-01 3.528027236461639404e-01 1.673503965139389038e-02
5.646470189094543457e-01 3.500234782695770264e-01 1.524033118039369583e-02
5.740127563476562500e-01 3.504250645637512207e-01 1.580450870096683502e-02
5.831192135810852051e-01 3.538890779018402100e-01 1.825960166752338409e-02
5.886830687522888184e-01 3.584645092487335205e-01 2.152001112699508667e-02
6.359804868698120117e-01 3.621044754981994629e-01 1.074910461902618408e-01
5.852006673812866211e-01 3.720772564411163330e-01 2.199776656925678253e-02
5.371929407119750977e-01 4.922953546047210693e-01 -2.491002716124057770e-02
5.285409688949584961e-01 4.527744948863983154e-01 -3.342371061444282532e-02
5.161004662513732910e-01 4.807965159416198730e-01 -3.467869386076927185e-02
5.707255601882934570e-01 6.026970148086547852e-01 1.515429560095071793e-02
5.546222329139709473e-01 6.166805028915405273e-01 2.787934383377432823e-03
5.147169232368469238e-01 6.407623291015625000e-01 -2.207602001726627350e-02
6.006407737731933594e-01 5.862442255020141602e-01 6.664238870143890381e-02
5.471598505973815918e-01 3.576290607452392578e-01 1.866730302572250366e-02
5.254224538803100586e-01 3.912159204483032227e-01 -2.242635376751422882e-02
5.346301794052124023e-01 6.466526985168457031e-01 4.179693059995770454e-04
6.260938644409179688e-01 5.030903816223144531e-01 6.949155777692794800e-02
5.197780132293701172e-01 5.612301826477050781e-01 -2.358248271048069000e-02
5.223720669746398926e-01 5.645869374275207520e-01 -2.597064524888992310e-02
5.246248841285705566e-01 5.693934559822082520e-01 -2.823888324201107025e-02
5.260891318321228027e-01 5.752241611480712891e-01 -2.712092362344264984e-02
5.258396267890930176e-01 5.818410515785217285e-01 -2.030773833394050598e-02
5.377143621444702148e-01 5.348422527313232422e-01 -1.641798391938209534e-02
5.408866405487060547e-01 5.344661474227905273e-01 -1.605700887739658356e-02
5.438138842582702637e-01 5.333693623542785645e-01 -1.573371514678001404e-02
5.538471937179565430e-01 5.212353467941284180e-01 -1.211311947554349899e-02
6.002149581909179688e-01 4.922406077384948730e-01 1.332557853311300278e-02
5.264393091201782227e-01 3.773641586303710938e-01 -9.979140944778919220e-03
5.357834696769714355e-01 3.457502722740173340e-01 1.306777354329824448e-02
5.425902605056762695e-01 3.494551479816436768e-01 1.737288944423198700e-02
5.352777838706970215e-01 5.339357852935791016e-01 -1.574409008026123047e-02
5.983577966690063477e-01 5.359864234924316406e-01 2.500898577272891998e-02
5.249996781349182129e-01 3.427281677722930908e-01 -7.612117333337664604e-04
5.310783386230468750e-01 5.961376428604125977e-01 -1.622925139963626862e-02
5.183905959129333496e-01 3.805996775627136230e-01 -2.828383073210716248e-02
5.313034653663635254e-01 4.175595641136169434e-01 -2.600735798478126526e-02
5.115802288055419922e-01 6.045253276824951172e-01 -2.307502925395965576e-02
5.586394667625427246e-01 5.655357241630554199e-01 -3.283756785094738007e-03
5.502761006355285645e-01 4.680695235729217529e-01 -1.088410429656505585e-02
5.463933944702148438e-01 5.831759572029113770e-01 -9.613333269953727722e-03
5.763208866119384766e-01 4.704613387584686279e-01 -5.838684737682342529e-03
5.593686103820800781e-01 4.866981804370880127e-01 -1.053264923393726349e-02
5.830706357955932617e-01 5.002391934394836426e-01 1.196333178086206317e-04
5.140298604965209961e-01 6.231727600097656250e-01 -2.481227368116378784e-02
5.373589992523193359e-01 4.293912649154663086e-01 -1.955722831189632416e-02
5.677959322929382324e-01 5.810039043426513672e-01 5.178351886570453644e-03
5.521107316017150879e-01 5.977798700332641602e-01 -3.495559096336364746e-03
5.683723688125610352e-01 5.441681146621704102e-01 -6.276625790633261204e-04
6.113957166671752930e-01 5.181019902229309082e-01 3.642366826534271240e-02
5.828037858009338379e-01 5.510015487670898438e-01 9.620553813874721527e-03
6.170065402984619141e-01 5.365560650825500488e-01 5.986930057406425476e-02
5.659531950950622559e-01 5.106577873229980469e-01 -7.052794564515352249e-03
5.315674543380737305e-01 4.045457839965820312e-01 -1.646812818944454193e-02
5.274478793144226074e-01 4.449634850025177002e-01 -4.609522223472595215e-02
5.337229967117309570e-01 4.526317417621612549e-01 -3.512233495712280273e-02
5.240576863288879395e-01 4.319760501384735107e-01 -5.315398052334785461e-02
5.463469624519348145e-01 3.293800055980682373e-01 1.158821955323219299e-02
5.655998587608337402e-01 3.191879093647003174e-01 1.097402349114418030e-02
5.818423032760620117e-01 3.188883662223815918e-01 1.192759349942207336e-02
5.945847034454345703e-01 3.249545991420745850e-01 1.598856598138809204e-02
6.029560565948486328e-01 3.356620371341705322e-01 2.226986177265644073e-02
6.054974198341369629e-01 3.713765144348144531e-01 3.585890308022499084e-02
6.351339221000671387e-01 4.317083656787872314e-01 7.958897203207015991e-02
5.948507189750671387e-01 3.948164582252502441e-01 2.384978719055652618e-02
5.831344723701477051e-01 3.976456522941589355e-01 1.673677377402782440e-02
5.687452554702758789e-01 3.947840929031372070e-01 1.195934507995843887e-02
5.554030537605285645e-01 3.883570432662963867e-01 1.005392987281084061e-02
5.450958013534545898e-01 3.808359801769256592e-01 1.051146816462278366e-02
5.378767251968383789e-01 3.739241957664489746e-01 1.033129915595054626e-02
6.349720954895019531e-01 4.390463531017303467e-01 1.222477331757545471e-01
5.329896211624145508e-01 4.582471847534179688e-01 -3.011309728026390076e-02
5.244520306587219238e-01 4.037498831748962402e-01 -3.349033743143081665e-02
5.198355913162231445e-01 4.428497850894927979e-01 -5.503657460212707520e-02
5.128311514854431152e-01 4.513553678989410400e-01 -5.179838836193084717e-02
5.191696286201477051e-01 4.468111097812652588e-01 -4.994536563754081726e-02
5.295837521553039551e-01 4.635298848152160645e-01 -2.705743722617626190e-02
5.109722018241882324e-01 4.519263207912445068e-01 -5.493965372443199158e-02
5.092695355415344238e-01 4.569743573665618896e-01 -4.269853234291076660e-02
5.393165349960327148e-01 3.606744706630706787e-01 1.780521869659423828e-02
5.325818657875061035e-01 3.634408116340637207e-01 1.053403690457344055e-02
5.281882882118225098e-01 3.652949333190917969e-01 2.239547669887542725e-03
5.918590426445007324e-01 3.620692491531372070e-01 2.498867921531200409e-02
6.005242466926574707e-01 3.527980744838714600e-01 2.589967288076877594e-02
4.493610858917236328e-01 3.473958969116210938e-01 1.791528612375259399e-02
4.606904089450836182e-01 3.477311730384826660e-01 1.791528612375259399e-02
4.498857855796813965e-01 3.331905305385589600e-01 1.791528612375259399e-02
4.378646314144134521e-01 3.469650745391845703e-01 1.791528612375259399e-02
4.487377405166625977e-01 3.613708615303039551e-01 1.791528612375259399e-02
5.728562474250793457e-01 3.608878254890441895e-01 1.956458948552608490e-02
5.840524435043334961e-01 3.628868460655212402e-01 1.956458948552608490e-02
5.742430686950683594e-01 3.464097678661346436e-01 1.956458948552608490e-02
5.617297291755676270e-01 3.588679432868957520e-01 1.956458948552608490e-02
5.715057253837585449e-01 3.753674030303955078e-01 1.956458948552608490e-02
