5.041802525520324707e-01 5.446010231971740723e-01 -3.278272598981857300e-02
5.124887824058532715e-01 4.908190071582794189e-01 -6.122909486293792725e-02
5.095750689506530762e-01 5.078004002571105957e-01 -3.243481740355491638e-02
5.061392188072204590e-01 4.329546093940734863e-01 -4.649314284324645996e-02
5.140842795372009277e-01 4.733988344669342041e-01 -6.505828350782394409e-02
5.153980255126953125e-01 4.506741166114807129e-01 -6.035947799682617188e-02
5.179327726364135742e-01 3.956907391548156738e-01 -2.880255319178104401e-02
4.346365630626678467e-01 3.778299689292907715e-01 9.405499324202537537e-03
5.208107233047485352e-01 3.504105210304260254e-01 -2.029886282980442047e-02
5.225986242294311523e-01 3.276401162147521973e-01 -2.221984788775444031e-02
5.276593565940856934e-01 2.529298663139343262e-01 -9.544818662106990814e-03
5.038177371025085449e-01 5.492179989814758301e-01 -3.129286691546440125e-02
5.033674836158752441e-01 5.533587932586669922e-01 -2.758814767003059387e-02
5.030760765075683594e-01 5.556241869926452637e-01 -2.238241769373416901e-02
5.015689730644226074e-01 5.791625380516052246e-01 -2.025931142270565033e-02
5.012227892875671387e-01 5.852436423301696777e-01 -2.195450104773044586e-02
5.005571842193603516e-01 5.929594635963439941e-01 -2.432374656200408936e-02
4.998051524162292480e-01 6.010795235633850098e-01 -2.262101694941520691e-02
4.989256262779235840e-01 6.174767613410949707e-01 -1.191436406224966049e-02
5.112579464912414551e-01 4.996204376220703125e-01 -5.538228899240493774e-02
4.999550282955169678e-01 4.977488815784454346e-01 -4.046251997351646423e-02
3.930206596851348877e-01 3.090845942497253418e-01 6.084755435585975647e-02
4.645769000053405762e-01 3.987589478492736816e-01 -3.973217390011996031e-04
4.524888098239898682e-01 3.990349769592285156e-01 -3.095779102295637131e-04
4.415314197540283203e-01 3.959284722805023193e-01 2.189572434872388840e-03
4.289692938327789307e-01 3.825283646583557129e-01 1.073005329817533493e-02
4.756198525428771973e-01 3.947115540504455566e-01 1.899847295135259628e-03
4.551145136356353760e-01 3.405665457248687744e-01 -4.731860943138599396e-03
4.681800603866577148e-01 3.447664976119995117e-01 -3.648814512416720390e-03
4.424209594726562500e-01 3.423149883747100830e-01 -1.831161440350115299e-03
4.334738850593566895e-01 3.490682840347290039e-01 2.175831701606512070e-03
4.171102046966552734e-01 3.919354677200317383e-01 1.589237898588180542e-02
4.528649151325225830e-01 6.325075626373291016e-01 -3.889740328304469585e-04
4.313397705554962158e-01 3.713077902793884277e-01 1.289626117795705795e-02
3.818517327308654785e-01 3.801067471504211426e-01 6.442023068666458130e-02
4.053600430488586426e-01 3.761709630489349365e-01 2.674638852477073669e-02
4.527530968189239502e-01 4.675806760787963867e-01 -1.203335728496313095e-02
4.896371662616729736e-01 5.396174788475036621e-01 -3.238704055547714233e-02
4.901236891746520996e-01 5.509125590324401855e-01 -2.690154127776622772e-02
4.751152694225311279e-01 5.429596304893493652e-01 -2.665938995778560638e-02
4.652517437934875488e-01 5.476884245872497559e-01 -1.861656457185745239e-02
4.788040220737457275e-01 5.508999824523925781e-01 -2.311038598418235779e-02
4.699731469154357910e-01 5.526285171508789062e-01 -1.567249931395053864e-02
4.472314119338989258e-01 5.753853917121887207e-01 -9.947263170033693314e-04
5.028925538063049316e-01 4.889265596866607666e-01 -6.075029820203781128e-02
5.027627348899841309e-01 4.719832241535186768e-01 -6.433418393135070801e-02
4.197425842285156250e-01 3.288383483886718750e-01 5.026117432862520218e-03
4.794539809226989746e-01 4.283690154552459717e-01 -1.172533165663480759e-02
4.755196571350097656e-01 4.811687469482421875e-01 -3.465395048260688782e-02
4.749094843864440918e-01 4.720296561717987061e-01 -3.131488710641860962e-02
4.180050492286682129e-01 4.601097404956817627e-01 1.165372086688876152e-04
5.045982003211975098e-01 4.509713053703308105e-01 -5.764140933752059937e-02
4.496259689331054688e-01 3.113333582878112793e-01 -1.192807685583829880e-02
4.328137040138244629e-01 3.162651658058166504e-01 -4.303163848817348480e-03
4.085246324539184570e-01 2.815950512886047363e-01 3.982467204332351685e-02
4.984450042247772217e-01 3.362654149532318115e-01 -1.854284666478633881e-02
4.788302779197692871e-01 3.550469279289245605e-01 2.625255438033491373e-04
4.403265416622161865e-01 5.568314790725708008e-01 5.987324402667582035e-04
3.819669485092163086e-01 5.398141145706176758e-01 9.407152980566024780e-02
4.832044243812561035e-01 4.919964969158172607e-01 -2.968469634652137756e-02
4.916892647743225098e-01 4.982966184616088867e-01 -2.982426062226295471e-02
4.536053538322448730e-01 5.582860708236694336e-01 -3.441295848460868001e-05
4.567818343639373779e-01 5.586230158805847168e-01 -2.862313529476523399e-03
4.279725849628448486e-01 3.043780922889709473e-01 7.587693980894982815e-04
4.738871157169342041e-01 4.888857603073120117e-01 -2.839173004031181335e-02
4.708811938762664795e-01 3.161427378654479980e-01 -1.685748621821403503e-02
4.709271788597106934e-01 3.023285269737243652e-01 -1.918755471706390381e-02
4.604824185371398926e-01 2.505667805671691895e-01 1.019894116325303912e-04
4.165810942649841309e-01 2.976118922233581543e-01 1.751605607569217682e-02
4.651621580123901367e-01 2.807924747467041016e-01 -1.008680462837219238e-02
4.135420024394989014e-01 3.205716013908386230e-01 1.438241451978683472e-02
4.018405675888061523e-01 3.197541236877441406e-01 3.631108254194259644e-02
4.895592927932739258e-01 5.459923148155212402e-01 -3.094484098255634308e-02
4.768697619438171387e-01 5.474201440811157227e-01 -2.538968250155448914e-02
4.674869179725646973e-01 5.503951907157897949e-01 -1.805516146123409271e-02
4.853968918323516846e-01 4.956101477146148682e-01 -2.689205855131149292e-02
4.552171528339385986e-01 5.584758520126342773e-01 -1.479975529946386814e-03
4.598942399024963379e-01 5.661727190017700195e-01 -7.681025657802820206e-03
4.583019018173217773e-01 5.587859153747558594e-01 -3.080867929384112358e-03
4.898125529289245605e-01 4.867532551288604736e-01 -4.530784487724304199e-02
4.720474481582641602e-01 5.538257956504821777e-01 -1.371441129595041275e-02
4.805702865123748779e-01 5.527065396308898926e-01 -1.855359785258769989e-02
4.909778237342834473e-01 5.534188747406005859e-01 -2.203569561243057251e-02
4.828854799270629883e-01 6.141355037689208984e-01 -1.228537131100893021e-02
4.847628474235534668e-01 5.969266891479492188e-01 -2.285630255937576294e-02
4.862207174301147461e-01 5.888986587524414062e-01 -2.422147616744041443e-02
4.878979027271270752e-01 5.815467834472656250e-01 -2.161225304007530212e-02
4.895494580268859863e-01 5.761883854866027832e-01 -1.990282535552978516e-02
4.714122712612152100e-01 5.682917833328247070e-01 -1.197706814855337143e-02
4.688715636730194092e-01 5.702090263366699219e-01 -1.373216044157743454e-02
4.657463431358337402e-01 5.736235380172729492e-01 -1.551075372844934464e-02
4.631112515926361084e-01 5.778813958168029785e-01 -1.361275743693113327e-02
4.569208920001983643e-01 5.303927063941955566e-01 -1.547261606901884079e-02
3.735231757164001465e-01 4.528706669807434082e-01 1.099308356642723083e-01
5.104036927223205566e-01 5.034130215644836426e-01 -4.037454351782798767e-02
4.654596149921417236e-01 5.643740296363830566e-01 -6.589310243725776672e-03
4.627036452293395996e-01 5.649423599243164062e-01 -7.724404335021972656e-03
4.945785105228424072e-01 5.053943395614624023e-01 -3.041514754295349121e-02
4.764978587627410889e-01 4.994732141494750977e-01 -1.974866352975368500e-02
4.932140111923217773e-01 5.019142627716064453e-01 -3.033116646111011505e-02
4.663187265396118164e-01 4.363942444324493408e-01 -8.794621564447879791e-03
4.464897513389587402e-01 4.446548819541931152e-01 -6.650891155004501343e-03
4.719823896884918213e-01 4.794637560844421387e-01 -2.500610612332820892e-02
4.300974607467651367e-01 2.611958384513854980e-01 1.812675967812538147e-02
4.367603957653045654e-01 2.836756706237792969e-01 2.458289032801985741e-03
4.473168253898620605e-01 2.979363799095153809e-01 -1.019803062081336975e-02
4.559755325317382812e-01 5.897769927978515625e-01 -5.951970815658569336e-03
4.981949031352996826e-01 3.126530051231384277e-01 -2.283087186515331268e-02
4.936095178127288818e-01 2.848140597343444824e-01 -1.638573035597801208e-02
4.918886423110961914e-01 2.486270368099212646e-01 -9.230955503880977631e-03
4.329715371131896973e-01 3.905993700027465820e-01 6.534745451062917709e-03
4.024653136730194092e-01 4.021397531032562256e-01 2.140688151121139526e-02
4.831732809543609619e-01 3.904324173927307129e-01 3.911773674190044403e-03
4.211271107196807861e-01 3.553035259246826172e-01 1.109029538929462433e-02
4.886510670185089111e-01 4.183472990989685059e-01 -1.515019498765468597e-02
4.833594858646392822e-01 4.752556383609771729e-01 -4.536536335945129395e-02
3.906775712966918945e-01 4.134636819362640381e-01 3.293285146355628967e-02
4.090384840965270996e-01 4.157212972640991211e-01 1.132283452898263931e-02
4.234507679939270020e-01 4.246011674404144287e-01 1.706596463918685913e-03
4.461503326892852783e-01 4.251834154129028320e-01 -1.789027242921292782e-03
4.634894132614135742e-01 4.203901886940002441e-01 -3.217187011614441872e-03
4.770838916301727295e-01 4.139410853385925293e-01 -5.226034671068191528e-03
5.064429044723510742e-01 3.980450034141540527e-01 -2.528764680027961731e-02
3.904937505722045898e-01 4.493720531463623047e-01 2.948949858546257019e-02
4.119154214859008789e-01 3.507332801818847656e-01 1.603905111551284790e-02
5.055233240127563477e-01 4.981500506401062012e-01 -5.513828247785568237e-02
4.794672429561614990e-01 4.454861581325531006e-01 -1.679519191384315491e-02
3.761665821075439453e-01 3.775989711284637451e-01 1.014482453465461731e-01
4.878922104835510254e-01 4.061074256896972656e-01 -6.117529235780239105e-03
4.702342152595520020e-01 4.802743792533874512e-01 -1.374891586601734161e-02
4.262303411960601807e-01 3.706047534942626953e-01 1.472077611833810806e-02
4.831827580928802490e-01 4.643294811248779297e-01 -4.109269380569458008e-02
3.759549856185913086e-01 4.948157966136932373e-01 1.049844175577163696e-01
4.845787882804870605e-01 3.843436837196350098e-01 6.763877347111701965e-03
4.937732219696044922e-01 4.555459916591644287e-01 -5.154196172952651978e-02
4.059505164623260498e-01 5.856772661209106445e-01 3.703606128692626953e-02
4.035313725471496582e-01 6.047051548957824707e-01 5.685577914118766785e-02
3.776983618736267090e-01 4.514846205711364746e-01 6.956432759761810303e-02
3.935672044754028320e-01 5.602287054061889648e-01 4.957189410924911499e-02
3.914225399494171143e-01 3.475170731544494629e-01 5.358659848570823669e-02
4.489359259605407715e-01 6.486923098564147949e-01 5.788692273199558258e-03
5.059431195259094238e-01 5.021674633026123047e-01 -3.985747694969177246e-02
4.678260385990142822e-01 4.565918445587158203e-01 -1.329481322318315506e-02
3.943042159080505371e-01 3.778235018253326416e-01 3.743945062160491943e-02
4.444351494312286377e-01 3.870156109333038330e-01 3.346610814332962036e-03
4.539988636970520020e-01 3.902135491371154785e-01 1.200295635499060154e-03
4.573326110839843750e-01 5.679808259010314941e-01 -5.946285557001829147e-03
3.906403779983520508e-01 4.838145673274993896e-01 3.319396078586578369e-02
4.684684276580810547e-01 6.747039556503295898e-01 1.052337698638439178e-02
4.336872100830078125e-01 6.469653844833374023e-01 3.029734082520008087e-02
4.194095432758331299e-01 6.296080350875854492e-01 4.191113263368606567e-02
5.251861810684204102e-01 2.907073199748992920e-01 -1.680295728147029877e-02
4.934063851833343506e-01 6.809976100921630859e-01 9.005325846374034882e-03
4.641942977905273438e-01 3.899129033088684082e-01 1.502743456512689590e-03
4.743639230728149414e-01 3.874288201332092285e-01 3.718503285199403763e-03
4.811042845249176025e-01 3.858906924724578857e-01 6.442907731980085373e-03
4.034935235977172852e-01 3.460643291473388672e-01 2.707708626985549927e-02
4.748861193656921387e-01 3.698379993438720703e-01 1.986186951398849487e-03
4.648330509662628174e-01 3.632289171218872070e-01 -4.366191569715738297e-04
4.547198116779327393e-01 3.609954118728637695e-01 -6.318645901046693325e-04
4.445980191230773926e-01 3.623531460762023926e-01 1.418266328983008862e-03
4.380898475646972656e-01 3.657808303833007812e-01 4.566301126033067703e-03
3.828004598617553711e-01 3.394766449928283691e-01 8.359725028276443481e-02
4.384580254554748535e-01 3.824822008609771729e-01 6.525616627186536789e-03
5.080764889717102051e-01 5.218454003334045410e-01 -2.986717969179153442e-02
4.693203568458557129e-01 5.229480266571044922e-01 -2.106599695980548859e-02
4.837767481803894043e-01 4.889767765998840332e-01 -3.383630886673927307e-02
4.919398427009582520e-01 5.206872224807739258e-01 -2.994482032954692841e-02
5.190822482109069824e-01 3.735742568969726562e-01 -2.023943513631820679e-02
4.194668531417846680e-01 6.101511716842651367e-01 2.766940742731094360e-02
4.333724081516265869e-01 6.294314861297607422e-01 1.746948808431625366e-02
4.692532122135162354e-01 6.637383103370666504e-01 -3.845477476716041565e-03
3.917377293109893799e-01 5.768837928771972656e-01 7.616785168647766113e-02
4.817597568035125732e-01 3.786442577838897705e-01 4.817801062017679214e-03
4.970442056655883789e-01 4.240870773792266846e-01 -3.007713332772254944e-02
4.944484829902648926e-01 6.699482798576354980e-01 -5.069819279015064240e-03
4.495189189910888672e-01 6.626490354537963867e-01 1.807505823671817780e-02
3.793011307716369629e-01 4.897444248199462891e-01 6.788862496614456177e-02
4.795779883861541748e-01 5.723385214805603027e-01 -1.655653119087219238e-02
4.770541489124298096e-01 5.760021805763244629e-01 -1.845972985029220581e-02
4.745030105113983154e-01 5.817208886146545410e-01 -2.050905860960483551e-02
4.723975360393524170e-01 5.888045430183410645e-01 -1.902085728943347931e-02
4.674955606460571289e-01 6.034276485443115234e-01 -1.074643898755311966e-02
4.628041982650756836e-01 5.552885532379150391e-01 -8.839030750095844269e-03
4.602405726909637451e-01 5.540612339973449707e-01 -9.071148000657558441e-03
4.581840634346008301e-01 5.524771809577941895e-01 -9.310369379818439484e-03
4.468208551406860352e-01 5.419605970382690430e-01 -7.795969955623149872e-03
4.063588380813598633e-01 4.953445196151733398e-01 1.163807604461908340e-02
4.977709949016571045e-01 4.069345295429229736e-01 -1.933954283595085144e-02
4.944165647029876709e-01 3.707966208457946777e-01 -2.110530913341790438e-04
4.871193468570709229e-01 3.721538782119750977e-01 3.285456448793411255e-03
4.650257825851440430e-01 5.559336543083190918e-01 -7.737931329756975174e-03
4.015114009380340576e-01 5.363846421241760254e-01 2.870387211441993713e-02
5.048798322677612305e-01 3.713728189468383789e-01 -1.389389950782060623e-02
4.597855508327484131e-01 6.171203255653381348e-01 -4.706665873527526855e-03
5.162469744682312012e-01 4.318870902061462402e-01 -4.950146377086639404e-02
5.061086416244506836e-01 4.164284467697143555e-01 -3.689933195710182190e-02
5.170276761054992676e-01 4.145119786262512207e-01 -3.874815627932548523e-02
4.869611263275146484e-01 4.498962163925170898e-01 -3.078313544392585754e-02
4.959853589534759521e-01 6.535487174987792969e-01 -1.101340167224407196e-02
4.975706040859222412e-01 6.340943574905395508e-01 -1.106122136116027832e-02
4.778165221214294434e-01 6.297915577888488770e-01 -9.882133454084396362e-03
4.358634948730468750e-01 5.801764726638793945e-01 5.083122290670871735e-03
4.590559899806976318e-01 4.920906722545623779e-01 -1.145068369805812836e-02
4.460953176021575928e-01 6.007522940635681152e-01 6.299118977040052414e-04
4.330949485301971436e-01 4.846296608448028564e-01 -8.535821922123432159e-03
4.470281600952148438e-01 5.068446993827819824e-01 -1.000105589628219604e-02
4.212883114814758301e-01 5.104239583015441895e-01 3.262484096921980381e-05
4.724464714527130127e-01 6.479455828666687012e-01 -9.379467926919460297e-03
4.788748919963836670e-01 4.589408338069915771e-01 -2.322865463793277740e-02
4.249913096427917480e-01 5.916821360588073730e-01 1.510575786232948303e-02
4.383879303932189941e-01 6.129858493804931641e-01 8.860077708959579468e-03
4.290438294410705566e-01 5.569122433662414551e-01 5.070658866316080093e-03
3.918448686599731445e-01 5.134556889533996582e-01 3.758494928479194641e-02
4.144378602504730225e-01 5.576117038726806641e-01 1.523111388087272644e-02
3.835855722427368164e-01 5.259208679199218750e-01 6.331967562437057495e-02
4.362514317035675049e-01 5.269413590431213379e-01 -4.864391405135393143e-03
4.884795844554901123e-01 4.345372617244720459e-01 -2.293054386973381042e-02
4.866330325603485107e-01 4.833815693855285645e-01 -4.766296222805976868e-02
4.788933694362640381e-01 4.871444106101989746e-01 -3.557593002915382385e-02
4.924981296062469482e-01 4.726518690586090088e-01 -5.525949597358703613e-02
4.871499836444854736e-01 3.504401445388793945e-01 -4.299150779843330383e-03
4.694291651248931885e-01 3.345692157745361328e-01 -7.136878091841936111e-03
4.530783891677856445e-01 3.300132751464843750e-01 -7.390380837023258209e-03
4.387574195861816406e-01 3.326241970062255859e-01 -3.836750984191894531e-03
4.280197024345397949e-01 3.405234217643737793e-01 2.291199052706360817e-03
4.170750379562377930e-01 3.734280467033386230e-01 1.901119761168956757e-02
3.779665231704711914e-01 4.150552451610565186e-01 6.722572445869445801e-02
4.224528074264526367e-01 4.006111323833465576e-01 1.023820322006940842e-02
4.334334731101989746e-01 4.079102873802185059e-01 4.234388470649719238e-03
4.489277005195617676e-01 4.105375111103057861e-01 5.311165004968643188e-04
4.643485546112060547e-01 4.085435271263122559e-01 -7.895558374002575874e-04
4.769283831119537354e-01 4.038016200065612793e-01 2.306858914380427450e-05
4.858741760253906250e-01 3.990994691848754883e-01 -1.219669356942176819e-04
3.738738000392913818e-01 4.145338833332061768e-01 1.093580350279808044e-01
4.782349467277526855e-01 4.919601082801818848e-01 -2.991466596722602844e-02
4.963408410549163818e-01 4.394972324371337891e-01 -3.928474709391593933e-02
4.947283565998077393e-01 4.853926301002502441e-01 -5.586943030357360840e-02
4.997521638870239258e-01 4.947104156017303467e-01 -5.077713727951049805e-02
4.942873418331146240e-01 4.882380962371826172e-01 -5.036715045571327209e-02
4.805956482887268066e-01 4.975658059120178223e-01 -2.576070837676525116e-02
5.019498467445373535e-01 4.965752959251403809e-01 -5.367618426680564880e-02
5.023260712623596191e-01 5.006151199340820312e-01 -4.012275487184524536e-02
4.883841872215270996e-01 3.850368857383728027e-01 5.506991874426603317e-03
4.936057031154632568e-01 3.901655673980712891e-01 -7.794407429173588753e-04
4.968961179256439209e-01 3.935536742210388184e-01 -8.326681330800056458e-03
4.343477785587310791e-01 3.686394393444061279e-01 8.135845884680747986e-03
4.274819195270538330e-01 3.577922582626342773e-01 8.224354125559329987e-03
5.255401134490966797e-01 4.358060956001281738e-01 -4.478718712925910950e-02
5.954971313476562500e-01 3.986816108226776123e-01 2.096873708069324493e-02
5.209106802940368652e-01 5.007488131523132324e-01 -3.914171457290649414e-02
6.339403390884399414e-01 3.456796109676361084e-01 7.801955938339233398e-02
5.631558299064636230e-01 4.097149372100830078e-01 7.164009381085634232e-03
5.737812519073486328e-01 4.130423963069915771e-01 8.771369233727455139e-03
5.840259194374084473e-01 4.141101539134979248e-01 1.262030098587274551e-02
5.986261963844299316e-01 4.052720069885253906e-01 2.293736301362514496e-02
5.544198155403137207e-01 4.041289687156677246e-01 7.876751013100147247e-03
5.839030742645263672e-01 3.577374815940856934e-01 4.710209555923938751e-03
5.707607269287109375e-01 3.589712977409362793e-01 3.818298922851681709e-03
5.954603552818298340e-01 3.624169826507568359e-01 9.036863222718238831e-03
6.022132635116577148e-01 3.714314997196197510e-01 1.387682650238275528e-02
6.052299141883850098e-01 4.184828400611877441e-01 2.905713953077793121e-02
5.393319129943847656e-01 6.433689594268798828e-01 5.020329728722572327e-03
5.997977256774902344e-01 3.931005001068115234e-01 2.494664303958415985e-02
6.359300017356872559e-01 4.177575707435607910e-01 8.179124444723129272e-02
6.177095174789428711e-01 4.066214561462402344e-01 4.140521585941314697e-02
5.662064552307128906e-01 4.843097031116485596e-01 -4.026925656944513321e-03
5.188742280006408691e-01 5.434416532516479492e-01 -3.014403395354747772e-02
5.162065625190734863e-01 5.544887185096740723e-01 -2.478235587477684021e-02
5.320230126380920410e-01 5.502809882164001465e-01 -2.207672409713268280e-02
5.401800274848937988e-01 5.575088262557983398e-01 -1.245525199919939041e-02
5.268282890319824219e-01 5.573316216468811035e-01 -1.910029537975788116e-02
5.346592664718627930e-01 5.613144040107727051e-01 -1.037221122533082962e-02
5.521438121795654297e-01 5.900337100028991699e-01 6.513282656669616699e-03
5.217614173889160156e-01 4.916972815990447998e-01 -5.966487899422645569e-02
5.248874425888061523e-01 4.752124845981597900e-01 -6.304527074098587036e-02
6.166361570358276367e-01 3.573935031890869141e-01 1.884284429252147675e-02
5.467839837074279785e-01 4.383606910705566406e-01 -6.449548993259668350e-03
5.460579991340637207e-01 4.913873970508575439e-01 -2.965152077376842499e-02
5.475279688835144043e-01 4.824209511280059814e-01 -2.617967501282691956e-02
5.982631444931030273e-01 4.868342280387878418e-01 1.287399698048830032e-02
5.254765152931213379e-01 4.539816677570343018e-01 -5.597355589270591736e-02
5.949151515960693359e-01 3.338933587074279785e-01 -2.086218213662505150e-03
6.085203289985656738e-01 3.421035706996917725e-01 7.814855314791202545e-03
6.266247630119323730e-01 3.151718676090240479e-01 5.512374639511108398e-02
5.460608005523681641e-01 3.469129502773284912e-01 -1.516224723309278488e-02
5.589948296546936035e-01 3.667365312576293945e-01 6.362786516547203064e-03
5.616126060485839844e-01 5.742018222808837891e-01 9.674036875367164612e-03
6.116245388984680176e-01 5.730523467063903809e-01 1.106546595692634583e-01
5.364068746566772461e-01 4.997328221797943115e-01 -2.614467404782772064e-02
5.275003314018249512e-01 5.033481717109680176e-01 -2.801146358251571655e-02
5.489355921745300293e-01 5.716848969459533691e-01 7.886397652328014374e-03
5.458472371101379395e-01 5.710854530334472656e-01 4.252290818840265274e-03
6.143708229064941406e-01 3.327909708023071289e-01 1.351217087358236313e-02
5.454087853431701660e-01 4.991169273853302002e-01 -2.347261458635330200e-02
5.751646757125854492e-01 3.342449963092803955e-01 -1.013948023319244385e-02
5.779836177825927734e-01 3.217854499816894531e-01 -1.231707632541656494e-02
5.892392396926879883e-01 2.710235714912414551e-01 8.892986923456192017e-03
6.200379729270935059e-01 3.283708095550537109e-01 3.134280443191528320e-02
5.819464325904846191e-01 2.990051507949829102e-01 -2.355842152610421181e-03
6.227428317070007324e-01 3.521470427513122559e-01 2.898398786783218384e-02
6.280896663665771484e-01 3.536706566810607910e-01 5.196634680032730103e-02
5.177801847457885742e-01 5.498124361038208008e-01 -2.866636402904987335e-02
5.294026136398315430e-01 5.543628334999084473e-01 -2.107466384768486023e-02
5.375793576240539551e-01 5.596555471420288086e-01 -1.237417850643396378e-02
5.334160923957824707e-01 5.024959444999694824e-01 -2.390774898231029510e-02
5.473517179489135742e-01 5.714140534400939941e-01 5.897373892366886139e-03
5.421602129936218262e-01 5.781393647193908691e-01 -1.305599929764866829e-03
5.442503690719604492e-01 5.707861185073852539e-01 3.849288914352655411e-03
5.324909090995788574e-01 4.931395053863525391e-01 -4.189751669764518738e-02
5.322479605674743652e-01 5.619069337844848633e-01 -8.667387068271636963e-03
5.245910882949829102e-01 5.586017370223999023e-01 -1.473142672330141068e-02
5.148172378540039062e-01 5.566803812980651855e-01 -1.984181255102157593e-02
5.145629644393920898e-01 6.184294223785400391e-01 -1.028069294989109039e-02
5.145370960235595703e-01 6.015869975090026855e-01 -2.056922391057014465e-02
5.146071314811706543e-01 5.932218432426452637e-01 -2.181292138993740082e-02
5.141662955284118652e-01 5.854728817939758301e-01 -1.923098042607307434e-02
5.132124423980712891e-01 5.797591209411621094e-01 -1.761954091489315033e-02
5.309353470802307129e-01 5.770448446273803711e-01 -6.904875859618186951e-03
5.332575440406799316e-01 5.797702074050903320e-01 -8.627304807305335999e-03
5.358175635337829590e-01 5.841864347457885742e-01 -1.018150057643651962e-02
5.377370715141296387e-01 5.892638564109802246e-01 -8.017491549253463745e-03
5.523774027824401855e-01 5.440778732299804688e-01 -8.506554178893566132e-03
6.289670467376708984e-01 4.907803237438201904e-01 1.280581206083297729e-01
5.368441343307495117e-01 5.746861100196838379e-01 -4.123697872273623943e-04
5.395755767822265625e-01 5.760768651962280273e-01 -1.576045528054237366e-03
5.238773226737976074e-01 5.094351172447204590e-01 -2.858875691890716553e-02
5.404116511344909668e-01 5.085079669952392578e-01 -1.579325832426548004e-02
5.256109237670898438e-01 5.064896345138549805e-01 -2.857773005962371826e-02
5.574740767478942871e-01 4.498998522758483887e-01 -1.835245988331735134e-03
5.747240185737609863e-01 4.637411534786224365e-01 2.555382903665304184e-03
5.484589934349060059e-01 4.903782606124877930e-01 -1.966711319983005524e-02
6.130195260047912598e-01 2.897915244102478027e-01 3.061848692595958710e-02
6.057251691818237305e-01 3.096160590648651123e-01 1.366329193115234375e-02
5.994404554367065430e-01 3.223105967044830322e-01 5.728198084398172796e-05
5.424321889877319336e-01 6.015244722366333008e-01 3.152432909701019526e-04
5.515076518058776855e-01 3.258550763130187988e-01 -1.933882385492324829e-02
5.557236671447753906e-01 2.945926189422607422e-01 -1.232380513101816177e-02
5.617475509643554688e-01 2.598839402198791504e-01 -4.744528792798519135e-03
5.930813550949096680e-01 4.119247198104858398e-01 1.806633174419403076e-02
6.150358319282531738e-01 4.324825108051300049e-01 3.590685129165649414e-02
5.486235618591308594e-01 3.989678025245666504e-01 9.212094359099864960e-03
6.105763316154479980e-01 3.815186917781829834e-01 2.436963096261024475e-02
5.401677489280700684e-01 4.260190725326538086e-01 -1.097126770764589310e-02
5.406120419502258301e-01 4.837662875652313232e-01 -4.131397604942321777e-02
6.268917918205261230e-01 4.485480487346649170e-01 4.917281493544578552e-02
6.068955063819885254e-01 4.439670443534851074e-01 2.513911016285419464e-02
5.926611423492431641e-01 4.485996663570404053e-01 1.366749592125415802e-02
5.725339651107788086e-01 4.422292113304138184e-01 7.464599329978227615e-03
5.582818984985351562e-01 4.325314760208129883e-01 3.937948960810899734e-03
5.478350520133972168e-01 4.230527281761169434e-01 1.712716766633093357e-04
5.280958414077758789e-01 4.013524949550628662e-01 -2.357947081327438354e-02
6.227993965148925781e-01 4.837171733379364014e-01 4.580389335751533508e-02
6.181169748306274414e-01 3.806037902832031250e-01 3.048481419682502747e-02
5.168850421905517578e-01 4.997705221176147461e-01 -5.425027757883071899e-02
5.450696945190429688e-01 4.551017880439758301e-01 -1.163132116198539734e-02
6.367092132568359375e-01 4.165003001689910889e-01 1.202994957566261292e-01
5.401613712310791016e-01 4.129914641380310059e-01 -1.923437463119626045e-03
5.489178895950317383e-01 4.914788007736206055e-01 -8.265225216746330261e-03
6.037994623184204102e-01 3.941742777824401855e-01 2.740075998008251190e-02
5.417844653129577637e-01 4.728532135486602783e-01 -3.694881498813629150e-02
6.221350431442260742e-01 5.309062600135803223e-01 1.223408207297325134e-01
5.492190718650817871e-01 3.929033279418945312e-01 1.223062537610530853e-02
5.341620445251464844e-01 4.614429175853729248e-01 -4.857698082923889160e-02
5.877469182014465332e-01 6.104682683944702148e-01 4.908107593655586243e-02
5.854299068450927734e-01 6.289620995521545410e-01 6.947269290685653687e-02
6.309354305267333984e-01 4.886077344417572021e-01 8.699314296245574951e-02
6.022374629974365234e-01 5.896726250648498535e-01 6.372577697038650513e-02
6.323373317718505859e-01 3.834291696548461914e-01 7.025245577096939087e-02
5.402542948722839355e-01 6.596814393997192383e-01 1.161195058375597000e-02
5.148537755012512207e-01 5.034352540969848633e-01 -3.931632637977600098e-02
5.538488626480102539e-01 4.692026674747467041e-01 -6.995784584432840347e-03
6.256751418113708496e-01 4.115103185176849365e-01 5.338881909847259521e-02
5.845004916191101074e-01 4.040186405181884766e-01 1.357430219650268555e-02
5.752634406089782715e-01 4.038068950176239014e-01 1.023094076663255692e-02
5.444143414497375488e-01 5.806889533996582031e-01 7.491076248697936535e-04
6.175656318664550781e-01 5.171337127685546875e-01 4.915118962526321411e-02
5.180424451828002930e-01 6.801735162734985352e-01 1.390369329601526260e-02
5.532297492027282715e-01 6.610286235809326172e-01 3.850179538130760193e-02
5.683565139770507812e-01 6.481263041496276855e-01 5.220837146043777466e-02
5.662063360214233398e-01 4.011011719703674316e-01 9.164165705442428589e-03
5.577386021614074707e-01 3.971652388572692871e-01 1.023239176720380783e-02
5.520014762878417969e-01 3.949598073959350586e-01 1.226698979735374451e-02
6.250576972961425781e-01 3.790315389633178711e-01 4.258510470390319824e-02
5.607324838638305664e-01 3.816353678703308105e-01 8.698368445038795471e-03
5.708109736442565918e-01 3.768078684806823730e-01 7.448360323905944824e-03
5.806041359901428223e-01 3.763690888881683350e-01 8.548621088266372681e-03
5.898214578628540039e-01 3.800389766693115234e-01 1.182141434401273727e-02
5.950279235839843750e-01 3.853776156902313232e-01 1.575869694352149963e-02
6.371595263481140137e-01 3.775906562805175781e-01 1.018880307674407959e-01
5.909359455108642578e-01 4.019164741039276123e-01 1.756015233695507050e-02
5.431659817695617676e-01 5.334202051162719727e-01 -1.570908352732658386e-02
5.368122458457946777e-01 4.968521296977996826e-01 -3.029003180563449860e-02
5.235834121704101562e-01 5.252000689506530762e-01 -2.771701291203498840e-02
5.720151662826538086e-01 6.300692558288574219e-01 3.747612610459327698e-02
5.568315982818603516e-01 6.448599100112915039e-01 2.522011287510395050e-02
5.194854736328125000e-01 6.697691679000854492e-01 -7.136091007851064205e-04
5.989798903465270996e-01 6.059768199920654297e-01 9.101583808660507202e-02
5.529472231864929199e-01 3.884661793708801270e-01 1.080750301480293274e-02
5.334866642951965332e-01 4.295043647289276123e-01 -2.724554948508739471e-02
5.370950698852539062e-01 6.723943352699279785e-01 2.411804907023906708e-02
6.242988705635070801e-01 5.254712700843811035e-01 8.479114621877670288e-02
5.229641199111938477e-01 5.787779092788696289e-01 -1.260658167302608490e-02
5.249624252319335938e-01 5.832070112228393555e-01 -1.437050290405750275e-02
5.265852808952331543e-01 5.896926522254943848e-01 -1.621616259217262268e-02
5.275149941444396973e-01 5.974536538124084473e-01 -1.463553030043840408e-02
5.301793217658996582e-01 6.117072105407714844e-01 -6.076534278690814972e-03
5.408602952957153320e-01 5.658834576606750488e-01 -2.539939014241099358e-03
5.435312390327453613e-01 5.653564333915710449e-01 -2.192521234974265099e-03
5.459014773368835449e-01 5.643354058265686035e-01 -2.080310136079788208e-03
5.588411688804626465e-01 5.580583214759826660e-01 7.485389360226690769e-04
6.029158234596252441e-01 5.241975188255310059e-01 2.526591904461383820e-02
5.340321660041809082e-01 4.124738872051239014e-01 -1.646807976067066193e-02
5.422150492668151855e-01 3.784703910350799561e-01 3.423591377213597298e-03
5.485296249389648438e-01 3.810905218124389648e-01 8.526048623025417328e-03
5.384628772735595703e-01 5.659212470054626465e-01 -1.494746422395110130e-03
6.000015735626220703e-01 5.649164915084838867e-01 4.227616265416145325e-02
5.324074625968933105e-01 3.766421079635620117e-01 -1.159748900681734085e-02
5.351694822311401367e-01 6.267789602279663086e-01 1.841460180003196001e-04
5.269597768783569336e-01 4.194875359535217285e-01 -3.540111333131790161e-02
5.390700697898864746e-01 4.576181173324584961e-01 -2.698737569153308868e-02
5.169593691825866699e-01 6.347626447677612305e-01 -7.619207259267568588e-03
5.620893239974975586e-01 5.976030230522155762e-01 1.364193204790353775e-02
5.567399859428405762e-01 5.060961842536926270e-01 -4.733724053949117661e-03
5.497908592224121094e-01 6.144794225692749023e-01 7.365145254880189896e-03
5.814425945281982422e-01 5.065074563026428223e-01 1.615496585145592690e-03
5.651069879531860352e-01 5.239959955215454102e-01 -1.732545671984553337e-03
5.875096321105957031e-01 5.346776843070983887e-01 1.150869857519865036e-02
5.192669630050659180e-01 6.538482904434204102e-01 -6.480344571173191071e-03
5.444566011428833008e-01 4.683967530727386475e-01 -1.847143098711967468e-02
5.703181028366088867e-01 6.112096309661865234e-01 2.455777116119861603e-02
5.551537275314331055e-01 6.281343102455139160e-01 1.617310754954814911e-02
5.722494125366210938e-01 5.773622989654541016e-01 1.534246373921632767e-02
6.117264032363891602e-01 5.454152822494506836e-01 5.279572308063507080e-02
5.853931903839111328e-01 5.816860198974609375e-01 2.680450305342674255e-02
6.155742406845092773e-01 5.594447851181030273e-01 7.957897335290908813e-02
5.710467100143432617e-01 5.465394854545593262e-01 4.772808868438005447e-03
5.389901399612426758e-01 4.420831203460693359e-01 -1.884131319820880890e-02
5.363106727600097656e-01 4.907934069633483887e-01 -4.399605840444564819e-02
5.418997406959533691e-01 4.963894784450531006e-01 -3.135365247726440430e-02
5.334910750389099121e-01 4.787352979183197021e-01 -5.253224074840545654e-02
5.528687834739685059e-01 3.613975048065185547e-01 6.288232398219406605e-04
5.721583366394042969e-01 3.500850200653076172e-01 -5.464368223329074681e-05
5.883095264434814453e-01 3.492687940597534180e-01 1.933367107994854450e-03
6.006168127059936523e-01 3.551622331142425537e-01 7.424118462949991226e-03
6.082211732864379883e-01 3.655375242233276367e-01 1.488452684134244919e-02
6.095410585403442383e-01 4.001073241233825684e-01 3.246117383241653442e-02
6.350305676460266113e-01 4.529765844345092773e-01 8.512652665376663208e-02
5.991055369377136230e-01 4.252453446388244629e-01 2.275830134749412537e-02
5.876744389533996582e-01 4.291109442710876465e-01 1.519724912941455841e-02
5.735763907432556152e-01 4.264216721057891846e-01 9.652439504861831665e-03
5.605100989341735840e-01 4.200882613658905029e-01 6.513005588203668594e-03
5.505768060684204102e-01 4.129395484924316406e-01 5.565701052546501160e-03
5.437260866165161133e-01 4.065257608890533447e-01 4.407547414302825928e-03
6.331799626350402832e-01 4.532083570957183838e-01 1.282136291265487671e-01
5.409972071647644043e-01 5.009776353836059570e-01 -2.574386633932590485e-02
5.329704284667968750e-01 4.449191689491271973e-01 -3.634628280997276306e-02
5.292677879333496094e-01 4.904676973819732666e-01 -5.356502532958984375e-02
5.222238302230834961e-01 4.979822039604187012e-01 -4.943033680319786072e-02
5.284368395805358887e-01 4.933553338050842285e-01 -4.798207432031631470e-02
5.373870730400085449e-01 5.055444240570068359e-01 -2.221750468015670776e-02
5.202931761741638184e-01 4.991947412490844727e-01 -5.257029086351394653e-02
5.183254480361938477e-01 5.028406381607055664e-01 -3.921361640095710754e-02
5.451261401176452637e-01 3.928476274013519287e-01 1.014440599828958511e-02
5.387997031211853027e-01 3.964323997497558594e-01 2.837808337062597275e-03
5.348601341247558594e-01 3.990186750888824463e-01 -5.382269620895385742e-03
5.977725982666015625e-01 3.894954323768615723e-01 1.977513730525970459e-02
6.055084466934204102e-01 3.815582990646362305e-01 2.059795148670673370e-02
4.545098841190338135e-01 3.744904994964599609e-01 4.478639457374811172e-03
4.660889804363250732e-01 3.759350776672363281e-01 4.478639457374811172e-03
4.560005664825439453e-01 3.595049977302551270e-01 4.478639457374811172e-03
4.427456259727478027e-01 3.730115890502929688e-01 4.478639457374811172e-03
4.529437422752380371e-01 3.892712295055389404e-01 4.478639457374811172e-03
5.780426263809204102e-01 3.900198638439178467e-01 1.337706483900547028e-02
5.891753435134887695e-01 3.917045593261718750e-01 1.337706483900547028e-02
5.792114138603210449e-01 3.747714757919311523e-01 1.337706483900547028e-02
5.668898224830627441e-01 3.882621228694915771e-01 1.337706483900547028e-02
5.769211053848266602e-01 4.053170084953308105e-01 1.337706483900547028e-02
