5.001567602157592773e-01 4.954857826232910156e-01 -4.346644505858421326e-02
5.041174888610839844e-01 4.359774887561798096e-01 -6.207593902945518494e-02
5.024521946907043457e-01 4.581900238990783691e-01 -3.764352947473526001e-02
4.979927539825439453e-01 3.869569897651672363e-01 -3.956798464059829712e-02
5.052639842033386230e-01 4.192074537277221680e-01 -6.372594833374023438e-02
5.065817832946777344e-01 4.000523984432220459e-01 -5.628133937716484070e-02
5.096673965454101562e-01 3.559279739856719971e-01 -1.705705747008323669e-02
4.307293593883514404e-01 3.492867946624755859e-01 2.536725811660289764e-02
5.122455954551696777e-01 3.154432177543640137e-01 -3.040434792637825012e-03
5.136154890060424805e-01 2.935088872909545898e-01 -1.079833949916064739e-03
5.173000097274780273e-01 2.278635799884796143e-01 2.408573031425476074e-02
4.999400675296783447e-01 4.993060827255249023e-01 -4.316025227308273315e-02
4.997242093086242676e-01 5.036562085151672363e-01 -4.038522019982337952e-02
4.996583461761474609e-01 5.064905285835266113e-01 -3.642644733190536499e-02
4.974013268947601318e-01 5.569550991058349609e-01 -3.176171705126762390e-02
4.972519874572753906e-01 5.614701509475708008e-01 -3.472829237580299377e-02
4.968942105770111084e-01 5.671643614768981934e-01 -3.777188435196876526e-02
4.964440762996673584e-01 5.733057260513305664e-01 -3.650184720754623413e-02
4.940910935401916504e-01 5.821313858032226562e-01 -2.761047333478927612e-02
5.033789873123168945e-01 4.462970197200775146e-01 -5.752774700522422791e-02
4.934950470924377441e-01 4.475177526473999023e-01 -4.309027642011642456e-02
3.893645405769348145e-01 3.019803762435913086e-01 8.881451189517974854e-02
4.596708714962005615e-01 3.655388355255126953e-01 1.258764136582612991e-02
4.483519792556762695e-01 3.666018545627593994e-01 1.310415565967559814e-02
4.377945065498352051e-01 3.651046156883239746e-01 1.616883464157581329e-02
4.246980547904968262e-01 3.552505373954772949e-01 2.591098658740520477e-02
4.698987603187561035e-01 3.612083792686462402e-01 1.452866755425930023e-02
4.488056600093841553e-01 3.117241263389587402e-01 1.327669620513916016e-02
4.613297581672668457e-01 3.146750032901763916e-01 1.400126237422227859e-02
4.365358948707580566e-01 3.145055770874023438e-01 1.632179319858551025e-02
4.279752373695373535e-01 3.220933377742767334e-01 2.020228840410709381e-02
4.131840467453002930e-01 3.664868772029876709e-01 2.979450486600399017e-02
4.490429162979125977e-01 5.989671945571899414e-01 -1.946870982646942139e-02
4.270185530185699463e-01 3.444298505783081055e-01 2.949709817767143250e-02
3.780564367771148682e-01 3.692629635334014893e-01 8.084832131862640381e-02
4.006406664848327637e-01 3.545137941837310791e-01 4.297359287738800049e-02
4.472612142562866211e-01 4.307469725608825684e-01 -9.650705382227897644e-03
4.847604632377624512e-01 4.920665919780731201e-01 -4.163223505020141602e-02
4.861550927162170410e-01 5.029707551002502441e-01 -3.875290974974632263e-02
4.695736169815063477e-01 4.987564384937286377e-01 -3.559335693717002869e-02
4.599106311798095703e-01 5.074406266212463379e-01 -2.736495807766914368e-02
4.748253822326660156e-01 5.062615275382995605e-01 -3.404841199517250061e-02
4.663220047950744629e-01 5.118964910507202148e-01 -2.620486170053482056e-02
4.433935582637786865e-01 5.416396856307983398e-01 -1.297532860189676285e-02
4.948832690715789795e-01 4.351299107074737549e-01 -6.109607964754104614e-02
4.944102168083190918e-01 4.191254973411560059e-01 -6.243498250842094421e-02
4.131055474281311035e-01 3.045223653316497803e-01 2.730254083871841431e-02
4.730581641197204590e-01 3.926733434200286865e-01 -4.066965542733669281e-03
4.690840244293212891e-01 4.355045557022094727e-01 -3.397507593035697937e-02
4.684650897979736328e-01 4.281524419784545898e-01 -2.963220514357089996e-02
4.128848314285278320e-01 4.292185008525848389e-01 4.179648589342832565e-03
4.962195158004760742e-01 4.013777077198028564e-01 -5.304463207721710205e-02
4.418514966964721680e-01 2.818080186843872070e-01 1.089464593678712845e-02
4.256286621093750000e-01 2.895343899726867676e-01 1.877861656248569489e-02
4.037876725196838379e-01 2.711325287818908691e-01 7.191347330808639526e-02
4.900012016296386719e-01 2.998888492584228516e-01 2.621941675897687674e-04
4.717625975608825684e-01 3.235331177711486816e-01 1.674732193350791931e-02
4.370015859603881836e-01 5.224528908729553223e-01 -9.232158772647380829e-03
3.807902634143829346e-01 5.293384194374084473e-01 8.251287043094635010e-02
4.772253036499023438e-01 4.453372657299041748e-01 -3.081689588725566864e-02
4.858165681362152100e-01 4.509167075157165527e-01 -3.309223055839538574e-02
4.505776166915893555e-01 5.290731787681579590e-01 -1.026530005037784576e-02
4.541269540786743164e-01 5.293397307395935059e-01 -1.317573431879281998e-02
4.200467765331268311e-01 2.800170779228210449e-01 2.621280774474143982e-02
4.680764675140380859e-01 4.444785118103027344e-01 -2.905110456049442291e-02
4.625383019447326660e-01 2.834213078022003174e-01 4.656618461012840271e-03
4.617616236209869385e-01 2.708233594894409180e-01 4.828584380447864532e-03
4.523144662380218506e-01 2.315673828125000000e-01 3.550134971737861633e-02
4.114876985549926758e-01 2.814853489398956299e-01 4.677137359976768494e-02
4.573502540588378906e-01 2.563684582710266113e-01 2.056866139173507690e-02
4.062374234199523926e-01 2.993626296520233154e-01 3.846739977598190308e-02
3.975467681884765625e-01 3.067657351493835449e-01 6.307976692914962769e-02
4.850276112556457520e-01 4.977079033851623535e-01 -4.145863279700279236e-02
4.720184206962585449e-01 5.026927590370178223e-01 -3.543266654014587402e-02
4.628815054893493652e-01 5.096629858016967773e-01 -2.779987454414367676e-02
4.796611070632934570e-01 4.491291046142578125e-01 -2.889630943536758423e-02
4.523675739765167236e-01 5.293090939521789551e-01 -1.178796030580997467e-02
4.555020034313201904e-01 5.391362309455871582e-01 -1.834890991449356079e-02
4.556769430637359619e-01 5.292484760284423828e-01 -1.341994944959878922e-02
4.829407632350921631e-01 4.372246563434600830e-01 -4.494727030396461487e-02
4.689291715621948242e-01 5.125344991683959961e-01 -2.505679614841938019e-02
4.771799743175506592e-01 5.078921914100646973e-01 -3.062876127660274506e-02
4.874820709228515625e-01 5.058054327964782715e-01 -3.501475229859352112e-02
4.778442084789276123e-01 5.791395306587219238e-01 -2.730934508144855499e-02
4.793247580528259277e-01 5.690534114837646484e-01 -3.564612194895744324e-02
4.806519746780395508e-01 5.632559061050415039e-01 -3.625107556581497192e-02
4.823663532733917236e-01 5.579148530960083008e-01 -3.299594670534133911e-02
4.843231737613677979e-01 5.539574623107910156e-01 -3.025064431130886078e-02
4.668772816658020020e-01 5.447309017181396484e-01 -2.146840281784534454e-02
4.639567136764526367e-01 5.456836223602294922e-01 -2.384987846016883850e-02
4.603833258152008057e-01 5.474122166633605957e-01 -2.621048688888549805e-02
4.575162231922149658e-01 5.497972369194030762e-01 -2.482293918728828430e-02
4.518547058105468750e-01 4.894718825817108154e-01 -2.177034318447113037e-02
3.712076544761657715e-01 4.471549093723297119e-01 1.122025698423385620e-01
5.029270052909851074e-01 4.519172608852386475e-01 -4.430335760116577148e-02
4.614053666591644287e-01 5.389813184738159180e-01 -1.630889996886253357e-02
4.583600163459777832e-01 5.389085412025451660e-01 -1.801362633705139160e-02
4.882752597332000732e-01 4.576284587383270264e-01 -3.496431559324264526e-02
4.710103571414947510e-01 4.555673003196716309e-01 -2.254784852266311646e-02
4.871496558189392090e-01 4.543466567993164062e-01 -3.415947034955024719e-02
4.600180387496948242e-01 4.016908109188079834e-01 -2.344480482861399651e-03
4.406057894229888916e-01 4.109136760234832764e-01 -9.537726291455328465e-04
4.660374522209167480e-01 4.366937577724456787e-01 -2.448366582393646240e-02
4.237602949142456055e-01 2.466952055692672729e-01 5.245621502399444580e-02
4.305081665515899658e-01 2.639521360397338867e-01 3.289231285452842712e-02
4.387255907058715820e-01 2.703985869884490967e-01 1.541806291788816452e-02
4.513810575008392334e-01 5.556881427764892578e-01 -1.893279328942298889e-02
4.885255396366119385e-01 2.776391208171844482e-01 -4.006550298072397709e-04
4.846066832542419434e-01 2.570585310459136963e-01 1.336485333740711212e-02
4.823010563850402832e-01 2.263802886009216309e-01 2.561123296618461609e-02
4.292227923870086670e-01 3.614559471607208252e-01 2.109391614794731140e-02
3.992797434329986572e-01 3.784751892089843750e-01 3.420185670256614685e-02
4.769921898841857910e-01 3.564044833183288574e-01 1.681278459727764130e-02
4.154824018478393555e-01 3.305369019508361816e-01 2.981155365705490112e-02
4.820971488952636719e-01 3.818912506103515625e-01 -6.461961660534143448e-03
4.763229489326477051e-01 4.272208511829376221e-01 -4.371897131204605103e-02
3.860264718532562256e-01 3.942701816558837891e-01 4.409025982022285461e-02
4.066551625728607178e-01 3.891267478466033936e-01 2.209776453673839569e-02
4.214636385440826416e-01 3.949025869369506836e-01 1.109929289668798447e-02
4.437225461006164551e-01 3.926063179969787598e-01 6.788730621337890625e-03
4.601754248142242432e-01 3.861761689186096191e-01 5.537431687116622925e-03
4.731785058975219727e-01 3.785271346569061279e-01 4.139380995184183121e-03
4.987461864948272705e-01 3.593698441982269287e-01 -1.348492968827486038e-02
3.856928944587707520e-01 4.272893369197845459e-01 3.531458228826522827e-02
4.060024023056030273e-01 3.284628391265869141e-01 3.599963337182998657e-02
4.980245232582092285e-01 4.453553557395935059e-01 -5.690070614218711853e-02
4.729428291320800781e-01 4.068047702312469482e-01 -1.177035924047231674e-02
3.733399510383605957e-01 3.740772008895874023e-01 1.170002371072769165e-01
4.833226203918457031e-01 3.694466352462768555e-01 4.248155280947685242e-03
4.646393358707427979e-01 4.393615126609802246e-01 -1.363650988787412643e-02
4.213098883628845215e-01 3.445185422897338867e-01 3.133067116141319275e-02
4.762117564678192139e-01 4.185046851634979248e-01 -3.819449245929718018e-02
3.738907575607299805e-01 4.868762195110321045e-01 1.004234552383422852e-01
4.781985282897949219e-01 3.507177531719207764e-01 2.078342996537685394e-02
4.861827790737152100e-01 4.078517556190490723e-01 -4.749406501650810242e-02
4.036583900451660156e-01 5.615944862365722656e-01 2.206826023757457733e-02
4.019362926483154297e-01 5.855212211608886719e-01 3.762217611074447632e-02
3.733831644058227539e-01 4.374382793903350830e-01 7.408706843852996826e-02
3.914506733417510986e-01 5.399551391601562500e-01 3.739296644926071167e-02
3.874727487564086914e-01 3.360874652862548828e-01 7.572703063488006592e-02
4.449682831764221191e-01 6.170866489410400391e-01 -1.645063236355781555e-02
4.987944364547729492e-01 4.510372877120971680e-01 -4.354669898748397827e-02
4.618443250656127930e-01 4.189265370368957520e-01 -9.772084653377532959e-03
3.898138105869293213e-01 3.589229583740234375e-01 5.385640636086463928e-02
4.405259191989898682e-01 3.554567694664001465e-01 1.829529553651809692e-02
4.495710432529449463e-01 3.575688004493713379e-01 1.564766839146614075e-02
4.528537690639495850e-01 5.397422313690185547e-01 -1.701397076249122620e-02
3.863350450992584229e-01 4.611368179321289062e-01 3.298689424991607666e-02
4.643614292144775391e-01 6.444485783576965332e-01 -1.604372821748256683e-02
4.302202761173248291e-01 6.207435727119445801e-01 7.491343189030885696e-03
4.167356193065643311e-01 6.061771512031555176e-01 2.077467739582061768e-02
5.153842568397521973e-01 2.605834007263183594e-01 1.132890675216913223e-02
4.900828599929809570e-01 6.501588225364685059e-01 -1.902050711214542389e-02
4.589498043060302734e-01 3.570023775100708008e-01 1.555528864264488220e-02
4.682078659534454346e-01 3.545038104057312012e-01 1.756150275468826294e-02
4.746356606483459473e-01 3.526137173175811768e-01 2.039167284965515137e-02
3.972178399562835693e-01 3.271059989929199219e-01 4.794318601489067078e-02
4.688119888305664062e-01 3.394424617290496826e-01 1.769485510885715485e-02
4.592322707176208496e-01 3.347671926021575928e-01 1.594759523868560791e-02
4.497322440147399902e-01 3.335600495338439941e-01 1.629821024835109711e-02
4.401370882987976074e-01 3.354508280754089355e-01 1.856498047709465027e-02
4.338203668594360352e-01 3.389641046524047852e-01 2.159990370273590088e-02
3.796179592609405518e-01 3.345534503459930420e-01 1.059981286525726318e-01
4.347107410430908203e-01 3.524554967880249023e-01 2.198779582977294922e-02
5.013734102249145508e-01 4.717773795127868652e-01 -3.677976131439208984e-02
4.634235203266143799e-01 4.789162576198577881e-01 -2.672362327575683594e-02
4.773612618446350098e-01 4.415503740310668945e-01 -3.406693413853645325e-02
4.855550229549407959e-01 4.719358086585998535e-01 -3.601151704788208008e-02
5.108675956726074219e-01 3.377130627632141113e-01 -5.736374761909246445e-03
4.165515303611755371e-01 5.832440853118896484e-01 9.620810858905315399e-03
4.299552142620086670e-01 6.001185178756713867e-01 -2.928760135546326637e-03
4.652696251869201660e-01 6.302720308303833008e-01 -2.798280119895935059e-02
3.907745182514190674e-01 5.625579953193664551e-01 5.988750606775283813e-02
4.754324853420257568e-01 3.461635410785675049e-01 1.967727206647396088e-02
4.897404313087463379e-01 3.828780055046081543e-01 -2.180540561676025391e-02
4.908154010772705078e-01 6.357862353324890137e-01 -3.069258294999599457e-02
4.454437494277954102e-01 6.338309049606323242e-01 -6.468890700489282608e-03
3.753061294555664062e-01 4.745107889175415039e-01 6.612254679203033447e-02
4.743973910808563232e-01 5.497966408729553223e-01 -2.627156861126422882e-02
4.713796973228454590e-01 5.521937012672424316e-01 -2.884521335363388062e-02
4.684722125530242920e-01 5.560654401779174805e-01 -3.142736852169036865e-02
4.662995934486389160e-01 5.607992410659790039e-01 -3.064911440014839172e-02
4.624262452125549316e-01 5.689906477928161621e-01 -2.455150522291660309e-02
4.594171941280364990e-01 5.194354653358459473e-01 -1.904008165001869202e-02
4.562250375747680664e-01 5.183011293411254883e-01 -1.879027672111988068e-02
4.535791277885437012e-01 5.167528986930847168e-01 -1.844326592981815338e-02
4.427232444286346436e-01 5.041508078575134277e-01 -1.498376019299030304e-02
4.022809267044067383e-01 4.667784571647644043e-01 1.020659692585468292e-02
4.907100498676300049e-01 3.693831861019134521e-01 -9.063933044672012329e-03
4.873741865158081055e-01 3.361219763755798340e-01 1.474387384951114655e-02
4.802829623222351074e-01 3.387750089168548584e-01 1.863464526832103729e-02
4.619024395942687988e-01 5.192431211471557617e-01 -1.849122717976570129e-02
3.987449705600738525e-01 5.109759569168090820e-01 2.086515910923480988e-02
4.978437423706054688e-01 3.345540463924407959e-01 9.007671615108847618e-04
4.556401073932647705e-01 5.829008817672729492e-01 -2.111849747598171234e-02
5.076647400856018066e-01 3.849661350250244141e-01 -4.286646470427513123e-02
4.981979429721832275e-01 3.738351762294769287e-01 -2.720728144049644470e-02
5.086141228675842285e-01 3.709547519683837891e-01 -2.930186688899993896e-02
4.800070822238922119e-01 4.071944355964660645e-01 -2.603392302989959717e-02
4.919638931751251221e-01 6.174695491790771484e-01 -3.326139971613883972e-02
4.931711256504058838e-01 5.979937911033630371e-01 -3.002279810607433319e-02
4.734499454498291016e-01 5.943496227264404297e-01 -2.791834436357021332e-02
4.326449632644653320e-01 5.476571917533874512e-01 -7.677754387259483337e-03
4.541769921779632568e-01 4.528130888938903809e-01 -1.239690463989973068e-02
4.422973990440368652e-01 5.674781203269958496e-01 -1.430807169526815414e-02
4.284780919551849365e-01 4.496845901012420654e-01 -8.240384049713611603e-03
4.426694810390472412e-01 4.691697657108306885e-01 -1.276677008718252182e-02
4.177992343902587891e-01 4.778151512145996094e-01 -3.034354886040091515e-03
4.684465527534484863e-01 6.126187443733215332e-01 -3.025018796324729919e-02
4.723272919654846191e-01 4.177101552486419678e-01 -1.995643414556980133e-02
4.220015406608581543e-01 5.616455078125000000e-01 2.139461284969002008e-04
4.348793625831604004e-01 5.812413096427917480e-01 -8.765355683863162994e-03
4.261229336261749268e-01 5.243653059005737305e-01 -4.655097611248493195e-03
3.883682489395141602e-01 4.910230934619903564e-01 3.254271671175956726e-02
4.116411209106445312e-01 5.286232233047485352e-01 5.316790658980607986e-03
3.806360363960266113e-01 5.091724395751953125e-01 5.561512336134910583e-02
4.328415691852569580e-01 4.914848804473876953e-01 -9.932634420692920685e-03
4.816491305828094482e-01 3.946865200996398926e-01 -1.633802242577075958e-02
4.796251654624938965e-01 4.339939355850219727e-01 -4.663470759987831116e-02
4.724770188331604004e-01 4.403904080390930176e-01 -3.589257970452308655e-02
4.849044978618621826e-01 4.219875037670135498e-01 -5.330299213528633118e-02
4.795505404472351074e-01 3.166316449642181396e-01 1.329056825488805771e-02
4.620583057403564453e-01 3.030438125133514404e-01 1.220137346535921097e-02
4.461838304996490479e-01 3.002651929855346680e-01 1.251613814383745193e-02
4.323152005672454834e-01 3.046913444995880127e-01 1.625572144985198975e-02
4.219378232955932617e-01 3.141688704490661621e-01 2.235694602131843567e-02
4.121585488319396973e-01 3.493933379650115967e-01 3.541909530758857727e-02
3.738977909088134766e-01 4.026647806167602539e-01 7.788051664829254150e-02
4.189943373203277588e-01 3.730980157852172852e-01 2.310029417276382446e-02
4.302389025688171387e-01 3.781228065490722656e-01 1.610185019671916962e-02
4.453799128532409668e-01 3.785762190818786621e-01 1.159344986081123352e-02
4.601021409034729004e-01 3.752077221870422363e-01 1.009429991245269775e-02
4.720342755317687988e-01 3.696633577346801758e-01 1.098682545125484467e-02
4.805526137351989746e-01 3.641176223754882812e-01 1.111627556383609772e-02
3.714714944362640381e-01 4.106279909610748291e-01 1.186146661639213562e-01
4.723634421825408936e-01 4.462129473686218262e-01 -3.099758177995681763e-02
4.887877404689788818e-01 3.950588107109069824e-01 -3.317247703671455383e-02
4.873648583889007568e-01 4.334734678268432617e-01 -5.543475970625877380e-02
4.929986000061035156e-01 4.434588551521301270e-01 -5.226639658212661743e-02
4.874219894409179688e-01 4.374894201755523682e-01 -5.042518675327301025e-02
4.749437272548675537e-01 4.522597193717956543e-01 -2.800951525568962097e-02
4.947969913482666016e-01 4.444302320480346680e-01 -5.538295209407806396e-02
4.955672621726989746e-01 4.499649703502655029e-01 -4.329081252217292786e-02
4.819333851337432861e-01 3.505671620368957520e-01 1.894733868539333344e-02
4.876437783241271973e-01 3.544891476631164551e-01 1.169239170849323273e-02
4.913302958011627197e-01 3.563887476921081543e-01 3.357668407261371613e-03
4.300788044929504395e-01 3.417986035346984863e-01 2.495712414383888245e-02
4.221799075603485107e-01 3.315755724906921387e-01 2.585480175912380219e-02
5.170030593872070312e-01 3.888262808322906494e-01 -3.928861394524574280e-02
5.898524522781372070e-01 3.658972978591918945e-01 2.732704393565654755e-02
5.127341747283935547e-01 4.496518969535827637e-01 -4.292000457644462585e-02
6.308385729789733887e-01 3.244738280773162842e-01 9.296195209026336670e-02
5.574973225593566895e-01 3.746209442615509033e-01 1.397449057549238205e-02
5.683504343032836914e-01 3.783054053783416748e-01 1.478291489183902740e-02
5.788791775703430176e-01 3.794078230857849121e-01 1.799602620303630829e-02
5.939406752586364746e-01 3.721926212310791016e-01 2.795503102242946625e-02
5.484398603439331055e-01 3.683281540870666504e-01 1.566906832158565521e-02
5.775760412216186523e-01 3.242693245410919189e-01 1.486965268850326538e-02
5.644617676734924316e-01 3.248912096023559570e-01 1.526811346411705017e-02
5.894868373870849609e-01 3.291299939155578613e-01 1.813148707151412964e-02
5.968723297119140625e-01 3.382018804550170898e-01 2.213780209422111511e-02
6.015638709068298340e-01 3.844002783298492432e-01 3.213418647646903992e-02
5.379977226257324219e-01 6.072702407836914062e-01 -1.867664419114589691e-02
5.944654941558837891e-01 3.613677620887756348e-01 3.154177591204643250e-02
6.355037093162536621e-01 3.936955332756042480e-01 8.355724066495895386e-02
6.147714257240295410e-01 3.731977641582489014e-01 4.541682451963424683e-02
5.612226724624633789e-01 4.425670206546783447e-01 -8.137458004057407379e-03
5.156677365303039551e-01 4.949054419994354248e-01 -4.140920937061309814e-02
5.130106210708618164e-01 5.056440830230712891e-01 -3.852332383394241333e-02
5.300566554069519043e-01 5.041804909706115723e-01 -3.512504324316978455e-02
5.385633111000061035e-01 5.152381062507629395e-01 -2.666345611214637756e-02
5.238206386566162109e-01 5.111441612243652344e-01 -3.365043923258781433e-02
5.314942598342895508e-01 5.189309716224670410e-01 -2.558409608900547028e-02
5.499484539031982422e-01 5.526587963104248047e-01 -1.200408861041069031e-02
5.133083462715148926e-01 4.370566904544830322e-01 -6.090536713600158691e-02
5.160233974456787109e-01 4.213351011276245117e-01 -6.226379424333572388e-02
6.121705770492553711e-01 3.222004771232604980e-01 2.957599610090255737e-02
5.406530499458312988e-01 3.994708061218261719e-01 -3.112052334472537041e-03
5.390820503234863281e-01 4.429373443126678467e-01 -3.331223130226135254e-02
5.407410264015197754e-01 4.356693327426910400e-01 -2.892508916556835175e-02
5.956148505210876465e-01 4.478643238544464111e-01 6.609305273741483688e-03
5.166481137275695801e-01 4.033931493759155273e-01 -5.278363078832626343e-02
5.883061885833740234e-01 2.963063120841979980e-01 1.289031468331813812e-02
6.028448343276977539e-01 3.059086203575134277e-01 2.103388682007789612e-02
6.214868426322937012e-01 2.912162244319915771e-01 7.549862563610076904e-02
5.378764271736145020e-01 3.064907789230346680e-01 1.167334150522947311e-03
5.526846051216125488e-01 3.316884040832519531e-01 1.778597198426723480e-02
5.590047240257263184e-01 5.355634689331054688e-01 -7.872719317674636841e-03
6.161519885063171387e-01 5.527124404907226562e-01 8.663538843393325806e-02
5.292883515357971191e-01 4.511027336120605469e-01 -3.048704378306865692e-02
5.199307203292846680e-01 4.547545015811920166e-01 -3.290288522839546204e-02
5.450265407562255859e-01 5.412853360176086426e-01 -9.186932817101478577e-03
5.416040420532226562e-01 5.406171083450317383e-01 -1.226017624139785767e-02
6.093461513519287109e-01 2.965712845325469971e-01 2.836192958056926727e-02
5.388058423995971680e-01 4.520656764507293701e-01 -2.839148603379726410e-02
5.676504969596862793e-01 2.950359582901000977e-01 6.007039919495582581e-03
5.702651143074035645e-01 2.823085784912109375e-01 6.111290771514177322e-03
5.797327756881713867e-01 2.435830533504486084e-01 3.773596882820129395e-02
6.139933466911315918e-01 2.991018891334533691e-01 4.889796674251556396e-02
5.725385546684265137e-01 2.666316032409667969e-01 2.185196056962013245e-02
6.190364360809326172e-01 3.174163401126861572e-01 4.069767147302627563e-02
6.237896680831909180e-01 3.268602490425109863e-01 6.537862122058868408e-02
5.146840214729309082e-01 5.005852580070495605e-01 -4.121086373925209045e-02
5.269479155540466309e-01 5.080038309097290039e-01 -3.500274196267127991e-02
5.352735519409179688e-01 5.171286463737487793e-01 -2.717651054263114929e-02
5.262414813041687012e-01 4.542997479438781738e-01 -2.849965356290340424e-02
5.432744622230529785e-01 5.410435199737548828e-01 -1.082008611410856247e-02
5.396466851234436035e-01 5.502156019210815430e-01 -1.761119067668914795e-02
5.401143431663513184e-01 5.400449037551879883e-01 -1.253741886466741562e-02
5.247064828872680664e-01 4.418629407882690430e-01 -4.447492584586143494e-02
5.289260745048522949e-01 5.191302299499511719e-01 -2.447488717734813690e-02
5.212875604629516602e-01 5.124761462211608887e-01 -3.024520352482795715e-02
5.115507245063781738e-01 5.083097219467163086e-01 -3.479304537177085876e-02
5.111111402511596680e-01 5.824555754661560059e-01 -2.705199085175991058e-02
5.133479833602905273e-01 5.735136866569519043e-01 -3.542524576187133789e-02
5.128783583641052246e-01 5.673297643661499023e-01 -3.606515750288963318e-02
5.118035674095153809e-01 5.616033673286437988e-01 -3.278998658061027527e-02
5.101944208145141602e-01 5.572559833526611328e-01 -3.003864735364913940e-02
5.279572010040283203e-01 5.528147220611572266e-01 -2.087652869522571564e-02
5.307952761650085449e-01 5.546487569808959961e-01 -2.327738516032695770e-02
5.341116189956665039e-01 5.573337674140930176e-01 -2.554455399513244629e-02
5.366610884666442871e-01 5.605608820915222168e-01 -2.413034252822399139e-02
5.485637187957763672e-01 4.999391138553619385e-01 -2.095472626388072968e-02
6.326351165771484375e-01 4.729218184947967529e-01 1.167745664715766907e-01
5.337248444557189941e-01 5.485026836395263672e-01 -1.555042248219251633e-02
5.368161797523498535e-01 5.491958856582641602e-01 -1.730450987815856934e-02
5.166905522346496582e-01 4.607532918453216553e-01 -3.472107648849487305e-02
5.342261195182800293e-01 4.624948799610137939e-01 -2.199269458651542664e-02
5.182073116302490234e-01 4.578487575054168701e-01 -3.394015133380889893e-02
5.521589517593383789e-01 4.110501408576965332e-01 -9.441907168366014957e-04
5.702736973762512207e-01 4.241738617420196533e-01 8.952052448876202106e-04
5.420807003974914551e-01 4.447329938411712646e-01 -2.371667698025703430e-02
6.057339310646057129e-01 2.635802626609802246e-01 5.546849966049194336e-02
5.980930924415588379e-01 2.784242630004882812e-01 3.466926887631416321e-02
5.929334163665771484e-01 2.846761345863342285e-01 1.728041097521781921e-02
5.403987765312194824e-01 5.645456314086914062e-01 -1.810543797910213470e-02
5.428726673126220703e-01 2.848127484321594238e-01 4.204840515740215778e-04
5.457137227058410645e-01 2.627292871475219727e-01 1.406587567180395126e-02
5.512167811393737793e-01 2.330522984266281128e-01 2.680133283138275146e-02
5.881618857383728027e-01 3.778258860111236572e-01 2.300391532480716705e-02
6.122869253158569336e-01 3.979184627532958984e-01 3.664360195398330688e-02
5.423169136047363281e-01 3.626002073287963867e-01 1.778926514089107513e-02
6.062291264533996582e-01 3.480044007301330566e-01 3.204510733485221863e-02
5.333271026611328125e-01 3.869776129722595215e-01 -5.704225972294807434e-03
5.328557491302490234e-01 4.332731962203979492e-01 -4.313902929425239563e-02
6.258401274681091309e-01 4.176993370056152344e-01 4.681633785367012024e-02
6.036710739135742188e-01 4.082588553428649902e-01 2.450859174132347107e-02
5.887392163276672363e-01 4.116659462451934814e-01 1.328688208013772964e-02
5.677427053451538086e-01 4.051706194877624512e-01 8.642547763884067535e-03
5.528701543807983398e-01 3.954974412918090820e-01 6.975715048611164093e-03
5.417061448097229004e-01 3.856609463691711426e-01 5.148513708263635635e-03
5.199944972991943359e-01 3.614595830440521240e-01 -1.314675435423851013e-02
6.227393150329589844e-01 4.509877860546112061e-01 3.805123642086982727e-02
6.145002841949462891e-01 3.467615842819213867e-01 3.822699561715126038e-02
5.087721943855285645e-01 4.464968740940093994e-01 -5.676144734025001526e-02
5.388416647911071777e-01 4.135233461856842041e-01 -1.087855733931064606e-02
6.377385258674621582e-01 3.993045687675476074e-01 1.219165921211242676e-01
5.334010124206542969e-01 3.750867843627929688e-01 5.052749067544937134e-03
5.429658889770507812e-01 4.476594030857086182e-01 -1.271874830126762390e-02
5.992999076843261719e-01 3.618697524070739746e-01 3.355260565876960754e-02
5.341739058494567871e-01 4.245514273643493652e-01 -3.757556900382041931e-02
6.267274022102355957e-01 5.119618773460388184e-01 1.047658249735832214e-01
5.428974628448486328e-01 3.568317294120788574e-01 2.181645482778549194e-02
5.257309675216674805e-01 4.118815064430236816e-01 -4.701940715312957764e-02
5.896741151809692383e-01 5.797891020774841309e-01 2.390721440315246582e-02
5.889024734497070312e-01 6.033424735069274902e-01 4.077275469899177551e-02
6.332774758338928223e-01 4.627480804920196533e-01 7.674748450517654419e-02
6.048216819763183594e-01 5.610079169273376465e-01 3.951022401452064514e-02
6.297647953033447266e-01 3.585225045680999756e-01 7.818514853715896606e-02
5.396868586540222168e-01 6.256291270256042480e-01 -1.563423499464988708e-02
5.070691704750061035e-01 4.519182443618774414e-01 -4.347998648881912231e-02
5.482074618339538574e-01 4.278593361377716064e-01 -8.663514629006385803e-03
6.237126588821411133e-01 3.784902989864349365e-01 5.640435963869094849e-02
5.786345601081848145e-01 3.699258565902709961e-01 2.013904042541980743e-02
5.693337321281433105e-01 3.693908751010894775e-01 1.727026328444480896e-02
5.421991348266601562e-01 5.515534877777099609e-01 -1.624886691570281982e-02
6.186033487319946289e-01 4.845463633537292480e-01 3.567500039935112000e-02
5.166239142417907715e-01 6.491299271583557129e-01 -1.524066831916570663e-02
5.548532605171203613e-01 6.316987872123718262e-01 9.400392882525920868e-03
5.709878802299499512e-01 6.202697157859802246e-01 2.326818183064460754e-02
5.601967573165893555e-01 3.663977086544036865e-01 1.695633120834827423e-02
5.516418218612670898e-01 3.619494140148162842e-01 1.877252198755741119e-02
5.458428859710693359e-01 3.591557145118713379e-01 2.147039026021957397e-02
6.222650408744812012e-01 3.456175625324249268e-01 5.032007023692131042e-02
5.542188286781311035e-01 3.485568761825561523e-01 1.885587535798549652e-02
5.642207860946655273e-01 3.458589315414428711e-01 1.735507883131504059e-02
5.736843943595886230e-01 3.462994396686553955e-01 1.789863407611846924e-02
5.829516053199768066e-01 3.497501909732818604e-01 2.030427567660808563e-02
5.886621475219726562e-01 3.543581962585449219e-01 2.354119159281253815e-02
6.359131336212158203e-01 3.586639761924743652e-01 1.106710731983184814e-01
5.851535797119140625e-01 3.683502674102783203e-01 2.388472296297550201e-02
5.385882258415222168e-01 4.870829582214355469e-01 -2.609935589134693146e-02
5.296642780303955078e-01 4.473381936550140381e-01 -3.359662741422653198e-02
5.173445940017700195e-01 4.755412340164184570e-01 -3.577440977096557617e-02
5.734779834747314453e-01 5.982141494750976562e-01 1.106763258576393127e-02
5.574015378952026367e-01 6.118626594543457031e-01 -1.879472984001040459e-03
5.175459384918212891e-01 6.351113915443420410e-01 -2.752120234072208405e-02
6.029613018035888672e-01 5.831977725028991699e-01 6.350614875555038452e-02
5.465314388275146484e-01 3.533268272876739502e-01 2.075217850506305695e-02
5.256937146186828613e-01 3.864271342754364014e-01 -2.131916768848896027e-02
5.373504757881164551e-01 6.417519450187683105e-01 -5.115360952913761139e-03
6.277021169662475586e-01 4.993960857391357422e-01 6.872129440307617188e-02
5.202025771141052246e-01 5.557071566581726074e-01 -2.583157457411289215e-02
5.229215621948242188e-01 5.589168667793273926e-01 -2.841099165380001068e-02
5.253255963325500488e-01 5.634890794754028320e-01 -3.096569143235683441e-02
5.270172953605651855e-01 5.690698027610778809e-01 -3.014682233333587646e-02
5.277200341224670410e-01 5.752217173576354980e-01 -2.393349632620811462e-02
5.375872850418090820e-01 5.286089181900024414e-01 -1.836602576076984406e-02
5.407711863517761230e-01 5.280869007110595703e-01 -1.800479367375373840e-02
5.437558293342590332e-01 5.269638299942016602e-01 -1.762910746037960052e-02
5.556285381317138672e-01 5.163668990135192871e-01 -1.384178176522254944e-02
6.020197868347167969e-01 4.872291982173919678e-01 1.258695963770151138e-02
5.264778137207031250e-01 3.729520440101623535e-01 -8.545950986444950104e-03
5.351784229278564453e-01 3.409360051155090332e-01 1.527129020541906357e-02
5.419113039970397949e-01 3.448525071144104004e-01 1.957621239125728607e-02
5.352478623390197754e-01 5.278755426406860352e-01 -1.772476173937320709e-02
6.005881428718566895e-01 5.313909053802490234e-01 2.311208099126815796e-02
5.243901610374450684e-01 3.378095030784606934e-01 1.362251932732760906e-03
5.333546996116638184e-01 5.902248024940490723e-01 -2.043413370847702026e-02
5.185950994491577148e-01 3.757983446121215820e-01 -2.694770693778991699e-02
5.318731069564819336e-01 4.125655889511108398e-01 -2.542807906866073608e-02
5.139280557632446289e-01 5.981709957122802734e-01 -2.765065617859363556e-02
5.608129501342773438e-01 5.606521368026733398e-01 -6.429907400161027908e-03
5.513355731964111328e-01 4.630205333232879639e-01 -1.136335637420415878e-02
5.485962629318237305e-01 5.778353810310363770e-01 -1.337508484721183777e-02
5.776498317718505859e-01 4.651276767253875732e-01 -6.295612547546625137e-03
5.607816576957702637e-01 4.815826117992401123e-01 -1.146922539919614792e-02
5.849264264106750488e-01 4.951042234897613525e-01 -9.731842437759041786e-04
5.167224407196044922e-01 6.172299385070800781e-01 -2.986511774361133575e-02
5.380372405052185059e-01 4.244641363620758057e-01 -1.922280713915824890e-02
5.702868103981018066e-01 5.761858820915222168e-01 1.645539770834147930e-03
5.546249747276306152e-01 5.926420688629150391e-01 -7.709975354373455048e-03
5.704496502876281738e-01 5.394793152809143066e-01 -3.050229977816343307e-03
6.134415268898010254e-01 5.137568712234497070e-01 3.507334366440773010e-02
5.850704908370971680e-01 5.461952686309814453e-01 7.185274735093116760e-03
6.190468668937683105e-01 5.328270196914672852e-01 5.809627473354339600e-02
5.677924156188964844e-01 5.057616233825683594e-01 -8.487411774694919586e-03
5.319463014602661133e-01 3.998101353645324707e-01 -1.561311632394790649e-02
5.285134315490722656e-01 4.393243491649627686e-01 -4.612478986382484436e-02
5.348581671714782715e-01 4.471717178821563721e-01 -3.536337614059448242e-02
5.249637365341186523e-01 4.262392222881317139e-01 -5.303009599447250366e-02
5.459186434745788574e-01 3.239641785621643066e-01 1.405319757759571075e-02
5.654047727584838867e-01 3.139162957668304443e-01 1.349428854882717133e-02
5.817719101905822754e-01 3.139461278915405273e-01 1.437076646834611893e-02
5.946000814437866211e-01 3.203165531158447266e-01 1.834059320390224457e-02
6.030703783035278320e-01 3.312213420867919922e-01 2.458163909614086151e-02
6.058807373046875000e-01 3.672175705432891846e-01 3.775576129555702209e-02
6.361098885536193848e-01 4.279171526432037354e-01 8.067218214273452759e-02
5.951350331306457520e-01 3.904697299003601074e-01 2.533626928925514221e-02
5.832598209381103516e-01 3.933590948581695557e-01 1.813342049717903137e-02
5.686364769935607910e-01 3.905916213989257812e-01 1.332270260900259018e-02
5.550638437271118164e-01 3.841466307640075684e-01 1.151179242879152298e-02
5.446115732192993164e-01 3.764412403106689453e-01 1.205974351614713669e-02
5.372841358184814453e-01 3.694448173046112061e-01 1.197649352252483368e-02
6.357418298721313477e-01 4.362705647945404053e-01 1.234379336237907410e-01
5.341073870658874512e-01 4.529122114181518555e-01 -3.044567443430423737e-02
5.249211788177490234e-01 3.986612260341644287e-01 -3.270610049366950989e-02
5.208665728569030762e-01 4.370702505111694336e-01 -5.508445203304290771e-02
5.138515830039978027e-01 4.457810819149017334e-01 -5.205197632312774658e-02
5.202147960662841797e-01 4.411863386631011963e-01 -5.006105452775955200e-02
5.306811332702636719e-01 4.583116769790649414e-01 -2.752406895160675049e-02
5.120289325714111328e-01 4.462925493717193604e-01 -5.522088333964347839e-02
5.103307962417602539e-01 4.515562653541564941e-01 -4.316372051835060120e-02
5.385476946830749512e-01 3.561643660068511963e-01 1.979091204702854156e-02
5.319101810455322266e-01 3.588786423206329346e-01 1.238618139177560806e-02
5.275298357009887695e-01 3.607271313667297363e-01 3.931478131562471390e-03
5.919423699378967285e-01 3.580308854579925537e-01 2.697348967194557190e-02
6.007074117660522461e-01 3.486170470714569092e-01 2.794073335826396942e-02
4.489699900150299072e-01 3.441429436206817627e-01 1.998918317258358002e-02
4.602096080780029297e-01 3.442440927028656006e-01 1.998918317258358002e-02
4.491370618343353271e-01 3.301116228103637695e-01 1.998918317258358002e-02
4.375146925449371338e-01 3.439883589744567871e-01 1.998918317258358002e-02
4.486679434776306152e-01 3.579932451248168945e-01 1.998918317258358002e-02
5.726636648178100586e-01 3.574886023998260498e-01 2.155370451509952545e-02
5.839093327522277832e-01 3.593137562274932861e-01 2.155370451509952545e-02
5.740938186645507812e-01 3.424662351608276367e-01 2.155370451509952545e-02
5.615001320838928223e-01 3.556331992149353027e-01 2.155370451509952545e-02
5.712589025497436523e-01 3.725114464759826660e-01 2.155370451509952545e-02
