5.042566657066345215e-01 5.416011810302734375e-01 -3.361801058053970337e-02
5.133841037750244141e-01 4.864113628864288330e-01 -6.177930533885955811e-02
5.102792978286743164e-01 5.035728216171264648e-01 -3.306113183498382568e-02
5.070189833641052246e-01 4.292417764663696289e-01 -4.664649441838264465e-02
5.150337219238281250e-01 4.690406024456024170e-01 -6.548509001731872559e-02
5.163530707359313965e-01 4.465852975845336914e-01 -6.060777604579925537e-02
5.187929272651672363e-01 3.925877511501312256e-01 -2.851354330778121948e-02
4.346044063568115234e-01 3.757962584495544434e-01 9.255922399461269379e-03
5.216483473777770996e-01 3.480555117130279541e-01 -1.971492357552051544e-02
5.234190821647644043e-01 3.255717158317565918e-01 -2.146637067198753357e-02
5.282333493232727051e-01 2.517937123775482178e-01 -7.991463877260684967e-03
5.039823651313781738e-01 5.460041165351867676e-01 -3.220616653561592102e-02
5.036073327064514160e-01 5.498319864273071289e-01 -2.856667153537273407e-02
5.033906698226928711e-01 5.518350005149841309e-01 -2.348322980105876923e-02
5.018177032470703125e-01 5.805325508117675781e-01 -2.068313769996166229e-02
5.016089081764221191e-01 5.861188173294067383e-01 -2.252440899610519409e-02
5.011089444160461426e-01 5.933441519737243652e-01 -2.490453422069549561e-02
5.005013942718505859e-01 6.013465523719787598e-01 -2.311119437217712402e-02
4.990672767162322998e-01 6.153084039688110352e-01 -1.232220511883497238e-02
5.120912194252014160e-01 4.953007102012634277e-01 -5.598431825637817383e-02
5.006495118141174316e-01 4.936203062534332275e-01 -4.111495986580848694e-02
3.929923772811889648e-01 3.093540370464324951e-01 6.091608107089996338e-02
4.645809233188629150e-01 3.954031169414520264e-01 -3.621393698267638683e-04
4.525785744190216064e-01 3.959007859230041504e-01 -4.184012650512158871e-04
4.416290223598480225e-01 3.931075036525726318e-01 1.965586794540286064e-03
4.288330674171447754e-01 3.805102109909057617e-01 1.046152319759130478e-02
4.755942225456237793e-01 3.913153409957885742e-01 2.010955475270748138e-03
4.547822475433349609e-01 3.390313386917114258e-01 -4.639937076717615128e-03
4.677998125553131104e-01 3.429864346981048584e-01 -3.396928310394287109e-03
4.420500397682189941e-01 3.407800793647766113e-01 -1.867631683126091957e-03
4.330785274505615234e-01 3.473734855651855469e-01 2.071520779281854630e-03
4.171659648418426514e-01 3.896659016609191895e-01 1.545731537044048309e-02
4.528218507766723633e-01 6.300373077392578125e-01 -1.414868514984846115e-03
4.312396049499511719e-01 3.697167634963989258e-01 1.274780649691820145e-02
3.819811940193176270e-01 3.796802163124084473e-01 6.385719776153564453e-02
4.051210880279541016e-01 3.742233812808990479e-01 2.633999101817607880e-02
4.530340433120727539e-01 4.644367396831512451e-01 -1.273248903453350067e-02
4.894051253795623779e-01 5.370231270790100098e-01 -3.327707573771476746e-02
4.899027645587921143e-01 5.475223064422607422e-01 -2.792643755674362183e-02
4.746755957603454590e-01 5.403779745101928711e-01 -2.761192433536052704e-02
4.645953178405761719e-01 5.447576642036437988e-01 -1.947624981403350830e-02
4.782195389270782471e-01 5.475525259971618652e-01 -2.411671355366706848e-02
4.690618216991424561e-01 5.491908192634582520e-01 -1.655043289065361023e-02
4.469920992851257324e-01 5.725036859512329102e-01 -1.755066798068583012e-03
5.037238597869873047e-01 4.846112430095672607e-01 -6.135385110974311829e-02
5.036717057228088379e-01 4.677210748195648193e-01 -6.483382731676101685e-02
4.187942147254943848e-01 3.272120356559753418e-01 4.889581818133592606e-03
4.798791408538818359e-01 4.254281222820281982e-01 -1.193769462406635284e-02
4.759185016155242920e-01 4.773557186126708984e-01 -3.537698835134506226e-02
4.752878844738006592e-01 4.683148860931396484e-01 -3.196666389703750610e-02
4.181798994541168213e-01 4.575714468955993652e-01 -9.051555534824728966e-04
5.055021047592163086e-01 4.469650685787200928e-01 -5.797703191637992859e-02
4.489878416061401367e-01 3.098714351654052734e-01 -1.182137336581945419e-02
4.319744408130645752e-01 3.148349225521087646e-01 -4.388864617794752121e-03
4.086307883262634277e-01 2.816492617130279541e-01 4.019091650843620300e-02
4.984424710273742676e-01 3.332393169403076172e-01 -1.811905391514301300e-02
4.784771502017974854e-01 3.528661429882049561e-01 6.033007521182298660e-04
4.402417540550231934e-01 5.535820722579956055e-01 -3.269018197897821665e-04
3.819770812988281250e-01 5.386582612991333008e-01 9.219086915254592896e-02
4.836370646953582764e-01 4.880960881710052490e-01 -3.035763092339038849e-02
4.922541081905364990e-01 4.942723214626312256e-01 -3.051804564893245697e-02
4.526379704475402832e-01 5.548065900802612305e-01 -8.083124412223696709e-04
4.557412266731262207e-01 5.552698373794555664e-01 -3.528523724526166916e-03
4.268904626369476318e-01 3.031490445137023926e-01 7.697280962020158768e-04
4.742259383201599121e-01 4.850905239582061768e-01 -2.914141491055488586e-02
4.705374836921691895e-01 3.141298890113830566e-01 -1.658538542687892914e-02
4.705077707767486572e-01 3.006092309951782227e-01 -1.882475428283214569e-02
4.608534276485443115e-01 2.499401718378067017e-01 1.060929615050554276e-03
4.168865084648132324e-01 2.971743345260620117e-01 1.774226129055023193e-02
4.657393395900726318e-01 2.797146439552307129e-01 -9.381327778100967407e-03
4.123854935169219971e-01 3.192390203475952148e-01 1.430512778460979462e-02
4.019755721092224121e-01 3.194828331470489502e-01 3.637183085083961487e-02
4.893444776535034180e-01 5.429503321647644043e-01 -3.189622983336448669e-02
4.763519465923309326e-01 5.443773269653320312e-01 -2.636255882680416107e-02
4.667302966117858887e-01 5.471882820129394531e-01 -1.891996897757053375e-02
4.858539402484893799e-01 4.916742742061614990e-01 -2.758534997701644897e-02
4.541998505592346191e-01 5.550515055656433105e-01 -2.196293789893388748e-03
4.589872956275939941e-01 5.640859603881835938e-01 -8.226976729929447174e-03
4.571788012981414795e-01 5.555006861686706543e-01 -3.733192803338170052e-03
4.903795123100280762e-01 4.827320873737335205e-01 -4.597462341189384460e-02
4.710657298564910889e-01 5.502190589904785156e-01 -1.464578416198492050e-02
4.799499511718750000e-01 5.491501092910766602e-01 -1.961976289749145508e-02
4.907616674900054932e-01 5.497500896453857422e-01 -2.316794544458389282e-02
4.827534854412078857e-01 6.119671463966369629e-01 -1.277657691389322281e-02
4.849617481231689453e-01 5.970278978347778320e-01 -2.338629774749279022e-02
4.862396121025085449e-01 5.891659855842590332e-01 -2.480017952620983124e-02
4.876939058303833008e-01 5.822290182113647461e-01 -2.218073420226573944e-02
4.891638159751892090e-01 5.773330926895141602e-01 -2.035312354564666748e-02
4.703745543956756592e-01 5.679059028625488281e-01 -1.241694670170545578e-02
4.680127203464508057e-01 5.694085955619812012e-01 -1.420821063220500946e-02
4.650475084781646729e-01 5.725024938583374023e-01 -1.596688106656074524e-02
4.626221060752868652e-01 5.765367746353149414e-01 -1.407914608716964722e-02
4.570636153221130371e-01 5.265457034111022949e-01 -1.628320850431919098e-02
3.734029531478881836e-01 4.524661600589752197e-01 1.085931956768035889e-01
5.111740231513977051e-01 4.992027580738067627e-01 -4.099890217185020447e-02
4.642933011054992676e-01 5.629335641860961914e-01 -7.080846466124057770e-03
4.616722762584686279e-01 5.631443858146667480e-01 -8.242770098149776459e-03
4.951477944850921631e-01 5.012561678886413574e-01 -3.112555481493473053e-02
4.768213629722595215e-01 4.956131875514984131e-01 -2.045064419507980347e-02
4.937859773635864258e-01 4.978321790695190430e-01 -3.104498423635959625e-02
4.666447341442108154e-01 4.334895312786102295e-01 -9.219125844538211823e-03
4.467522799968719482e-01 4.418406784534454346e-01 -7.351459003984928131e-03
4.722891449928283691e-01 4.757857620716094971e-01 -2.569301426410675049e-02
4.303290247917175293e-01 2.609405517578125000e-01 1.879340410232543945e-02
4.372296929359436035e-01 2.829779386520385742e-01 2.904645865783095360e-03
4.465360939502716064e-01 2.967837750911712646e-01 -9.970721788704395294e-03
4.557100534439086914e-01 5.872446298599243164e-01 -6.576266139745712280e-03
4.980025291442871094e-01 3.100360631942749023e-01 -2.228243649005889893e-02
4.942379295825958252e-01 2.833690047264099121e-01 -1.542901154607534409e-02
4.923442006111145020e-01 2.477232664823532104e-01 -7.978722453117370605e-03
4.329994320869445801e-01 3.881420493125915527e-01 6.255766842514276505e-03
4.027905166149139404e-01 3.998250961303710938e-01 2.080738171935081482e-02
4.831998646259307861e-01 3.869881927967071533e-01 4.087294451892375946e-03
4.205342233180999756e-01 3.534310460090637207e-01 1.092471368610858917e-02
4.891953170299530029e-01 4.154170155525207520e-01 -1.524131651967763901e-02
4.839238822460174561e-01 4.713257551193237305e-01 -4.601264372467994690e-02
3.908748030662536621e-01 4.121512174606323242e-01 3.210447356104850769e-02
4.096346497535705566e-01 4.131151139736175537e-01 1.064952090382575989e-02
4.242549538612365723e-01 4.216564595699310303e-01 1.117649720981717110e-03
4.469392001628875732e-01 4.218339025974273682e-01 -2.249638317152857780e-03
4.641542732715606689e-01 4.168123304843902588e-01 -3.460995154455304146e-03
4.777367413043975830e-01 4.102196395397186279e-01 -5.322904326021671295e-03
5.072455406188964844e-01 3.950496613979339600e-01 -2.511556819081306458e-02
3.905980885028839111e-01 4.476333260536193848e-01 2.833550982177257538e-02
4.112544059753417969e-01 3.490071892738342285e-01 1.582984440028667450e-02
5.063229203224182129e-01 4.938657283782958984e-01 -5.578637123107910156e-02
4.798730015754699707e-01 4.422267079353332520e-01 -1.715149544179439545e-02
3.760609030723571777e-01 3.778477311134338379e-01 1.008495837450027466e-01
4.885390698909759521e-01 4.022303223609924316e-01 -6.073032505810260773e-03
4.704799950122833252e-01 4.766979217529296875e-01 -1.434043422341346741e-02
4.258357882499694824e-01 3.688207268714904785e-01 1.452454831451177597e-02
4.837268590927124023e-01 4.605193436145782471e-01 -4.164500534534454346e-02
3.758386969566345215e-01 4.940063059329986572e-01 1.033518910408020020e-01
4.845767915248870850e-01 3.810178339481353760e-01 7.014392875134944916e-03
4.945444464683532715e-01 4.516521096229553223e-01 -5.198463797569274902e-02
4.061234295368194580e-01 5.835664868354797363e-01 3.553693369030952454e-02
4.036507606506347656e-01 6.029362082481384277e-01 5.501851439476013184e-02
3.776440620422363281e-01 4.504283964633941650e-01 6.835725903511047363e-02
3.937675952911376953e-01 5.583606958389282227e-01 4.793172329664230347e-02
3.915206789970397949e-01 3.472054600715637207e-01 5.337328463792800903e-02
4.489065110683441162e-01 6.463707685470581055e-01 4.501787479966878891e-03
5.066942572593688965e-01 4.979737997055053711e-01 -4.050818085670471191e-02
4.681273698806762695e-01 4.533506035804748535e-01 -1.381185278296470642e-02
3.939865827560424805e-01 3.760096430778503418e-01 3.694594651460647583e-02
4.444302320480346680e-01 3.842372298240661621e-01 3.237869823351502419e-03
4.539712667465209961e-01 3.871692419052124023e-01 1.164691755548119545e-03
4.565766155719757080e-01 5.656631588935852051e-01 -6.560727953910827637e-03
3.906984329223632812e-01 4.818843603134155273e-01 3.180875629186630249e-02
4.684142470359802246e-01 6.724553704261779785e-01 9.326825849711894989e-03
4.335933029651641846e-01 6.448134779930114746e-01 2.885578200221061707e-02
4.194186925888061523e-01 6.275844573974609375e-01 4.029833152890205383e-02
5.258772373199462891e-01 2.889658212661743164e-01 -1.558785233646631241e-02
4.935026764869689941e-01 6.786409616470336914e-01 8.017600513994693756e-03
4.640975892543792725e-01 3.867283165454864502e-01 1.555678783915936947e-03
4.741981923580169678e-01 3.841951191425323486e-01 3.856569062918424606e-03
4.810016155242919922e-01 3.825876116752624512e-01 6.636802107095718384e-03
4.026582241058349609e-01 3.445441424846649170e-01 2.685703150928020477e-02
4.748423099517822266e-01 3.678214848041534424e-01 2.238428220152854919e-03
4.647786319255828857e-01 3.619533479213714600e-01 -2.766723628155887127e-04
4.547711610794067383e-01 3.600561916828155518e-01 -5.639690207317471504e-04
4.447122812271118164e-01 3.614063560962677002e-01 1.391603378579020500e-03
4.381595551967620850e-01 3.645818233489990234e-01 4.506921861320734024e-03
3.826938271522521973e-01 3.398137986660003662e-01 8.336561918258666992e-02
4.384469687938690186e-01 3.800653815269470215e-01 6.384457461535930634e-03
5.087336301803588867e-01 5.173283219337463379e-01 -3.050305135548114777e-02
4.695467948913574219e-01 5.188809633255004883e-01 -2.188096754252910614e-02
4.842218458652496338e-01 4.850655794143676758e-01 -3.448821604251861572e-02
4.924226999282836914e-01 5.162554383277893066e-01 -3.066707029938697815e-02
5.199137926101684570e-01 3.709500133991241455e-01 -1.976571790874004364e-02
4.195502996444702148e-01 6.079050898551940918e-01 2.629324235022068024e-02
4.333928227424621582e-01 6.271359920501708984e-01 1.614472270011901855e-02
4.693418443202972412e-01 6.613519191741943359e-01 -5.033197347074747086e-03
3.918723464012145996e-01 5.754371285438537598e-01 7.416365295648574829e-02
4.817537367343902588e-01 3.757441639900207520e-01 5.064759403467178345e-03
4.977684020996093750e-01 4.207570552825927734e-01 -3.016247414052486420e-02
4.946682155132293701e-01 6.674503087997436523e-01 -6.056487560272216797e-03
4.493815302848815918e-01 6.604300737380981445e-01 1.674722321331501007e-02
3.792283535003662109e-01 4.884004592895507812e-01 6.645862013101577759e-02
4.787684381008148193e-01 5.728768706321716309e-01 -1.700689457356929779e-02
4.764134287834167480e-01 5.761287212371826172e-01 -1.897181570529937744e-02
4.740893542766571045e-01 5.814796090126037598e-01 -2.097949385643005371e-02
4.722275435924530029e-01 5.883154273033142090e-01 -1.946532540023326874e-02
4.672314524650573730e-01 6.011528372764587402e-01 -1.129213720560073853e-02
4.616718888282775879e-01 5.517816543579101562e-01 -9.622626006603240967e-03
4.592647254467010498e-01 5.506319403648376465e-01 -9.866565465927124023e-03
4.573317170143127441e-01 5.491515398025512695e-01 -1.011968217790126801e-02
4.468597471714019775e-01 5.383638143539428711e-01 -8.641016669571399689e-03
4.065358042716979980e-01 4.929233193397521973e-01 1.032032351940870285e-02
4.984466433525085449e-01 4.039869308471679688e-01 -1.928824000060558319e-02
4.943471252918243408e-01 3.676159381866455078e-01 1.918546768138185143e-04
4.869763553142547607e-01 3.692234158515930176e-01 3.615305759012699127e-03
4.637462198734283447e-01 5.523342490196228027e-01 -8.523202501237392426e-03
4.016936719417572021e-01 5.341379642486572266e-01 2.724203653633594513e-02
5.052234530448913574e-01 3.677667975425720215e-01 -1.349484082311391830e-02
4.596810638904571533e-01 6.146515607833862305e-01 -5.448132287710905075e-03
5.171752572059631348e-01 4.280930757522583008e-01 -4.955163598060607910e-02
5.069578886032104492e-01 4.130290150642395020e-01 -3.683863952755928040e-02
5.179242491722106934e-01 4.110282063484191895e-01 -3.859486803412437439e-02
4.875140190124511719e-01 4.463358819484710693e-01 -3.113985992968082428e-02
4.962258636951446533e-01 6.510037183761596680e-01 -1.180234178900718689e-02
4.977742135524749756e-01 6.316710710525512695e-01 -1.167741883546113968e-02
4.778076410293579102e-01 6.273970007896423340e-01 -1.059181056916713715e-02
4.358610808849334717e-01 5.773450732231140137e-01 4.155274480581283569e-03
4.593149423599243164e-01 4.886182546615600586e-01 -1.216097082942724228e-02
4.459895193576812744e-01 5.981011986732482910e-01 -1.752446405589580536e-04
4.333744347095489502e-01 4.816933572292327881e-01 -9.473214857280254364e-03
4.473085701465606689e-01 5.034999847412109375e-01 -1.081560831516981125e-02
4.215619862079620361e-01 5.076245665550231934e-01 -1.050517894327640533e-03
4.725310504436492920e-01 6.454620361328125000e-01 -1.034937053918838501e-02
4.792453348636627197e-01 4.554251730442047119e-01 -2.369432710111141205e-02
4.250355064868927002e-01 5.891405940055847168e-01 1.392670162022113800e-02
4.383794963359832764e-01 6.104626655578613281e-01 7.768887560814619064e-03
4.291606545448303223e-01 5.539248585700988770e-01 3.980986308306455612e-03
3.919461369514465332e-01 5.114529728889465332e-01 3.608320653438568115e-02
4.145822227001190186e-01 5.550668835639953613e-01 1.397090405225753784e-02
3.836474120616912842e-01 5.243386626243591309e-01 6.168766319751739502e-02
4.365001916885375977e-01 5.236918926239013672e-01 -5.834472365677356720e-03
4.890387952327728271e-01 4.312604367733001709e-01 -2.315754070878028870e-02
4.871984124183654785e-01 4.793850481510162354e-01 -4.832769930362701416e-02
4.793063998222351074e-01 4.832727611064910889e-01 -3.630230948328971863e-02
4.932508468627929688e-01 4.685586690902709961e-01 -5.588766187429428101e-02
4.868394434452056885e-01 3.478185832500457764e-01 -3.862615674734115601e-03
4.689855575561523438e-01 3.325858116149902344e-01 -6.859972141683101654e-03
4.526059329509735107e-01 3.283163011074066162e-01 -7.273597177118062973e-03
4.382263422012329102e-01 3.309843838214874268e-01 -3.874757792800664902e-03
4.273611307144165039e-01 3.387672007083892822e-01 2.183125587180256844e-03
4.167213141918182373e-01 3.714116215705871582e-01 1.871800795197486877e-02
3.780192136764526367e-01 4.143187999725341797e-01 6.631653755903244019e-02
4.226109087467193604e-01 3.981048464775085449e-01 9.820084087550640106e-03
4.337658286094665527e-01 4.050359427928924561e-01 3.853492438793182373e-03
4.492636322975158691e-01 4.073474407196044922e-01 2.555183309596031904e-04
4.646151065826416016e-01 4.051342010498046875e-01 -8.517068345099687576e-04
4.771948158740997314e-01 4.002888798713684082e-01 5.338562550605274737e-05
4.861630797386169434e-01 3.954868316650390625e-01 1.208267713082022965e-05
3.737671673297882080e-01 4.145169854164123535e-01 1.084102019667625427e-01
4.786248803138732910e-01 4.881013631820678711e-01 -3.064181096851825714e-02
4.970962405204772949e-01 4.358743727207183838e-01 -3.954342380166053772e-02
4.954526126384735107e-01 4.812240898609161377e-01 -5.650463700294494629e-02
5.004692673683166504e-01 4.905450344085693359e-01 -5.142525583505630493e-02
4.949578642845153809e-01 4.841397106647491455e-01 -5.100461840629577637e-02
4.809800982475280762e-01 4.936668574810028076e-01 -2.647071518003940582e-02
5.027090907096862793e-01 4.923408329486846924e-01 -5.432761833071708679e-02
5.030453205108642578e-01 4.964534342288970947e-01 -4.077330231666564941e-02
4.883875846862792969e-01 3.815945684909820557e-01 5.770165473222732544e-03
4.938313663005828857e-01 3.865495622158050537e-01 -5.262836930342018604e-04
4.974194169044494629e-01 3.897109627723693848e-01 -8.154559880495071411e-03
4.343357086181640625e-01 3.672387897968292236e-01 8.033374324440956116e-03
4.270349740982055664e-01 3.560060560703277588e-01 8.088673464953899384e-03
5.264511704444885254e-01 4.319669306278228760e-01 -4.473837092518806458e-02
5.956072211265563965e-01 3.951523900032043457e-01 2.244206890463829041e-02
5.216914415359497070e-01 4.965272545814514160e-01 -3.965161740779876709e-02
6.330112814903259277e-01 3.440680205821990967e-01 8.075475692749023438e-02
5.625408887863159180e-01 4.068808257579803467e-01 8.258895017206668854e-03
5.736384987831115723e-01 4.099531769752502441e-01 9.925956837832927704e-03
5.841966867446899414e-01 4.106861948966979980e-01 1.385325845330953598e-02
5.988360643386840820e-01 4.017430245876312256e-01 2.439162507653236389e-02
5.533591508865356445e-01 4.014041423797607422e-01 8.824327960610389709e-03
5.837732553482055664e-01 3.539148271083831787e-01 6.139156874269247055e-03
5.701719522476196289e-01 3.551207780838012695e-01 5.112929735332727432e-03
5.956088304519653320e-01 3.586581349372863770e-01 1.053915824741125107e-02
6.025211215019226074e-01 3.677498698234558105e-01 1.544058695435523987e-02
6.058250665664672852e-01 4.146101474761962891e-01 3.050314821302890778e-02
5.399048328399658203e-01 6.401544809341430664e-01 4.665663000196218491e-03
5.999083518981933594e-01 3.898342847824096680e-01 2.650147676467895508e-02
6.352229714393615723e-01 4.155526459217071533e-01 8.383145928382873535e-02
6.181700825691223145e-01 4.026343822479248047e-01 4.309658333659172058e-02
5.668755769729614258e-01 4.804658591747283936e-01 -3.727396018803119659e-03
5.192362666130065918e-01 5.404383540153503418e-01 -3.085850179195404053e-02
5.168656706809997559e-01 5.508443117141723633e-01 -2.566452138125896454e-02
5.328691601753234863e-01 5.468553900718688965e-01 -2.266009524464607239e-02
5.414874553680419922e-01 5.538714528083801270e-01 -1.278147101402282715e-02
5.279027819633483887e-01 5.535024404525756836e-01 -1.979395747184753418e-02
5.361562967300415039e-01 5.574529767036437988e-01 -1.081587746739387512e-02
5.528115034103393555e-01 5.865042805671691895e-01 6.525903940200805664e-03
5.226748585700988770e-01 4.872732460498809814e-01 -6.014015898108482361e-02
5.258503556251525879e-01 4.708361029624938965e-01 -6.339646130800247192e-02
6.173083782196044922e-01 3.526189625263214111e-01 2.065391838550567627e-02
5.474507808685302734e-01 4.349566996097564697e-01 -6.000138819217681885e-03
5.469306707382202148e-01 4.871449768543243408e-01 -2.983750961720943451e-02
5.483483672142028809e-01 4.783035218715667725e-01 -2.626341953873634338e-02
5.987755060195922852e-01 4.830715060234069824e-01 1.357924193143844604e-02
5.264193415641784668e-01 4.498595893383026123e-01 -5.611627548933029175e-02
5.956687927246093750e-01 3.289557695388793945e-01 -6.259424262680113316e-04
6.092884540557861328e-01 3.372658491134643555e-01 9.434369392693042755e-03
6.262031793594360352e-01 3.135880827903747559e-01 5.787685140967369080e-02
5.462332963943481445e-01 3.421971797943115234e-01 -1.429190300405025482e-02
5.580321550369262695e-01 3.629723787307739258e-01 7.550039794296026230e-03
5.623135566711425781e-01 5.702194571495056152e-01 9.727237746119499207e-03
6.108232140541076660e-01 5.698055624961853027e-01 1.111087352037429810e-01
5.372431874275207520e-01 4.955038130283355713e-01 -2.641576342284679413e-02
5.282649993896484375e-01 4.991925954818725586e-01 -2.851320616900920868e-02
5.508074164390563965e-01 5.683684349060058594e-01 7.927922531962394714e-03
5.477814674377441406e-01 5.678651928901672363e-01 4.274509381502866745e-03
6.151891946792602539e-01 3.273606300354003906e-01 1.534326188266277313e-02
5.462473034858703613e-01 4.949294328689575195e-01 -2.370265498757362366e-02
5.756780505180358887e-01 3.292070925235748291e-01 -8.933230303227901459e-03
5.786960721015930176e-01 3.161532282829284668e-01 -1.101067196577787399e-02
5.895557999610900879e-01 2.696219682693481445e-01 1.122415531426668167e-02
6.201954483985900879e-01 3.261155188083648682e-01 3.359082341194152832e-02
5.825551152229309082e-01 2.969889044761657715e-01 -5.434227059595286846e-04
6.232507228851318359e-01 3.469221591949462891e-01 3.100513108074665070e-02
6.278591156005859375e-01 3.513946533203125000e-01 5.431163311004638672e-02
5.182741880416870117e-01 5.464605689048767090e-01 -2.945576794445514679e-02
5.303803682327270508e-01 5.507095456123352051e-01 -2.171092852950096130e-02
5.389536023139953613e-01 5.558854937553405762e-01 -1.276958175003528595e-02
5.342351794242858887e-01 4.982900023460388184e-01 -2.428274415433406830e-02
5.492770671844482422e-01 5.681439638137817383e-01 5.920391064137220383e-03
5.439138412475585938e-01 5.762595534324645996e-01 -1.273732981644570827e-03
5.462725162506103516e-01 5.676242113113403320e-01 3.862324636429548264e-03
5.333706736564636230e-01 4.888530075550079346e-01 -4.220382496714591980e-02
5.338270664215087891e-01 5.579419136047363281e-01 -9.195472113788127899e-03
5.257216095924377441e-01 5.546641349792480469e-01 -1.552669331431388855e-02
5.155728459358215332e-01 5.527911186218261719e-01 -2.083085291087627411e-02
5.149950981140136719e-01 6.160894036293029785e-01 -1.061775442212820053e-02
5.156413912773132324e-01 6.016716957092285156e-01 -2.097338810563087463e-02
5.155901908874511719e-01 5.934755206108093262e-01 -2.225899323821067810e-02
5.150586962699890137e-01 5.861765742301940918e-01 -1.967601664364337921e-02
5.139926075935363770e-01 5.809113979339599609e-01 -1.795282773673534393e-02
5.324563384056091309e-01 5.766932964324951172e-01 -6.947321351617574692e-03
5.347552895545959473e-01 5.791264772415161133e-01 -8.720425888895988464e-03
5.373478531837463379e-01 5.832526087760925293e-01 -1.023974549025297165e-02
5.392928719520568848e-01 5.881357789039611816e-01 -8.036643266677856445e-03
5.531960725784301758e-01 5.397356152534484863e-01 -8.655605837702751160e-03
6.278086900711059570e-01 4.883737266063690186e-01 1.294820606708526611e-01
5.385821461677551270e-01 5.733703970909118652e-01 -3.537052543833851814e-04
5.413340330123901367e-01 5.744408369064331055e-01 -1.541652367450296879e-03
5.246441364288330078e-01 5.052539110183715820e-01 -2.910264208912849426e-02
5.412252545356750488e-01 5.043321251869201660e-01 -1.609758660197257996e-02
5.263793468475341797e-01 5.023288130760192871e-01 -2.910044789314270020e-02
5.581095814704895020e-01 4.463896155357360840e-01 -1.344142365269362926e-03
5.753389000892639160e-01 4.600886106491088867e-01 3.111823229119181633e-03
5.492604374885559082e-01 4.863053858280181885e-01 -1.977707259356975555e-02
6.130463480949401855e-01 2.883177101612091064e-01 3.322916105389595032e-02
6.062003374099731445e-01 3.074404001235961914e-01 1.573058404028415680e-02
6.002766489982604980e-01 3.167445957660675049e-01 1.711332588456571102e-03
5.430996417999267578e-01 5.984114408493041992e-01 2.899701357819139957e-04
5.519106984138488770e-01 3.201391696929931641e-01 -1.829275302588939667e-02
5.563944578170776367e-01 2.926977276802062988e-01 -1.079680770635604858e-02
5.622009634971618652e-01 2.585934996604919434e-01 -2.804114483296871185e-03
5.933071970939636230e-01 4.083228707313537598e-01 1.940977945923805237e-02
6.159669160842895508e-01 4.286949336528778076e-01 3.740427643060684204e-02
5.473583936691284180e-01 3.962443768978118896e-01 1.014285441488027573e-02
6.110088229179382324e-01 3.775293231010437012e-01 2.610432356595993042e-02
5.408807992935180664e-01 4.227092564105987549e-01 -1.052889320999383926e-02
5.415207147598266602e-01 4.794683158397674561e-01 -4.152318090200424194e-02
6.268842816352844238e-01 4.455577135086059570e-01 5.073162913322448730e-02
6.082633137702941895e-01 4.402428567409515381e-01 2.641318179666996002e-02
5.942336320877075195e-01 4.451074004173278809e-01 1.471985597163438797e-02
5.736319422721862793e-01 4.394147694110870361e-01 8.266557939350605011e-03
5.587797760963439941e-01 4.301021695137023926e-01 4.640194121748209000e-03
5.479793548583984375e-01 4.207204878330230713e-01 7.776759448461234570e-04
5.289303064346313477e-01 3.981929421424865723e-01 -2.317863702774047852e-02
6.229430437088012695e-01 4.803312122821807861e-01 4.698562622070312500e-02
6.185610294342041016e-01 3.762334585189819336e-01 3.234614804387092590e-02
5.177316665649414062e-01 4.954422712326049805e-01 -5.480129271745681763e-02
5.457638502120971680e-01 4.514322280883789062e-01 -1.137581001967191696e-02
6.353160738945007324e-01 4.148617386817932129e-01 1.225758343935012817e-01
5.401793122291564941e-01 4.106266796588897705e-01 -1.339021371677517891e-03
5.496479868888854980e-01 4.875103235244750977e-01 -8.298225700855255127e-03
6.039698123931884766e-01 3.907971084117889404e-01 2.900353260338306427e-02
5.426300764083862305e-01 4.687085747718811035e-01 -3.704469650983810425e-02
6.211992502212524414e-01 5.280165076255798340e-01 1.233173832297325134e-01
5.477848052978515625e-01 3.900495469570159912e-01 1.328657567501068115e-02
5.350642800331115723e-01 4.573190510272979736e-01 -4.868185892701148987e-02
5.878763198852539062e-01 6.066851615905761719e-01 4.924580827355384827e-02
5.852298736572265625e-01 6.253383159637451172e-01 6.938953697681427002e-02
6.305947303771972656e-01 4.856782257556915283e-01 8.834228664636611938e-02
6.021645665168762207e-01 5.859924554824829102e-01 6.403842568397521973e-02
6.317716836929321289e-01 3.812822699546813965e-01 7.248912006616592407e-02
5.407218337059020996e-01 6.564743518829345703e-01 1.106351707130670547e-02
5.156361460685729980e-01 4.992182552814483643e-01 -3.990985825657844543e-02
5.545216798782348633e-01 4.654540121555328369e-01 -6.756435614079236984e-03
6.259153485298156738e-01 4.075567722320556641e-01 5.521982163190841675e-02
5.844480395317077637e-01 4.004388451576232910e-01 1.490834075957536697e-02
5.748973488807678223e-01 4.004831314086914062e-01 1.147052738815546036e-02
5.461193323135375977e-01 5.786233544349670410e-01 7.869122782722115517e-04
6.177456378936767578e-01 5.135217905044555664e-01 4.995938017964363098e-02
5.183050632476806641e-01 6.775466203689575195e-01 1.311778742820024490e-02
5.534327030181884766e-01 6.576628684997558594e-01 3.813292086124420166e-02
5.683935284614562988e-01 6.445463299751281738e-01 5.198419466614723206e-02
5.654566287994384766e-01 3.980251252651214600e-01 1.032066252082586288e-02
5.565146207809448242e-01 3.942313790321350098e-01 1.133389770984649658e-02
5.505795478820800781e-01 3.920828998088836670e-01 1.334061659872531891e-02
6.251936554908752441e-01 3.743325471878051758e-01 4.459191486239433289e-02
5.595310926437377930e-01 3.785719871520996094e-01 9.923755191266536713e-03
5.699313282966613770e-01 3.737352490425109863e-01 8.731188252568244934e-03
5.800546407699584961e-01 3.733300566673278809e-01 9.921092540025711060e-03
5.895624160766601562e-01 3.770301640033721924e-01 1.327497512102127075e-02
5.949713587760925293e-01 3.823672831058502197e-01 1.727572828531265259e-02
6.358954906463623047e-01 3.760206401348114014e-01 1.044742837548255920e-01
5.910184383392333984e-01 3.982741534709930420e-01 1.896720938384532928e-02
5.439947247505187988e-01 5.290237069129943848e-01 -1.601368747651576996e-02
5.376768708229064941e-01 4.925842285156250000e-01 -3.056985884904861450e-02
5.243496894836425781e-01 5.206612944602966309e-01 -2.822910994291305542e-02
5.722989439964294434e-01 6.263558864593505859e-01 3.740467503666877747e-02
5.572019815444946289e-01 6.413047313690185547e-01 2.489161491394042969e-02
5.199159979820251465e-01 6.669385433197021484e-01 -1.502472674474120140e-03
5.984362363815307617e-01 6.024805307388305664e-01 9.110789000988006592e-02
5.515864491462707520e-01 3.855212628841400146e-01 1.193356886506080627e-02
5.343007445335388184e-01 4.259323179721832275e-01 -2.697934955358505249e-02
5.373996496200561523e-01 6.693701148033142090e-01 2.356153354048728943e-02
6.240603327751159668e-01 5.222330689430236816e-01 8.573079854249954224e-02
5.241470336914062500e-01 5.793041586875915527e-01 -1.279852632433176041e-02
5.262084007263183594e-01 5.833708047866821289e-01 -1.462783850729465485e-02
5.278828144073486328e-01 5.895128250122070312e-01 -1.642283238470554352e-02
5.288937091827392578e-01 5.970579385757446289e-01 -1.478305831551551819e-02
5.307826995849609375e-01 6.090283989906311035e-01 -6.223794072866439819e-03
5.427795648574829102e-01 5.622242689132690430e-01 -2.737634349614381790e-03
5.452829003334045410e-01 5.617116689682006836e-01 -2.342743566259741783e-03
5.475273728370666504e-01 5.607300400733947754e-01 -2.185169141739606857e-03
5.595899820327758789e-01 5.538324117660522461e-01 7.752957171760499477e-04
6.032781600952148438e-01 5.203331708908081055e-01 2.578933350741863251e-02
5.347992777824401855e-01 4.092509150505065918e-01 -1.603597030043601990e-02
5.414214134216308594e-01 3.749480545520782471e-01 4.294983576983213425e-03
5.472992062568664551e-01 3.777782320976257324e-01 9.566462598741054535e-03
5.405108928680419922e-01 5.621973872184753418e-01 -1.728195347823202610e-03
6.002168655395507812e-01 5.610733032226562500e-01 4.265649244189262390e-02
5.325413346290588379e-01 3.733284175395965576e-01 -1.092234626412391663e-02
5.357643961906433105e-01 6.237123012542724609e-01 -2.910494731622748077e-05
5.278261303901672363e-01 4.159507751464843750e-01 -3.515908494591712952e-02
5.398701429367065430e-01 4.537435173988342285e-01 -2.690791711211204529e-02
5.174311399459838867e-01 6.320943832397460938e-01 -8.065965026617050171e-03
5.626622438430786133e-01 5.938276052474975586e-01 1.366474665701389313e-02
5.574256181716918945e-01 5.021103024482727051e-01 -4.721959587186574936e-03
5.503941774368286133e-01 6.110267043113708496e-01 7.295095827430486679e-03
5.820286273956298828e-01 5.025496482849121094e-01 1.973233185708522797e-03
5.657691955566406250e-01 5.199258923530578613e-01 -1.627511228434741497e-03
5.879613757133483887e-01 5.306483507156372070e-01 1.187535282224416733e-02
5.197655558586120605e-01 6.509979963302612305e-01 -7.078177295625209808e-03
5.451943278312683105e-01 4.645241796970367432e-01 -1.840023137629032135e-02
5.707749128341674805e-01 6.074224710464477539e-01 2.457043528556823730e-02
5.556551814079284668e-01 6.245637536048889160e-01 1.596773415803909302e-02
5.728206038475036621e-01 5.733410120010375977e-01 1.545370370149612427e-02
6.118806600570678711e-01 5.417025685310363770e-01 5.336408317089080811e-02
5.857912898063659668e-01 5.777591466903686523e-01 2.703532949090003967e-02
6.153663396835327148e-01 5.559792518615722656e-01 8.015117794275283813e-02
5.716419816017150879e-01 5.423913002014160156e-01 4.899724386632442474e-03
5.397398471832275391e-01 4.384633302688598633e-01 -1.857789605855941772e-02
5.372139215469360352e-01 4.864581525325775146e-01 -4.426337033510208130e-02
5.427861213684082031e-01 4.921061992645263672e-01 -3.162865713238716125e-02
5.344176292419433594e-01 4.743977785110473633e-01 -5.282037705183029175e-02
5.522351861000061035e-01 3.571906387805938721e-01 1.725457375869154930e-03
5.720639228820800781e-01 3.457812070846557617e-01 1.227110857143998146e-03
5.886256694793701172e-01 3.451199233531951904e-01 3.375676926225423813e-03
6.011440753936767578e-01 3.510805964469909668e-01 8.990592323243618011e-03
6.087712645530700684e-01 3.614075183868408203e-01 1.655372232198715210e-02
6.099048852920532227e-01 3.964813351631164551e-01 3.409394994378089905e-02
6.345025897026062012e-01 4.504101574420928955e-01 8.686466515064239502e-02
5.998190045356750488e-01 4.215605854988098145e-01 2.409696392714977264e-02
5.883838534355163574e-01 4.256591200828552246e-01 1.635125838220119476e-02
5.739132761955261230e-01 4.234679937362670898e-01 1.063269376754760742e-02
5.603247284889221191e-01 4.174182415008544922e-01 7.430494297295808792e-03
5.499762296676635742e-01 4.103706479072570801e-01 6.323683541268110275e-03
5.430153012275695801e-01 4.039258956909179688e-01 5.130188073962926865e-03
6.318463683128356934e-01 4.512988030910491943e-01 1.301099807024002075e-01
5.418480038642883301e-01 4.967463612556457520e-01 -2.603927627205848694e-02
5.338297486305236816e-01 4.410632550716400146e-01 -3.625521063804626465e-02
5.301700830459594727e-01 4.860918521881103516e-01 -5.393642187118530273e-02
5.230271220207214355e-01 4.936911165714263916e-01 -4.992483556270599365e-02
5.292981863021850586e-01 4.890446960926055908e-01 -4.835806414484977722e-02
5.382097363471984863e-01 5.013473033905029297e-01 -2.256692200899124146e-02
5.211297273635864258e-01 4.948728978633880615e-01 -5.310419574379920959e-02
5.190973877906799316e-01 4.986147582530975342e-01 -3.976428508758544922e-02
5.437608361244201660e-01 3.900017738342285156e-01 1.105609070509672165e-02
5.380429029464721680e-01 3.936345279216766357e-01 3.551797708496451378e-03
5.347927808761596680e-01 3.963821530342102051e-01 -4.821699112653732300e-03
5.978376865386962891e-01 3.863946795463562012e-01 2.131708152592182159e-02
6.058171987533569336e-01 3.779609203338623047e-01 2.221500128507614136e-02
4.542378187179565430e-01 3.722704350948333740e-01 4.515539854764938354e-03
4.661177992820739746e-01 3.735130429267883301e-01 4.515539854764938354e-03
4.555470645427703857e-01 3.573103547096252441e-01 4.515539854764938354e-03
4.421959519386291504e-01 3.709782958030700684e-01 4.515539854764938354e-03
4.528566598892211914e-01 3.870177268981933594e-01 4.515539854764938354e-03
5.772827267646789551e-01 3.872650265693664551e-01 1.468429714441299438e-02
5.888634920120239258e-01 3.884919285774230957e-01 1.468429714441299438e-02
5.781906843185424805e-01 3.721035122871398926e-01 1.468429714441299438e-02
5.656304359436035156e-01 3.859320580959320068e-01 1.468429714441299438e-02
5.764078497886657715e-01 4.024446904659271240e-01 1.468429714441299438e-02
