5.040314793586730957e-01 5.357728004455566406e-01 -3.404181078076362610e-02
5.107129812240600586e-01 4.758881032466888428e-01 -6.028245016932487488e-02
5.079420208930969238e-01 4.937130212783813477e-01 -3.241223096847534180e-02
5.044719576835632324e-01 4.199392795562744141e-01 -4.457330331206321716e-02
5.122553706169128418e-01 4.587320983409881592e-01 -6.375713646411895752e-02
5.135657191276550293e-01 4.367462992668151855e-01 -5.866540223360061646e-02
5.161271691322326660e-01 3.838396966457366943e-01 -2.630550414323806763e-02
4.335532486438751221e-01 3.692718744277954102e-01 1.175476610660552979e-02
5.189186930656433105e-01 3.388754129409790039e-01 -1.709578000009059906e-02
5.206378102302551270e-01 3.162963986396789551e-01 -1.843199320137500763e-02
5.253756046295166016e-01 2.432393878698348999e-01 -3.775545395910739899e-03
5.038490891456604004e-01 5.409978032112121582e-01 -3.277124464511871338e-02
5.035310983657836914e-01 5.459976196289062500e-01 -2.916273660957813263e-02
5.032871365547180176e-01 5.492846965789794922e-01 -2.401035837829113007e-02
5.027771592140197754e-01 5.596494078636169434e-01 -2.194664627313613892e-02
5.025216937065124512e-01 5.682330131530761719e-01 -2.362680993974208832e-02
5.019801259040832520e-01 5.785336494445800781e-01 -2.605511434376239777e-02
5.013851523399353027e-01 5.882448554039001465e-01 -2.446722798049449921e-02
4.977313578128814697e-01 6.030006408691406250e-01 -1.407457981258630753e-02
5.095762610435485840e-01 4.848415553569793701e-01 -5.467626824975013733e-02
4.988177418708801270e-01 4.836991131305694580e-01 -3.998624160885810852e-02
3.912986516952514648e-01 3.020571470260620117e-01 6.501230597496032715e-02
4.628787338733673096e-01 3.880933523178100586e-01 1.501855324022471905e-03
4.511987566947937012e-01 3.886164426803588867e-01 1.693727564997971058e-03
4.404674768447875977e-01 3.861175775527954102e-01 4.283726215362548828e-03
4.276935756206512451e-01 3.746538460254669189e-01 1.293296832591295242e-02
4.735301434993743896e-01 3.841140866279602051e-01 3.816496348008513451e-03
4.523401558399200439e-01 3.326339721679687500e-01 -2.017358317971229553e-03
4.651237130165100098e-01 3.362459838390350342e-01 -9.978018933907151222e-04
4.399374723434448242e-01 3.348113894462585449e-01 9.002598817460238934e-04
4.312756061553955078e-01 3.417305350303649902e-01 4.837958142161369324e-03
4.157778322696685791e-01 3.842091262340545654e-01 1.784612052142620087e-02
4.526569843292236328e-01 6.199116706848144531e-01 -3.716433653607964516e-03
4.300845265388488770e-01 3.636850416660308838e-01 1.530482992529869080e-02
3.798103928565979004e-01 3.729523420333862305e-01 6.643772125244140625e-02
4.031052291393280029e-01 3.695993423461914062e-01 2.899200096726417542e-02
4.521180391311645508e-01 4.566352963447570801e-01 -1.145664788782596588e-02
4.908682405948638916e-01 5.305057168006896973e-01 -3.337880223989486694e-02
4.919683933258056641e-01 5.435937643051147461e-01 -2.837896719574928284e-02
4.778619408607482910e-01 5.341639518737792969e-01 -2.788758836686611176e-02
4.691802859306335449e-01 5.386813879013061523e-01 -2.043335698544979095e-02
4.820003211498260498e-01 5.431377291679382324e-01 -2.478158287703990936e-02
4.741188287734985352e-01 5.440230369567871094e-01 -1.781949773430824280e-02
4.483687877655029297e-01 5.643502473831176758e-01 -4.124931059777736664e-03
5.013641119003295898e-01 4.742661118507385254e-01 -5.974869802594184875e-02
5.011717677116394043e-01 4.576416313648223877e-01 -6.294807046651840210e-02
4.160657525062561035e-01 3.226242363452911377e-01 8.500167168676853180e-03
4.782361090183258057e-01 4.172964692115783691e-01 -1.032755244523286819e-02
4.751514196395874023e-01 4.686858057975769043e-01 -3.375276550650596619e-02
4.744512140750885010e-01 4.599388837814331055e-01 -3.033465892076492310e-02
4.171797633171081543e-01 4.507496058940887451e-01 6.392780924215912819e-04
5.029642581939697266e-01 4.372851848602294922e-01 -5.590787529945373535e-02
4.458657503128051758e-01 3.045370578765869141e-01 -8.237575180828571320e-03
4.290167689323425293e-01 3.098284006118774414e-01 -5.936956731602549553e-04
4.066736996173858643e-01 2.740900814533233643e-01 4.473259672522544861e-02
4.951278269290924072e-01 3.275282382965087891e-01 -1.520151831209659576e-02
4.757559299468994141e-01 3.458683490753173828e-01 2.711810404434800148e-03
4.416910409927368164e-01 5.467535257339477539e-01 -2.079647732898592949e-03
3.808662891387939453e-01 5.327674746513366699e-01 9.130454063415527344e-02
4.829415082931518555e-01 4.791489243507385254e-01 -2.913433313369750977e-02
4.911631643772125244e-01 4.850229322910308838e-01 -2.951488271355628967e-02
4.583055675029754639e-01 5.470841526985168457e-01 -3.011467866599559784e-03
4.613365232944488525e-01 5.472133159637451172e-01 -5.881827324628829956e-03
4.233907163143157959e-01 2.981618940830230713e-01 4.801157861948013306e-03
4.738387167453765869e-01 4.767030775547027588e-01 -2.774783410131931305e-02
4.673429131507873535e-01 3.088549375534057617e-01 -1.323431544005870819e-02
4.669495522975921631e-01 2.950492203235626221e-01 -1.512081269174814224e-02
4.582478702068328857e-01 2.419793754816055298e-01 5.802060011774301529e-03
4.148412346839904785e-01 2.895725369453430176e-01 2.192163653671741486e-02
4.632006287574768066e-01 2.715885639190673828e-01 -5.176773760467767715e-03
4.092077612876892090e-01 3.147999644279479980e-01 1.810684055089950562e-02
4.000938534736633301e-01 3.121156692504882812e-01 4.019239917397499084e-02
4.911671280860900879e-01 5.378920435905456543e-01 -3.221277892589569092e-02
4.798950552940368652e-01 5.391176939010620117e-01 -2.689933590590953827e-02
4.715521633625030518e-01 5.415397882461547852e-01 -2.007456868886947632e-02
4.851929247379302979e-01 4.827441871166229248e-01 -2.644274942576885223e-02
4.598715901374816895e-01 5.472117066383361816e-01 -4.491641651839017868e-03
4.643913507461547852e-01 5.522330403327941895e-01 -1.067503076046705246e-02
4.628701210021972656e-01 5.472528934478759766e-01 -6.076104473322629929e-03
4.889443516731262207e-01 4.730853140354156494e-01 -4.432986676692962646e-02
4.760391712188720703e-01 5.456586480140686035e-01 -1.589738577604293823e-02
4.836356639862060547e-01 5.455703735351562500e-01 -2.031235396862030029e-02
4.927769601345062256e-01 5.468694567680358887e-01 -2.358568273484706879e-02
4.825298488140106201e-01 5.999258160591125488e-01 -1.446875929832458496e-02
4.864951670169830322e-01 5.836989879608154297e-01 -2.462757565081119537e-02
4.880535900592803955e-01 5.743355751037597656e-01 -2.585244178771972656e-02
4.900396466255187988e-01 5.643020868301391602e-01 -2.317434176802635193e-02
4.920987784862518311e-01 5.566970109939575195e-01 -2.149002999067306519e-02
4.757629930973052979e-01 5.507739186286926270e-01 -1.425678748637437820e-02
4.727029800415039062e-01 5.540558695793151855e-01 -1.603129506111145020e-02
4.693074226379394531e-01 5.584043264389038086e-01 -1.797546818852424622e-02
4.663807153701782227e-01 5.631391406059265137e-01 -1.628295518457889557e-02
4.575088322162628174e-01 5.189716815948486328e-01 -1.690754294395446777e-02
3.718269765377044678e-01 4.463051259517669678e-01 1.094069182872772217e-01
5.087597370147705078e-01 4.889812469482421875e-01 -4.007595032453536987e-02
4.701327681541442871e-01 5.489545464515686035e-01 -9.378031827509403229e-03
4.673136174678802490e-01 5.504736900329589844e-01 -1.059224177151918411e-02
4.937600791454315186e-01 4.918995201587677002e-01 -3.033214621245861053e-02
4.765435457229614258e-01 4.873172342777252197e-01 -1.953634247183799744e-02
4.925415515899658203e-01 4.885234534740447998e-01 -3.009852953255176544e-02
4.652617871761322021e-01 4.256848990917205811e-01 -7.646300364285707474e-03
4.454936683177947998e-01 4.343871474266052246e-01 -5.635353736579418182e-03
4.717743992805480957e-01 4.676150083541870117e-01 -2.427140437066555023e-02
4.280130863189697266e-01 2.532102167606353760e-01 2.347844839096069336e-02
4.349210262298583984e-01 2.751857936382293701e-01 7.183506153523921967e-03
4.429908990859985352e-01 2.911891341209411621e-01 -6.080990657210350037e-03
4.567051231861114502e-01 5.777027010917663574e-01 -9.018786251544952393e-03
4.941914081573486328e-01 3.043310642242431641e-01 -1.892343349754810333e-02
4.915885627269744873e-01 2.750127911567687988e-01 -1.151423901319503784e-02
4.895790815353393555e-01 2.395117729902267456e-01 -3.426761133596301079e-03
4.319479167461395264e-01 3.817112445831298828e-01 8.689724840223789215e-03
4.012360572814941406e-01 3.949050009250640869e-01 2.310894057154655457e-02
4.808729290962219238e-01 3.799160420894622803e-01 5.898524075746536255e-03
4.186339974403381348e-01 3.484386801719665527e-01 1.378175057470798492e-02
4.872916340827941895e-01 4.070425927639007568e-01 -1.350173726677894592e-02
4.825114011764526367e-01 4.620980620384216309e-01 -4.420372843742370605e-02
3.888933658599853516e-01 4.054984450340270996e-01 3.427274152636528015e-02
4.086671769618988037e-01 4.077637493610382080e-01 1.275113690644502640e-02
4.236449003219604492e-01 4.156130254268646240e-01 2.974835457280278206e-03
4.461846351623535156e-01 4.152100980281829834e-01 -4.969408037140965462e-04
4.630723595619201660e-01 4.098934233188629150e-01 -1.861504162661731243e-03
4.763634502887725830e-01 4.030313491821289062e-01 -3.687895368784666061e-03
5.047578215599060059e-01 3.864054083824157715e-01 -2.287912927567958832e-02
3.890464305877685547e-01 4.413618445396423340e-01 2.997093461453914642e-02
4.089131355285644531e-01 3.443756103515625000e-01 1.892502792179584503e-02
5.040064454078674316e-01 4.835084080696105957e-01 -5.438559129834175110e-02
4.785244762897491455e-01 4.340335428714752197e-01 -1.566888391971588135e-02
3.742876648902893066e-01 3.713683187961578369e-01 1.033229380846023560e-01
4.868748188018798828e-01 3.947449624538421631e-01 -4.350799601525068283e-03
4.701373279094696045e-01 4.688253402709960938e-01 -1.328647695481777191e-02
4.245616793632507324e-01 3.634310364723205566e-01 1.709749363362789154e-02
4.823088943958282471e-01 4.516384899616241455e-01 -3.981147706508636475e-02
3.744251430034637451e-01 4.880567789077758789e-01 1.033360287547111511e-01
4.820986688137054443e-01 3.738814890384674072e-01 8.859698660671710968e-03
4.924730658531188965e-01 4.422951638698577881e-01 -4.996983334422111511e-02
4.051827192306518555e-01 5.767027139663696289e-01 3.370544314384460449e-02
4.026481807231903076e-01 5.961203575134277344e-01 5.285521596670150757e-02
3.756840825080871582e-01 4.442018270492553711e-01 6.964389234781265259e-02
3.927073478698730469e-01 5.520321130752563477e-01 4.682185128331184387e-02
3.895437121391296387e-01 3.401739597320556641e-01 5.660514160990715027e-02
4.482085704803466797e-01 6.366773843765258789e-01 2.058156998828053474e-03
5.044792890548706055e-01 4.878243803977966309e-01 -3.953358903527259827e-02
4.671304225921630859e-01 4.454875886440277100e-01 -1.243248488754034042e-02
3.915356993675231934e-01 3.720875084400177002e-01 3.963976353406906128e-02
4.432096183300018311e-01 3.768163025379180908e-01 5.560879595577716827e-03
4.524143934249877930e-01 3.794997632503509521e-01 3.359003923833370209e-03
4.616031944751739502e-01 5.542351007461547852e-01 -9.054352529346942902e-03
3.896074593067169189e-01 4.757060706615447998e-01 3.265891969203948975e-02
4.674005508422851562e-01 6.630020141601562500e-01 6.490144878625869751e-03
4.328337311744689941e-01 6.363919973373413086e-01 2.614192105829715729e-02
4.185552597045898438e-01 6.199051141738891602e-01 3.770295530557632446e-02
5.231324434280395508e-01 2.802587747573852539e-01 -1.204790268093347549e-02
4.923042654991149902e-01 6.691581606864929199e-01 4.847055766731500626e-03
4.621935188770294189e-01 3.791359066963195801e-01 3.601122181862592697e-03
4.719490706920623779e-01 3.767939507961273193e-01 5.800609942525625229e-03
4.785480797290802002e-01 3.754298686981201172e-01 8.527840487658977509e-03
3.998392820358276367e-01 3.404049873352050781e-01 3.008916787803173065e-02
4.723331928253173828e-01 3.598210811614990234e-01 4.286956042051315308e-03
4.625541567802429199e-01 3.535955548286437988e-01 2.011812990531325340e-03
4.527773559093475342e-01 3.517836630344390869e-01 1.916319830343127251e-03
4.429546892642974854e-01 3.537037968635559082e-01 3.983308561146259308e-03
4.366685450077056885e-01 3.575786650180816650e-01 7.080560550093650818e-03
3.809924721717834473e-01 3.328976333141326904e-01 8.675407618284225464e-02
4.373689293861389160e-01 3.730777800083160400e-01 8.824123069643974304e-03
5.065112709999084473e-01 5.077448487281799316e-01 -3.026638925075531006e-02
4.693712592124938965e-01 5.107591748237609863e-01 -2.182435989379882812e-02
4.833400249481201172e-01 4.759259819984436035e-01 -3.307614102959632874e-02
4.911602139472961426e-01 5.071005225181579590e-01 -3.027150593698024750e-02
5.172600746154785156e-01 3.621663451194763184e-01 -1.743282191455364227e-02
4.187422692775726318e-01 6.001251935958862305e-01 2.388224750757217407e-02
4.326855838298797607e-01 6.184495091438293457e-01 1.365170627832412720e-02
4.683749079704284668e-01 6.509591937065124512e-01 -7.561498321592807770e-03
3.907964229583740234e-01 5.692330598831176758e-01 7.270916551351547241e-02
4.792173504829406738e-01 3.682953119277954102e-01 7.011802401393651962e-03
4.956033229827880859e-01 4.119540452957153320e-01 -2.824461460113525391e-02
4.933158159255981445e-01 6.569623947143554688e-01 -8.946443907916545868e-03
4.485570490360260010e-01 6.513265371322631836e-01 1.402861624956130981e-02
3.775894641876220703e-01 4.823375642299652100e-01 6.694640964269638062e-02
4.831124842166900635e-01 5.534619688987731934e-01 -1.837804540991783142e-02
4.800371825695037842e-01 5.590013265609741211e-01 -2.028753980994224548e-02
4.770595133304595947e-01 5.662993192672729492e-01 -2.252735756337642670e-02
4.746912121772766113e-01 5.744622945785522461e-01 -2.128198929131031036e-02
4.678019285202026367e-01 5.902002453804016113e-01 -1.341680344194173813e-02
4.676733911037445068e-01 5.455453395843505859e-01 -1.145517732948064804e-02
4.650539457798004150e-01 5.442951917648315430e-01 -1.166485063731670380e-02
4.628355801105499268e-01 5.427432656288146973e-01 -1.177957188338041306e-02
4.479435384273529053e-01 5.313339233398437500e-01 -9.868605062365531921e-03
4.058535695075988770e-01 4.863024353981018066e-01 1.108391769230365753e-02
4.962382316589355469e-01 3.954394459724426270e-01 -1.731728762388229370e-02
4.916529059410095215e-01 3.604908287525177002e-01 2.139756921678781509e-03
4.843270778656005859e-01 3.620827198028564453e-01 5.631972569972276688e-03
4.699114263057708740e-01 5.464656352996826172e-01 -1.041354425251483917e-02
4.012098908424377441e-01 5.276324748992919922e-01 2.677667140960693359e-02
5.025302767753601074e-01 3.604506850242614746e-01 -1.123617216944694519e-02
4.598780274391174316e-01 6.043198704719543457e-01 -7.711139041930437088e-03
5.144392848014831543e-01 4.186532199382781982e-01 -4.755632579326629639e-02
5.044534206390380859e-01 4.040412306785583496e-01 -3.470016643404960632e-02
5.152271389961242676e-01 4.019087553024291992e-01 -3.653847798705101013e-02
4.858928024768829346e-01 4.376615285873413086e-01 -2.943114936351776123e-02
4.948191642761230469e-01 6.397523880004882812e-01 -1.433896366506814957e-02
4.963838458061218262e-01 6.199212670326232910e-01 -1.376363448798656464e-02
4.774298965930938721e-01 6.159317493438720703e-01 -1.260459609329700470e-02
4.362752735614776611e-01 5.695358514785766602e-01 1.954686827957630157e-03
4.590472280979156494e-01 4.808283448219299316e-01 -1.138560753315687180e-02
4.463253915309906006e-01 5.890598297119140625e-01 -2.623461186885833740e-03
4.326983094215393066e-01 4.742410480976104736e-01 -8.489828556776046753e-03
4.471704959869384766e-01 4.958882033824920654e-01 -1.070804055780172348e-02
4.212200939655303955e-01 5.006061792373657227e-01 -8.508402970619499683e-04
4.718974232673645020e-01 6.343952417373657227e-01 -1.258463691920042038e-02
4.781470000743865967e-01 4.471869170665740967e-01 -2.219027094542980194e-02
4.248102307319641113e-01 5.813542008399963379e-01 1.175632700324058533e-02
4.381908178329467773e-01 6.016073822975158691e-01 5.376364104449748993e-03
4.295702278614044189e-01 5.470112562179565430e-01 2.580567728728055954e-03
3.911290168762207031e-01 5.052558779716491699e-01 3.616632521152496338e-02
4.143506288528442383e-01 5.482029914855957031e-01 1.277367956936359406e-02
3.822968602180480957e-01 5.182763934135437012e-01 6.138029694557189941e-02
4.368617832660675049e-01 5.167648196220397949e-01 -6.263576913625001907e-03
4.872839152812957764e-01 4.227311313152313232e-01 -2.147725224494934082e-02
4.857844412326812744e-01 4.698527753353118896e-01 -4.656606540083885193e-02
4.785367250442504883e-01 4.743605852127075195e-01 -3.479722142219543457e-02
4.912753701210021973e-01 4.588101208209991455e-01 -5.393086373805999756e-02
4.839899539947509766e-01 3.414245545864105225e-01 -1.607888727448880672e-03
4.661866724491119385e-01 3.265247344970703125e-01 -4.183105658739805222e-03
4.500325322151184082e-01 3.224900662899017334e-01 -4.340768326073884964e-03
4.358752667903900146e-01 3.254570960998535156e-01 -7.888955296948552132e-04
4.252110719680786133e-01 3.336778283119201660e-01 5.273527931421995163e-03
4.150915145874023438e-01 3.663305938243865967e-01 2.132078073918819427e-02
3.758566975593566895e-01 4.078319966793060303e-01 6.828531622886657715e-02
4.215951263904571533e-01 3.922857940196990967e-01 1.204745098948478699e-02
4.328091740608215332e-01 3.985928595066070557e-01 5.930379498749971390e-03
4.481649994850158691e-01 4.004682600498199463e-01 2.166906371712684631e-03
4.631910324096679688e-01 3.980814814567565918e-01 7.909299456514418125e-04
4.754283726215362549e-01 3.931750059127807617e-01 1.732778269797563553e-03
4.841724932193756104e-01 3.881917297840118408e-01 1.659778761677443981e-03
3.721219599246978760e-01 4.082973003387451172e-01 1.100911945104598999e-01
4.781002998352050781e-01 4.794293045997619629e-01 -2.930060774087905884e-02
4.949345886707305908e-01 4.268041849136352539e-01 -3.760868683457374573e-02
4.935217201709747314e-01 4.711497724056243896e-01 -5.479718372225761414e-02
4.985080361366271973e-01 4.804232120513916016e-01 -5.003979802131652832e-02
4.932472705841064453e-01 4.741967320442199707e-01 -4.942236095666885376e-02
4.805462360382080078e-01 4.850399494171142578e-01 -2.537213452160358429e-02
5.005665421485900879e-01 4.820847213268280029e-01 -5.293243750929832458e-02
5.010475516319274902e-01 4.864110946655273438e-01 -3.972732275724411011e-02
4.859463572502136230e-01 3.744806051254272461e-01 7.601120043545961380e-03
4.915406107902526855e-01 3.791428208351135254e-01 1.263117301277816296e-03
4.953413605690002441e-01 3.820565938949584961e-01 -6.232455372810363770e-03
4.330630302429199219e-01 3.607408702373504639e-01 1.061005517840385437e-02
4.254395961761474609e-01 3.506566882133483887e-01 1.077578030526638031e-02
5.236512422561645508e-01 4.224857091903686523e-01 -4.304786399006843567e-02
5.934891700744628906e-01 3.860914707183837891e-01 2.212817035615444183e-02
5.188792943954467773e-01 4.864117205142974854e-01 -3.883515670895576477e-02
6.336832046508789062e-01 3.353799581527709961e-01 8.051043003797531128e-02
5.609764456748962402e-01 3.972511291503906250e-01 8.304610848426818848e-03
5.717241168022155762e-01 4.001294076442718506e-01 9.846115484833717346e-03
5.821393132209777832e-01 4.013298153877258301e-01 1.364884618669748306e-02
5.971010923385620117e-01 3.932640552520751953e-01 2.387676201760768890e-02
5.520860552787780762e-01 3.924403786659240723e-01 9.207932278513908386e-03
5.817796587944030762e-01 3.467575907707214355e-01 6.515325512737035751e-03
5.685588121414184570e-01 3.479469418525695801e-01 5.744969006627798080e-03
5.934301614761352539e-01 3.513286709785461426e-01 1.069440506398677826e-02
6.002845168113708496e-01 3.601977229118347168e-01 1.537681650370359421e-02
6.042659282684326172e-01 4.069167375564575195e-01 2.963483519852161407e-02
5.380215644836425781e-01 6.299045681953430176e-01 1.002367236651480198e-03
5.979641079902648926e-01 3.811749219894409180e-01 2.611478604376316071e-02
6.365249156951904297e-01 4.073388874530792236e-01 8.192168176174163818e-02
6.172092556953430176e-01 3.963292837142944336e-01 4.210363700985908508e-02
5.643236041069030762e-01 4.718803763389587402e-01 -4.327985458076000214e-03
5.171368718147277832e-01 5.338144302368164062e-01 -3.151158243417739868e-02
5.144620537757873535e-01 5.466022491455078125e-01 -2.664896287024021149e-02
5.287477970123291016e-01 5.405303239822387695e-01 -2.406440675258636475e-02
5.358779430389404297e-01 5.471973419189453125e-01 -1.527601666748523712e-02
5.236292481422424316e-01 5.485678315162658691e-01 -2.146797068417072296e-02
5.305064916610717773e-01 5.513978004455566406e-01 -1.341057103127241135e-02
5.496194958686828613e-01 5.777176022529602051e-01 2.228259574621915817e-03
5.198026895523071289e-01 4.767426550388336182e-01 -5.877827852964401245e-02
5.228714346885681152e-01 4.605410993099212646e-01 -6.181966885924339294e-02
6.151441335678100586e-01 3.483204245567321777e-01 2.087893895804882050e-02
5.450917482376098633e-01 4.262805283069610596e-01 -5.606982856988906860e-03
5.433309078216552734e-01 4.777239263057708740e-01 -2.939179539680480957e-02
5.448654294013977051e-01 4.691837131977081299e-01 -2.584261633455753326e-02
5.970861315727233887e-01 4.751156866550445557e-01 1.200738362967967987e-02
5.235075354576110840e-01 4.399892389774322510e-01 -5.443008989095687866e-02
5.924913287162780762e-01 3.251610100269317627e-01 6.417380063794553280e-04
6.065231561660766602e-01 3.332206010818481445e-01 1.031788531690835953e-02
6.259490847587585449e-01 3.045282661914825439e-01 5.856210738420486450e-02
5.431968569755554199e-01 3.374876379966735840e-01 -1.211039070039987564e-02
5.567622184753417969e-01 3.555772006511688232e-01 8.223495446145534515e-03
5.589641332626342773e-01 5.626372098922729492e-01 5.732903722673654556e-03
6.129513382911682129e-01 5.635509490966796875e-01 1.062064021825790405e-01
5.337280035018920898e-01 4.859548807144165039e-01 -2.604940347373485565e-02
5.250389575958251953e-01 4.895796477794647217e-01 -2.794297598302364349e-02
5.441657304763793945e-01 5.586903095245361328e-01 3.710741177201271057e-03
5.412170290946960449e-01 5.580152869224548340e-01 1.008964973152615130e-04
6.126291751861572266e-01 3.241592943668365479e-01 1.623817533254623413e-02
5.425589084625244141e-01 4.857866764068603516e-01 -2.347270213067531586e-02
5.723001956939697266e-01 3.253826498985290527e-01 -7.135002408176660538e-03
5.752431154251098633e-01 3.128519654273986816e-01 -8.913330733776092529e-03
5.876125097274780273e-01 2.604327201843261719e-01 1.388007868081331253e-02
6.192142963409423828e-01 3.168295025825500488e-01 3.429540991783142090e-02
5.803932547569274902e-01 2.875946760177612305e-01 1.775554148480296135e-03
6.215855479240417480e-01 3.432500064373016357e-01 3.114086575806140900e-02
6.276834011077880859e-01 3.423747420310974121e-01 5.414000153541564941e-02
5.160253047943115234e-01 5.411390066146850586e-01 -3.033500351011753082e-02
5.261981487274169922e-01 5.450493097305297852e-01 -2.332069911062717438e-02
5.333395600318908691e-01 5.494757890701293945e-01 -1.534643582999706268e-02
5.307399630546569824e-01 4.888159930706024170e-01 -2.383248880505561829e-02
5.426557064056396484e-01 5.584145784378051758e-01 1.740108244121074677e-03
5.387141704559326172e-01 5.629070401191711426e-01 -5.388077348470687866e-03
5.396371483802795410e-01 5.576018095016479492e-01 -2.603659813757985830e-04
5.301949381828308105e-01 4.787206649780273438e-01 -4.135098680853843689e-02
5.283427238464355469e-01 5.524370670318603516e-01 -1.172898802906274796e-02
5.216389894485473633e-01 5.505059957504272461e-01 -1.718506589531898499e-02
5.132162570953369141e-01 5.496315956115722656e-01 -2.178923599421977997e-02
5.128017663955688477e-01 6.038056612014770508e-01 -1.283707097172737122e-02
5.157313942909240723e-01 5.885024070739746094e-01 -2.284310013055801392e-02
5.153201222419738770e-01 5.785939693450927734e-01 -2.397084608674049377e-02
5.143463611602783203e-01 5.679767131805419922e-01 -2.131544426083564758e-02
5.129154920578002930e-01 5.598015785217285156e-01 -1.970275864005088806e-02
5.281096696853637695e-01 5.583612918853759766e-01 -1.008889172226190567e-02
5.310161709785461426e-01 5.627480745315551758e-01 -1.187776401638984680e-02
5.340412855148315430e-01 5.683518052101135254e-01 -1.363090705126523972e-02
5.365179181098937988e-01 5.741665959358215332e-01 -1.171578839421272278e-02
5.498049259185791016e-01 5.314725637435913086e-01 -1.099251955747604370e-02
6.302578449249267578e-01 4.814581274986267090e-01 1.258369535207748413e-01
5.331022739410400391e-01 5.578167438507080078e-01 -4.241971764713525772e-03
5.359185934066772461e-01 5.602516531944274902e-01 -5.504156462848186493e-03
5.216389298439025879e-01 4.956194758415222168e-01 -2.873038128018379211e-02
5.376768708229064941e-01 4.954160749912261963e-01 -1.611290499567985535e-02
5.232637524604797363e-01 4.926970601081848145e-01 -2.856332436203956604e-02
5.557689666748046875e-01 4.378963112831115723e-01 -1.412009587511420250e-03
5.732163786888122559e-01 4.517515599727630615e-01 2.613304648548364639e-03
5.457111597061157227e-01 4.773769378662109375e-01 -1.961183920502662659e-02
6.119345426559448242e-01 2.790580391883850098e-01 3.482424467802047729e-02
6.045709252357482910e-01 2.980095148086547852e-01 1.722024567425251007e-02
5.971267819404602051e-01 3.134798407554626465e-01 3.140384331345558167e-03
5.401960611343383789e-01 5.883849859237670898e-01 -3.768801223486661911e-03
5.487588644027709961e-01 3.162882924079895020e-01 -1.573444530367851257e-02
5.538850426673889160e-01 2.836735844612121582e-01 -7.837323471903800964e-03
5.597127676010131836e-01 2.497039586305618286e-01 7.349593797698616982e-04
5.913701057434082031e-01 3.993910253047943115e-01 1.903352513909339905e-02
6.146925687789916992e-01 4.213692247867584229e-01 3.607970103621482849e-02
5.462162494659423828e-01 3.877426683902740479e-01 1.068659499287605286e-02
6.091920733451843262e-01 3.709081411361694336e-01 2.570772729814052582e-02
5.384915471076965332e-01 4.139025807380676270e-01 -9.761884808540344238e-03
5.381779670715332031e-01 4.696400463581085205e-01 -4.065011814236640930e-02
6.270843148231506348e-01 4.375103116035461426e-01 4.879054054617881775e-02
6.062104701995849609e-01 4.323393404483795166e-01 2.510842494666576385e-02
5.915796756744384766e-01 4.366434812545776367e-01 1.366480905562639236e-02
5.709550976753234863e-01 4.303646087646484375e-01 7.790694478899240494e-03
5.563294887542724609e-01 4.208860993385314941e-01 4.544523078948259354e-03
5.456749200820922852e-01 4.116161465644836426e-01 1.152962446212768555e-03
5.262882709503173828e-01 3.893358707427978516e-01 -2.133093588054180145e-02
6.228489875793457031e-01 4.727826118469238281e-01 4.451194778084754944e-02
6.171511411666870117e-01 3.708309531211853027e-01 3.185307234525680542e-02
5.150644183158874512e-01 4.849947690963745117e-01 -5.360337719321250916e-02
5.430357456207275391e-01 4.426692724227905273e-01 -1.107445079833269119e-02
6.374084353446960449e-01 4.072307348251342773e-01 1.204048618674278259e-01
5.378954410552978516e-01 4.015708565711975098e-01 -5.869211745448410511e-04
5.462356209754943848e-01 4.788872897624969482e-01 -8.511551655828952789e-03
6.023411154747009277e-01 3.826585710048675537e-01 2.847503311932086945e-02
5.393646955490112305e-01 4.592433273792266846e-01 -3.615336865186691284e-02
6.235913038253784180e-01 5.215423107147216797e-01 1.190521121025085449e-01
5.467294454574584961e-01 3.817373812198638916e-01 1.381776574999094009e-02
5.320149660110473633e-01 4.475756287574768066e-01 -4.735165461897850037e-02
5.882620215415954590e-01 5.996491312980651855e-01 4.441636055707931519e-02
5.865348577499389648e-01 6.187617182731628418e-01 6.433568149805068970e-02
6.320828199386596680e-01 4.783728122711181641e-01 8.514908701181411743e-02
6.030173301696777344e-01 5.792156457901000977e-01 5.937572941184043884e-02
6.323890686035156250e-01 3.726790547370910645e-01 7.145454734563827515e-02
5.394940972328186035e-01 6.469010114669799805e-01 7.190738338977098465e-03
5.130537152290344238e-01 4.889973402023315430e-01 -3.905668109655380249e-02
5.517466068267822266e-01 4.569054543972015381e-01 -6.847247481346130371e-03
6.257982254028320312e-01 4.017569422721862793e-01 5.387119948863983154e-02
5.822689533233642578e-01 3.905629217624664307e-01 1.476130820810794830e-02
5.729941725730895996e-01 3.903437852859497070e-01 1.148405764251947403e-02
5.413082242012023926e-01 5.657185316085815430e-01 -3.467594273388385773e-03
6.175934076309204102e-01 5.062682628631591797e-01 4.682629555463790894e-02
5.172169804573059082e-01 6.682984232902526855e-01 9.477405808866024017e-03
5.532810688018798828e-01 6.496495008468627930e-01 3.353396430611610413e-02
5.689581036567687988e-01 6.372829675674438477e-01 4.705543071031570435e-02
5.639153122901916504e-01 3.881471157073974609e-01 1.050774659961462021e-02
5.553438663482666016e-01 3.850907683372497559e-01 1.169180218130350113e-02
5.495514273643493652e-01 3.834984600543975830e-01 1.381884887814521790e-02
6.245772242546081543e-01 3.697057962417602539e-01 4.391200095415115356e-02
5.582648515701293945e-01 3.699872493743896484e-01 1.038230769336223602e-02
5.684162974357604980e-01 3.648376464843750000e-01 9.175808168947696686e-03
5.782724022865295410e-01 3.642624020576477051e-01 1.022146455943584442e-02
5.875837802886962891e-01 3.678922653198242188e-01 1.336836628615856171e-02
5.929427742958068848e-01 3.732954859733581543e-01 1.714587025344371796e-02
6.373457908630371094e-01 3.678207099437713623e-01 1.032907664775848389e-01
5.887871384620666504e-01 3.888466656208038330e-01 1.871618442237377167e-02
5.407281517982482910e-01 5.203471779823303223e-01 -1.724472641944885254e-02
5.342246294021606445e-01 4.828467369079589844e-01 -2.998485788702964783e-02
5.214387178421020508e-01 5.112051367759704590e-01 -2.837225794792175293e-02
5.721234083175659180e-01 6.185705661773681641e-01 3.256857395172119141e-02
5.565500259399414062e-01 6.327393054962158203e-01 2.046804316341876984e-02
5.184437632560729980e-01 6.565922498703002930e-01 -4.810893908143043518e-03
6.002004742622375488e-01 5.961416363716125488e-01 8.608100563287734985e-02
5.504518747329711914e-01 3.771863579750061035e-01 1.245376747101545334e-02
5.316153764724731445e-01 4.167945086956024170e-01 -2.570354193449020386e-02
5.366656184196472168e-01 6.606298685073852539e-01 1.944823004305362701e-02
6.255292892456054688e-01 5.153073072433471680e-01 8.194550871849060059e-02
5.213590264320373535e-01 5.590991377830505371e-01 -1.520093157887458801e-02
5.240226984024047852e-01 5.657511949539184570e-01 -1.701865904033184052e-02
5.263160467147827148e-01 5.741694569587707520e-01 -1.910418085753917694e-02
5.279090404510498047e-01 5.833576917648315430e-01 -1.776943355798721313e-02
5.280733108520507812e-01 5.977255702018737793e-01 -9.585740044713020325e-03
5.358437299728393555e-01 5.544762611389160156e-01 -6.187707185745239258e-03
5.385098457336425781e-01 5.539181232452392578e-01 -5.887630395591259003e-03
5.408945083618164062e-01 5.529145002365112305e-01 -5.689864512532949448e-03
5.561273097991943359e-01 5.460740923881530762e-01 -2.553091151639819145e-03
6.020630598068237305e-01 5.127139091491699219e-01 2.318886667490005493e-02
5.323160290718078613e-01 4.003661572933197021e-01 -1.474091038107872009e-02
5.398213267326354980e-01 3.674665987491607666e-01 5.428445991128683090e-03
5.461844801902770996e-01 3.699880540370941162e-01 1.035726163536310196e-02
5.334795117378234863e-01 5.547748804092407227e-01 -5.208276212215423584e-03
5.996661186218261719e-01 5.538176894187927246e-01 3.883866220712661743e-02
5.301082134246826172e-01 3.656988739967346191e-01 -9.168926626443862915e-03
5.335187315940856934e-01 6.131534576416015625e-01 -3.547800239175558090e-03
5.250939726829528809e-01 4.067795872688293457e-01 -3.335342928767204285e-02
5.369393229484558105e-01 4.445777833461761475e-01 -2.606916241347789764e-02
5.153219103813171387e-01 6.204673051834106445e-01 -1.066853385418653488e-02
5.605821013450622559e-01 5.854836702346801758e-01 9.338492527604103088e-03
5.543519854545593262e-01 4.935387372970581055e-01 -5.516618024557828903e-03
5.482650995254516602e-01 6.016187071800231934e-01 3.147531533613801003e-03
5.797857642173767090e-01 4.942008554935455322e-01 5.529971094802021980e-04
5.630050897598266602e-01 5.115221738815307617e-01 -3.464350476861000061e-03
5.860336422920227051e-01 5.227637290954589844e-01 9.319890290498733521e-03
5.178519487380981445e-01 6.398329138755798340e-01 -1.006479561328887939e-02
5.421419143676757812e-01 4.556558430194854736e-01 -1.800534315407276154e-02
5.696096420288085938e-01 5.993002653121948242e-01 2.005579881370067596e-02
5.542129278182983398e-01 6.155292987823486328e-01 1.175463106483221054e-02
5.706599950790405273e-01 5.657367110252380371e-01 1.152603980153799057e-02
6.118561625480651855e-01 5.346465706825256348e-01 4.966156929731369019e-02
5.846645832061767578e-01 5.703067183494567871e-01 2.300221845507621765e-02
6.167013049125671387e-01 5.492491722106933594e-01 7.575120031833648682e-02
5.689852833747863770e-01 5.346574783325195312e-01 2.140152733772993088e-03
5.370709896087646484e-01 4.294716715812683105e-01 -1.782722026109695435e-02
5.339298844337463379e-01 4.763693511486053467e-01 -4.335411265492439270e-02
5.392161011695861816e-01 4.825035631656646729e-01 -3.111791610717773438e-02
5.312745571136474609e-01 4.642271697521209717e-01 -5.152200907468795776e-02
5.503654479980468750e-01 3.509533405303955078e-01 2.860347973182797432e-03
5.697441697120666504e-01 3.398793637752532959e-01 2.258350839838385582e-03
5.860933065414428711e-01 3.390078544616699219e-01 4.108370747417211533e-03
5.986848473548889160e-01 3.447521924972534180e-01 9.380720555782318115e-03
6.065431833267211914e-01 3.550831079483032227e-01 1.659826561808586121e-02
6.085007190704345703e-01 3.893096446990966797e-01 3.338763117790222168e-02
6.359982490539550781e-01 4.426310956478118896e-01 8.423493802547454834e-02
5.978974103927612305e-01 4.133010506629943848e-01 2.325719781219959259e-02
5.861819386482238770e-01 4.168692231178283691e-01 1.576008833944797516e-02
5.717698931694030762e-01 4.141603708267211914e-01 1.035061758011579514e-02
5.584521889686584473e-01 4.081400930881500244e-01 7.346242200583219528e-03
5.483134388923645020e-01 4.015026986598968506e-01 6.714353337883949280e-03
5.413911938667297363e-01 3.952780961990356445e-01 5.728262942284345627e-03
6.341791749000549316e-01 4.440682828426361084e-01 1.271282583475112915e-01
5.382174849510192871e-01 4.873903989791870117e-01 -2.568199113011360168e-02
5.309916138648986816e-01 4.316501021385192871e-01 -3.498934954404830933e-02
5.271186232566833496e-01 4.756786525249481201e-01 -5.275856703519821167e-02
5.202273726463317871e-01 4.833993315696716309e-01 -4.884582012891769409e-02
5.262724757194519043e-01 4.787713885307312012e-01 -4.731586575508117676e-02
5.346309542655944824e-01 4.921247959136962891e-01 -2.229782938957214355e-02
5.183671712875366211e-01 4.844864606857299805e-01 -5.195714533329010010e-02
5.163991451263427734e-01 4.884604215621948242e-01 -3.892439603805541992e-02
5.426654815673828125e-01 3.817867040634155273e-01 1.179210748523473740e-02
5.364496111869812012e-01 3.852345347404479980e-01 4.515840671956539154e-03
5.325838327407836914e-01 3.876483738422393799e-01 -3.573635360226035118e-03
5.958213806152343750e-01 3.775189816951751709e-01 2.106557786464691162e-02
6.038287878036499023e-01 3.702921271324157715e-01 2.189804613590240479e-02
4.523097276687622070e-01 3.640805482864379883e-01 6.780855357646942139e-03
4.634830355644226074e-01 3.648027777671813965e-01 6.780855357646942139e-03
4.530071914196014404e-01 3.495371937751770020e-01 6.780855357646942139e-03
4.408753812313079834e-01 3.633530139923095703e-01 6.780855357646942139e-03
4.515102505683898926e-01 3.784770965576171875e-01 6.780855357646942139e-03
5.756862163543701172e-01 3.777427375316619873e-01 1.480336394160985947e-02
5.873416066169738770e-01 3.791187703609466553e-01 1.480336394160985947e-02
5.767257213592529297e-01 3.620929718017578125e-01 1.480336394160985947e-02
5.639615654945373535e-01 3.762773871421813965e-01 1.480336394160985947e-02
5.746675729751586914e-01 3.933912515640258789e-01 1.480336394160985947e-02
