5.069053769111633301e-01 5.153523683547973633e-01 -3.881606087088584900e-02
5.122560858726501465e-01 4.623694121837615967e-01 -6.224185600876808167e-02
5.096739530563354492e-01 4.814904332160949707e-01 -3.559308126568794250e-02
5.059333443641662598e-01 4.082351922988891602e-01 -4.357098415493965149e-02
5.137387514114379883e-01 4.451811611652374268e-01 -6.490965932607650757e-02
5.149934887886047363e-01 4.240113794803619385e-01 -5.869405716657638550e-02
5.175127983093261719e-01 3.736088871955871582e-01 -2.275387383997440338e-02
4.353034496307373047e-01 3.605617284774780273e-01 1.528899185359477997e-02
5.202733278274536133e-01 3.293908834457397461e-01 -1.109640672802925110e-02
5.219343304634094238e-01 3.068232536315917969e-01 -1.095089130103588104e-02
5.261542797088623047e-01 2.365441322326660156e-01 8.486234582960605621e-03
5.067353248596191406e-01 5.195387601852416992e-01 -3.798817470669746399e-02
5.064330697059631348e-01 5.236480236053466797e-01 -3.479082882404327393e-02
5.062642097473144531e-01 5.261371135711669922e-01 -3.031535446643829346e-02
5.038911104202270508e-01 5.712510347366333008e-01 -2.593136020004749298e-02
5.039574503898620605e-01 5.761588215827941895e-01 -2.832728065550327301e-02
5.037008523941040039e-01 5.824115276336669922e-01 -3.099737130105495453e-02
5.033253431320190430e-01 5.895112156867980957e-01 -2.935369499027729034e-02
4.995596110820770264e-01 5.998895168304443359e-01 -1.942681707441806793e-02
5.111032724380493164e-01 4.718386530876159668e-01 -5.705042555928230286e-02
5.003661513328552246e-01 4.712541699409484863e-01 -4.258956387639045715e-02
3.926510214805603027e-01 2.993169128894805908e-01 7.226309180259704590e-02
4.648209810256958008e-01 3.782060146331787109e-01 4.678496159613132477e-03
4.533295631408691406e-01 3.788627386093139648e-01 4.680582787841558456e-03
4.425941705703735352e-01 3.767550587654113770e-01 7.202899083495140076e-03
4.292672276496887207e-01 3.657061755657196045e-01 1.605499349534511566e-02
4.752933681011199951e-01 3.742813467979431152e-01 7.200093474239110947e-03
4.547123014926910400e-01 3.236543536186218262e-01 2.809329191222786903e-03
4.672343134880065918e-01 3.273741602897644043e-01 4.102950915694236755e-03
4.422348439693450928e-01 3.254514932632446289e-01 5.479216109961271286e-03
4.333192110061645508e-01 3.322463631629943848e-01 9.200373664498329163e-03
4.176914691925048828e-01 3.754365444183349609e-01 2.035855129361152649e-02
4.534938931465148926e-01 6.140732169151306152e-01 -1.084374170750379562e-02
4.316822886466979980e-01 3.552399575710296631e-01 1.905474439263343811e-02
3.814726471900939941e-01 3.690711259841918945e-01 6.925908476114273071e-02
4.051296710968017578e-01 3.611336350440979004e-01 3.215828910470008850e-02
4.529598057270050049e-01 4.463577568531036377e-01 -1.266279723495244980e-02
4.906862378120422363e-01 5.112763047218322754e-01 -3.801754117012023926e-02
4.917421340942382812e-01 5.221004486083984375e-01 -3.392381593585014343e-02
4.742936193943023682e-01 5.162293314933776855e-01 -3.250747919082641602e-02
4.633823037147521973e-01 5.231992006301879883e-01 -2.452183887362480164e-02
4.790048003196716309e-01 5.238928794860839844e-01 -2.992522530257701874e-02
4.691171944141387939e-01 5.279240608215332031e-01 -2.236577868461608887e-02
4.484640955924987793e-01 5.569401979446411133e-01 -8.383301086723804474e-03
5.028390288352966309e-01 4.608758389949798584e-01 -6.171987205743789673e-02
5.026739835739135742e-01 4.442920088768005371e-01 -6.415558606386184692e-02
4.184809923171997070e-01 3.124785423278808594e-01 1.398636028170585632e-02
4.793654382228851318e-01 4.078294336795806885e-01 -8.974382653832435608e-03
4.759628772735595703e-01 4.565297067165374756e-01 -3.577125445008277893e-02
4.752137959003448486e-01 4.481405317783355713e-01 -3.191434219479560852e-02
4.179287850856781006e-01 4.411235749721527100e-01 -5.913872155360877514e-04
5.043899416923522949e-01 4.246953725814819336e-01 -5.604190379381179810e-02
4.483827650547027588e-01 2.931120991706848145e-01 -1.724312547594308853e-03
4.315712749958038330e-01 2.991076111793518066e-01 5.538320634514093399e-03
4.080555140972137451e-01 2.703747749328613281e-01 5.382482707500457764e-02
4.974372684955596924e-01 3.146468400955200195e-01 -9.161093272268772125e-03
4.775971770286560059e-01 3.368324637413024902e-01 7.656455505639314651e-03
4.420416653156280518e-01 5.376244783401489258e-01 -6.166002713143825531e-03
3.818023204803466797e-01 5.297999382019042969e-01 8.422614634037017822e-02
4.838154315948486328e-01 4.670396149158477783e-01 -3.150480613112449646e-02
4.923470616340637207e-01 4.730257987976074219e-01 -3.231540322303771973e-02
4.517315328121185303e-01 5.409393906593322754e-01 -6.788513623178005219e-03
4.551569223403930664e-01 5.411196947097778320e-01 -9.470044635236263275e-03
4.259732663631439209e-01 2.880476117134094238e-01 1.167043857276439667e-02
4.744835197925567627e-01 4.648131430149078369e-01 -3.016873076558113098e-02
4.696007668972015381e-01 2.963251471519470215e-01 -6.768486462533473969e-03
4.691973328590393066e-01 2.829384803771972656e-01 -7.854788564145565033e-03
4.592727720737457275e-01 2.360185086727142334e-01 1.720643602311611176e-02
4.163852334022521973e-01 2.839522361755371094e-01 3.014191426336765289e-02
4.644227027893066406e-01 2.639696896076202393e-01 4.503438249230384827e-03
4.115589559078216553e-01 3.056236505508422852e-01 2.410181425511837006e-02
4.016736745834350586e-01 3.074433803558349609e-01 4.717009887099266052e-02
4.908432662487030029e-01 5.170395970344543457e-01 -3.726986423134803772e-02
4.765535593032836914e-01 5.204784274101257324e-01 -3.177239745855331421e-02
4.661374092102050781e-01 5.257798433303833008e-01 -2.440566569566726685e-02
4.861063361167907715e-01 4.707436561584472656e-01 -2.897177636623382568e-02
4.534313678741455078e-01 5.410914421081542969e-01 -8.147864602506160736e-03
4.580165147781372070e-01 5.516123175621032715e-01 -1.413211412727832794e-02
4.566604197025299072e-01 5.410504937171936035e-01 -9.637047536671161652e-03
4.900807440280914307e-01 4.605638384819030762e-01 -4.632360115647315979e-02
4.714918732643127441e-01 5.287506580352783203e-01 -2.085905522108078003e-02
4.811588525772094727e-01 5.255998373031616211e-01 -2.598967403173446655e-02
4.928176701068878174e-01 5.247697234153747559e-01 -2.973111160099506378e-02
4.831872582435607910e-01 5.964571237564086914e-01 -1.977244019508361816e-02
4.861960113048553467e-01 5.850466489791870117e-01 -2.937404625117778778e-02
4.873308837413787842e-01 5.782133340835571289e-01 -3.045902587473392487e-02
4.886320531368255615e-01 5.723032951354980469e-01 -2.757751755416393280e-02
4.900470376014709473e-01 5.679940581321716309e-01 -2.528545632958412170e-02
4.699918627738952637e-01 5.572118163108825684e-01 -1.746207475662231445e-02
4.675990343093872070e-01 5.583839416503906250e-01 -1.954438537359237671e-02
4.644595086574554443e-01 5.607410669326782227e-01 -2.162849716842174530e-02
4.619503021240234375e-01 5.640559792518615723e-01 -2.005811221897602081e-02
4.578309357166290283e-01 5.078017115592956543e-01 -2.031280472874641418e-02
3.729484379291534424e-01 4.441283643245697021e-01 1.070788651704788208e-01
5.103365778923034668e-01 4.764133393764495850e-01 -4.291073232889175415e-02
4.635487794876098633e-01 5.510115623474121094e-01 -1.248548831790685654e-02
4.607729315757751465e-01 5.510435700416564941e-01 -1.393456477671861649e-02
4.950229525566101074e-01 4.798402190208435059e-01 -3.356097638607025146e-02
4.771074950695037842e-01 4.756389558315277100e-01 -2.239752002060413361e-02
4.937705993652343750e-01 4.765073359012603760e-01 -3.310305625200271606e-02
4.661414921283721924e-01 4.161216318607330322e-01 -7.023604586720466614e-03
4.463701248168945312e-01 4.245665371417999268e-01 -5.713031627237796783e-03
4.723777174949645996e-01 4.560725986957550049e-01 -2.622682787477970123e-02
4.292394518852233887e-01 2.483412474393844604e-01 3.393372148275375366e-02
4.363012313842773438e-01 2.685676515102386475e-01 1.623227447271347046e-02
4.454190731048583984e-01 2.804895639419555664e-01 1.290137530304491520e-03
4.566112458705902100e-01 5.716499090194702148e-01 -1.344880368560552597e-02
4.964544177055358887e-01 2.915555238723754883e-01 -1.162965875118970871e-02
4.926543235778808594e-01 2.669344544410705566e-01 -1.500557758845388889e-03
4.904238879680633545e-01 2.330188304185867310e-01 8.473076857626438141e-03
4.338246881961822510e-01 3.725101351737976074e-01 1.164713688194751740e-02
4.034955501556396484e-01 3.861974775791168213e-01 2.494029887020587921e-02
4.825114607810974121e-01 3.699410855770111084e-01 9.515780024230480194e-03
4.204846620559692383e-01 3.390177488327026367e-01 1.815351471304893494e-02
4.886297285556793213e-01 3.975625932216644287e-01 -1.161813177168369293e-02
4.836062192916870117e-01 4.496198594570159912e-01 -4.582744091749191284e-02
3.902970254421234131e-01 3.991076648235321045e-01 3.518070653080940247e-02
4.110326766967773438e-01 3.985317349433898926e-01 1.390012167394161224e-02
4.261216819286346436e-01 4.060607552528381348e-01 3.971136175096035004e-03
4.487383365631103516e-01 4.053202867507934570e-01 6.704505067318677902e-04
4.655074477195739746e-01 3.998614251613616943e-01 -2.343264932278543711e-04
4.787622690200805664e-01 3.930145204067230225e-01 -1.548810629174113274e-03
5.062476396560668945e-01 3.763709664344787598e-01 -1.956304721534252167e-02
3.899923563003540039e-01 4.339149594306945801e-01 2.883967570960521698e-02
4.109965860843658447e-01 3.353297114372253418e-01 2.351004444062709808e-02
5.055477023124694824e-01 4.705625772476196289e-01 -5.679264292120933533e-02
4.794240891933441162e-01 4.237157106399536133e-01 -1.550920773297548294e-02
3.755730390548706055e-01 3.696058690547943115e-01 1.058327704668045044e-01
4.892683029174804688e-01 3.846258521080017090e-01 -1.636094879359006882e-03
4.705965518951416016e-01 4.576485157012939453e-01 -1.513630058616399765e-02
4.259643852710723877e-01 3.544200658798217773e-01 2.078455314040184021e-02
4.833530187606811523e-01 4.396012723445892334e-01 -4.087508842349052429e-02
3.753410279750823975e-01 4.853371381759643555e-01 9.859518706798553467e-02
4.835742115974426270e-01 3.641555309295654297e-01 1.294683199375867844e-02
4.938253462314605713e-01 4.300393164157867432e-01 -5.049387738108634949e-02
4.065840840339660645e-01 5.706496238708496094e-01 2.677562274038791656e-02
4.037832021713256836e-01 5.918943881988525391e-01 4.403156042098999023e-02
3.768032193183898926e-01 4.392614066600799561e-01 6.798642873764038086e-02
3.939484953880310059e-01 5.465118288993835449e-01 4.013021290302276611e-02
3.911409378051757812e-01 3.360818028450012207e-01 6.170741096138954163e-02
4.492875337600708008e-01 6.310845613479614258e-01 -6.472031585872173309e-03
5.060327649116516113e-01 4.753010869026184082e-01 -4.237391054630279541e-02
4.678591787815093994e-01 4.351299405097961426e-01 -1.302902866154909134e-02
3.938938081264495850e-01 3.642094731330871582e-01 4.261414334177970886e-02
4.452806711196899414e-01 3.674883544445037842e-01 8.946484886109828949e-03
4.545229971408843994e-01 3.698582351207733154e-01 6.784517318010330200e-03
4.554725885391235352e-01 5.527498126029968262e-01 -1.272602379322052002e-02
3.902217447757720947e-01 4.682913124561309814e-01 2.950744703412055969e-02
4.687004685401916504e-01 6.580752134323120117e-01 -3.509694011881947517e-03
4.336998760700225830e-01 6.314506530761718750e-01 1.696066372096538544e-02
4.195445775985717773e-01 6.151528358459472656e-01 2.880439534783363342e-02
5.241217613220214844e-01 2.721366882324218750e-01 -1.852782210335135460e-03
4.942220747470855713e-01 6.643546819686889648e-01 -5.069223232567310333e-03
4.640923440456390381e-01 3.694611787796020508e-01 7.188171613961458206e-03
4.735345840454101562e-01 3.671895861625671387e-01 9.558033198118209839e-03
4.800032377243041992e-01 3.656900525093078613e-01 1.250070054084062576e-02
4.019717872142791748e-01 3.322294354438781738e-01 3.482984751462936401e-02
4.740989804267883301e-01 3.527966439723968506e-01 8.802260272204875946e-03
4.644297063350677490e-01 3.477667570114135742e-01 6.552165374159812927e-03
4.549030065536499023e-01 3.460541665554046631e-01 6.358814425766468048e-03
4.452050328254699707e-01 3.472623527050018311e-01 8.249072358012199402e-03
4.387486279010772705e-01 3.502320945262908936e-01 1.117197889834642410e-02
3.822767734527587891e-01 3.307513594627380371e-01 9.181286394596099854e-02
4.393267631530761719e-01 3.640998601913452148e-01 1.223715674132108688e-02
5.085143446922302246e-01 4.950544834136962891e-01 -3.387336805462837219e-02
4.698187112808227539e-01 4.989256560802459717e-01 -2.535485662519931793e-02
4.842155873775482178e-01 4.636875092983245850e-01 -3.513248637318611145e-02
4.924505054950714111e-01 4.944706261157989502e-01 -3.387860953807830811e-02
5.186032652854919434e-01 3.527012467384338379e-01 -1.262745819985866547e-02
4.200032651424407959e-01 5.941039323806762695e-01 1.650332286953926086e-02
4.338333010673522949e-01 6.125320792198181152e-01 5.645572673529386520e-03
4.697921276092529297e-01 6.457169055938720703e-01 -1.641035079956054688e-02
3.919301033020019531e-01 5.658433437347412109e-01 6.424750387668609619e-02
4.808044731616973877e-01 3.595660328865051270e-01 1.133712194859981537e-02
4.969800412654876709e-01 4.013693630695343018e-01 -2.658946439623832703e-02
4.953209757804870605e-01 6.518933176994323730e-01 -1.772594638168811798e-02
4.495036005973815918e-01 6.463001966476440430e-01 4.423192236572504044e-03
3.783725202083587646e-01 4.772551059722900391e-01 6.314621120691299438e-02
4.788889288902282715e-01 5.630875229835510254e-01 -2.190633490681648254e-02
4.764840900897979736e-01 5.657834410667419434e-01 -2.418990060687065125e-02
4.741161763668060303e-01 5.702822804450988770e-01 -2.649830281734466553e-02
4.723094701766967773e-01 5.761161446571350098e-01 -2.536426857113838196e-02
4.677735567092895508e-01 5.856642723083496094e-01 -1.818840764462947845e-02
4.610281288623809814e-01 5.334953069686889648e-01 -1.540597621351480484e-02
4.581553041934967041e-01 5.324507951736450195e-01 -1.548211090266704559e-02
4.557434618473052979e-01 5.308132767677307129e-01 -1.552396267652511597e-02
4.482815861701965332e-01 5.209165811538696289e-01 -1.325981598347425461e-02
4.066286981105804443e-01 4.775184094905853271e-01 7.890653796494007111e-03
4.976832270622253418e-01 3.857181072235107422e-01 -1.467238366603851318e-02
4.936090409755706787e-01 3.504249155521392822e-01 6.869345437735319138e-03
4.860813021659851074e-01 3.525148034095764160e-01 1.029013376682996750e-02
4.633664786815643311e-01 5.335568785667419434e-01 -1.460225973278284073e-02
4.021396338939666748e-01 5.202656388282775879e-01 2.167229913175106049e-02
5.049688220024108887e-01 3.498687446117401123e-01 -6.587786599993705750e-03
4.603837430477142334e-01 5.987360477447509766e-01 -1.356678083539009094e-02
5.158478617668151855e-01 4.068288803100585938e-01 -4.638269916176795959e-02
5.059351325035095215e-01 3.931744694709777832e-01 -3.235610574483871460e-02
5.166276097297668457e-01 3.909121751785278320e-01 -3.402409702539443970e-02
4.869583249092102051e-01 4.264781475067138672e-01 -2.944198623299598694e-02
4.968789219856262207e-01 6.346999406814575195e-01 -2.180403470993041992e-02
4.983674883842468262e-01 6.155967116355895996e-01 -2.016225084662437439e-02
4.784408211708068848e-01 6.113176345825195312e-01 -1.895746774971485138e-02
4.371632933616638184e-01 5.617438554763793945e-01 -2.910295967012643814e-03
4.597238600254058838e-01 4.700851440429687500e-01 -1.356923393905162811e-02
4.468668699264526367e-01 5.823416113853454590e-01 -7.970570586621761322e-03
4.336890578269958496e-01 4.642198979854583740e-01 -1.060599647462368011e-02
4.480844140052795410e-01 4.855040907859802246e-01 -1.328909303992986679e-02
4.224051237106323242e-01 4.910904467105865479e-01 -4.019535146653652191e-03
4.731932282447814941e-01 6.291368007659912109e-01 -2.010839246213436127e-02
4.788974523544311523e-01 4.361206293106079102e-01 -2.284568920731544495e-02
4.259398579597473145e-01 5.742268562316894531e-01 5.710112862288951874e-03
4.390970766544342041e-01 5.950317382812500000e-01 -1.338886213488876820e-03
4.306776821613311768e-01 5.381076335906982422e-01 -1.909880083985626698e-03
3.917554616928100586e-01 4.982852339744567871e-01 3.156840056180953979e-02
4.155089855194091797e-01 5.402907133102416992e-01 7.753547746688127518e-03
3.832348585128784180e-01 5.131949782371520996e-01 5.569469928741455078e-02
4.379299283027648926e-01 5.065925121307373047e-01 -9.489039890468120575e-03
4.884456396102905273e-01 4.123511314392089844e-01 -2.058986201882362366e-02
4.868837296962738037e-01 4.572276473045349121e-01 -4.839430749416351318e-02
4.793717265129089355e-01 4.620874226093292236e-01 -3.707832843065261841e-02
4.926247000694274902e-01 4.459166228771209717e-01 -5.534143000841140747e-02
4.858983159065246582e-01 3.306104838848114014e-01 3.922298084944486618e-03
4.683313965797424316e-01 3.158158063888549805e-01 1.627110992558300495e-03
4.523462057113647461e-01 3.119341135025024414e-01 1.298325951211154461e-03
4.381612539291381836e-01 3.151009976863861084e-01 4.494617693126201630e-03
4.273136854171752930e-01 3.235735893249511719e-01 1.029101014137268066e-02
4.167298376560211182e-01 3.576200604438781738e-01 2.480400726199150085e-02
3.773743510246276855e-01 4.034196734428405762e-01 6.884159147739410400e-02
4.235234260559082031e-01 3.831687569618225098e-01 1.426942832767963409e-02
4.349917769432067871e-01 3.892225325107574463e-01 8.071295917034149170e-03
4.503838419914245605e-01 3.907406330108642578e-01 4.322051070630550385e-03
4.653051793575286865e-01 3.881944119930267334e-01 3.245247760787606239e-03
4.774652421474456787e-01 3.833168745040893555e-01 4.541056696325540543e-03
4.861985445022583008e-01 3.783332109451293945e-01 4.753658082336187363e-03
3.733814656734466553e-01 4.064822793006896973e-01 1.102818250656127930e-01
4.788827896118164062e-01 4.673602581024169922e-01 -3.176932036876678467e-02
4.962656199932098389e-01 4.153909087181091309e-01 -3.705623373389244080e-02
4.948902726173400879e-01 4.581512212753295898e-01 -5.667476356029510498e-02
5.000602006912231445e-01 4.677633345127105713e-01 -5.236902832984924316e-02
4.945831000804901123e-01 4.615056812763214111e-01 -5.141620710492134094e-02
4.812597334384918213e-01 4.731591343879699707e-01 -2.806467376649379730e-02
5.021061301231384277e-01 4.692481756210327148e-01 -5.533599853515625000e-02
5.025995969772338867e-01 4.739504456520080566e-01 -4.243898019194602966e-02
4.875790774822235107e-01 3.644572496414184570e-01 1.155460067093372345e-02
4.935840666294097900e-01 3.691636621952056885e-01 4.977592732757329941e-03
4.977062940597534180e-01 3.718972802162170410e-01 -2.842514077201485634e-03
4.348731040954589844e-01 3.527932167053222656e-01 1.453180518001317978e-02
4.271528720855712891e-01 3.412477970123291016e-01 1.488388516008853912e-02
5.250905752182006836e-01 4.107737839221954346e-01 -4.190897196531295776e-02
5.952866673469543457e-01 3.799230158329010010e-01 2.686480060219764709e-02
5.204077959060668945e-01 4.739578962326049805e-01 -4.132221266627311707e-02
6.346523165702819824e-01 3.325783610343933105e-01 9.016225486993789673e-02
5.632906556129455566e-01 3.888929784297943115e-01 1.222638227045536041e-02
5.741326212882995605e-01 3.922863900661468506e-01 1.375678367912769318e-02
5.845561027526855469e-01 3.937130868434906006e-01 1.761538162827491760e-02
5.992690324783325195e-01 3.869553506374359131e-01 2.825686149299144745e-02
5.540378093719482422e-01 3.835065960884094238e-01 1.319095585495233536e-02
5.832889676094055176e-01 3.406917750835418701e-01 1.220045238733291626e-02
5.700696706771850586e-01 3.415992856025695801e-01 1.152385305613279343e-02
5.951197743415832520e-01 3.450583517551422119e-01 1.630377955734729767e-02
6.022396087646484375e-01 3.537076413631439209e-01 2.089344337582588196e-02
6.068601608276367188e-01 3.996632993221282959e-01 3.354115784168243408e-02
5.412857532501220703e-01 6.239711046218872070e-01 -5.658711772412061691e-03
5.996882915496826172e-01 3.756817281246185303e-01 3.114373050630092621e-02
6.377832889556884766e-01 4.034291803836822510e-01 8.686895668506622314e-02
6.193584799766540527e-01 3.891884386539459229e-01 4.686276242136955261e-02
5.670240521430969238e-01 4.615492820739746094e-01 -4.981952719390392303e-03
5.227164626121520996e-01 5.147824287414550781e-01 -3.608927130699157715e-02
5.202442407608032227e-01 5.253195762634277344e-01 -3.216260671615600586e-02
5.372791886329650879e-01 5.227278470993041992e-01 -2.849703095853328705e-02
5.461555123329162598e-01 5.321429967880249023e-01 -1.906460337340831757e-02
5.315934419631958008e-01 5.294736027717590332e-01 -2.651446312665939331e-02
5.398547649383544922e-01 5.356602668762207031e-01 -1.776928268373012543e-02
5.542930960655212402e-01 5.699225664138793945e-01 -1.542884157970547676e-03
5.213844776153564453e-01 4.634066522121429443e-01 -6.064620614051818848e-02
5.244480967521667480e-01 4.472001791000366211e-01 -6.290876120328903198e-02
6.174116134643554688e-01 3.402043581008911133e-01 2.778715267777442932e-02
5.469289422035217285e-01 4.168099761009216309e-01 -3.878730116412043571e-03
5.459057688713073730e-01 4.656995236873626709e-01 -3.103315457701683044e-02
5.474484562873840332e-01 4.574998915195465088e-01 -2.703290991485118866e-02
5.999822020530700684e-01 4.654056131839752197e-01 1.190757006406784058e-02
5.249852538108825684e-01 4.273746907711029053e-01 -5.441959574818611145e-02
5.939580798149108887e-01 3.176510930061340332e-01 8.144429884850978851e-03
6.084254980087280273e-01 3.252156376838684082e-01 1.768757402896881104e-02
6.268891692161560059e-01 3.007160425186157227e-01 6.979542225599288940e-02
5.440472960472106934e-01 3.300765156745910645e-01 -5.761167034506797791e-03
5.582069158554077148e-01 3.484145998954772949e-01 1.372277271002531052e-02
5.635653734207153320e-01 5.530749559402465820e-01 2.231743186712265015e-03
6.147146224975585938e-01 5.606147050857543945e-01 1.013831123709678650e-01
5.361580252647399902e-01 4.739463031291961670e-01 -2.814640849828720093e-02
5.271152257919311523e-01 4.775762259960174561e-01 -3.062629513442516327e-02
5.538201332092285156e-01 5.532881021499633789e-01 4.392806731630116701e-04
5.505000948905944824e-01 5.525351762771606445e-01 -3.075680229812860489e-03
6.143912672996520996e-01 3.157060742378234863e-01 2.443209849298000336e-02
5.453404784202575684e-01 4.739932715892791748e-01 -2.553507126867771149e-02
5.733475089073181152e-01 3.183789551258087158e-01 -1.875619273050688207e-05
5.760653018951416016e-01 3.055689930915832520e-01 -9.575303411111235619e-04
5.881626605987548828e-01 2.544326186180114746e-01 2.648104168474674225e-02
6.202586889266967773e-01 3.112084865570068359e-01 4.404138028621673584e-02
5.811958909034729004e-01 2.800014615058898926e-01 1.231806445866823196e-02
6.236336827278137207e-01 3.350061774253845215e-01 3.871553018689155579e-02
6.286941170692443848e-01 3.377701938152313232e-01 6.288804858922958374e-02
5.218108892440795898e-01 5.205886363983154297e-01 -3.533195331692695618e-02
5.344046354293823242e-01 5.266791582107543945e-01 -2.805175818502902985e-02
5.431825518608093262e-01 5.341696143150329590e-01 -1.943729259073734283e-02
5.331421494483947754e-01 4.768691062927246094e-01 -2.612080238759517670e-02
5.521054863929748535e-01 5.529914498329162598e-01 -1.476637669838964939e-03
5.475254654884338379e-01 5.626261830329895020e-01 -8.479163981974124908e-03
5.489103198051452637e-01 5.519917011260986328e-01 -3.424230264499783516e-03
5.321246385574340820e-01 4.663216471672058105e-01 -4.305805265903472900e-02
5.372833013534545898e-01 5.357512235641479492e-01 -1.647972874343395233e-02
5.291119813919067383e-01 5.305664539337158203e-01 -2.276315540075302124e-02
5.188077688217163086e-01 5.275764465332031250e-01 -2.791290357708930969e-02
5.159773826599121094e-01 6.004173159599304199e-01 -1.810140162706375122e-02
5.197350978851318359e-01 5.894979238510131836e-01 -2.752178162336349487e-02
5.194167494773864746e-01 5.822688341140747070e-01 -2.854952402412891388e-02
5.184580683708190918e-01 5.759845376014709473e-01 -2.567333355545997620e-02
5.169887542724609375e-01 5.712649822235107422e-01 -2.347057498991489410e-02
5.357216596603393555e-01 5.651382803916931152e-01 -1.308930665254592896e-02
5.383055210113525391e-01 5.671795606613159180e-01 -1.516085490584373474e-02
5.413544178009033203e-01 5.705591440200805664e-01 -1.703231409192085266e-02
5.436230301856994629e-01 5.746994614601135254e-01 -1.515368651598691940e-02
5.540969371795654297e-01 5.202113986015319824e-01 -1.394957769662141800e-02
6.316002607345581055e-01 4.791572093963623047e-01 1.260867416858673096e-01
5.417638421058654785e-01 5.604123473167419434e-01 -7.021658122539520264e-03
5.447582602500915527e-01 5.612307190895080566e-01 -8.492425084114074707e-03
5.238469243049621582e-01 4.835605323314666748e-01 -3.186153620481491089e-02
5.406129956245422363e-01 4.837549924850463867e-01 -1.870326511561870575e-02
5.253798961639404297e-01 4.806595742702484131e-01 -3.144929558038711548e-02
5.579686760902404785e-01 4.283307492733001709e-01 -2.507494064047932625e-04
5.756960511207580566e-01 4.418943822383880615e-01 3.286800580099225044e-03
5.484967231750488281e-01 4.659253954887390137e-01 -2.117583341896533966e-02
6.126906871795654297e-01 2.741378545761108398e-01 4.699798300862312317e-02
6.055856943130493164e-01 2.914145588874816895e-01 2.749914862215518951e-02
5.983505845069885254e-01 3.055573701858520508e-01 1.157455425709486008e-02
5.447006225585937500e-01 5.821543931961059570e-01 -7.792403921484947205e-03
5.493422746658325195e-01 3.090403676033020020e-01 -8.059084415435791016e-03
5.547128319740295410e-01 2.755662500858306885e-01 2.634664298966526985e-03
5.602703690528869629e-01 2.431591302156448364e-01 1.323446910828351974e-02
5.936608910560607910e-01 3.923813104629516602e-01 2.314706146717071533e-02
6.172433495521545410e-01 4.137741923332214355e-01 3.945511206984519958e-02
5.478472709655761719e-01 3.784828782081604004e-01 1.483815722167491913e-02
6.114565730094909668e-01 3.638136982917785645e-01 3.151641786098480225e-02
5.400711894035339355e-01 4.044086933135986328e-01 -7.556563243269920349e-03
5.402911305427551270e-01 4.572606384754180908e-01 -4.195069521665573120e-02
6.288704276084899902e-01 4.310738444328308105e-01 5.153023824095726013e-02
6.093684434890747070e-01 4.243744015693664551e-01 2.767040766775608063e-02
5.950514674186706543e-01 4.281468689441680908e-01 1.576776616275310516e-02
5.741949677467346191e-01 4.215812683105468750e-01 9.791476652026176453e-03
5.591921210289001465e-01 4.118507206439971924e-01 6.784577388316392899e-03
5.480465888977050781e-01 4.022760987281799316e-01 3.724948735907673836e-03
5.276768803596496582e-01 3.792806267738342285e-01 -1.786622591316699982e-02
6.252360939979553223e-01 4.653048813343048096e-01 4.516014829277992249e-02
6.193503141403198242e-01 3.634366989135742188e-01 3.799115866422653198e-02
5.166147351264953613e-01 4.720512032508850098e-01 -5.593513697385787964e-02
5.452234148979187012e-01 4.323861300945281982e-01 -1.056035514920949936e-02
6.385301351547241211e-01 4.053003787994384766e-01 1.254760473966598511e-01
5.399252176284790039e-01 3.919796943664550781e-01 2.487421734258532524e-03
5.490941405296325684e-01 4.677882790565490723e-01 -9.992968291044235229e-03
6.044428944587707520e-01 3.767237067222595215e-01 3.351674228906631470e-02
5.414912700653076172e-01 4.472641348838806152e-01 -3.690283745527267456e-02
6.251813173294067383e-01 5.188485383987426758e-01 1.168025657534599304e-01
5.480773448944091797e-01 3.726285099983215332e-01 1.848981156945228577e-02
5.337125658988952637e-01 4.353216886520385742e-01 -4.762536287307739258e-02
5.905126333236694336e-01 5.933285355567932129e-01 3.869992867112159729e-02
5.885593891143798828e-01 6.142099499702453613e-01 5.707834288477897644e-02
6.338983774185180664e-01 4.734131097793579102e-01 8.556600660085678101e-02
6.051943898200988770e-01 5.735535025596618652e-01 5.417977273464202881e-02
6.334552764892578125e-01 3.686011433601379395e-01 7.847440242767333984e-02
5.422838330268859863e-01 6.411725878715515137e-01 -8.139912388287484646e-04
5.146058797836303711e-01 4.764516651630401611e-01 -4.185797274112701416e-02
5.542260408401489258e-01 4.465589225292205811e-01 -7.002070546150207520e-03
6.275480389595031738e-01 3.945200443267822266e-01 5.864737182855606079e-02
5.843694806098937988e-01 3.833183944225311279e-01 1.919403672218322754e-02
5.751763582229614258e-01 3.825977742671966553e-01 1.582382246851921082e-02
5.499411225318908691e-01 5.645502209663391113e-01 -6.714547984302043915e-03
6.204000115394592285e-01 4.988464415073394775e-01 4.530033096671104431e-02
5.196877717971801758e-01 6.633343696594238281e-01 -1.814610586734488606e-04
5.558833479881286621e-01 6.444641947746276855e-01 2.530142478644847870e-02
5.713061094284057617e-01 6.322095394134521484e-01 3.938504308462142944e-02
5.660212039947509766e-01 3.798955082893371582e-01 1.487950235605239868e-02
5.571783185005187988e-01 3.763398230075836182e-01 1.614401303231716156e-02
5.511125922203063965e-01 3.744495511054992676e-01 1.841652020812034607e-02
6.263698339462280273e-01 3.622507154941558838e-01 5.034650862216949463e-02
5.597130656242370605e-01 3.633933961391448975e-01 1.554692164063453674e-02
5.699569582939147949e-01 3.599201440811157227e-01 1.443688198924064636e-02
5.796558856964111328e-01 3.600352704524993896e-01 1.552234776318073273e-02
5.888804793357849121e-01 3.636107146739959717e-01 1.862680166959762573e-02
5.943675041198730469e-01 3.685092329978942871e-01 2.234315127134323120e-02
6.383187770843505859e-01 3.655718863010406494e-01 1.108785569667816162e-01
5.907272696495056152e-01 3.820899724960327148e-01 2.328312024474143982e-02
5.445927977561950684e-01 5.085148811340332031e-01 -2.047664485871791840e-02
5.365932583808898926e-01 4.707269966602325439e-01 -3.177512437105178833e-02
5.242800712585449219e-01 4.986664652824401855e-01 -3.187903389334678650e-02
5.746235251426696777e-01 6.123017072677612305e-01 2.613121084868907928e-02
5.591963529586791992e-01 6.265816688537597656e-01 1.319224946200847626e-02
5.210683941841125488e-01 6.513267755508422852e-01 -1.341135147958993912e-02
6.020075678825378418e-01 5.925980210304260254e-01 7.956090569496154785e-02
5.518051385879516602e-01 3.688098192214965820e-01 1.737668551504611969e-02
5.331670641899108887e-01 4.062058329582214355e-01 -2.383494749665260315e-02
5.393518805503845215e-01 6.554449200630187988e-01 1.050831470638513565e-02
6.276710629463195801e-01 5.102859735488891602e-01 8.007229119539260864e-02
5.274745821952819824e-01 5.688595175743103027e-01 -1.861518435180187225e-02
5.299265384674072266e-01 5.724170207977294922e-01 -2.076758816838264465e-02
5.320729613304138184e-01 5.776838660240173340e-01 -2.292075194418430328e-02
5.334354639053344727e-01 5.843275189399719238e-01 -2.163842692971229553e-02
5.321958661079406738e-01 5.931236743927001953e-01 -1.410048361867666245e-02
5.462030768394470215e-01 5.431867837905883789e-01 -9.840282611548900604e-03
5.491030216217041016e-01 5.428789258003234863e-01 -9.357049129903316498e-03
5.518090128898620605e-01 5.418422222137451172e-01 -9.005432017147541046e-03
5.606621503829956055e-01 5.353664755821228027e-01 -5.388070363551378250e-03
6.051691174507141113e-01 5.038258433341979980e-01 2.118160948157310486e-02
5.337280631065368652e-01 3.906297683715820312e-01 -1.187533326447010040e-02
5.410600304603576660e-01 3.587106764316558838e-01 1.044593937695026398e-02
5.474379062652587891e-01 3.614419996738433838e-01 1.550087239593267441e-02
5.437975525856018066e-01 5.425357818603515625e-01 -9.103318676352500916e-03
6.025198698043823242e-01 5.463331937789916992e-01 3.501605987548828125e-02
5.312617421150207520e-01 3.565841019153594971e-01 -4.347838461399078369e-03
5.372160673141479492e-01 6.074694395065307617e-01 -9.057833813130855560e-03
5.264991521835327148e-01 3.958875238895416260e-01 -3.088980168104171753e-02
5.389531254768371582e-01 4.334173500537872314e-01 -2.579211816191673279e-02
5.184380412101745605e-01 6.158522963523864746e-01 -1.687720976769924164e-02
5.642428994178771973e-01 5.773983597755432129e-01 5.063252057880163193e-03
5.572664737701416016e-01 4.827452003955841064e-01 -7.301978766918182373e-03
5.521165728569030762e-01 5.947223901748657227e-01 -1.724011497572064400e-03
5.827318429946899414e-01 4.840547740459442139e-01 -8.700890466570854187e-04
5.662109851837158203e-01 5.010005235671997070e-01 -5.537365097552537918e-03
5.890241265296936035e-01 5.130159258842468262e-01 6.962361745536327362e-03
5.207865238189697266e-01 6.345564723014831543e-01 -1.735899038612842560e-02
5.445293188095092773e-01 4.446583092212677002e-01 -1.830714195966720581e-02
5.726458430290222168e-01 5.919243693351745605e-01 1.481988467276096344e-02
5.574325919151306152e-01 6.087676882743835449e-01 5.645573604851961136e-03
5.741766691207885742e-01 5.564677119255065918e-01 7.740020286291837692e-03
6.147257089614868164e-01 5.276691317558288574e-01 4.658876731991767883e-02
5.876593589782714844e-01 5.621463656425476074e-01 1.892428286373615265e-02
6.188658475875854492e-01 5.441918969154357910e-01 7.181391119956970215e-02
5.724719762802124023e-01 5.241653919219970703e-01 -5.229880334809422493e-04
5.388759970664978027e-01 4.191056489944458008e-01 -1.664121076464653015e-02
5.359485149383544922e-01 4.638913273811340332e-01 -4.487606510519981384e-02
5.417307019233703613e-01 4.703672528266906738e-01 -3.308067843317985535e-02
5.330001711845397949e-01 4.513838589191436768e-01 -5.269171297550201416e-02
5.515560507774353027e-01 3.433956801891326904e-01 8.818479254841804504e-03
5.711033940315246582e-01 3.330141305923461914e-01 8.751344867050647736e-03
5.876334905624389648e-01 3.320453464984893799e-01 1.068116538226604462e-02
6.005244851112365723e-01 3.375369310379028320e-01 1.584299094974994659e-02
6.087242960929870605e-01 3.478034734725952148e-01 2.295131050050258636e-02
6.108222007751464844e-01 3.826152682304382324e-01 3.833264112472534180e-02
6.374840140342712402e-01 4.381739199161529541e-01 8.691507577896118164e-02
6.007050871849060059e-01 4.058649241924285889e-01 2.672355063259601593e-02
5.891239643096923828e-01 4.087918102741241455e-01 1.896434836089611053e-02
5.745944976806640625e-01 4.058298766613006592e-01 1.337204966694116592e-02
5.610029697418212891e-01 3.994861841201782227e-01 1.047122757881879807e-02
5.504477620124816895e-01 3.924181461334228516e-01 1.002412475645542145e-02
5.431905388832092285e-01 3.858898580074310303e-01 9.232544340193271637e-03
6.354165077209472656e-01 4.420919418334960938e-01 1.298871785402297974e-01
5.408365130424499512e-01 4.754108786582946777e-01 -2.784332633018493652e-02
5.326215624809265137e-01 4.202252328395843506e-01 -3.420883789658546448e-02
5.288030505180358887e-01 4.627594649791717529e-01 -5.441752821207046509e-02
5.217245817184448242e-01 4.707542657852172852e-01 -5.105169489979743958e-02
5.279657840728759766e-01 4.661633074283599854e-01 -4.910308867692947388e-02
5.373302698135375977e-01 4.803009033203125000e-01 -2.474708668887615204e-02
5.199136137962341309e-01 4.716550707817077637e-01 -5.426713451743125916e-02
5.179391503334045410e-01 4.759587347507476807e-01 -4.156224802136421204e-02
5.440525412559509277e-01 3.724476397037506104e-01 1.622249931097030640e-02
5.379363298416137695e-01 3.758139610290527344e-01 8.549899794161319733e-03
5.342162847518920898e-01 3.780515193939208984e-01 6.256813503568992019e-05
5.974155664443969727e-01 3.723400235176086426e-01 2.618644572794437408e-02
6.059745550155639648e-01 3.638594448566436768e-01 2.727406658232212067e-02
4.541094899177551270e-01 3.570554256439208984e-01 1.071930304169654846e-02
4.653217494487762451e-01 3.577360212802886963e-01 1.071930304169654846e-02
4.548469781875610352e-01 3.427655100822448730e-01 1.071930304169654846e-02
4.426752924919128418e-01 3.562645614147186279e-01 1.071930304169654846e-02
4.532632827758789062e-01 3.710899353027343750e-01 1.071930304169654846e-02
5.780739188194274902e-01 3.709786534309387207e-01 1.964241266250610352e-02
5.898442864418029785e-01 3.726340532302856445e-01 1.964241266250610352e-02
5.791480541229248047e-01 3.559823036193847656e-01 1.964241266250610352e-02
5.662648677825927734e-01 3.692681193351745605e-01 1.964241266250610352e-02
5.770358443260192871e-01 3.859496712684631348e-01 1.964241266250610352e-02
