5.053098201751708984e-01 5.136755704879760742e-01 -3.891841694712638855e-02
5.109290480613708496e-01 4.590815305709838867e-01 -6.253173202276229858e-02
5.083621144294738770e-01 4.780635833740234375e-01 -3.600706160068511963e-02
5.047174096107482910e-01 4.061909914016723633e-01 -4.359025508165359497e-02
5.123875141143798828e-01 4.421710371971130371e-01 -6.512617319822311401e-02
5.136725306510925293e-01 4.214905202388763428e-01 -5.890030413866043091e-02
5.163717269897460938e-01 3.726443648338317871e-01 -2.294788695871829987e-02
4.344262182712554932e-01 3.586328327655792236e-01 1.634383760392665863e-02
5.191891193389892578e-01 3.308103680610656738e-01 -1.113053597509860992e-02
5.209186673164367676e-01 3.091441690921783447e-01 -1.077652443200349808e-02
5.257235169410705566e-01 2.397758513689041138e-01 8.717573247849941254e-03
5.050299763679504395e-01 5.178542733192443848e-01 -3.814612329006195068e-02
5.046239495277404785e-01 5.220829844474792480e-01 -3.509499132633209229e-02
5.043469667434692383e-01 5.247192382812500000e-01 -3.076137602329254150e-02
5.014330744743347168e-01 5.752497911453247070e-01 -2.491448260843753815e-02
5.013256072998046875e-01 5.800738334655761719e-01 -2.738111093640327454e-02
5.009222030639648438e-01 5.860047340393066406e-01 -3.000358119606971741e-02
5.004153251647949219e-01 5.925804972648620605e-01 -2.818369865417480469e-02
4.980140030384063721e-01 6.015017032623291016e-01 -1.835476234555244446e-02
5.098260045051574707e-01 4.685083925724029541e-01 -5.739711225032806396e-02
4.990215897560119629e-01 4.681131243705749512e-01 -4.285242408514022827e-02
3.961719274520874023e-01 3.019591569900512695e-01 7.332540303468704224e-02
4.632778167724609375e-01 3.768820762634277344e-01 5.574454087764024734e-03
4.518082737922668457e-01 3.772616386413574219e-01 5.630147643387317657e-03
4.412495493888854980e-01 3.750113248825073242e-01 8.149546571075916290e-03
4.285559654235839844e-01 3.642405271530151367e-01 1.701814867556095123e-02
4.737252593040466309e-01 3.730516433715820312e-01 7.801421452313661575e-03
4.539815485477447510e-01 3.232723772525787354e-01 4.002760164439678192e-03
4.665594100952148438e-01 3.270253539085388184e-01 5.138149019330739975e-03
4.416014850139617920e-01 3.251028060913085938e-01 6.637711543589830399e-03
4.328190088272094727e-01 3.317997455596923828e-01 1.035339757800102234e-02
4.169594049453735352e-01 3.744039833545684814e-01 2.123871259391307831e-02
4.517101049423217773e-01 6.132462620735168457e-01 -9.158890694379806519e-03
4.309094548225402832e-01 3.535951972007751465e-01 2.007158286869525909e-02
3.833050131797790527e-01 3.702775835990905762e-01 7.019189000129699707e-02
4.050448536872863770e-01 3.612260818481445312e-01 3.307742998003959656e-02
4.519808590412139893e-01 4.439501166343688965e-01 -1.223046518862247467e-02
4.889748692512512207e-01 5.098246335983276367e-01 -3.794281557202339172e-02
4.897476434707641602e-01 5.205860137939453125e-01 -3.399866819381713867e-02
4.724579155445098877e-01 5.148031711578369141e-01 -3.213834390044212341e-02
4.614236354827880859e-01 5.215536355972290039e-01 -2.358811348676681519e-02
4.770277440547943115e-01 5.223239064216613770e-01 -2.962293103337287903e-02
4.670532941818237305e-01 5.262078642845153809e-01 -2.158964052796363831e-02
4.460659623146057129e-01 5.547237396240234375e-01 -6.553877145051956177e-03
5.015218853950500488e-01 4.576817154884338379e-01 -6.191193684935569763e-02
5.013303756713867188e-01 4.413505494594573975e-01 -6.425046920776367188e-02
4.187757670879364014e-01 3.134764432907104492e-01 1.491060387343168259e-02
4.785844087600708008e-01 4.060412943363189697e-01 -8.687299676239490509e-03
4.744853973388671875e-01 4.535357356071472168e-01 -3.563859313726425171e-02
4.737609624862670898e-01 4.453253448009490967e-01 -3.172135725617408752e-02
4.176017045974731445e-01 4.391291141510009766e-01 3.803765139309689403e-05
5.031129121780395508e-01 4.222018122673034668e-01 -5.609486252069473267e-02
4.484070539474487305e-01 2.935538589954376221e-01 -1.010919804684817791e-03
4.317851662635803223e-01 2.999716699123382568e-01 6.258429028093814850e-03
4.114985167980194092e-01 2.736798524856567383e-01 5.504832044243812561e-02
4.966409802436828613e-01 3.147295713424682617e-01 -8.878363296389579773e-03
4.768297672271728516e-01 3.363451957702636719e-01 8.560767397284507751e-03
4.398625493049621582e-01 5.343072414398193359e-01 -4.521851893514394760e-03
3.810670375823974609e-01 5.293071269989013672e-01 8.451016247272491455e-02
4.823303818702697754e-01 4.638995826244354248e-01 -3.145096823573112488e-02
4.908896982669830322e-01 4.698024690151214600e-01 -3.262693062424659729e-02
4.496005475521087646e-01 5.393057465553283691e-01 -5.115785170346498489e-03
4.529889822006225586e-01 5.397156476974487305e-01 -7.799542974680662155e-03
4.266660809516906738e-01 2.898468971252441406e-01 1.253882609307765961e-02
4.729853868484497070e-01 4.617604315280914307e-01 -3.009057790040969849e-02
4.694279134273529053e-01 2.966444194316864014e-01 -6.166345905512571335e-03
4.692824184894561768e-01 2.837551236152648926e-01 -7.161595392972230911e-03
4.610405266284942627e-01 2.399706244468688965e-01 1.832183077931404114e-02
4.190771281719207764e-01 2.871159613132476807e-01 3.135985508561134338e-02
4.657364487648010254e-01 2.673631310462951660e-01 5.591131281107664108e-03
4.124970734119415283e-01 3.076573014259338379e-01 2.512225322425365448e-02
4.044438898563385010e-01 3.099704086780548096e-01 4.841730743646621704e-02
4.889678657054901123e-01 5.154980421066284180e-01 -3.721382841467857361e-02
4.746241271495819092e-01 5.189006328582763672e-01 -3.137538209557533264e-02
4.641422927379608154e-01 5.240648388862609863e-01 -2.352046221494674683e-02
4.846045076847076416e-01 4.675712287425994873e-01 -2.914512529969215393e-02
4.512765705585479736e-01 5.395778417587280273e-01 -6.500398740172386169e-03
4.553981125354766846e-01 5.519807338714599609e-01 -1.221623178571462631e-02
4.544727802276611328e-01 5.396993756294250488e-01 -7.992920465767383575e-03
4.887374043464660645e-01 4.575230181217193604e-01 -4.631819948554039001e-02
4.693292975425720215e-01 5.270111560821533203e-01 -2.019336074590682983e-02
4.791089892387390137e-01 5.240715742111206055e-01 -2.581065334379673004e-02
4.907823503017425537e-01 5.233536362648010254e-01 -2.992929331958293915e-02
4.810184836387634277e-01 5.977594852447509766e-01 -1.850620098412036896e-02
4.827720224857330322e-01 5.880872607231140137e-01 -2.795642055571079254e-02
4.840012192726135254e-01 5.817850232124328613e-01 -2.913090027868747711e-02
4.855548143386840820e-01 5.761731266975402832e-01 -2.632453292608261108e-02
4.872926771640777588e-01 5.719100236892700195e-01 -2.401626296341419220e-02
4.672780930995941162e-01 5.595926046371459961e-01 -1.575229316949844360e-02
4.647206962108612061e-01 5.605779886245727539e-01 -1.775874197483062744e-02
4.614064395427703857e-01 5.625690221786499023e-01 -1.967931725084781647e-02
4.588239789009094238e-01 5.654042363166809082e-01 -1.804315857589244843e-02
4.558570086956024170e-01 5.042792558670043945e-01 -1.943815685808658600e-02
3.738487362861633301e-01 4.443150460720062256e-01 1.073778495192527771e-01
5.090868473052978516e-01 4.731164574623107910e-01 -4.334166646003723145e-02
4.610087573528289795e-01 5.520257949829101562e-01 -1.067694090306758881e-02
4.581649899482727051e-01 5.517832636833190918e-01 -1.206860132515430450e-02
4.934963583946228027e-01 4.764921665191650391e-01 -3.381039202213287354e-02
4.755704402923583984e-01 4.724361598491668701e-01 -2.243204414844512939e-02
4.922728538513183594e-01 4.732187688350677490e-01 -3.342455253005027771e-02
4.654942452907562256e-01 4.141250252723693848e-01 -6.683638319373130798e-03
4.459186494350433350e-01 4.225148856639862061e-01 -5.386810284107923508e-03
4.709273576736450195e-01 4.532083272933959961e-01 -2.606100030243396759e-02
4.321191012859344482e-01 2.522234320640563965e-01 3.520052507519721985e-02
4.385613203048706055e-01 2.721840739250183105e-01 1.744722016155719757e-02
4.458997845649719238e-01 2.817052006721496582e-01 2.193034859374165535e-03
4.540996849536895752e-01 5.708226561546325684e-01 -1.156178116798400879e-02
4.962151348590850830e-01 2.923828959465026855e-01 -1.114043127745389938e-02
4.930357038974761963e-01 2.697229385375976562e-01 -6.026425980962812901e-04
4.911011159420013428e-01 2.366879284381866455e-01 9.244952350854873657e-03
4.327780604362487793e-01 3.707824945449829102e-01 1.258753426373004913e-02
4.028000235557556152e-01 3.851346969604492188e-01 2.589889243245124817e-02
4.810070395469665527e-01 3.687004446983337402e-01 1.006714813411235809e-02
4.202959537506103516e-01 3.389078974723815918e-01 1.918885484337806702e-02
4.878099858760833740e-01 3.960478603839874268e-01 -1.141738053411245346e-02
4.822373688220977783e-01 4.466775953769683838e-01 -4.573709145188331604e-02
3.909852206707000732e-01 3.989023566246032715e-01 3.612520918250083923e-02
4.095458984375000000e-01 3.967882394790649414e-01 1.484720502048730850e-02
4.240357875823974609e-01 4.039188027381896973e-01 4.845830146223306656e-03
4.463756382465362549e-01 4.032098948955535889e-01 1.235893345437943935e-03
4.630935490131378174e-01 3.978694379329681396e-01 2.586835180409252644e-04
4.764055013656616211e-01 3.910611271858215332e-01 -1.208921894431114197e-03
5.052198767662048340e-01 3.754170536994934082e-01 -1.958549208939075470e-02
3.899396955966949463e-01 4.327899515628814697e-01 2.970721945166587830e-02
4.111915826797485352e-01 3.359801769256591797e-01 2.458524145185947418e-02
5.042277574539184570e-01 4.672867059707641602e-01 -5.704934522509574890e-02
4.783183336257934570e-01 4.215117990970611572e-01 -1.526269316673278809e-02
3.780882358551025391e-01 3.711712360382080078e-01 1.063411980867385864e-01
4.869369268417358398e-01 3.827051520347595215e-01 -1.388962846249341965e-03
4.691780805587768555e-01 4.548339545726776123e-01 -1.491480134427547455e-02
4.254856407642364502e-01 3.533260822296142578e-01 2.174351736903190613e-02
4.819809794425964355e-01 4.368705153465270996e-01 -4.073528572916984558e-02
3.752932250499725342e-01 4.849842190742492676e-01 9.884690493345260620e-02
4.822658896446228027e-01 3.630231618881225586e-01 1.360430568456649780e-02
4.925338923931121826e-01 4.274773001670837402e-01 -5.044655129313468933e-02
4.052041769027709961e-01 5.694372653961181641e-01 2.793958410620689392e-02
4.022450447082519531e-01 5.911887884140014648e-01 4.480557143688201904e-02
3.768116235733032227e-01 4.390193819999694824e-01 6.856950372457504272e-02
3.927183449268341064e-01 5.455824732780456543e-01 4.083497077226638794e-02
3.935678005218505859e-01 3.379459679126739502e-01 6.279769539833068848e-02
4.475723803043365479e-01 6.304140686988830566e-01 -5.025511607527732849e-03
5.047393441200256348e-01 4.720481932163238525e-01 -4.274964705109596252e-02
4.667975306510925293e-01 4.327582120895385742e-01 -1.272079069167375565e-02
3.943872153759002686e-01 3.645995259284973145e-01 4.359992593526840210e-02
4.440688192844390869e-01 3.655635416507720947e-01 1.002866681665182114e-02
4.531856477260589600e-01 3.682910203933715820e-01 7.801542989909648895e-03
4.528581202030181885e-01 5.526998639106750488e-01 -1.082679256796836853e-02
3.895618021488189697e-01 4.667696058750152588e-01 3.025038167834281921e-02
4.669508039951324463e-01 6.581763029098510742e-01 -2.402434125542640686e-03
4.319207072257995605e-01 6.307913661003112793e-01 1.828692480921745300e-02
4.178525805473327637e-01 6.143324971199035645e-01 2.998603694140911102e-02
5.235011577606201172e-01 2.744016647338867188e-01 -1.382991787977516651e-03
4.926679432392120361e-01 6.646540164947509766e-01 -4.287939053028821945e-03
4.627468883991241455e-01 3.682057261466979980e-01 8.076975122094154358e-03
4.722029268741607666e-01 3.660965561866760254e-01 1.032884884625673294e-02
4.786829352378845215e-01 3.646098077297210693e-01 1.316568907350301743e-02
4.028837978839874268e-01 3.337754905223846436e-01 3.592526540160179138e-02
4.732643663883209229e-01 3.515583276748657227e-01 9.781436994671821594e-03
4.637727141380310059e-01 3.465620875358581543e-01 7.593986578285694122e-03
4.542266130447387695e-01 3.448395431041717529e-01 7.495774887502193451e-03
4.444974958896636963e-01 3.460299968719482422e-01 9.417496621608734131e-03
4.380097985267639160e-01 3.489147424697875977e-01 1.235326193273067474e-02
3.854503035545349121e-01 3.328803479671478271e-01 9.258842468261718750e-02
4.382945895195007324e-01 3.620816469192504883e-01 1.330639980733394623e-02
5.070768594741821289e-01 4.915182888507843018e-01 -3.417669609189033508e-02
4.678658246994018555e-01 4.954257011413574219e-01 -2.502002939581871033e-02
4.827807545661926270e-01 4.605813920497894287e-01 -3.514249995350837708e-02
4.906903505325317383e-01 4.909326732158660889e-01 -3.391306474804878235e-02
5.175254940986633301e-01 3.528088033199310303e-01 -1.269629970192909241e-02
4.185241758823394775e-01 5.927921533584594727e-01 1.795346476137638092e-02
4.322260618209838867e-01 6.114150881767272949e-01 7.128598168492317200e-03
4.680245220661163330e-01 6.454381942749023438e-01 -1.512686163187026978e-02
3.907192945480346680e-01 5.653309226036071777e-01 6.460566818714141846e-02
4.796623587608337402e-01 3.583319485187530518e-01 1.211659982800483704e-02
4.959542453289031982e-01 3.996652960777282715e-01 -2.646973729133605957e-02
4.935811161994934082e-01 6.518828868865966797e-01 -1.670707203447818756e-02
4.476721882820129395e-01 6.460041403770446777e-01 5.747334565967321396e-03
3.776817321777343750e-01 4.766563475131988525e-01 6.358044594526290894e-02
4.761023521423339844e-01 5.665068626403808594e-01 -2.041928842663764954e-02
4.733903110027313232e-01 5.690818428993225098e-01 -2.260237932205200195e-02
4.707937538623809814e-01 5.732432603836059570e-01 -2.471983805298805237e-02
4.688438177108764648e-01 5.786150693893432617e-01 -2.347145602107048035e-02
4.652452170848846436e-01 5.861014127731323242e-01 -1.648831367492675781e-02
4.588917493820190430e-01 5.317487120628356934e-01 -1.418474223464727402e-02
4.560745060443878174e-01 5.306773781776428223e-01 -1.416221633553504944e-02
4.536900818347930908e-01 5.290388464927673340e-01 -1.415603421628475189e-02
4.462408423423767090e-01 5.173704028129577637e-01 -1.185793895274400711e-02
4.058346152305603027e-01 4.754369258880615234e-01 8.637826889753341675e-03
4.967823922634124756e-01 3.845188319683074951e-01 -1.457929238677024841e-02
4.923901557922363281e-01 3.497253656387329102e-01 7.355902343988418579e-03
4.849889576435089111e-01 3.517056703567504883e-01 1.093550771474838257e-02
4.611304998397827148e-01 5.317504405975341797e-01 -1.342582888901233673e-02
4.009757041931152344e-01 5.185530185699462891e-01 2.259262278676033020e-02
5.031405687332153320e-01 3.491818904876708984e-01 -6.341713014990091324e-03
4.582591652870178223e-01 5.982278585433959961e-01 -1.187413651496171951e-02
5.145763754844665527e-01 4.047853946685791016e-01 -4.655235633254051208e-02
5.048128962516784668e-01 3.916183114051818848e-01 -3.234996646642684937e-02
5.154086351394653320e-01 3.893611133098602295e-01 -3.415177762508392334e-02
4.857371449470520020e-01 4.241082370281219482e-01 -2.929509617388248444e-02
4.950978755950927734e-01 6.347250938415527344e-01 -2.053529582917690277e-02
4.966698586940765381e-01 6.162592768669128418e-01 -1.887500472366809845e-02
4.764558374881744385e-01 6.116178035736083984e-01 -1.742133311927318573e-02
4.352822601795196533e-01 5.595049262046813965e-01 -1.103150425478816032e-03
4.584194421768188477e-01 4.672199785709381104e-01 -1.317183207720518112e-02
4.447832703590393066e-01 5.809032320976257324e-01 -6.133208051323890686e-03
4.328325092792510986e-01 4.618401229381561279e-01 -9.968837723135948181e-03
4.468374848365783691e-01 4.825997054576873779e-01 -1.252154726535081863e-02
4.215278625488281250e-01 4.885526895523071289e-01 -2.988845109939575195e-03
4.713536798954010010e-01 6.288475990295410156e-01 -1.856733113527297974e-02
4.776030778884887695e-01 4.335951209068298340e-01 -2.264350838959217072e-02
4.244069457054138184e-01 5.724412798881530762e-01 7.364429533481597900e-03
4.373559355735778809e-01 5.936753749847412109e-01 3.663162060547620058e-04
4.290159344673156738e-01 5.352535247802734375e-01 -3.421916626393795013e-04
3.907635509967803955e-01 4.967497587203979492e-01 3.228079900145530701e-02
4.141008257865905762e-01 5.382608771324157715e-01 9.140453301370143890e-03
3.822118639945983887e-01 5.124732851982116699e-01 5.612562596797943115e-02
4.366222918033599854e-01 5.033748149871826172e-01 -8.375088684260845184e-03
4.874026775360107422e-01 4.104120135307312012e-01 -2.039456367492675781e-02
4.855285882949829102e-01 4.541945457458496094e-01 -4.834331199526786804e-02
4.778886735439300537e-01 4.589960277080535889e-01 -3.704200312495231628e-02
4.913087785243988037e-01 4.430064558982849121e-01 -5.540180951356887817e-02
4.851889312267303467e-01 3.302772939205169678e-01 4.668983630836009979e-03
4.678933620452880859e-01 3.158193230628967285e-01 2.456033602356910706e-03
4.519169032573699951e-01 3.120160400867462158e-01 2.210684120655059814e-03
4.378418624401092529e-01 3.152876198291778564e-01 5.475331097841262817e-03
4.271469414234161377e-01 3.236205577850341797e-01 1.127181202173233032e-02
4.164404273033142090e-01 3.571566045284271240e-01 2.571550942957401276e-02
3.783102929592132568e-01 4.038572609424591064e-01 6.966495513916015625e-02
4.223651885986328125e-01 3.816559612751007080e-01 1.516689918935298920e-02
4.333797395229339600e-01 3.875299990177154541e-01 8.869889192283153534e-03
4.484920501708984375e-01 3.890663981437683105e-01 5.003340076655149460e-03
4.634116291999816895e-01 3.866629898548126221e-01 3.958868794143199921e-03
4.755847454071044922e-01 3.818183839321136475e-01 4.951495211571455002e-03
4.843442738056182861e-01 3.768871724605560303e-01 5.134558305144309998e-03
3.751883506774902344e-01 4.074196219444274902e-01 1.106970980763435364e-01
4.773670732975006104e-01 4.642281532287597656e-01 -3.177176415920257568e-02
4.951054453849792480e-01 4.132469594478607178e-01 -3.697406128048896790e-02
4.935666024684906006e-01 4.551036655902862549e-01 -5.674574151635169983e-02
4.987193048000335693e-01 4.646410942077636719e-01 -5.258838832378387451e-02
4.932592213153839111e-01 4.584702551364898682e-01 -5.150173604488372803e-02
4.797219336032867432e-01 4.699706137180328369e-01 -2.814838849008083344e-02
5.007737874984741211e-01 4.660606682300567627e-01 -5.558143183588981628e-02
5.012729763984680176e-01 4.707477092742919922e-01 -4.276069626212120056e-02
4.861744940280914307e-01 3.633026778697967529e-01 1.207216363400220871e-02
4.918785989284515381e-01 3.678967654705047607e-01 5.308815278112888336e-03
4.955645203590393066e-01 3.702422380447387695e-01 -2.732918597757816315e-03
4.341174364089965820e-01 3.513218164443969727e-01 1.561749074608087540e-02
4.267702102661132812e-01 3.405826985836029053e-01 1.598353311419487000e-02
5.238268971443176270e-01 4.086153209209442139e-01 -4.227560013532638550e-02
5.936289429664611816e-01 3.765778541564941406e-01 2.539899200201034546e-02
5.193727016448974609e-01 4.707277715206146240e-01 -4.186339676380157471e-02
6.330600976943969727e-01 3.329155445098876953e-01 8.704562485218048096e-02
5.625234842300415039e-01 3.869251310825347900e-01 1.148211676627397537e-02
5.729721784591674805e-01 3.897409141063690186e-01 1.274114288389682770e-02
5.831253528594970703e-01 3.909133672714233398e-01 1.629253663122653961e-02
5.976699590682983398e-01 3.838354647159576416e-01 2.653932198882102966e-02
5.537081360816955566e-01 3.821495175361633301e-01 1.250625774264335632e-02
5.811979770660400391e-01 3.387236893177032471e-01 1.140506379306316376e-02
5.684808492660522461e-01 3.400623202323913574e-01 1.100241579115390778e-02
5.927658677101135254e-01 3.427667617797851562e-01 1.514586526900529861e-02
5.998632311820983887e-01 3.511153757572174072e-01 1.952916942536830902e-02
6.052769422531127930e-01 3.969863653182983398e-01 3.149504214525222778e-02
5.402125120162963867e-01 6.232028007507324219e-01 -5.049809813499450684e-03
5.979623198509216309e-01 3.724357783794403076e-01 2.950815856456756592e-02
6.370619535446166992e-01 4.022061526775360107e-01 8.369805663824081421e-02
6.181521415710449219e-01 3.868214488029479980e-01 4.447366297245025635e-02
5.663815140724182129e-01 4.587657153606414795e-01 -6.081299390643835068e-03
5.214228034019470215e-01 5.130263566970825195e-01 -3.638322278857231140e-02
5.187541246414184570e-01 5.235621333122253418e-01 -3.256968036293983459e-02
5.360704660415649414e-01 5.205915570259094238e-01 -2.891649492084980011e-02
5.450280904769897461e-01 5.295096635818481445e-01 -1.916110329329967499e-02
5.302653312683105469e-01 5.272928476333618164e-01 -2.685811370611190796e-02
5.386838316917419434e-01 5.330826044082641602e-01 -1.783523336052894592e-02
5.543712377548217773e-01 5.677965283393859863e-01 -9.807747555896639824e-04
5.201178193092346191e-01 4.600795507431030273e-01 -6.105901300907135010e-02
5.231144428253173828e-01 4.441243112087249756e-01 -6.327233463525772095e-02
6.147078275680541992e-01 3.378083109855651855e-01 2.569491975009441376e-02
5.460934042930603027e-01 4.146669209003448486e-01 -4.659769590944051743e-03
5.452492237091064453e-01 4.625371992588043213e-01 -3.191318735480308533e-02
5.469095110893249512e-01 4.545090198516845703e-01 -2.788433432579040527e-02
5.993176102638244629e-01 4.626686871051788330e-01 9.881554171442985535e-03
5.236990451812744141e-01 4.247610569000244141e-01 -5.481251701712608337e-02
5.908725261688232422e-01 3.150382637977600098e-01 6.833161227405071259e-03
6.053235530853271484e-01 3.228010833263397217e-01 1.585052534937858582e-02
6.248123645782470703e-01 3.017603158950805664e-01 6.728525459766387939e-02
5.423360466957092285e-01 3.288319110870361328e-01 -6.072018761187791824e-03
5.572564601898193359e-01 3.471998572349548340e-01 1.335769612342119217e-02
5.636625885963439941e-01 5.498380661010742188e-01 2.367372158914804459e-03
6.160715222358703613e-01 5.588502287864685059e-01 9.779315441846847534e-02
5.354530215263366699e-01 4.707463383674621582e-01 -2.887143939733505249e-02
5.262677669525146484e-01 4.743006825447082520e-01 -3.130903467535972595e-02
5.529221892356872559e-01 5.504106879234313965e-01 7.985819247551262379e-04
5.496264100074768066e-01 5.499525070190429688e-01 -2.551767975091934204e-03
6.114482283592224121e-01 3.133719861507415771e-01 2.252725884318351746e-02
5.448373556137084961e-01 4.707969725131988525e-01 -2.643550932407379150e-02
5.705952048301696777e-01 3.161446750164031982e-01 -7.683705189265310764e-04
5.731763839721679688e-01 3.032393455505371094e-01 -1.672189799137413502e-03
5.865433216094970703e-01 2.568325996398925781e-01 2.554784156382083893e-02
6.179863214492797852e-01 3.121180534362792969e-01 4.211095348000526428e-02
5.793577432632446289e-01 2.819010913372039795e-01 1.172348205000162125e-02
6.212283372879028320e-01 3.329606056213378906e-01 3.643788769841194153e-02
6.268388032913208008e-01 3.380015790462493896e-01 6.050170958042144775e-02
5.204209685325622559e-01 5.187790393829345703e-01 -3.564799949526786804e-02
5.331414341926574707e-01 5.244615674018859863e-01 -2.837916463613510132e-02
5.420200824737548828e-01 5.315400958061218262e-01 -1.949036493897438049e-02
5.324507355690002441e-01 4.736700654029846191e-01 -2.689425274729728699e-02
5.512123107910156250e-01 5.502659678459167480e-01 -1.027219113893806934e-03
5.463836789131164551e-01 5.615811944007873535e-01 -7.597372867166996002e-03
5.480995178222656250e-01 5.495364665985107422e-01 -2.892993157729506493e-03
5.311631560325622559e-01 4.631343781948089600e-01 -4.375005140900611877e-02
5.361075401306152344e-01 5.333054661750793457e-01 -1.661463081836700439e-02
5.277490615844726562e-01 5.285459756851196289e-01 -2.317550033330917358e-02
5.172494649887084961e-01 5.259498357772827148e-01 -2.844041213393211365e-02
5.151534080505371094e-01 6.017661690711975098e-01 -1.711806282401084900e-02
5.176627039909362793e-01 5.918924808502197266e-01 -2.644206583499908447e-02
5.174374580383300781e-01 5.853362083435058594e-01 -2.758768759667873383e-02
5.165615081787109375e-01 5.794399380683898926e-01 -2.477321028709411621e-02
5.151054263114929199e-01 5.747514367103576660e-01 -2.254114486277103424e-02
5.343977808952331543e-01 5.662902593612670898e-01 -1.215888746082782745e-02
5.369994640350341797e-01 5.680710673332214355e-01 -1.417081616818904877e-02
5.400169491767883301e-01 5.709190368652343750e-01 -1.590469665825366974e-02
5.422332882881164551e-01 5.744767785072326660e-01 -1.402753777801990509e-02
5.537719130516052246e-01 5.167547464370727539e-01 -1.430743187665939331e-02
6.324077844619750977e-01 4.774508178234100342e-01 1.219958513975143433e-01
5.406734347343444824e-01 5.601952075958251953e-01 -6.184908095747232437e-03
5.436608195304870605e-01 5.606493353843688965e-01 -7.618939038366079330e-03
5.229233503341674805e-01 4.801275134086608887e-01 -3.244693204760551453e-02
5.401929616928100586e-01 4.805006384849548340e-01 -1.950236409902572632e-02
5.245119929313659668e-01 4.773066937923431396e-01 -3.212410584092140198e-02
5.571423768997192383e-01 4.259000122547149658e-01 -1.304987934418022633e-03
5.748190283775329590e-01 4.392266869544982910e-01 1.728561823256313801e-03
5.480678081512451172e-01 4.628841876983642578e-01 -2.207253128290176392e-02
6.105769276618957520e-01 2.758936285972595215e-01 4.525961726903915405e-02
6.032256484031677246e-01 2.929121851921081543e-01 2.620271034538745880e-02
5.952306985855102539e-01 3.030194640159606934e-01 1.031774282455444336e-02
5.446389317512512207e-01 5.815015435218811035e-01 -6.926308851689100266e-03
5.472074151039123535e-01 3.075284957885742188e-01 -8.244690485298633575e-03
5.534721016883850098e-01 2.776283025741577148e-01 2.661646343767642975e-03
5.592228770256042480e-01 2.460352778434753418e-01 1.298834756016731262e-02
5.921216011047363281e-01 3.893223404884338379e-01 2.155597507953643799e-02
6.157070398330688477e-01 4.112094044685363770e-01 3.713224828243255615e-02
5.478051304817199707e-01 3.774730265140533447e-01 1.422978378832340240e-02
6.093573570251464844e-01 3.612516820430755615e-01 2.961114421486854553e-02
5.391289591789245605e-01 4.025775194168090820e-01 -8.219460956752300262e-03
5.393664836883544922e-01 4.541245102882385254e-01 -4.268005490303039551e-02
6.283164620399475098e-01 4.290708303451538086e-01 4.873744025826454163e-02
6.074274182319641113e-01 4.214706122875213623e-01 2.557222172617912292e-02
5.929540991783142090e-01 4.251962006092071533e-01 1.409567147493362427e-02
5.725859403610229492e-01 4.190528690814971924e-01 8.432205766439437866e-03
5.580757260322570801e-01 4.098335206508636475e-01 5.814245436340570450e-03
5.472742319107055664e-01 4.005902409553527832e-01 2.949423855170607567e-03
5.265055298805236816e-01 3.781454563140869141e-01 -1.823125965893268585e-02
6.252291202545166016e-01 4.628497958183288574e-01 4.232304915785789490e-02
6.173963546752929688e-01 3.610825538635253906e-01 3.578597679734230042e-02
5.153759121894836426e-01 4.687032699584960938e-01 -5.636906251311302185e-02
5.446149110794067383e-01 4.299509525299072266e-01 -1.132712233811616898e-02
6.382538080215454102e-01 4.045065045356750488e-01 1.215394511818885803e-01
5.392946004867553711e-01 3.905304968357086182e-01 1.868374762125313282e-03
5.488234758377075195e-01 4.647876918315887451e-01 -1.079358905553817749e-02
6.026699542999267578e-01 3.736294507980346680e-01 3.169992193579673767e-02
5.406996011734008789e-01 4.443544149398803711e-01 -3.761206194758415222e-02
6.264925599098205566e-01 5.169132947921752930e-01 1.128067970275878906e-01
5.483168959617614746e-01 3.717558979988098145e-01 1.794155128300189972e-02
5.325916409492492676e-01 4.325803816318511963e-01 -4.818292334675788879e-02
5.908349752426147461e-01 5.917949080467224121e-01 3.729908168315887451e-02
5.893509387969970703e-01 6.132033467292785645e-01 5.502080544829368591e-02
6.346794962882995605e-01 4.714164435863494873e-01 8.205662667751312256e-02
6.059511303901672363e-01 5.719066858291625977e-01 5.178257450461387634e-02
6.321188807487487793e-01 3.681149184703826904e-01 7.564558833837509155e-02
5.412799715995788574e-01 6.405335068702697754e-01 -5.891094333492219448e-04
5.134257078170776367e-01 4.731517136096954346e-01 -4.234432801604270935e-02
5.536899566650390625e-01 4.438897073268890381e-01 -7.927412167191505432e-03
6.269110441207885742e-01 3.924470245838165283e-01 5.595415458083152771e-02
5.829114913940429688e-01 3.801425993442535400e-01 1.804737746715545654e-02
5.740097761154174805e-01 3.798705935478210449e-01 1.487581245601177216e-02
5.487594604492187500e-01 5.630031228065490723e-01 -5.933451931923627853e-03
6.208755970001220703e-01 4.963703751564025879e-01 4.254883900284767151e-02
5.185223817825317383e-01 6.634280681610107422e-01 2.066913439193740487e-04
5.556700229644775391e-01 6.438320875167846680e-01 2.483153343200683594e-02
5.715910792350769043e-01 6.313359737396240234e-01 3.830011561512947083e-02
5.652356743812561035e-01 3.778037726879119873e-01 1.408184133470058441e-02
5.568773150444030762e-01 3.749338686466217041e-01 1.544718723744153976e-02
5.511713624000549316e-01 3.734333217144012451e-01 1.777059398591518402e-02
6.249257922172546387e-01 3.602197468280792236e-01 4.788415133953094482e-02
5.593258142471313477e-01 3.621705770492553711e-01 1.506936363875865936e-02
5.690126419067382812e-01 3.582124710083007812e-01 1.379810459911823273e-02
5.782491564750671387e-01 3.578187227249145508e-01 1.470160856842994690e-02
5.871944427490234375e-01 3.609115183353424072e-01 1.755183376371860504e-02
5.925827622413635254e-01 3.655182123184204102e-01 2.111799269914627075e-02
6.373960375785827637e-01 3.653555512428283691e-01 1.072605624794960022e-01
5.891352891921997070e-01 3.787609040737152100e-01 2.193015255033969879e-02
5.441765785217285156e-01 5.050557851791381836e-01 -2.110255695879459381e-02
5.358073115348815918e-01 4.675365388393402100e-01 -3.249923884868621826e-02
5.233006477355957031e-01 4.951024949550628662e-01 -3.231889009475708008e-02
5.744653940200805664e-01 6.108304262161254883e-01 2.552359737455844879e-02
5.586923956871032715e-01 6.254888772964477539e-01 1.304904930293560028e-02
5.195519924163818359e-01 6.510249972343444824e-01 -1.276778429746627808e-02
6.031394600868225098e-01 5.912665724754333496e-01 7.645687460899353027e-02
5.518643856048583984e-01 3.678838610649108887e-01 1.684156805276870728e-02
5.320754051208496094e-01 4.042864739894866943e-01 -2.428513392806053162e-02
5.386537313461303711e-01 6.551812887191772461e-01 1.052408479154109955e-02
6.289632916450500488e-01 5.082497000694274902e-01 7.664880901575088501e-02
5.259097218513488770e-01 5.713436603546142578e-01 -1.772000640630722046e-02
5.284010171890258789e-01 5.747212767601013184e-01 -1.980269886553287506e-02
5.304868221282958984e-01 5.795040726661682129e-01 -2.179237268865108490e-02
5.317772030830383301e-01 5.855070352554321289e-01 -2.041730098426342010e-02
5.319355726242065430e-01 5.937171578407287598e-01 -1.311436668038368225e-02
5.452260375022888184e-01 5.404512286186218262e-01 -9.654200635850429535e-03
5.480808615684509277e-01 5.400196313858032227e-01 -9.154789149761199951e-03
5.507768392562866211e-01 5.389155745506286621e-01 -8.846342563629150391e-03
5.605115890502929688e-01 5.319462418556213379e-01 -5.457056686282157898e-03
6.050416231155395508e-01 5.012093186378479004e-01 1.910891942679882050e-02
5.326638221740722656e-01 3.891635537147521973e-01 -1.239030715078115463e-02
5.406229496002197266e-01 3.578039109706878662e-01 1.017748098820447922e-02
5.472009778022766113e-01 3.605333864688873291e-01 1.504948083311319351e-02
5.428738594055175781e-01 5.399301648139953613e-01 -8.925196714699268341e-03
6.027880907058715820e-01 5.441554784774780273e-01 3.309532254934310913e-02
5.304919481277465820e-01 3.558472096920013428e-01 -4.520362708717584610e-03
5.364913940429687500e-01 6.071123480796813965e-01 -8.230402134358882904e-03
5.252725481986999512e-01 3.941811919212341309e-01 -3.118671290576457977e-02
5.381299853324890137e-01 4.308663904666900635e-01 -2.642864547669887543e-02
5.171830654144287109e-01 6.162198781967163086e-01 -1.577077619731426239e-02
5.639741420745849609e-01 5.751100182533264160e-01 5.388614255934953690e-03
5.568511486053466797e-01 4.796580076217651367e-01 -8.142155595123767853e-03
5.517145991325378418e-01 5.933489799499511719e-01 -1.068481127731502056e-03
5.820245146751403809e-01 4.813154339790344238e-01 -2.127404557541012764e-03
5.655571222305297852e-01 4.979282021522521973e-01 -6.242664530873298645e-03
5.884014964103698730e-01 5.102626085281372070e-01 5.872935056686401367e-03
5.192129611968994141e-01 6.342728734016418457e-01 -1.640674471855163574e-02
5.440149307250976562e-01 4.419577717781066895e-01 -1.906314305961132050e-02
5.722694396972656250e-01 5.900074243545532227e-01 1.465086359530687332e-02
5.568351745605468750e-01 6.074067354202270508e-01 5.944076459854841232e-03
5.739362835884094238e-01 5.535484552383422852e-01 7.503238040953874588e-03
6.153383255004882812e-01 5.253453850746154785e-01 4.403330758213996887e-02
5.876145958900451660e-01 5.599115490913391113e-01 1.807728037238121033e-02
6.200691461563110352e-01 5.422815680503845215e-01 6.860835850238800049e-02
5.718626379966735840e-01 5.209354162216186523e-01 -1.099056797102093697e-03
5.380318164825439453e-01 4.169448316097259521e-01 -1.727145351469516754e-02
5.349723100662231445e-01 4.606936275959014893e-01 -4.557600244879722595e-02
5.409914851188659668e-01 4.671573340892791748e-01 -3.389315307140350342e-02
5.318462252616882324e-01 4.482761025428771973e-01 -5.336621031165122986e-02
5.503606796264648438e-01 3.421453237533569336e-01 8.546983823180198669e-03
5.689696669578552246e-01 3.312367796897888184e-01 8.125764317810535431e-03
5.849747061729431152e-01 3.298893570899963379e-01 9.659066796302795410e-03
5.976768136024475098e-01 3.351708650588989258e-01 1.441983506083488464e-02
6.060676574707031250e-01 3.452308773994445801e-01 2.122403308749198914e-02
6.092086434364318848e-01 3.799517452716827393e-01 3.624402731657028198e-02
6.374577283859252930e-01 4.364708364009857178e-01 8.353167027235031128e-02
5.989980101585388184e-01 4.029928743839263916e-01 2.491042576730251312e-02
5.874635577201843262e-01 4.061090946197509766e-01 1.741292513906955719e-02
5.732705593109130859e-01 4.034550786018371582e-01 1.212482154369354248e-02
5.601260066032409668e-01 3.976090848445892334e-01 9.671388193964958191e-03
5.499725341796875000e-01 3.910082876682281494e-01 9.286037646234035492e-03
5.429236888885498047e-01 3.846931457519531250e-01 8.675590157508850098e-03
6.356399655342102051e-01 4.408162236213684082e-01 1.258177012205123901e-01
5.402033925056457520e-01 4.721787273883819580e-01 -2.867239899933338165e-02
5.314935445785522461e-01 4.179031550884246826e-01 -3.472993150353431702e-02
5.276659131050109863e-01 4.594931006431579590e-01 -5.496476590633392334e-02
5.206419825553894043e-01 4.675022959709167480e-01 -5.154782906174659729e-02
5.269034504890441895e-01 4.629536271095275879e-01 -4.967774078249931335e-02
5.367797613143920898e-01 4.770607352256774902e-01 -2.552949078381061554e-02
5.187419056892395020e-01 4.683468639850616455e-01 -5.473981425166130066e-02
5.168511271476745605e-01 4.726955890655517578e-01 -4.207582771778106689e-02
5.441510677337646484e-01 3.716219663619995117e-01 1.572741195559501648e-02
5.377593040466308594e-01 3.748112022876739502e-01 8.140291087329387665e-03
5.336795449256896973e-01 3.768715560436248779e-01 -4.308108182158321142e-04
5.956282615661621094e-01 3.691833615303039551e-01 2.475598454475402832e-02
6.038241386413574219e-01 3.610511720180511475e-01 2.568244375288486481e-02
4.532209038734436035e-01 3.555163741111755371e-01 1.169399358332157135e-02
4.646018147468566895e-01 3.564348220825195312e-01 1.169399358332157135e-02
4.541546702384948730e-01 3.414542675018310547e-01 1.169399358332157135e-02
4.416876435279846191e-01 3.545567989349365234e-01 1.169399358332157135e-02
4.522027969360351562e-01 3.693366348743438721e-01 1.169399358332157135e-02
5.766715407371520996e-01 3.691429495811462402e-01 1.867738179862499237e-02
5.880926847457885742e-01 3.705672025680541992e-01 1.867738179862499237e-02
5.776921510696411133e-01 3.544152975082397461e-01 1.867738179862499237e-02
5.652318000793457031e-01 3.676819205284118652e-01 1.867738179862499237e-02
5.756798982620239258e-01 3.839304149150848389e-01 1.867738179862499237e-02
