5.081949830055236816e-01 5.320678353309631348e-01 -3.600014001131057739e-02
5.114966034889221191e-01 4.785936176776885986e-01 -6.133616715669631958e-02
5.086379051208496094e-01 4.962794184684753418e-01 -3.390998393297195435e-02
5.051390528678894043e-01 4.226036667823791504e-01 -4.449691250920295715e-02
5.130720138549804688e-01 4.613754153251647949e-01 -6.448312848806381226e-02
5.143589973449707031e-01 4.394445419311523438e-01 -5.895723029971122742e-02
5.168287754058837891e-01 3.865951597690582275e-01 -2.515523880720138550e-02
4.340301454067230225e-01 3.706816136837005615e-01 1.268110051751136780e-02
5.197547674179077148e-01 3.405150771141052246e-01 -1.489200443029403687e-02
5.215182304382324219e-01 3.177376985549926758e-01 -1.562047377228736877e-02
5.262292623519897461e-01 2.458523511886596680e-01 7.092860760167241096e-04
5.080187320709228516e-01 5.361227393150329590e-01 -3.492903336882591248e-02
5.076398253440856934e-01 5.397928953170776367e-01 -3.154328837990760803e-02
5.072731971740722656e-01 5.419458746910095215e-01 -2.677608095109462738e-02
5.048572421073913574e-01 5.831094980239868164e-01 -2.289708890020847321e-02
5.049555301666259766e-01 5.891489386558532715e-01 -2.491244673728942871e-02
5.046485662460327148e-01 5.965814590454101562e-01 -2.733141742646694183e-02
5.041165351867675781e-01 6.041966676712036133e-01 -2.548864297568798065e-02
4.980336427688598633e-01 6.127246022224426270e-01 -1.513706985861063004e-02
5.102978944778442383e-01 4.876229465007781982e-01 -5.588977411389350891e-02
4.992087483406066895e-01 4.864501953125000000e-01 -4.131924733519554138e-02
3.921616375446319580e-01 3.043932318687438965e-01 6.715990602970123291e-02
4.637796878814697266e-01 3.895580768585205078e-01 2.360816579312086105e-03
4.520924091339111328e-01 3.901100754737854004e-01 2.453257562592625618e-03
4.412939548492431641e-01 3.877089321613311768e-01 4.981717094779014587e-03
4.282695353031158447e-01 3.759807348251342773e-01 1.367630623281002045e-02
4.743395447731018066e-01 3.856389820575714111e-01 4.789722617715597153e-03
4.540257453918457031e-01 3.327533006668090820e-01 -4.159528762102127075e-04
4.668416380882263184e-01 3.365009725093841553e-01 7.115089683793485165e-04
4.414761364459991455e-01 3.350442051887512207e-01 2.366145374253392220e-03
4.325350224971771240e-01 3.422655463218688965e-01 6.174589507281780243e-03
4.165928363800048828e-01 3.855470418930053711e-01 1.831555925309658051e-02
4.520848095417022705e-01 6.260373592376708984e-01 -5.383838433772325516e-03
4.305139183998107910e-01 3.648125231266021729e-01 1.633019372820854187e-02
3.802657723426818848e-01 3.751051425933837891e-01 6.676917523145675659e-02
4.040289521217346191e-01 3.707036674022674561e-01 2.966861426830291748e-02
4.517211616039276123e-01 4.583162069320678711e-01 -1.234964467585086823e-02
4.924761056900024414e-01 5.276263952255249023e-01 -3.532974421977996826e-02
4.932764172554016113e-01 5.375830531120300293e-01 -3.074074536561965942e-02
4.765493273735046387e-01 5.316421389579772949e-01 -2.979502081871032715e-02
4.657519459724426270e-01 5.371338725090026855e-01 -2.188028953969478607e-02
4.807170927524566650e-01 5.384017229080200195e-01 -2.688402123749256134e-02
4.708967804908752441e-01 5.411809682846069336e-01 -1.946513727307319641e-02
4.472148418426513672e-01 5.683757662773132324e-01 -5.003006663173437119e-03
5.020113587379455566e-01 4.769626259803771973e-01 -6.083168089389801025e-02
5.018751025199890137e-01 4.602488875389099121e-01 -6.372638046741485596e-02
4.183630943298339844e-01 3.235726654529571533e-01 1.018792483955621719e-02
4.783091843128204346e-01 4.194574952125549316e-01 -1.015673112124204636e-02
4.750299751758575439e-01 4.707376062870025635e-01 -3.498611971735954285e-02
4.742844700813293457e-01 4.619126319885253906e-01 -3.139742091298103333e-02
4.167076349258422852e-01 4.519552588462829590e-01 -3.311713808216154575e-04
5.036484003067016602e-01 4.399236738681793213e-01 -5.627926811575889587e-02
4.488679766654968262e-01 3.047203421592712402e-01 -5.995213054120540619e-03
4.317681193351745605e-01 3.104056417942047119e-01 1.440144726075232029e-03
4.076895117759704590e-01 2.764079570770263672e-01 4.776448756456375122e-02
4.976179003715515137e-01 3.279913961887359619e-01 -1.308220531791448593e-02
4.772391021251678467e-01 3.464525938034057617e-01 4.340415820479393005e-03
4.407850205898284912e-01 5.491154193878173828e-01 -3.238355042412877083e-03
3.804557323455810547e-01 5.351519584655761719e-01 8.780689537525177002e-02
4.828289449214935303e-01 4.814254045486450195e-01 -3.047071397304534912e-02
4.912557899951934814e-01 4.874537289142608643e-01 -3.094322793185710907e-02
4.532054066658020020e-01 5.511138439178466797e-01 -3.957490436732769012e-03
4.565935730934143066e-01 5.512849688529968262e-01 -6.714333314448595047e-03
4.263587594032287598e-01 2.990001142024993896e-01 7.058707531541585922e-03
4.735822975635528564e-01 4.786150753498077393e-01 -2.913851290941238403e-02
4.703038930892944336e-01 3.088726103305816650e-01 -1.100999303162097931e-02
4.701766967773437500e-01 2.950730919837951660e-01 -1.260703243315219879e-02
4.591113924980163574e-01 2.443231642246246338e-01 9.892671369016170502e-03
4.156402945518493652e-01 2.913071513175964355e-01 2.464871294796466827e-02
4.638163447380065918e-01 2.733582854270935059e-01 -1.773905474692583084e-03
4.115633964538574219e-01 3.158850967884063721e-01 1.992915943264961243e-02
4.008932709693908691e-01 3.139520585536956787e-01 4.230001941323280334e-02
4.925725460052490234e-01 5.331393480300903320e-01 -3.433671966195106506e-02
4.785393178462982178e-01 5.354530215263366699e-01 -2.887223474681377411e-02
4.682025611400604248e-01 5.393995046615600586e-01 -2.160563319921493530e-02
4.850722551345825195e-01 4.849944114685058594e-01 -2.781510166823863983e-02
4.549179375171661377e-01 5.512596964836120605e-01 -5.366161465644836426e-03
4.597285091876983643e-01 5.617078542709350586e-01 -1.118972618132829666e-02
4.580813050270080566e-01 5.512824058532714844e-01 -6.878624204546213150e-03
4.891031980514526367e-01 4.757799804210662842e-01 -4.550515860319137573e-02
4.731647074222564697e-01 5.420036315917968750e-01 -1.777107268571853638e-02
4.826705455780029297e-01 5.399091839790344238e-01 -2.271509729325771332e-02
4.941084980964660645e-01 5.399289131164550781e-01 -2.629238180816173553e-02
4.817713797092437744e-01 6.090397238731384277e-01 -1.550245750695466995e-02
4.871528744697570801e-01 5.990238189697265625e-01 -2.556458301842212677e-02
4.885095953941345215e-01 5.918339490890502930e-01 -2.689492329955101013e-02
4.900046586990356445e-01 5.847226977348327637e-01 -2.428269013762474060e-02
4.914818406105041504e-01 5.794533491134643555e-01 -2.233864739537239075e-02
4.717851877212524414e-01 5.672122836112976074e-01 -1.475829258561134338e-02
4.692942202091217041e-01 5.687593817710876465e-01 -1.659259945154190063e-02
4.661040008068084717e-01 5.715113878250122070e-01 -1.847881637513637543e-02
4.634267389774322510e-01 5.749316811561584473e-01 -1.677562668919563293e-02
4.566997587680816650e-01 5.205976963043212891e-01 -1.820211485028266907e-02
3.717182874679565430e-01 4.482917189598083496e-01 1.074371337890625000e-01
5.094645619392395020e-01 4.917816519737243652e-01 -4.146885871887207031e-02
4.653547108173370361e-01 5.607253313064575195e-01 -9.839475154876708984e-03
4.625556170940399170e-01 5.609791278839111328e-01 -1.110216788947582245e-02
4.939590096473693848e-01 4.942900836467742920e-01 -3.188849985599517822e-02
4.761111438274383545e-01 4.891611039638519287e-01 -2.104808948934078217e-02
4.926875233650207520e-01 4.909502565860748291e-01 -3.159212321043014526e-02
4.651601612567901611e-01 4.275068938732147217e-01 -7.801313884556293488e-03
4.452559649944305420e-01 4.358544349670410156e-01 -6.111328955739736557e-03
4.714799523353576660e-01 4.695071578025817871e-01 -2.548847906291484833e-02
4.289566278457641602e-01 2.554978728294372559e-01 2.718756161630153656e-02
4.356072545051574707e-01 2.768851220607757568e-01 1.028509996831417084e-02
4.462174475193023682e-01 2.915497422218322754e-01 -3.583910176530480385e-03
4.553118944168090820e-01 5.835899114608764648e-01 -9.758248925209045410e-03
4.971851408481597900e-01 3.045317530632019043e-01 -1.629735343158245087e-02
4.922658503055572510e-01 2.770290374755859375e-01 -7.897639647126197815e-03
4.903989136219024658e-01 2.420059889554977417e-01 8.770008571445941925e-04
4.325764477252960205e-01 3.832436501979827881e-01 9.375380352139472961e-03
4.019172787666320801e-01 3.961217105388641357e-01 2.327895350754261017e-02
4.816007912158966064e-01 3.814513087272644043e-01 6.969905924052000046e-03
4.199001789093017578e-01 3.494247198104858398e-01 1.505043264478445053e-02
4.875511825084686279e-01 4.094657897949218750e-01 -1.308668311685323715e-02
4.826412796974182129e-01 4.644743502140045166e-01 -4.525038972496986389e-02
3.889863491058349609e-01 4.072467684745788574e-01 3.401314839720726013e-02
4.094444513320922852e-01 4.091443419456481934e-01 1.268872618675231934e-02
4.244771897792816162e-01 4.171516299247741699e-01 2.899009268730878830e-03
4.470214247703552246e-01 4.168083667755126953e-01 -4.589249729178845882e-04
4.638493359088897705e-01 4.114866256713867188e-01 -1.609039376489818096e-03
4.770759940147399902e-01 4.046534895896911621e-01 -3.192728618159890175e-03
5.053959488868713379e-01 3.890962600708007812e-01 -2.185569889843463898e-02
3.886927962303161621e-01 4.426778554916381836e-01 2.892012521624565125e-02
4.104288816452026367e-01 3.454343676567077637e-01 2.021353319287300110e-02
5.046033859252929688e-01 4.862878918647766113e-01 -5.563969537615776062e-02
4.784233868122100830e-01 4.361028373241424561e-01 -1.603008434176445007e-02
3.746665716171264648e-01 3.735705018043518066e-01 1.032558754086494446e-01
4.876485466957092285e-01 3.964300453662872314e-01 -3.607602091506123543e-03
4.696995019912719727e-01 4.705894589424133301e-01 -1.445546559989452362e-02
4.252094030380249023e-01 3.645444512367248535e-01 1.807212270796298981e-02
4.823995232582092285e-01 4.538705646991729736e-01 -4.064119234681129456e-02
3.740319013595581055e-01 4.899798333644866943e-01 1.005675643682479858e-01
4.827060699462890625e-01 3.755014240741729736e-01 1.012443378567695618e-02
4.929053485393524170e-01 4.447761774063110352e-01 -5.053373426198959351e-02
4.049604237079620361e-01 5.800634622573852539e-01 3.117447532713413239e-02
4.021473228931427002e-01 5.999509096145629883e-01 4.928977042436599731e-02
3.753580152988433838e-01 4.458832740783691406e-01 6.819279491901397705e-02
3.924648761749267578e-01 5.548089146614074707e-01 4.397435486316680908e-02
3.901462256908416748e-01 3.422490358352661133e-01 5.789503827691078186e-02
4.477977752685546875e-01 6.429649591445922852e-01 -2.396324271103367209e-04
5.050632953643798828e-01 4.906233847141265869e-01 -4.093940556049346924e-02
4.668259918689727783e-01 4.472523927688598633e-01 -1.311535574495792389e-02
3.923741877079010010e-01 3.729694485664367676e-01 4.016129672527313232e-02
4.440244138240814209e-01 3.784880638122558594e-01 6.459810771048069000e-03
4.534001350402832031e-01 3.810400962829589844e-01 4.303220193833112717e-03
4.570713639259338379e-01 5.629072189331054688e-01 -9.674157947301864624e-03
3.889549970626831055e-01 4.770481586456298828e-01 3.086769953370094299e-02
4.670405685901641846e-01 6.703421473503112793e-01 3.588562831282615662e-03
4.321484565734863281e-01 6.418378949165344238e-01 2.319493703544139862e-02
4.179575741291046143e-01 6.245359182357788086e-01 3.454993665218353271e-02
5.239629745483398438e-01 2.824298143386840820e-01 -8.290559984743595123e-03
4.924838542938232422e-01 6.769397854804992676e-01 2.043531741946935654e-03
4.631763100624084473e-01 3.805910646915435791e-01 4.640846978873014450e-03
4.728216230869293213e-01 3.783026337623596191e-01 6.927996408194303513e-03
4.792901873588562012e-01 3.770088553428649902e-01 9.752852842211723328e-03
4.013637006282806396e-01 3.414145708084106445e-01 3.136297687888145447e-02
4.731603562831878662e-01 3.608105778694152832e-01 5.743720568716526031e-03
4.635150432586669922e-01 3.540976345539093018e-01 3.494095755741000175e-03
4.537499248981475830e-01 3.521077036857604980e-01 3.336849156767129898e-03
4.438044428825378418e-01 3.540889918804168701e-01 5.310216918587684631e-03
4.373312890529632568e-01 3.582568764686584473e-01 8.301004767417907715e-03
3.815616965293884277e-01 3.352184295654296875e-01 8.784886449575424194e-02
4.380043148994445801e-01 3.746994435787200928e-01 9.711163118481636047e-03
5.073029398918151855e-01 5.096651911735534668e-01 -3.185705468058586121e-02
4.687614440917968750e-01 5.123891830444335938e-01 -2.336261235177516937e-02
4.832678735256195068e-01 4.783204495906829834e-01 -3.428943827748298645e-02
4.912759065628051758e-01 5.088471770286560059e-01 -3.185276687145233154e-02
5.179899334907531738e-01 3.644814491271972656e-01 -1.578205265104770660e-02
4.184773266315460205e-01 6.042876243591308594e-01 2.159869857132434845e-02
4.323222637176513672e-01 6.235248446464538574e-01 1.137270312756299973e-02
4.682077765464782715e-01 6.582878828048706055e-01 -9.815711528062820435e-03
3.904120922088623047e-01 5.723931193351745605e-01 6.890011578798294067e-02
4.798927903175354004e-01 3.697552680969238281e-01 8.382501080632209778e-03
4.960520863533020020e-01 4.145504236221313477e-01 -2.792613394558429718e-02
4.935865700244903564e-01 6.648876667022705078e-01 -1.106678042560815811e-02
4.479086697101593018e-01 6.577711701393127441e-01 1.113410945981740952e-02
3.769918084144592285e-01 4.840768575668334961e-01 6.473129242658615112e-02
4.805982112884521484e-01 5.738345384597778320e-01 -1.908394880592823029e-02
4.781277179718017578e-01 5.771324634552001953e-01 -2.107756957411766052e-02
4.755639433860778809e-01 5.823301076889038086e-01 -2.318779006600379944e-02
4.735053181648254395e-01 5.884648561477661133e-01 -2.185352332890033722e-02
4.664385318756103516e-01 5.979602336883544922e-01 -1.419005170464515686e-02
4.627183377742767334e-01 5.453656911849975586e-01 -1.262758765369653702e-02
4.600900113582611084e-01 5.444695949554443359e-01 -1.276939734816551208e-02
4.578676223754882812e-01 5.430370569229125977e-01 -1.288430579006671906e-02
4.471056759357452393e-01 5.330904126167297363e-01 -1.094742864370346069e-02
4.052616953849792480e-01 4.877145290374755859e-01 9.434844367206096649e-03
4.966991245746612549e-01 3.980412483215332031e-01 -1.657906174659729004e-02
4.929501116275787354e-01 3.617754578590393066e-01 3.652847604826092720e-03
4.853523969650268555e-01 3.632458746433258057e-01 7.134784944355487823e-03
4.649170339107513428e-01 5.455404520034790039e-01 -1.171818096190690994e-02
4.007273316383361816e-01 5.297618508338928223e-01 2.456923387944698334e-02
5.040627717971801758e-01 3.618209064006805420e-01 -9.720592759549617767e-03
4.589511752128601074e-01 6.107916831970214844e-01 -8.868750184774398804e-03
5.151861906051635742e-01 4.214044511318206787e-01 -4.736265167593955994e-02
5.051131844520568848e-01 4.067825675010681152e-01 -3.405769914388656616e-02
5.159444808959960938e-01 4.047363102436065674e-01 -3.578979894518852234e-02
4.859843552112579346e-01 4.399248063564300537e-01 -2.983214519917964935e-02
4.951397776603698730e-01 6.477692723274230957e-01 -1.583990268409252167e-02
4.967051148414611816e-01 6.285668611526489258e-01 -1.497288793325424194e-02
4.769578278064727783e-01 6.238859891891479492e-01 -1.381024625152349472e-02
4.356909096240997314e-01 5.729991793632507324e-01 7.869360269978642464e-04
4.585784375667572021e-01 4.825790822505950928e-01 -1.257672812789678574e-02
4.454172551631927490e-01 5.939068198204040527e-01 -3.713722340762615204e-03
4.322707653045654297e-01 4.759029150009155273e-01 -9.670040570199489594e-03
4.467583894729614258e-01 4.977040290832519531e-01 -1.188006903976202011e-02
4.208929538726806641e-01 5.022851824760437012e-01 -2.304410096257925034e-03
4.716759324073791504e-01 6.417321562767028809e-01 -1.421343535184860229e-02
4.779749214649200439e-01 4.491894543170928955e-01 -2.286977134644985199e-02
4.244304895401000977e-01 5.850948095321655273e-01 1.003290712833404541e-02
4.376261532306671143e-01 6.064295172691345215e-01 3.679325571283698082e-03
4.291665554046630859e-01 5.492944717407226562e-01 1.173542812466621399e-03
3.905024826526641846e-01 5.069569349288940430e-01 3.392141684889793396e-02
4.139182269573211670e-01 5.508164763450622559e-01 1.099247951060533524e-02
3.818587064743041992e-01 5.204363465309143066e-01 5.860023573040962219e-02
4.365431666374206543e-01 5.183684825897216797e-01 -7.525403052568435669e-03
4.874542653560638428e-01 4.251058697700500488e-01 -2.150111272931098938e-02
4.859263300895690918e-01 4.724373221397399902e-01 -4.767546057701110840e-02
4.784239828586578369e-01 4.765583276748657227e-01 -3.611963987350463867e-02
4.917129874229431152e-01 4.613945186138153076e-01 -5.483120307326316833e-02
4.858615696430206299e-01 3.421591818332672119e-01 2.492117055226117373e-04
4.684040248394012451e-01 3.268730044364929199e-01 -2.195616718381643295e-03
4.522557556629180908e-01 3.227868676185607910e-01 -2.392729278653860092e-03
4.379378557205200195e-01 3.258838951587677002e-01 9.849307825788855553e-04
4.269443154335021973e-01 3.343804478645324707e-01 6.871928460896015167e-03
4.159426689147949219e-01 3.675002455711364746e-01 2.218873612582683563e-02
3.759935200214385986e-01 4.097533226013183594e-01 6.770176440477371216e-02
4.223798513412475586e-01 3.937222361564636230e-01 1.242145802825689316e-02
4.337067604064941406e-01 4.001233577728271484e-01 6.320181302726268768e-03
4.490540027618408203e-01 4.019673168659210205e-01 2.597633749246597290e-03
4.640194773674011230e-01 3.995709419250488281e-01 1.350327045656740665e-03
4.761422276496887207e-01 3.947226107120513916e-01 2.475743647664785385e-03
4.848745763301849365e-01 3.898245692253112793e-01 2.525462536141276360e-03
3.723157048225402832e-01 4.103596210479736328e-01 1.090653538703918457e-01
4.779296219348907471e-01 4.815010726451873779e-01 -3.069618158042430878e-02
4.953735172748565674e-01 4.293328523635864258e-01 -3.775683417916297913e-02
4.939414858818054199e-01 4.739158749580383301e-01 -5.587815865874290466e-02
4.989456832408905029e-01 4.832370281219482422e-01 -5.126985162496566772e-02
4.935628771781921387e-01 4.769987463951110840e-01 -5.055645480751991272e-02
4.802744388580322266e-01 4.870792031288146973e-01 -2.682321704924106598e-02
5.010805726051330566e-01 4.848971366882324219e-01 -5.418315157294273376e-02
5.015335083007812500e-01 4.891994595527648926e-01 -4.109138995409011841e-02
4.866823256015777588e-01 3.760011792182922363e-01 8.806332014501094818e-03
4.923884868621826172e-01 3.807281851768493652e-01 2.385018859058618546e-03
4.963262081146240234e-01 3.836821019649505615e-01 -5.202291533350944519e-03
4.336055517196655273e-01 3.616616725921630859e-01 1.173304673284292221e-02
4.264342486858367920e-01 3.515319228172302246e-01 1.196776330471038818e-02
5.244553089141845703e-01 4.251988530158996582e-01 -4.284921288490295410e-02
5.944294333457946777e-01 3.863775432109832764e-01 2.389327064156532288e-02
5.198488831520080566e-01 4.892223775386810303e-01 -4.006431624293327332e-02
6.335159540176391602e-01 3.384019136428833008e-01 8.380089700222015381e-02
5.619032979011535645e-01 3.981634080410003662e-01 9.677993133664131165e-03
5.726346373558044434e-01 4.009917378425598145e-01 1.124393567442893982e-02
5.830541849136352539e-01 4.021381735801696777e-01 1.507655531167984009e-02
5.978531241416931152e-01 3.937131762504577637e-01 2.548470348119735718e-02
5.530954003334045410e-01 3.932996094226837158e-01 1.060426793992519379e-02
5.826466083526611328e-01 3.477275371551513672e-01 8.761409670114517212e-03
5.694626569747924805e-01 3.490912914276123047e-01 7.975171320140361786e-03
5.942716598510742188e-01 3.520313203334808350e-01 1.291562151163816452e-02
6.010465621948242188e-01 3.606349527835845947e-01 1.753836497664451599e-02
6.048622131347656250e-01 4.077391624450683594e-01 3.102781623601913452e-02
5.391622781753540039e-01 6.362143158912658691e-01 -2.976581745315343142e-04
5.987753272056579590e-01 3.813148140907287598e-01 2.800925821065902710e-02
6.363595724105834961e-01 4.101471304893493652e-01 8.355340361595153809e-02
6.176452040672302246e-01 3.971451818943023682e-01 4.382793605327606201e-02
5.658168196678161621e-01 4.739253520965576172e-01 -4.737548995763063431e-03
5.227824449539184570e-01 5.310858488082885742e-01 -3.335601463913917542e-02
5.200837850570678711e-01 5.408970117568969727e-01 -2.893632091581821442e-02
5.354433655738830566e-01 5.381040573120117188e-01 -2.573672495782375336e-02
5.430250167846679688e-01 5.462661981582641602e-01 -1.636507734656333923e-02
5.301272273063659668e-01 5.442131161689758301e-01 -2.340667136013507843e-02
5.372242331504821777e-01 5.493751764297485352e-01 -1.480051316320896149e-02
5.520691871643066406e-01 5.820168852806091309e-01 1.851620501838624477e-03
5.206658244132995605e-01 4.795000255107879639e-01 -5.977865308523178101e-02
5.237800478935241699e-01 4.632006287574768066e-01 -6.249601393938064575e-02
6.159942150115966797e-01 3.487891554832458496e-01 2.354544959962368011e-02
5.461212396621704102e-01 4.286296367645263672e-01 -5.120476707816123962e-03
5.447987914085388184e-01 4.799467027187347412e-01 -3.028546273708343506e-02
5.463199019432067871e-01 4.713522195816040039e-01 -2.655674330890178680e-02
5.984890460968017578e-01 4.768681526184082031e-01 1.181506644934415817e-02
5.243841409683227539e-01 4.426614642143249512e-01 -5.468215793371200562e-02
5.936383008956909180e-01 3.262048959732055664e-01 3.602039301767945290e-03
6.075915098190307617e-01 3.339310884475708008e-01 1.322528067976236343e-02
6.260452270507812500e-01 3.074216246604919434e-01 6.264317035675048828e-02
5.442448854446411133e-01 3.394134640693664551e-01 -9.722162969410419464e-03
5.576967000961303711e-01 3.567074537277221680e-01 1.028121076524257660e-02
5.613788962364196777e-01 5.652313232421875000e-01 5.201239138841629028e-03
6.127013564109802246e-01 5.664067864418029785e-01 1.038133203983306885e-01
5.351439118385314941e-01 4.883520603179931641e-01 -2.716132253408432007e-02
5.262605547904968262e-01 4.920840859413146973e-01 -2.926159091293811798e-02
5.493109822273254395e-01 5.645934343338012695e-01 3.303742501884698868e-03
5.459842085838317871e-01 5.637860298156738281e-01 -2.702412311919033527e-04
6.135901808738708496e-01 3.247582018375396729e-01 1.941335573792457581e-02
5.441260337829589844e-01 4.878789186477661133e-01 -2.453517913818359375e-02
5.734109878540039062e-01 3.269102275371551514e-01 -4.400712903589010239e-03
5.764406919479370117e-01 3.142125904560089111e-01 -5.874856375157833099e-03
5.883309841156005859e-01 2.631474137306213379e-01 1.861312426626682281e-02
6.196296215057373047e-01 3.190874457359313965e-01 3.802196308970451355e-02
5.813265442848205566e-01 2.897523641586303711e-01 5.787822883576154709e-03
6.222383379936218262e-01 3.437739014625549316e-01 3.400658443570137024e-02
6.278086900711059570e-01 3.448135256767272949e-01 5.738133564591407776e-02
5.217247605323791504e-01 5.367326140403747559e-01 -3.235358744859695435e-02
5.328057408332824707e-01 5.417540669441223145e-01 -2.509718202054500580e-02
5.403023958206176758e-01 5.481359958648681641e-01 -1.657894626259803772e-02
5.321612358093261719e-01 4.911770522594451904e-01 -2.499604783952236176e-02
5.476176738739013672e-01 5.642514228820800781e-01 1.357829431071877480e-03
5.440024137496948242e-01 5.738809704780578613e-01 -5.502603016793727875e-03
5.444238781929016113e-01 5.632933378219604492e-01 -6.134957657195627689e-04
5.313699841499328613e-01 4.815322756767272949e-01 -4.227830842137336731e-02
5.346118211746215820e-01 5.495045185089111328e-01 -1.334477495402097702e-02
5.277011394500732422e-01 5.451241731643676758e-01 -1.942785270512104034e-02
5.185505747795104980e-01 5.428705811500549316e-01 -2.442282252013683319e-02
5.141358971595764160e-01 6.131587624549865723e-01 -1.380074396729469299e-02
5.195360779762268066e-01 6.041129827499389648e-01 -2.370165847241878510e-02
5.192871093750000000e-01 5.963177680969238281e-01 -2.496367134153842926e-02
5.182481408119201660e-01 5.886550545692443848e-01 -2.235593646764755249e-02
5.166274309158325195e-01 5.828464031219482422e-01 -2.050960436463356018e-02
5.330699086189270020e-01 5.758749246597290039e-01 -1.032956037670373917e-02
5.358684659004211426e-01 5.784932971000671387e-01 -1.217692624777555466e-02
5.390242934226989746e-01 5.825873613357543945e-01 -1.386586390435695648e-02
5.413820147514343262e-01 5.871649384498596191e-01 -1.186669711023569107e-02
5.521519780158996582e-01 5.334042310714721680e-01 -1.181180402636528015e-02
6.298930048942565918e-01 4.841954410076141357e-01 1.251331716775894165e-01
5.381698012351989746e-01 5.710144042968750000e-01 -4.318270832300186157e-03
5.411891937255859375e-01 5.721659660339355469e-01 -5.619931034743785858e-03
5.228583812713623047e-01 4.980754256248474121e-01 -3.016625344753265381e-02
5.394381880760192871e-01 4.974185228347778320e-01 -1.737056113779544830e-02
5.244837403297424316e-01 4.951997697353363037e-01 -2.994457446038722992e-02
5.569313764572143555e-01 4.399867653846740723e-01 -1.148062176071107388e-03
5.745041370391845703e-01 4.536017775535583496e-01 2.680500503629446030e-03
5.472533106803894043e-01 4.794770777225494385e-01 -2.047520130872726440e-02
6.123740077018737793e-01 2.818492054939270020e-01 3.941444680094718933e-02
6.052820682525634766e-01 3.001782894134521484e-01 2.117204107344150543e-02
5.982780456542968750e-01 3.143441677093505859e-01 6.408140528947114944e-03
5.425463914871215820e-01 5.946441888809204102e-01 -4.100027028471231461e-03
5.499101877212524414e-01 3.181391358375549316e-01 -1.281565800309181213e-02
5.548350214958190918e-01 2.858947515487670898e-01 -3.876062110066413879e-03
5.605567693710327148e-01 2.524024546146392822e-01 5.370807368308305740e-03
5.922048091888427734e-01 4.000514149665832520e-01 2.051676809787750244e-02
6.150646209716796875e-01 4.225369393825531006e-01 3.726333752274513245e-02
5.473078489303588867e-01 3.885577917098999023e-01 1.214004121720790863e-02
6.099301576614379883e-01 3.712700009346008301e-01 2.795378863811492920e-02
5.393997430801391602e-01 4.164513945579528809e-01 -9.092845022678375244e-03
5.394353866577148438e-01 4.721581339836120605e-01 -4.141136631369590759e-02
6.275995373725891113e-01 4.399038255214691162e-01 4.968788102269172668e-02
6.067487001419067383e-01 4.336408972740173340e-01 2.599610015749931335e-02
5.922860503196716309e-01 4.381283223628997803e-01 1.436176616698503494e-02
5.717486143112182617e-01 4.317871928215026855e-01 8.416059426963329315e-03
5.571860671043395996e-01 4.221588075160980225e-01 5.243738647550344467e-03
5.465810298919677734e-01 4.127529561519622803e-01 1.984422327950596809e-03
5.270295143127441406e-01 3.920736908912658691e-01 -2.019094116985797882e-02
6.237906813621520996e-01 4.747917950153350830e-01 4.458490014076232910e-02
6.177799105644226074e-01 3.713602423667907715e-01 3.418099135160446167e-02
5.158806443214416504e-01 4.878057241439819336e-01 -5.479128658771514893e-02
5.442750453948974609e-01 4.449628293514251709e-01 -1.111266668885946274e-02
6.369913816452026367e-01 4.101930260658264160e-01 1.216212809085845947e-01
5.388600826263427734e-01 4.026144444942474365e-01 4.286558541934937239e-04
5.478580594062805176e-01 4.808886647224426270e-01 -9.336264804005622864e-03
6.030410528182983398e-01 3.828794658184051514e-01 3.036647848784923553e-02
5.406318306922912598e-01 4.616312682628631592e-01 -3.671143576502799988e-02
6.233888864517211914e-01 5.241298675537109375e-01 1.174712851643562317e-01
5.478500127792358398e-01 3.824666440486907959e-01 1.549032051116228104e-02
5.330501198768615723e-01 4.501653909683227539e-01 -4.770947247743606567e-02
5.886648893356323242e-01 6.033244132995605469e-01 4.276042431592941284e-02
5.866323113441467285e-01 6.228451728820800781e-01 6.162023916840553284e-02
6.325056552886962891e-01 4.808406531810760498e-01 8.495251089334487915e-02
6.032789945602416992e-01 5.824026465415954590e-01 5.754646286368370056e-02
6.323568820953369141e-01 3.754146993160247803e-01 7.393306493759155273e-02
5.403265357017517090e-01 6.533120870590209961e-01 5.296943243592977524e-03
5.138522386550903320e-01 4.918068051338195801e-01 -4.042648896574974060e-02
5.531294345855712891e-01 4.589556157588958740e-01 -7.144482806324958801e-03
6.259025335311889648e-01 4.028487205505371094e-01 5.554642528295516968e-02
5.833414196968078613e-01 3.911383748054504395e-01 1.639232225716114044e-02
5.740413665771484375e-01 3.910403251647949219e-01 1.307088881731033325e-02
5.464631319046020508e-01 5.759882330894470215e-01 -3.651059931144118309e-03
6.187105178833007812e-01 5.083204507827758789e-01 4.608750343322753906e-02
5.178152918815612793e-01 6.757192611694335938e-01 6.754708942025899887e-03
5.539810657501220703e-01 6.552578806877136230e-01 3.114907443523406982e-02
5.694002509117126465e-01 6.420944929122924805e-01 4.461426287889480591e-02
5.649476051330566406e-01 3.889045417308807373e-01 1.208009663969278336e-02
5.564416646957397461e-01 3.858462572097778320e-01 1.327587850391864777e-02
5.506908297538757324e-01 3.842352926731109619e-01 1.546683534979820251e-02
6.249228715896606445e-01 3.703975379467010498e-01 4.629631713032722473e-02
5.592020153999328613e-01 3.707126975059509277e-01 1.230230182409286499e-02
5.692639350891113281e-01 3.655384182929992676e-01 1.117612328380346298e-02
5.791478157043457031e-01 3.648011982440948486e-01 1.227471604943275452e-02
5.884868502616882324e-01 3.682666718959808350e-01 1.541834883391857147e-02
5.938137769699096680e-01 3.735397458076477051e-01 1.916048862040042877e-02
6.370862126350402832e-01 3.708794713020324707e-01 1.055979579687118530e-01
5.898119807243347168e-01 3.892747163772583008e-01 2.040508203208446503e-02
5.428664684295654297e-01 5.222292542457580566e-01 -1.844070851802825928e-02
5.356162786483764648e-01 4.853676855564117432e-01 -3.096089884638786316e-02
5.229384303092956543e-01 5.130950808525085449e-01 -2.982463315129280090e-02
5.726951360702514648e-01 6.229438781738281250e-01 3.099852427840232849e-02
5.573083162307739258e-01 6.379715800285339355e-01 1.875201985239982605e-02
5.190774202346801758e-01 6.639891862869262695e-01 -6.867976393550634384e-03
6.000016331672668457e-01 5.996207594871520996e-01 8.323987573385238647e-02
5.515384078025817871e-01 3.778573870658874512e-01 1.424934435635805130e-02
5.324811339378356934e-01 4.194925129413604736e-01 -2.519503794610500336e-02
5.374611616134643555e-01 6.671960353851318359e-01 1.695032417774200439e-02
6.261339187622070312e-01 5.177993774414062500e-01 8.092319965362548828e-02
5.259642004966735840e-01 5.800831317901611328e-01 -1.575883664190769196e-02
5.286053419113159180e-01 5.844953656196594238e-01 -1.764211431145668030e-02
5.309107899665832520e-01 5.908338427543640137e-01 -1.958828978240489960e-02
5.323606133460998535e-01 5.981466770172119141e-01 -1.812027022242546082e-02
5.301534533500671387e-01 6.058512330055236816e-01 -1.009419281035661697e-02
5.423629283905029297e-01 5.558131933212280273e-01 -7.001263555139303207e-03
5.451658368110656738e-01 5.555627346038818359e-01 -6.577355321496725082e-03
5.477449893951416016e-01 5.546392202377319336e-01 -6.323872134089469910e-03
5.585299730300903320e-01 5.481015443801879883e-01 -3.050280734896659851e-03
6.033624410629272461e-01 5.147146582603454590e-01 2.237367816269397736e-02
5.331224799156188965e-01 4.030592143535614014e-01 -1.383441872894763947e-02
5.407771468162536621e-01 3.686214983463287354e-01 7.189732510596513748e-03
5.471688508987426758e-01 3.709420561790466309e-01 1.223609037697315216e-02
5.400066971778869629e-01 5.553337335586547852e-01 -6.155628710985183716e-03
6.005756855010986328e-01 5.564533472061157227e-01 3.753866627812385559e-02
5.311483144760131836e-01 3.670614957809448242e-01 -7.477807812392711639e-03
5.351084470748901367e-01 6.198878884315490723e-01 -4.396852105855941772e-03
5.258521437644958496e-01 4.095639288425445557e-01 -3.261210396885871887e-02
5.381116867065429688e-01 4.470078349113464355e-01 -2.622422017157077789e-02
5.164088606834411621e-01 6.285903453826904297e-01 -1.174944639205932617e-02
5.621733069419860840e-01 5.891911387443542480e-01 8.756893686950206757e-03
5.559958219528198242e-01 4.955849945545196533e-01 -6.300918292254209518e-03
5.500072240829467773e-01 6.067572236061096191e-01 2.506718272343277931e-03
5.812422633171081543e-01 4.963176846504211426e-01 -1.858361065387725830e-05
5.646517276763916016e-01 5.136796236038208008e-01 -4.101629834622144699e-03
5.872862339019775391e-01 5.248742103576660156e-01 8.589016273617744446e-03
5.186632275581359863e-01 6.472699046134948730e-01 -1.150020305067300797e-02
5.434923171997070312e-01 4.578743278980255127e-01 -1.837357319891452789e-02
5.706341266632080078e-01 6.032768487930297852e-01 1.900533400475978851e-02
5.554133653640747070e-01 6.205730438232421875e-01 1.057296339422464371e-02
5.722215771675109863e-01 5.682550668716430664e-01 1.079773623496294022e-02
6.128056049346923828e-01 5.369615554809570312e-01 4.843206703662872314e-02
5.857778787612915039e-01 5.732766985893249512e-01 2.200192399322986603e-02
6.170720458030700684e-01 5.519904494285583496e-01 7.410201430320739746e-02
5.706071257591247559e-01 5.365483760833740234e-01 1.482242601923644543e-03
5.381166338920593262e-01 4.320067465305328369e-01 -1.759644038975238800e-02
5.351564288139343262e-01 4.790867269039154053e-01 -4.420320689678192139e-02
5.406634211540222168e-01 4.848464131355285645e-01 -3.214928507804870605e-02
5.323191881179809570e-01 4.669151008129119873e-01 -5.223587527871131897e-02
5.512980222702026367e-01 3.522763252258300781e-01 5.076153669506311417e-03
5.707057714462280273e-01 3.410751521587371826e-01 4.770535510033369064e-03
5.870952010154724121e-01 3.399195373058319092e-01 6.734901107847690582e-03
5.996769070625305176e-01 3.453834652900695801e-01 1.198754459619522095e-02
6.074272990226745605e-01 3.555012345314025879e-01 1.913671568036079407e-02
6.091021895408630371e-01 3.898053765296936035e-01 3.521807119250297546e-02
6.360495090484619141e-01 4.452899396419525146e-01 8.496037870645523071e-02
5.985913276672363281e-01 4.142543077468872070e-01 2.447665855288505554e-02
5.869976282119750977e-01 4.180088639259338379e-01 1.688480563461780548e-02
5.726235508918762207e-01 4.153205156326293945e-01 1.139809470623731613e-02
5.593168735504150391e-01 4.092491865158081055e-01 8.394611068069934845e-03
5.492263436317443848e-01 4.025453031063079834e-01 7.836007513105869293e-03
5.423313975334167480e-01 3.962755203247070312e-01 6.905341055244207382e-03
6.336884498596191406e-01 4.469195008277893066e-01 1.273856610059738159e-01
5.397092700004577637e-01 4.896027147769927979e-01 -2.679142169654369354e-02
5.319469571113586426e-01 4.342876076698303223e-01 -3.493697568774223328e-02
5.281260609626770020e-01 4.785327315330505371e-01 -5.365903303027153015e-02
5.211665034294128418e-01 4.862738251686096191e-01 -4.997562244534492493e-02
5.273194313049316406e-01 4.816599190235137939e-01 -4.827468469738960266e-02
5.362257957458496094e-01 4.943029284477233887e-01 -2.352061495184898376e-02
5.192546844482421875e-01 4.873378872871398926e-01 -5.312934517860412598e-02
5.172888636589050293e-01 4.912678599357604980e-01 -4.021831601858139038e-02
5.437466502189636230e-01 3.826231956481933594e-01 1.334216818213462830e-02
5.374020338058471680e-01 3.862696886062622070e-01 5.891142413020133972e-03
5.335830450057983398e-01 3.886986672878265381e-01 -2.357120625674724579e-03
5.966610908508300781e-01 3.776938617229461670e-01 2.302659861743450165e-02
6.045611500740051270e-01 3.705674409866333008e-01 2.398193813860416412e-02
4.527553915977478027e-01 3.648734688758850098e-01 7.952066138386726379e-03
4.639962613582611084e-01 3.657236993312835693e-01 7.952066138386726379e-03
4.536660313606262207e-01 3.496642708778381348e-01 7.952066138386726379e-03
4.412453770637512207e-01 3.639903962612152100e-01 7.952066138386726379e-03
4.517481327056884766e-01 3.799255788326263428e-01 7.952066138386726379e-03
5.757433176040649414e-01 3.780244588851928711e-01 1.660574227571487427e-02
5.874513983726501465e-01 3.793722093105316162e-01 1.660574227571487427e-02
5.767722129821777344e-01 3.624266684055328369e-01 1.660574227571487427e-02
5.639556646347045898e-01 3.765644729137420654e-01 1.660574227571487427e-02
5.747542977333068848e-01 3.936003744602203369e-01 1.660574227571487427e-02
