5.034783482551574707e-01 5.286894440650939941e-01 -3.417435288429260254e-02
5.106442570686340332e-01 4.701769351959228516e-01 -5.966863781213760376e-02
5.080161690711975098e-01 4.887204766273498535e-01 -3.252002596855163574e-02
5.047605037689208984e-01 4.161401689052581787e-01 -4.360250383615493774e-02
5.121071934700012207e-01 4.533212184906005859e-01 -6.292466074228286743e-02
5.134450197219848633e-01 4.320592284202575684e-01 -5.778825283050537109e-02
5.162160396575927734e-01 3.812594711780548096e-01 -2.569938637316226959e-02
4.335284531116485596e-01 3.658959269523620605e-01 1.337501220405101776e-02
5.189111828804016113e-01 3.401252031326293945e-01 -1.651270501315593719e-02
5.205005407333374023e-01 3.187007009983062744e-01 -1.752703264355659485e-02
5.248737931251525879e-01 2.482176721096038818e-01 -2.245405223220586777e-03
5.032854676246643066e-01 5.332289934158325195e-01 -3.299963101744651794e-02
5.029835104942321777e-01 5.377547740936279297e-01 -2.955430373549461365e-02
5.028129220008850098e-01 5.405512452125549316e-01 -2.457033842802047729e-02
5.019711256027221680e-01 5.662942528724670410e-01 -2.159543335437774658e-02
5.016773939132690430e-01 5.735245347023010254e-01 -2.334554307162761688e-02
5.011248588562011719e-01 5.826092362403869629e-01 -2.574279531836509705e-02
5.005701184272766113e-01 5.914444923400878906e-01 -2.404266595840454102e-02
4.978187978267669678e-01 6.034356355667114258e-01 -1.380868814885616302e-02
5.095601677894592285e-01 4.792443811893463135e-01 -5.426174774765968323e-02
4.991494417190551758e-01 4.785462021827697754e-01 -3.970688208937644958e-02
3.955471813678741455e-01 3.083460032939910889e-01 6.586646288633346558e-02
4.634000360965728760e-01 3.822294771671295166e-01 3.170410403981804848e-03
4.519315659999847412e-01 3.828313946723937988e-01 3.339324845001101494e-03
4.410726428031921387e-01 3.813548684120178223e-01 5.871716886758804321e-03
4.270137548446655273e-01 3.720129728317260742e-01 1.440453063696622849e-02
4.738084077835083008e-01 3.786487579345703125e-01 5.048204213380813599e-03
4.543471336364746094e-01 3.299661278724670410e-01 -1.141442116932012141e-04
4.670863747596740723e-01 3.343529105186462402e-01 8.072886266745626926e-04
4.414635598659515381e-01 3.311827182769775391e-01 2.712095621973276138e-03
4.321209490299224854e-01 3.378067016601562500e-01 6.630871910601854324e-03
4.159713387489318848e-01 3.825196027755737305e-01 1.902952790260314941e-02
4.531406760215759277e-01 6.200600266456604004e-01 -3.416072810068726540e-03
4.293852448463439941e-01 3.623299002647399902e-01 1.681492663919925690e-02
3.835223317146301270e-01 3.769971728324890137e-01 6.724567711353302002e-02
4.048566520214080811e-01 3.703892827033996582e-01 3.012697584927082062e-02
4.541377723217010498e-01 4.542442560195922852e-01 -1.046927552670240402e-02
4.895241260528564453e-01 5.240615606307983398e-01 -3.325619548559188843e-02
4.905984401702880859e-01 5.356733798980712891e-01 -2.852853015065193176e-02
4.756436944007873535e-01 5.278077721595764160e-01 -2.751641348004341125e-02
4.665029942989349365e-01 5.333920717239379883e-01 -1.971056498587131500e-02
4.800617396831512451e-01 5.362340211868286133e-01 -2.459660358726978302e-02
4.720070660114288330e-01 5.387025475502014160e-01 -1.733757182955741882e-02
4.483103454113006592e-01 5.630527734756469727e-01 -3.246617037802934647e-03
5.015089511871337891e-01 4.687277078628540039e-01 -5.900736153125762939e-02
5.013057589530944824e-01 4.525096416473388672e-01 -6.198901310563087463e-02
4.182100296020507812e-01 3.169683218002319336e-01 9.980737231671810150e-03
4.797486364841461182e-01 4.151167273521423340e-01 -9.404023177921772003e-03
4.761233329772949219e-01 4.645327031612396240e-01 -3.289614245295524597e-02
4.755121469497680664e-01 4.561299681663513184e-01 -2.939918264746665955e-02
4.202978909015655518e-01 4.495486915111541748e-01 1.491669681854546070e-03
5.031477212905883789e-01 4.328188300132751465e-01 -5.490115284919738770e-02
4.491276144981384277e-01 2.939071655273437500e-01 -6.882416084408760071e-03
4.318231344223022461e-01 3.017807602882385254e-01 6.098491721786558628e-04
4.111800193786621094e-01 2.807490825653076172e-01 4.613054916262626648e-02
4.978640973567962646e-01 3.157813847064971924e-01 -1.427453756332397461e-02
4.772756099700927734e-01 3.435861766338348389e-01 4.386588931083679199e-03
4.419503509998321533e-01 5.447956919670104980e-01 -1.163638662546873093e-03
3.823527097702026367e-01 5.358169674873352051e-01 8.993585407733917236e-02
4.836736023426055908e-01 4.746115803718566895e-01 -2.847572974860668182e-02
4.916634857654571533e-01 4.803404510021209717e-01 -2.947122789919376373e-02
4.567349851131439209e-01 5.465108752250671387e-01 -2.098307246342301369e-03
4.600834548473358154e-01 5.466037988662719727e-01 -4.904160276055335999e-03
4.265582859516143799e-01 2.918588519096374512e-01 6.265644449740648270e-03
4.748501777648925781e-01 4.727031290531158447e-01 -2.709188871085643768e-02
4.705371856689453125e-01 2.966617345809936523e-01 -1.190042309463024139e-02
4.702832400798797607e-01 2.832325696945190430e-01 -1.353948935866355896e-02
4.609461426734924316e-01 2.483271062374114990e-01 7.987529970705509186e-03
4.193286299705505371e-01 2.957178354263305664e-01 2.379147335886955261e-02
4.658711552619934082e-01 2.766070961952209473e-01 -2.948715584352612495e-03
4.118501245975494385e-01 3.124929070472717285e-01 1.964926347136497498e-02
4.045372605323791504e-01 3.179962635040283203e-01 4.193390160799026489e-02
4.897424876689910889e-01 5.303997397422790527e-01 -3.217844292521476746e-02
4.777371883392333984e-01 5.324733257293701172e-01 -2.659322321414947510e-02
4.690639674663543701e-01 5.362666845321655273e-01 -1.946028321981430054e-02
4.858802855014801025e-01 4.782477617263793945e-01 -2.619704604148864746e-02
4.584382176399230957e-01 5.465975999832153320e-01 -3.583876183256506920e-03
4.624136686325073242e-01 5.538139343261718750e-01 -9.561715647578239441e-03
4.616565704345703125e-01 5.466251373291015625e-01 -5.145644769072532654e-03
4.895218610763549805e-01 4.681106805801391602e-01 -4.351365193724632263e-02
4.743733406066894531e-01 5.399966239929199219e-01 -1.553341560065746307e-02
4.820537865161895752e-01 5.382928252220153809e-01 -2.028415910899639130e-02
4.916114211082458496e-01 5.385326743125915527e-01 -2.386375144124031067e-02
4.824103116989135742e-01 6.003291606903076172e-01 -1.405028440058231354e-02
4.850510060787200928e-01 5.866755843162536621e-01 -2.398697659373283386e-02
4.866347908973693848e-01 5.781357288360595703e-01 -2.523900195956230164e-02
4.885981082916259766e-01 5.692915916442871094e-01 -2.259148284792900085e-02
4.904936552047729492e-01 5.630316138267517090e-01 -2.088177017867565155e-02
4.738907516002655029e-01 5.548677444458007812e-01 -1.324014272540807724e-02
4.709412157535552979e-01 5.573951005935668945e-01 -1.497349049896001816e-02
4.673560261726379395e-01 5.612926483154296875e-01 -1.677748560905456543e-02
4.643212854862213135e-01 5.656836032867431641e-01 -1.507190335541963577e-02
4.581423103809356689e-01 5.159299373626708984e-01 -1.607653498649597168e-02
3.741868734359741211e-01 4.503628909587860107e-01 1.083189249038696289e-01
5.088140368461608887e-01 4.836052954196929932e-01 -4.004198312759399414e-02
4.684510827064514160e-01 5.512559413909912109e-01 -8.307537063956260681e-03
4.654881060123443604e-01 5.522801876068115234e-01 -9.503017179667949677e-03
4.941536188125610352e-01 4.872407019138336182e-01 -3.024672903120517731e-02
4.775078892707824707e-01 4.834117293357849121e-01 -1.920134946703910828e-02
4.929897487163543701e-01 4.838350713253021240e-01 -3.008311055600643158e-02
4.671425223350524902e-01 4.236752092838287354e-01 -6.757299881428480148e-03
4.479649662971496582e-01 4.326860010623931885e-01 -4.908344242721796036e-03
4.729103744029998779e-01 4.639410376548767090e-01 -2.347621694207191467e-02
4.320140779018402100e-01 2.599360942840576172e-01 2.533275261521339417e-02
4.388678073883056641e-01 2.811715602874755859e-01 9.308841079473495483e-03
4.464961290359497070e-01 2.822258770465850830e-01 -4.339169245213270187e-03
4.565443992614746094e-01 5.770161151885986328e-01 -8.063485845923423767e-03
4.973989129066467285e-01 2.922870516777038574e-01 -1.763486489653587341e-02
4.927929639816284180e-01 2.789139151573181152e-01 -9.417602792382240295e-03
4.907233119010925293e-01 2.452837079763412476e-01 -1.352573395706713200e-03
4.319602251052856445e-01 3.775655925273895264e-01 1.020672172307968140e-02
4.024211764335632324e-01 3.936983644962310791e-01 2.427851781249046326e-02
4.809788167476654053e-01 3.742050528526306152e-01 7.043612189590930939e-03
4.192149341106414795e-01 3.453275859355926514e-01 1.534572150558233261e-02
4.885713458061218262e-01 4.048245847225189209e-01 -1.264466159045696259e-02
4.832997918128967285e-01 4.575785994529724121e-01 -4.322689771652221680e-02
3.924816250801086426e-01 4.072322547435760498e-01 3.519062325358390808e-02
4.083664715290069580e-01 4.040051996707916260e-01 1.402204856276512146e-02
4.225158393383026123e-01 4.103958606719970703e-01 4.309987649321556091e-03
4.454430341720581055e-01 4.096000790596008301e-01 5.193272372707724571e-04
4.627358913421630859e-01 4.043301343917846680e-01 -8.119374979287385941e-04
4.763712882995605469e-01 3.974708914756774902e-01 -2.758291084319353104e-03
5.053133964538574219e-01 3.840458989143371582e-01 -2.213424630463123322e-02
3.922690451145172119e-01 4.420574009418487549e-01 3.072229214012622833e-02
4.106307029724121094e-01 3.430758714675903320e-01 2.049719914793968201e-02
5.041381120681762695e-01 4.780171215534210205e-01 -5.385733395814895630e-02
4.797526001930236816e-01 4.312157034873962402e-01 -1.469401735812425613e-02
3.775954544544219971e-01 3.766826093196868896e-01 1.028318032622337341e-01
4.871076941490173340e-01 3.886741995811462402e-01 -3.492977470159530640e-03
4.713593423366546631e-01 4.654033780097961426e-01 -1.252675056457519531e-02
4.236163198947906494e-01 3.610721826553344727e-01 1.850679703056812286e-02
4.831825494766235352e-01 4.475660324096679688e-01 -3.878068551421165466e-02
3.762310743331909180e-01 4.914860129356384277e-01 1.020392477512359619e-01
4.818951785564422607e-01 3.688577711582183838e-01 1.010245922952890396e-02
4.930309653282165527e-01 4.380735158920288086e-01 -4.890648275613784790e-02
4.063564240932464600e-01 5.775594711303710938e-01 3.374056890606880188e-02
4.034713208675384521e-01 5.982147455215454102e-01 5.195574462413787842e-02
3.783001005649566650e-01 4.467106163501739502e-01 6.973405182361602783e-02
3.942525982856750488e-01 5.533582568168640137e-01 4.656227678060531616e-02
3.936240375041961670e-01 3.450435698032379150e-01 5.787878856062889099e-02
4.486155509948730469e-01 6.375618577003479004e-01 1.989563461393117905e-03
5.046326518058776855e-01 4.825214445590972900e-01 -3.943367674946784973e-02
4.687296450138092041e-01 4.428463578224182129e-01 -1.147971022874116898e-02
3.951922357082366943e-01 3.750331401824951172e-01 4.076248407363891602e-02
4.443857371807098389e-01 3.706871271133422852e-01 7.298377808183431625e-03
4.536484479904174805e-01 3.728040456771850586e-01 5.060227587819099426e-03
4.595354199409484863e-01 5.556319952011108398e-01 -7.992815226316452026e-03
3.923414945602416992e-01 4.760856926441192627e-01 3.307140246033668518e-02
4.678140878677368164e-01 6.642667055130004883e-01 5.753747653216123581e-03
4.331520795822143555e-01 6.380192041397094727e-01 2.558828517794609070e-02
4.189873933792114258e-01 6.216508746147155762e-01 3.708571568131446838e-02
5.227938294410705566e-01 2.833555936813354492e-01 -1.042210310697555542e-02
4.930063188076019287e-01 6.702245473861694336e-01 3.811252536252140999e-03
4.629516005516052246e-01 3.728390336036682129e-01 5.139191169291734695e-03
4.721293449401855469e-01 3.712250888347625732e-01 7.142717484384775162e-03
4.784672856330871582e-01 3.700885772705078125e-01 9.733965620398521423e-03
4.028381109237670898e-01 3.426210284233093262e-01 3.156163170933723450e-02
4.731118083000183105e-01 3.637449145317077637e-01 5.980904679745435715e-03
4.637400805950164795e-01 3.618353307247161865e-01 3.695108462125062943e-03
4.544820487499237061e-01 3.604915738105773926e-01 3.705611685290932655e-03
4.446757733821868896e-01 3.600395917892456055e-01 5.763032473623752594e-03
4.376251101493835449e-01 3.607940375804901123e-01 8.857646025717258453e-03
3.847724497318267822e-01 3.386461734771728516e-01 8.688542246818542480e-02
4.381100535392761230e-01 3.682480752468109131e-01 1.047234050929546356e-02
5.064603686332702637e-01 5.033610463142395020e-01 -3.037939220666885376e-02
4.699359536170959473e-01 5.071995258331298828e-01 -2.131655067205429077e-02
4.840422868728637695e-01 4.712813496589660645e-01 -3.244277089834213257e-02
4.913128614425659180e-01 5.029087066650390625e-01 -3.009741753339767456e-02
5.173674225807189941e-01 3.613831400871276855e-01 -1.678062602877616882e-02
4.194838404655456543e-01 6.009089350700378418e-01 2.392750605940818787e-02
4.331371188163757324e-01 6.193426847457885742e-01 1.363343838602304459e-02
4.688676297664642334e-01 6.516584753990173340e-01 -7.854609750211238861e-03
3.920012414455413818e-01 5.718650221824645996e-01 7.140469551086425781e-02
4.793635308742523193e-01 3.665157854557037354e-01 8.422949351370334625e-03
4.963639974594116211e-01 4.089694321155548096e-01 -2.726060524582862854e-02
4.938620328903198242e-01 6.574534177780151367e-01 -9.527342393994331360e-03
4.488598108291625977e-01 6.527648568153381348e-01 1.350850332528352737e-02
3.796659111976623535e-01 4.844621717929840088e-01 6.675533205270767212e-02
4.812549650669097900e-01 5.589907169342041016e-01 -1.754545234143733978e-02
4.783417284488677979e-01 5.633778572082519531e-01 -1.940227858722209930e-02
4.752682745456695557e-01 5.699465870857238770e-01 -2.144981175661087036e-02
4.728211164474487305e-01 5.773934721946716309e-01 -2.016881108283996582e-02
4.675359129905700684e-01 5.901374220848083496e-01 -1.264105737209320068e-02
4.655829370021820068e-01 5.422431230545043945e-01 -1.073548290878534317e-02
4.626571536064147949e-01 5.409876108169555664e-01 -1.084993686527013779e-02
4.602646231651306152e-01 5.392714738845825195e-01 -1.087714172899723053e-02
4.484312236309051514e-01 5.287759304046630859e-01 -8.802046068012714386e-03
4.086075127124786377e-01 4.854541718959808350e-01 1.166874729096889496e-02
4.971688687801361084e-01 3.931709527969360352e-01 -1.653336919844150543e-02
4.931102395057678223e-01 3.550175428390502930e-01 3.397873369976878166e-03
4.854147732257843018e-01 3.578974604606628418e-01 6.934465374797582626e-03
4.680378437042236328e-01 5.428362488746643066e-01 -9.723301045596599579e-03
4.032431542873382568e-01 5.275706648826599121e-01 2.705893665552139282e-02
5.042701959609985352e-01 3.538857102394104004e-01 -1.022412348538637161e-02
4.601306617259979248e-01 6.041018962860107422e-01 -7.162816356867551804e-03
5.143980383872985840e-01 4.146427512168884277e-01 -4.674905166029930115e-02
5.048506855964660645e-01 4.008645415306091309e-01 -3.378839045763015747e-02
5.152631402015686035e-01 3.984990119934082031e-01 -3.576865047216415405e-02
4.868257045745849609e-01 4.341957271099090576e-01 -2.845334261655807495e-02
4.952163994312286377e-01 6.396810412406921387e-01 -1.458785030990839005e-02
4.966326057910919189e-01 6.198508739471435547e-01 -1.375737320631742477e-02
4.776498377323150635e-01 6.159138679504394531e-01 -1.233324408531188965e-02
4.368265867233276367e-01 5.685059428215026855e-01 2.711008070036768913e-03
4.605308175086975098e-01 4.778100252151489258e-01 -1.059616077691316605e-02
4.466553330421447754e-01 5.884716510772705078e-01 -1.897089765407145023e-03
4.351827204227447510e-01 4.721947610378265381e-01 -7.523349020630121231e-03
4.488067030906677246e-01 4.932265877723693848e-01 -9.723792783915996552e-03
4.236549735069274902e-01 4.989241361618041992e-01 1.855178852565586567e-04
4.723409116268157959e-01 6.344755887985229492e-01 -1.253180019557476044e-02
4.792515933513641357e-01 4.438410103321075439e-01 -2.125819027423858643e-02
4.256907403469085693e-01 5.810923576354980469e-01 1.221702154725790024e-02
4.386877119541168213e-01 6.016278862953186035e-01 5.748827010393142700e-03
4.306089580059051514e-01 5.455372929573059082e-01 3.394268220290541649e-03
3.934236466884613037e-01 5.057128667831420898e-01 3.633931651711463928e-02
4.158921241760253906e-01 5.476052761077880859e-01 1.341368723660707474e-02
3.840872347354888916e-01 5.201247930526733398e-01 6.097642332315444946e-02
4.383546113967895508e-01 5.144927501678466797e-01 -5.293706897646188736e-03
4.882969856262207031e-01 4.198240637779235840e-01 -2.049100212752819061e-02
4.864298403263092041e-01 4.649706184864044189e-01 -4.564758390188217163e-02
4.793728888034820557e-01 4.699309766292572021e-01 -3.408985584974288940e-02
4.917444586753845215e-01 4.539272189140319824e-01 -5.306753516197204590e-02
4.858985245227813721e-01 3.345140218734741211e-01 3.067204670514911413e-05
4.685551524162292480e-01 3.197629153728485107e-01 -2.553869737312197685e-03
4.521441161632537842e-01 3.156160116195678711e-01 -2.764943521469831467e-03
4.375610649585723877e-01 3.192901015281677246e-01 7.771491073071956635e-04
4.263305664062500000e-01 3.281211256980895996e-01 6.856073625385761261e-03
4.153226613998413086e-01 3.653516769409179688e-01 2.256461791694164276e-02
3.790507912635803223e-01 4.110241532325744629e-01 6.878007948398590088e-02
4.211935997009277344e-01 3.890406489372253418e-01 1.340483874082565308e-02
4.325850307941436768e-01 3.944729268550872803e-01 7.216589059680700302e-03
4.481397867202758789e-01 3.955601453781127930e-01 3.401944646611809731e-03
4.633906483650207520e-01 3.929904103279113770e-01 2.235363936051726341e-03
4.756933152675628662e-01 3.880850374698638916e-01 2.750050975009799004e-03
4.846150577068328857e-01 3.829842209815979004e-01 2.680724021047353745e-03
3.750345408916473389e-01 4.130543470382690430e-01 1.092616915702819824e-01
4.789681434631347656e-01 4.751371443271636963e-01 -2.874675020575523376e-02
4.955711066722869873e-01 4.232047796249389648e-01 -3.658538684248924255e-02
4.939011931419372559e-01 4.658983647823333740e-01 -5.394696444272994995e-02
4.988338053226470947e-01 4.751639068126678467e-01 -4.951142892241477966e-02
4.936966300010681152e-01 4.690412282943725586e-01 -4.866954684257507324e-02
4.813742935657501221e-01 4.808288514614105225e-01 -2.502027340233325958e-02
5.008076429367065430e-01 4.767005443572998047e-01 -5.240096896886825562e-02
5.012913346290588379e-01 4.811912775039672852e-01 -3.954243287444114685e-02
4.862259030342102051e-01 3.687257766723632812e-01 8.710114285349845886e-03
4.923502802848815918e-01 3.735045194625854492e-01 2.249896991997957230e-03
4.960655570030212402e-01 3.757628202438354492e-01 -5.521649960428476334e-03
4.330734014511108398e-01 3.615849018096923828e-01 1.223344169557094574e-02
4.254373908042907715e-01 3.472194075584411621e-01 1.247676275670528412e-02
5.234281420707702637e-01 4.183662533760070801e-01 -4.250765219330787659e-02
5.932272672653198242e-01 3.871068358421325684e-01 2.093970589339733124e-02
5.187493562698364258e-01 4.810522794723510742e-01 -3.890493884682655334e-02
6.315203905105590820e-01 3.370137810707092285e-01 7.728846371173858643e-02
5.622825622558593750e-01 3.962904512882232666e-01 8.210457861423492432e-03
5.727632045745849609e-01 3.994022309780120850e-01 9.381776675581932068e-03
5.830181837081909180e-01 4.004333615303039551e-01 1.274742837995290756e-02
5.977004766464233398e-01 3.930747509002685547e-01 2.238681539893150330e-02
5.534827709197998047e-01 3.907818794250488281e-01 9.066354483366012573e-03
5.803906321525573730e-01 3.492468595504760742e-01 6.082686129957437515e-03
5.678828954696655273e-01 3.504646122455596924e-01 5.714549217373132706e-03
5.920681357383728027e-01 3.526698946952819824e-01 9.797361679375171661e-03
5.995401740074157715e-01 3.604226112365722656e-01 1.425825525075197220e-02
6.057695746421813965e-01 4.050917029380798340e-01 2.772938460111618042e-02
5.389997959136962891e-01 6.290031671524047852e-01 1.309067592956125736e-04
5.976637005805969238e-01 3.833352923393249512e-01 2.468249946832656860e-02
6.353870630264282227e-01 4.064429104328155518e-01 7.837329804897308350e-02
6.177864074707031250e-01 3.935854732990264893e-01 3.965560346841812134e-02
5.635180473327636719e-01 4.680378139019012451e-01 -5.070928018540143967e-03
5.175257921218872070e-01 5.277611613273620605e-01 -3.188956156373023987e-02
5.149792432785034180e-01 5.391374230384826660e-01 -2.720816992223262787e-02
5.305023193359375000e-01 5.352634787559509277e-01 -2.474101819097995758e-02
5.384725332260131836e-01 5.434931516647338867e-01 -1.590624451637268066e-02
5.250010490417480469e-01 5.425981879234313965e-01 -2.211236394941806793e-02
5.324169397354125977e-01 5.474454760551452637e-01 -1.399199571460485458e-02
5.499547719955444336e-01 5.757935643196105957e-01 1.598306698724627495e-03
5.195689201354980469e-01 4.709629714488983154e-01 -5.831644684076309204e-02
5.225614905357360840e-01 4.551129341125488281e-01 -6.118967756628990173e-02
6.143600940704345703e-01 3.424315452575683594e-01 1.892980560660362244e-02
5.447010397911071777e-01 4.230856299400329590e-01 -5.923245567828416824e-03
5.429768562316894531e-01 4.729545712471008301e-01 -2.984394319355487823e-02
5.445306897163391113e-01 4.647113382816314697e-01 -2.625459060072898865e-02
5.958110094070434570e-01 4.713215827941894531e-01 1.014190725982189178e-02
5.231993198394775391e-01 4.352105259895324707e-01 -5.383063107728958130e-02
5.910675525665283203e-01 3.194505870342254639e-01 -2.544977178331464529e-04
6.052432656288146973e-01 3.275018930435180664e-01 8.671252056956291199e-03
6.229600906372070312e-01 3.066685199737548828e-01 5.627799779176712036e-02
5.427631139755249023e-01 3.313449025154113770e-01 -1.185816619545221329e-02
5.568637847900390625e-01 3.568810820579528809e-01 8.390183560550212860e-03
5.589529275894165039e-01 5.599098801612854004e-01 4.810194950550794601e-03
6.145056486129760742e-01 5.625364184379577637e-01 1.009371876716613770e-01
5.335359573364257812e-01 4.810582995414733887e-01 -2.638870291411876678e-02
5.249771475791931152e-01 4.847094714641571045e-01 -2.838138677179813385e-02
5.463553667068481445e-01 5.602955222129821777e-01 3.045946825295686722e-03
5.431925654411315918e-01 5.594247579574584961e-01 -3.131368139293044806e-04
6.110447645187377930e-01 3.173570632934570312e-01 1.460173353552818298e-02
5.423013567924499512e-01 4.812627732753753662e-01 -2.408048510551452637e-02
5.712464451789855957e-01 3.192647099494934082e-01 -7.375768385827541351e-03
5.735422968864440918e-01 3.061790466308593750e-01 -9.026402607560157776e-03
5.845181345939636230e-01 2.639063298702239990e-01 1.393298339098691940e-02
6.162440180778503418e-01 3.181755542755126953e-01 3.264322504401206970e-02
5.776426196098327637e-01 2.897437512874603271e-01 1.996467588469386101e-03
6.203924417495727539e-01 3.370862603187561035e-01 2.899076230823993683e-02
6.252424120903015137e-01 3.432462215423583984e-01 5.186786502599716187e-02
5.165297389030456543e-01 5.340964794158935547e-01 -3.077868558466434479e-02
5.277730226516723633e-01 5.394259095191955566e-01 -2.395387738943099976e-02
5.356328487396240234e-01 5.457082986831665039e-01 -1.593400724232196808e-02
5.306198596954345703e-01 4.840402007102966309e-01 -2.436084486544132233e-02
5.447321534156799316e-01 5.599275231361389160e-01 1.189576345495879650e-03
5.408083796501159668e-01 5.667318105697631836e-01 -5.557321477681398392e-03
5.415909886360168457e-01 5.589513778686523438e-01 -6.985068903304636478e-04
5.298670530319213867e-01 4.733205139636993408e-01 -4.143675416707992554e-02
5.299078226089477539e-01 5.480784177780151367e-01 -1.236790418624877930e-02
5.227344036102294922e-01 5.441024899482727051e-01 -1.793743297457695007e-02
5.136441588401794434e-01 5.417193770408630371e-01 -2.251414768397808075e-02
5.133258104324340820e-01 6.039547324180603027e-01 -1.271447818726301193e-02
5.156689286231994629e-01 5.922168493270874023e-01 -2.258227206766605377e-02
5.152500867843627930e-01 5.831418633460998535e-01 -2.377993054687976837e-02
5.143525004386901855e-01 5.737811923027038574e-01 -2.116213180124759674e-02
5.129981040954589844e-01 5.670462846755981445e-01 -1.948444545269012451e-02
5.294225215911865234e-01 5.645990371704101562e-01 -1.004929281771183014e-02
5.322924256324768066e-01 5.681402087211608887e-01 -1.181139983236789703e-02
5.355197787284851074e-01 5.733072757720947266e-01 -1.342997886240482330e-02
5.380494594573974609e-01 5.787186026573181152e-01 -1.154838688671588898e-02
5.494398474693298340e-01 5.277907252311706543e-01 -1.177093386650085449e-02
6.309339404106140137e-01 4.809011518955230713e-01 1.205293685197830200e-01
5.348509550094604492e-01 5.623136758804321289e-01 -4.381187725812196732e-03
5.378550887107849121e-01 5.642744302749633789e-01 -5.627123173326253891e-03
5.215545892715454102e-01 4.908068180084228516e-01 -2.910177968442440033e-02
5.375139117240905762e-01 4.911518096923828125e-01 -1.674919947981834412e-02
5.231962800025939941e-01 4.878530204296112061e-01 -2.900911308825016022e-02
5.551707148551940918e-01 4.345934391021728516e-01 -2.029835944995284081e-03
5.721904635429382324e-01 4.482049345970153809e-01 1.424629823304712772e-03
5.454317331314086914e-01 4.730599820613861084e-01 -2.018266171216964722e-02
6.085177063941955566e-01 2.817830741405487061e-01 3.365919739007949829e-02
6.014698147773742676e-01 2.997794151306152344e-01 1.648758910596370697e-02
5.952523350715637207e-01 3.072572350502014160e-01 2.409681212157011032e-03
5.406693816184997559e-01 5.870444178581237793e-01 -4.031884018331766129e-03
5.472125411033630371e-01 3.093683123588562012e-01 -1.521854102611541748e-02
5.520775914192199707e-01 2.860891222953796387e-01 -6.822909694164991379e-03
5.576064586639404297e-01 2.539075314998626709e-01 1.721875160001218319e-03
5.920624732971191406e-01 3.985140919685363770e-01 1.773863285779953003e-02
6.165065169334411621e-01 4.186268448829650879e-01 3.376254439353942871e-02
5.476545691490173340e-01 3.854952752590179443e-01 1.059383619576692581e-02
6.092121601104736328e-01 3.685959279537200928e-01 2.398833818733692169e-02
5.381781458854675293e-01 4.108266830444335938e-01 -9.891625493764877319e-03
5.377640724182128906e-01 4.645061194896697998e-01 -4.074221104383468628e-02
6.260175108909606934e-01 4.350484013557434082e-01 4.579414799809455872e-02
6.090328693389892578e-01 4.293497800827026367e-01 2.312294207513332367e-02
5.949764251708984375e-01 4.336875081062316895e-01 1.230571884661912918e-02
5.741366147994995117e-01 4.278441965579986572e-01 6.826558150351047516e-03
5.591784715652465820e-01 4.185698628425598145e-01 4.038100596517324448e-03
5.480340123176574707e-01 4.094065129756927490e-01 8.297753520309925079e-04
5.261187553405761719e-01 3.865393400192260742e-01 -2.098192460834980011e-02
6.221286058425903320e-01 4.697081446647644043e-01 4.138017073273658752e-02
6.169272065162658691e-01 3.670809864997863770e-01 2.973411045968532562e-02
5.149279236793518066e-01 4.793618321418762207e-01 -5.330749228596687317e-02
5.427827835083007812e-01 4.390474855899810791e-01 -1.135681197047233582e-02
6.368660926818847656e-01 4.077667593955993652e-01 1.156717315316200256e-01
5.398977398872375488e-01 3.993717730045318604e-01 -7.120704394765198231e-04
5.459929108619689941e-01 4.748396873474121094e-01 -9.042788296937942505e-03
6.028226613998413086e-01 3.829080760478973389e-01 2.684228867292404175e-02
5.389934778213500977e-01 4.545500278472900391e-01 -3.622560948133468628e-02
6.248543858528137207e-01 5.205437541007995605e-01 1.136385723948478699e-01
5.479084253311157227e-01 3.798786401748657227e-01 1.377242989838123322e-02
5.316402912139892578e-01 4.428231418132781982e-01 -4.703695327043533325e-02
5.893278717994689941e-01 5.976513028144836426e-01 4.156685993075370789e-02
5.884289741516113281e-01 6.179610490798950195e-01 6.053091585636138916e-02
6.322339177131652832e-01 4.762548506259918213e-01 8.087370544672012329e-02
6.039143800735473633e-01 5.770036578178405762e-01 5.564608797430992126e-02
6.305125951766967773e-01 3.726859688758850098e-01 6.846443563699722290e-02
5.408525466918945312e-01 6.465603113174438477e-01 5.733776371926069260e-03
5.130204558372497559e-01 4.835934042930603027e-01 -3.910049796104431152e-02
5.512942075729370117e-01 4.532358050346374512e-01 -7.362607866525650024e-03
6.260707378387451172e-01 3.987089991569519043e-01 5.103347450494766235e-02
5.823105573654174805e-01 3.904701173305511475e-01 1.407272275537252426e-02
5.733463168144226074e-01 3.901215195655822754e-01 1.105454750359058380e-02
5.434422492980957031e-01 5.693792104721069336e-01 -3.747997572645545006e-03
6.173104047775268555e-01 5.029926300048828125e-01 4.351384565234184265e-02
5.185053944587707520e-01 6.690411567687988281e-01 8.040937595069408417e-03
5.553827881813049316e-01 6.497525572776794434e-01 3.109988197684288025e-02
5.711007118225097656e-01 6.369264125823974609e-01 4.408996179699897766e-02
5.646526813507080078e-01 3.876936137676239014e-01 1.026616245508193970e-02
5.563652515411376953e-01 3.840164244174957275e-01 1.153987552970647812e-02
5.508047342300415039e-01 3.816577196121215820e-01 1.366351172327995300e-02
6.239174604415893555e-01 3.654638230800628662e-01 4.145944863557815552e-02
5.577201247215270996e-01 3.746734559535980225e-01 1.040444057434797287e-02
5.671337842941284180e-01 3.736837208271026611e-01 8.924271911382675171e-03
5.761646032333374023e-01 3.742830157279968262e-01 9.741763584315776825e-03
5.852351784706115723e-01 3.763999938964843750e-01 1.257301215082406998e-02
5.911969542503356934e-01 3.791482746601104736e-01 1.621146127581596375e-02
6.359693408012390137e-01 3.689126074314117432e-01 9.922154247760772705e-02
5.885735750198364258e-01 3.891183137893676758e-01 1.771119795739650726e-02
5.404585599899291992e-01 5.163589715957641602e-01 -1.801132969558238983e-02
5.339910387992858887e-01 4.777854084968566895e-01 -3.028358519077301025e-02
5.212970376014709473e-01 5.068665742874145508e-01 -2.873782627284526825e-02
5.736074447631835938e-01 6.171457767486572266e-01 3.027433902025222778e-02
5.580719113349914551e-01 6.319130063056945801e-01 1.858380436897277832e-02
5.194821357727050781e-01 6.566672921180725098e-01 -5.787761881947517395e-03
6.019196510314941406e-01 5.952236056327819824e-01 8.129803091287612915e-02
5.510159730911254883e-01 3.774619996547698975e-01 1.240194402635097504e-02
5.313701033592224121e-01 4.132215976715087891e-01 -2.542761713266372681e-02
5.384468436241149902e-01 6.610389351844787598e-01 1.754365116357803345e-02
6.261816024780273438e-01 5.129942297935485840e-01 7.752070575952529907e-02
5.220879316329956055e-01 5.662701725959777832e-01 -1.509878132492303848e-02
5.246471166610717773e-01 5.716823339462280273e-01 -1.690824329853057861e-02
5.269958972930908203e-01 5.793293118476867676e-01 -1.881166733801364899e-02
5.285982489585876465e-01 5.877259373664855957e-01 -1.745536364614963531e-02
5.287091135978698730e-01 5.971254706382751465e-01 -9.620631113648414612e-03
5.383679270744323730e-01 5.530132055282592773e-01 -6.772604305297136307e-03
5.412930250167846680e-01 5.525512695312500000e-01 -6.508614867925643921e-03
5.439160466194152832e-01 5.514676570892333984e-01 -6.341144908219575882e-03
5.558161735534667969e-01 5.428085923194885254e-01 -3.357547800987958908e-03
6.012549996376037598e-01 5.089663863182067871e-01 2.080617100000381470e-02
5.320552587509155273e-01 3.974215090274810791e-01 -1.462129410356283188e-02
5.404199957847595215e-01 3.651442825794219971e-01 5.685728508979082108e-03
5.467507243156433105e-01 3.689044117927551270e-01 1.038327533751726151e-02
5.359176397323608398e-01 5.529096722602844238e-01 -5.753137636929750443e-03
5.996704101562500000e-01 5.507627129554748535e-01 3.601032868027687073e-02
5.304638743400573730e-01 3.628475069999694824e-01 -8.707027882337570190e-03
5.342635512351989746e-01 6.121274828910827637e-01 -3.947059158235788345e-03
5.249230265617370605e-01 4.032265543937683105e-01 -3.281005844473838806e-02
5.366806983947753906e-01 4.404715895652770996e-01 -2.607946842908859253e-02
5.159506201744079590e-01 6.200351715087890625e-01 -1.085718721151351929e-02
5.610787868499755859e-01 5.831901431083679199e-01 8.340670727193355560e-03
5.538445711135864258e-01 4.896066486835479736e-01 -6.293499376624822617e-03
5.489870905876159668e-01 5.999902486801147461e-01 2.501360606402158737e-03
5.786418914794921875e-01 4.901629686355590820e-01 -5.669515230692923069e-04
5.622661709785461426e-01 5.076442360877990723e-01 -4.333689808845520020e-03
5.850837826728820801e-01 5.188766121864318848e-01 7.986702956259250641e-03
5.186582207679748535e-01 6.393710970878601074e-01 -1.061691995710134506e-02
5.419156551361083984e-01 4.516344070434570312e-01 -1.829044520854949951e-02
5.704359412193298340e-01 5.972146987915039062e-01 1.841674745082855225e-02
5.551925301551818848e-01 6.140894293785095215e-01 1.051132567226886749e-02
5.705986618995666504e-01 5.627892613410949707e-01 1.023210491985082626e-02
6.119546890258789062e-01 5.315667390823364258e-01 4.627370461821556091e-02
5.847387313842773438e-01 5.674018263816833496e-01 2.111140452325344086e-02
6.176050305366516113e-01 5.469482541084289551e-01 7.131283730268478394e-02
5.682967901229858398e-01 5.310750007629394531e-01 1.060903887264430523e-03
5.368362069129943848e-01 4.258597195148468018e-01 -1.786233857274055481e-02
5.335652232170104980e-01 4.709833264350891113e-01 -4.340960085391998291e-02
5.389080643653869629e-01 4.775534570217132568e-01 -3.152883052825927734e-02
5.308825969696044922e-01 4.588446617126464844e-01 -5.143323540687561035e-02
5.505137443542480469e-01 3.483680486679077148e-01 3.157793544232845306e-03
5.690301656723022461e-01 3.383982181549072266e-01 2.131724962964653969e-03
5.848143100738525391e-01 3.375206887722015381e-01 3.512475872412323952e-03
5.974745154380798340e-01 3.426313400268554688e-01 8.242292329668998718e-03
6.059290170669555664e-01 3.522944450378417969e-01 1.510636135935783386e-02
6.093002557754516602e-01 3.878213465213775635e-01 3.138156980276107788e-02
6.355755925178527832e-01 4.410004317760467529e-01 8.027717471122741699e-02
5.998929738998413086e-01 4.114917814731597900e-01 2.170053869485855103e-02
5.884958505630493164e-01 4.149682521820068359e-01 1.455665938556194305e-02
5.740045905113220215e-01 4.125253260135650635e-01 9.525904431939125061e-03
5.605381727218627930e-01 4.065641164779663086e-01 7.133591454476118088e-03
5.502052307128906250e-01 3.995229899883270264e-01 6.454929243773221970e-03
5.430948734283447266e-01 3.931123316287994385e-01 5.683722440153360367e-03
6.343018412590026855e-01 4.441038072109222412e-01 1.220401227474212646e-01
5.379754900932312012e-01 4.826548099517822266e-01 -2.619971334934234619e-02
5.307019352912902832e-01 4.274974167346954346e-01 -3.472044691443443298e-02
5.267830491065979004e-01 4.699929058551788330e-01 -5.251668766140937805e-02
5.199959278106689453e-01 4.778645336627960205e-01 -4.866809397935867310e-02
5.259632468223571777e-01 4.732135832309722900e-01 -4.719397053122520447e-02
5.344880223274230957e-01 4.876018166542053223e-01 -2.283379249274730682e-02
5.181697607040405273e-01 4.788684546947479248e-01 -5.172308906912803650e-02
5.163207650184631348e-01 4.830683767795562744e-01 -3.898150101304054260e-02
5.439208149909973145e-01 3.794177174568176270e-01 1.177703961730003357e-02
5.377188920974731445e-01 3.829347491264343262e-01 4.626870155334472656e-03
5.339196324348449707e-01 3.854414820671081543e-01 -3.546146210283041000e-03
5.948661565780639648e-01 3.813537359237670898e-01 1.987530663609504700e-02
6.037924885749816895e-01 3.698523342609405518e-01 2.053904719650745392e-02
4.531674087047576904e-01 3.665249049663543701e-01 8.362369611859321594e-03
4.642556309700012207e-01 3.676418662071228027e-01 8.362369611859321594e-03
4.539397060871124268e-01 3.533268570899963379e-01 8.362369611859321594e-03
4.419219195842742920e-01 3.653565347194671631e-01 8.362369611859321594e-03
4.524011611938476562e-01 3.794152140617370605e-01 8.362369611859321594e-03
5.763210654258728027e-01 3.806016445159912109e-01 1.423967909067869186e-02
5.877567529678344727e-01 3.820445835590362549e-01 1.423967909067869186e-02
5.775061249732971191e-01 3.668957054615020752e-01 1.423967909067869186e-02
5.647677183151245117e-01 3.790594935417175293e-01 1.423967909067869186e-02
5.751110315322875977e-01 3.942009806632995605e-01 1.423967909067869186e-02
