5.062340497970581055e-01 5.345771908760070801e-01 -3.596260398626327515e-02
5.124279260635375977e-01 4.770494699478149414e-01 -6.044085323810577393e-02
5.094553232192993164e-01 4.949655532836914062e-01 -3.318927064538002014e-02
5.065399408340454102e-01 4.218656122684478760e-01 -4.370593279600143433e-02
5.140696167945861816e-01 4.600820243358612061e-01 -6.357535719871520996e-02
5.154978632926940918e-01 4.384660720825195312e-01 -5.807909741997718811e-02
5.183659195899963379e-01 3.863264322280883789e-01 -2.465186640620231628e-02
4.349843263626098633e-01 3.701835572719573975e-01 1.309857517480850220e-02
5.215206146240234375e-01 3.410876989364624023e-01 -1.476497948169708252e-02
5.234147310256958008e-01 3.185211420059204102e-01 -1.559347379952669144e-02
5.285925865173339844e-01 2.468633055686950684e-01 5.652571562677621841e-04
5.061358213424682617e-01 5.389815568923950195e-01 -3.493783250451087952e-02
5.058447122573852539e-01 5.432206392288208008e-01 -3.146402537822723389e-02
5.055863857269287109e-01 5.459178090095520020e-01 -2.647479996085166931e-02
5.046749711036682129e-01 5.690432786941528320e-01 -2.316978387534618378e-02
5.044118165969848633e-01 5.769664049148559570e-01 -2.492935024201869965e-02
5.037669539451599121e-01 5.868563652038574219e-01 -2.717860229313373566e-02
5.030651092529296875e-01 5.961171388626098633e-01 -2.516385167837142944e-02
4.980813860893249512e-01 6.093689203262329102e-01 -1.440815534442663193e-02
5.111951231956481934e-01 4.860272705554962158e-01 -5.504113435745239258e-02
5.005223155021667480e-01 4.849565327167510986e-01 -4.051651060581207275e-02
3.940939009189605713e-01 3.042697906494140625e-01 6.740406155586242676e-02
4.643681049346923828e-01 3.899305760860443115e-01 2.672139322385191917e-03
4.525817334651947021e-01 3.901508450508117676e-01 2.813179045915603638e-03
4.417801499366760254e-01 3.873734772205352783e-01 5.385242868214845657e-03
4.290843605995178223e-01 3.754926025867462158e-01 1.409986615180969238e-02
4.750913381576538086e-01 3.860200047492980957e-01 5.018932279199361801e-03
4.552076756954193115e-01 3.327054977416992188e-01 -1.349363883491605520e-04
4.680251181125640869e-01 3.368940949440002441e-01 8.842190145514905453e-04
4.425608217716217041e-01 3.344434499740600586e-01 2.704438520595431328e-03
4.335257112979888916e-01 3.413619697093963623e-01 6.537119857966899872e-03
4.171975255012512207e-01 3.851005733013153076e-01 1.872564665973186493e-02
4.527693986892700195e-01 6.228363513946533203e-01 -5.291459616273641586e-03
4.316134750843048096e-01 3.644625842571258545e-01 1.671398617327213287e-02
3.818999826908111572e-01 3.744751214981079102e-01 6.724826991558074951e-02
4.051048755645751953e-01 3.702998757362365723e-01 3.009138256311416626e-02
4.539524316787719727e-01 4.581038355827331543e-01 -1.171642262488603592e-02
4.925770461559295654e-01 5.295300483703613281e-01 -3.515510261058807373e-02
4.937816858291625977e-01 5.409160852432250977e-01 -3.067077323794364929e-02
4.791596531867980957e-01 5.334590077400207520e-01 -2.976192161440849304e-02
4.704065024852752686e-01 5.388057827949523926e-01 -2.235665358603000641e-02
4.835419952869415283e-01 5.413620471954345703e-01 -2.705937810242176056e-02
4.757401347160339355e-01 5.436971783638000488e-01 -2.005616948008537292e-02
4.492902755737304688e-01 5.681487917900085449e-01 -5.995923653244972229e-03
5.031456947326660156e-01 4.753892719745635986e-01 -5.989804863929748535e-02
5.030635595321655273e-01 4.589517116546630859e-01 -6.276854872703552246e-02
4.192400574684143066e-01 3.212292194366455078e-01 1.068547088652849197e-02
4.802386462688446045e-01 4.192479848861694336e-01 -9.740450419485569000e-03
4.770060777664184570e-01 4.699101150035858154e-01 -3.407745435833930969e-02
4.763196706771850586e-01 4.612665772438049316e-01 -3.053345717489719391e-02
4.191175997257232666e-01 4.520830512046813965e-01 1.365648204227909446e-04
5.049437284469604492e-01 4.389149844646453857e-01 -5.535537376999855042e-02
4.495681524276733398e-01 3.023650050163269043e-01 -5.669639911502599716e-03
4.325336515903472900e-01 3.079026937484741211e-01 1.834342721849679947e-03
4.097664654254913330e-01 2.763971388339996338e-01 4.785999283194541931e-02
4.985522031784057617e-01 3.268335163593292236e-01 -1.283143647015094757e-02
4.784300923347473145e-01 3.470541238784790039e-01 4.468830768018960953e-03
4.431661069393157959e-01 5.498303771018981934e-01 -4.066079389303922653e-03
3.810741305351257324e-01 5.339777469635009766e-01 8.835170418024063110e-02
4.847233891487121582e-01 4.804188609123229980e-01 -2.960892766714096069e-02
4.928788542747497559e-01 4.863129854202270508e-01 -3.017739951610565186e-02
4.604372978210449219e-01 5.508369803428649902e-01 -5.151907447725534439e-03
4.637281000614166260e-01 5.508870482444763184e-01 -7.986018434166908264e-03
4.272779822349548340e-01 2.964617013931274414e-01 7.464501075446605682e-03
4.756382107734680176e-01 4.779641926288604736e-01 -2.826604433357715607e-02
4.709857404232025146e-01 3.069204092025756836e-01 -1.068381220102310181e-02
4.709109961986541748e-01 2.930648922920227051e-01 -1.224309112876653671e-02
4.614503383636474609e-01 2.447413355112075806e-01 9.846824221312999725e-03
4.178259372711181641e-01 2.913925647735595703e-01 2.492980845272541046e-02
4.661581814289093018e-01 2.738422155380249023e-01 -1.575211994349956512e-03
4.126824736595153809e-01 3.139893710613250732e-01 2.046799287199974060e-02
4.028891324996948242e-01 3.138512670993804932e-01 4.270583018660545349e-02
4.929007589817047119e-01 5.358812212944030762e-01 -3.426877409219741821e-02
4.812766611576080322e-01 5.378800034523010254e-01 -2.901754900813102722e-02
4.729098677635192871e-01 5.414845347404479980e-01 -2.217500098049640656e-02
4.869344532489776611e-01 4.840182363986968994e-01 -2.701791748404502869e-02
4.621248841285705566e-01 5.509183406829833984e-01 -6.611430086195468903e-03
4.663380384445190430e-01 5.572307705879211426e-01 -1.244667544960975647e-02
4.652951657772064209e-01 5.508508682250976562e-01 -8.150818757712841034e-03
4.907297492027282715e-01 4.743525683879852295e-01 -4.455966502428054810e-02
4.780449569225311279e-01 5.449324250221252441e-01 -1.823085546493530273e-02
4.854735434055328369e-01 5.432826876640319824e-01 -2.274830453097820282e-02
4.947234988212585449e-01 5.437224507331848145e-01 -2.604152448475360870e-02
4.825675487518310547e-01 6.058691740036010742e-01 -1.492527313530445099e-02
4.879151880741119385e-01 5.909458398818969727e-01 -2.539390139281749725e-02
4.896152317523956299e-01 5.821408033370971680e-01 -2.688255906105041504e-02
4.916686415672302246e-01 5.724831819534301758e-01 -2.442242018878459930e-02
4.935950040817260742e-01 5.655432939529418945e-01 -2.269843406975269318e-02
4.776200354099273682e-01 5.573698282241821289e-01 -1.568444631993770599e-02
4.746632277965545654e-01 5.602099299430847168e-01 -1.740322075784206390e-02
4.711146056652069092e-01 5.643397569656372070e-01 -1.928944140672683716e-02
4.680652618408203125e-01 5.687527060508728027e-01 -1.762139610946178436e-02
4.590532779693603516e-01 5.206990838050842285e-01 -1.845834217965602875e-02
3.728657960891723633e-01 4.476662874221801758e-01 1.080865785479545593e-01
5.103296637535095215e-01 4.902220070362091064e-01 -4.071656614542007446e-02
4.722983539104461670e-01 5.543867945671081543e-01 -1.108052488416433334e-02
4.693787992000579834e-01 5.556085705757141113e-01 -1.231068000197410583e-02
4.953847229480743408e-01 4.931518137454986572e-01 -3.110041469335556030e-02
4.782040715217590332e-01 4.886184930801391602e-01 -2.025458775460720062e-02
4.942104220390319824e-01 4.897963702678680420e-01 -3.081370703876018524e-02
4.671733081340789795e-01 4.274487197399139404e-01 -7.350862026214599609e-03
4.474166631698608398e-01 4.359507560729980469e-01 -5.599101074039936066e-03
4.735780060291290283e-01 4.689726233482360840e-01 -2.465981990098953247e-02
4.311651587486267090e-01 2.556417584419250488e-01 2.713551372289657593e-02
4.379075765609741211e-01 2.771421074867248535e-01 1.053600665181875229e-02
4.469838440418243408e-01 2.891919612884521484e-01 -3.215769305825233459e-03
4.570810794830322266e-01 5.821019411087036133e-01 -1.048683375120162964e-02
4.981624782085418701e-01 3.032451272010803223e-01 -1.606957241892814636e-02
4.945226609706878662e-01 2.777102291584014893e-01 -7.810951210558414459e-03
4.927795529365539551e-01 2.427030503749847412e-01 8.018397493287920952e-04
4.332328438758850098e-01 3.826928138732910156e-01 9.804338216781616211e-03
4.026076197624206543e-01 3.957385122776031494e-01 2.370223775506019592e-02
4.825152754783630371e-01 3.817127048969268799e-01 7.165673188865184784e-03
4.208190441131591797e-01 3.481963872909545898e-01 1.544132176786661148e-02
4.894160330295562744e-01 4.091607630252838135e-01 -1.267711445689201355e-02
4.843943715095520020e-01 4.633650183677673340e-01 -4.429084435105323792e-02
3.908478319644927979e-01 4.068610966205596924e-01 3.446745127439498901e-02
4.096205830574035645e-01 4.083846211433410645e-01 1.311313826590776443e-02
4.243917465209960938e-01 4.162977337837219238e-01 3.300449578091502190e-03
4.470854103565216064e-01 4.162672758102416992e-01 -7.438778266077861190e-05
4.641697108745574951e-01 4.112692177295684814e-01 -1.259206561371684074e-03
4.777138829231262207e-01 4.045397043228149414e-01 -2.896083053201436996e-03
5.070688724517822266e-01 3.887682855129241943e-01 -2.136320620775222778e-02
3.907005190849304199e-01 4.425297975540161133e-01 2.937944233417510986e-02
4.114452600479125977e-01 3.441582918167114258e-01 2.066426351666450500e-02
5.056662559509277344e-01 4.846799075603485107e-01 -5.475610122084617615e-02
4.804151952266693115e-01 4.357482492923736572e-01 -1.544069033116102219e-02
3.762308359146118164e-01 3.732315897941589355e-01 1.038611605763435364e-01
4.884726107120513916e-01 3.962342143058776855e-01 -3.344727214425802231e-03
4.718907177448272705e-01 4.702431261539459229e-01 -1.375255174934864044e-02
4.261334836483001709e-01 3.639487326145172119e-01 1.846233755350112915e-02
4.842314422130584717e-01 4.530232846736907959e-01 -3.973170369863510132e-02
3.748652935028076172e-01 4.891473352909088135e-01 1.011785790324211121e-01
4.838871359825134277e-01 3.757885098457336426e-01 1.028275676071643829e-02
4.944424331188201904e-01 4.438295662403106689e-01 -4.959771782159805298e-02
4.057890772819519043e-01 5.782293677330017090e-01 3.116569295525550842e-02
4.025611877441406250e-01 5.976676940917968750e-01 4.968819767236709595e-02
3.768386840820312500e-01 4.452491998672485352e-01 6.874367594718933105e-02
3.934574425220489502e-01 5.533264875411987305e-01 4.423293098807334900e-02
3.919746875762939453e-01 3.418467044830322266e-01 5.833440646529197693e-02
4.481357336044311523e-01 6.393101215362548828e-01 2.858207517419941723e-05
5.060890316963195801e-01 4.890460968017578125e-01 -4.017006978392601013e-02
4.689547419548034668e-01 4.470320343971252441e-01 -1.249761041253805161e-02
3.936845958232879639e-01 3.730960190296173096e-01 4.063628986477851868e-02
4.446703791618347168e-01 3.781077861785888672e-01 6.847778335213661194e-03
4.539734721183776855e-01 3.810994029045104980e-01 4.643735010176897049e-03
4.634353518486022949e-01 5.590220689773559570e-01 -1.093325298279523849e-02
3.910225629806518555e-01 4.767213463783264160e-01 3.126962482929229736e-02
4.670245051383972168e-01 6.663674712181091309e-01 4.320616833865642548e-03
4.323909878730773926e-01 6.385350227355957031e-01 2.361055463552474976e-02
4.182301759719848633e-01 6.216505765914916992e-01 3.487154468894004822e-02
5.260807871818542480e-01 2.833643257617950439e-01 -8.314562961459159851e-03
4.922189116477966309e-01 6.729862689971923828e-01 2.775198314338922501e-03
4.638435840606689453e-01 3.810213804244995117e-01 4.921908956021070480e-03
4.736162424087524414e-01 3.788293600082397461e-01 7.147848140448331833e-03
4.802509844303131104e-01 3.774049878120422363e-01 9.917630814015865326e-03
4.026762247085571289e-01 3.406697511672973633e-01 3.185892477631568909e-02
4.745748937129974365e-01 3.620354831218719482e-01 5.922585725784301758e-03
4.649103581905364990e-01 3.557883501052856445e-01 3.711210098117589951e-03
4.551301598548889160e-01 3.536604940891265869e-01 3.628260223194956779e-03
4.451415836811065674e-01 3.551005721092224121e-01 5.648977588862180710e-03
4.385954737663269043e-01 3.586242794990539551e-01 8.669890463352203369e-03
3.833701610565185547e-01 3.349598646163940430e-01 8.829728513956069946e-02
4.387908279895782471e-01 3.741493225097656250e-01 1.012545451521873474e-02
5.079568028450012207e-01 5.087428689002990723e-01 -3.129989653825759888e-02
4.708111882209777832e-01 5.120885968208312988e-01 -2.306211367249488831e-02
4.851332008838653564e-01 4.771826565265655518e-01 -3.342691063880920410e-02
4.926129579544067383e-01 5.080712437629699707e-01 -3.127039223909378052e-02
5.196526050567626953e-01 3.645839691162109375e-01 -1.544734556227922440e-02
4.190318286418914795e-01 6.018719673156738281e-01 2.144451998174190521e-02
4.327532947063446045e-01 6.205078363418579102e-01 1.138964388519525528e-02
4.682819247245788574e-01 6.543008685111999512e-01 -9.411533363163471222e-03
3.908954262733459473e-01 5.706911087036132812e-01 6.942781805992126465e-02
4.811773598194122314e-01 3.702998459339141846e-01 8.536398410797119141e-03
4.977117478847503662e-01 4.139870405197143555e-01 -2.732442133128643036e-02
4.933631122112274170e-01 6.608304977416992188e-01 -1.072051748633384705e-02
4.480725526809692383e-01 6.540398001670837402e-01 1.171924360096454620e-02
3.783152699470520020e-01 4.832751452922821045e-01 6.526658684015274048e-02
4.846734702587127686e-01 5.612941980361938477e-01 -1.968663744628429413e-02
4.817698299884796143e-01 5.661603212356567383e-01 -2.154069952666759491e-02
4.786613881587982178e-01 5.731836557388305664e-01 -2.361688949167728424e-02
4.761238992214202881e-01 5.808416604995727539e-01 -2.228076942265033722e-02
4.678379893302917480e-01 5.954350829124450684e-01 -1.440183352679014206e-02
4.694839119911193848e-01 5.470641851425170898e-01 -1.362383458763360977e-02
4.666339457035064697e-01 5.459085702896118164e-01 -1.379230059683322906e-02
4.642718434333801270e-01 5.443185567855834961e-01 -1.384692266583442688e-02
4.496196508407592773e-01 5.336701869964599609e-01 -1.163842342793941498e-02
4.076699018478393555e-01 4.874820113182067871e-01 9.773922152817249298e-03
4.984686076641082764e-01 3.976871967315673828e-01 -1.614708267152309418e-02
4.940937161445617676e-01 3.619473874568939209e-01 3.790176473557949066e-03
4.865859448909759521e-01 3.636925220489501953e-01 7.248623296618461609e-03
4.719097912311553955e-01 5.476458668708801270e-01 -1.262858975678682327e-02
4.025817215442657471e-01 5.289384126663208008e-01 2.474351599812507629e-02
5.051180124282836914e-01 3.616545200347900391e-01 -9.397145360708236694e-03
4.599783420562744141e-01 6.081005334854125977e-01 -8.857759647071361542e-03
5.164637565612792969e-01 4.206860661506652832e-01 -4.660848900675773621e-02
5.066239833831787109e-01 4.062190651893615723e-01 -3.342548385262489319e-02
5.173512101173400879e-01 4.042080342769622803e-01 -3.518987447023391724e-02
4.877955913543701172e-01 4.392973780632019043e-01 -2.909668907523155212e-02
4.949943423271179199e-01 6.439679861068725586e-01 -1.553459092974662781e-02
4.966620802879333496e-01 6.250561475753784180e-01 -1.447961106896400452e-02
4.775156676769256592e-01 6.205322742462158203e-01 -1.340562291443347931e-02
4.371061921119689941e-01 5.722273588180541992e-01 5.230662281974218786e-05
4.607919454574584961e-01 4.822877943515777588e-01 -1.201090589165687561e-02
4.466561079025268555e-01 5.921359658241271973e-01 -4.168197046965360641e-03
4.347178339958190918e-01 4.756917953491210938e-01 -9.117944166064262390e-03
4.490249454975128174e-01 4.975131154060363770e-01 -1.168847735971212387e-02
4.232759773731231689e-01 5.020539164543151855e-01 -2.060245489701628685e-03
4.719736874103546143e-01 6.380468606948852539e-01 -1.388113666325807571e-02
4.799839258193969727e-01 4.486969113349914551e-01 -2.215432189404964447e-02
4.254343211650848389e-01 5.834373235702514648e-01 9.615691378712654114e-03
4.384376108646392822e-01 6.040096282958984375e-01 3.485197899863123894e-03
4.309645593166351318e-01 5.493229031562805176e-01 6.576063460670411587e-04
3.923577368259429932e-01 5.062960982322692871e-01 3.424370288848876953e-02
4.155725836753845215e-01 5.499941706657409668e-01 1.077556610107421875e-02
3.829416036605834961e-01 5.192942619323730469e-01 5.904048308730125427e-02
4.388297498226165771e-01 5.186790227890014648e-01 -7.670295424759387970e-03
4.892763793468475342e-01 4.245981574058532715e-01 -2.092092297971248627e-02
4.875982403755187988e-01 4.710799753665924072e-01 -4.671115800738334656e-02
4.803457558155059814e-01 4.755690097808837891e-01 -3.520923107862472534e-02
4.931869804859161377e-01 4.601036310195922852e-01 -5.386353656649589539e-02
4.869035780429840088e-01 3.417850136756896973e-01 3.709991578944027424e-04
4.693545997142791748e-01 3.259730339050292969e-01 -2.030386123806238174e-03
4.531691670417785645e-01 3.214566111564636230e-01 -2.181994961574673653e-03
4.387883543968200684e-01 3.242497444152832031e-01 1.261868514120578766e-03
4.277794957160949707e-01 3.326652050018310547e-01 7.203111890703439713e-03
4.168598055839538574e-01 3.669374585151672363e-01 2.257930673658847809e-02
3.775392770767211914e-01 4.090943634510040283e-01 6.822531670331954956e-02
4.227263033390045166e-01 3.931404054164886475e-01 1.284188311547040939e-02
4.338856637477874756e-01 3.996253013610839844e-01 6.699852179735898972e-03
4.492985010147094727e-01 4.018132984638214111e-01 2.947997767478227615e-03
4.645025730133056641e-01 3.997670412063598633e-01 1.681449241004884243e-03
4.768972694873809814e-01 3.949780762195587158e-01 2.716111950576305389e-03
4.858110547065734863e-01 3.900217711925506592e-01 2.734455745667219162e-03
3.737072944641113281e-01 4.099305868148803711e-01 1.097189858555793762e-01
4.798900783061981201e-01 4.806653559207916260e-01 -2.982755377888679504e-02
4.969375133514404297e-01 4.286077022552490234e-01 -3.698018565773963928e-02
4.953410029411315918e-01 4.723588824272155762e-01 -5.491442605853080750e-02
5.002270936965942383e-01 4.816531836986541748e-01 -5.039322376251220703e-02
4.950276017189025879e-01 4.754449725151062012e-01 -4.963016137480735779e-02
4.822544455528259277e-01 4.863080382347106934e-01 -2.599891647696495056e-02
5.022628903388977051e-01 4.832746088504791260e-01 -5.330465361475944519e-02
5.027037262916564941e-01 4.876570999622344971e-01 -4.030866548418998718e-02
4.878026545047760010e-01 3.762030303478240967e-01 8.969622664153575897e-03
4.934899508953094482e-01 3.809248208999633789e-01 2.567926421761512756e-03
4.973042011260986328e-01 3.835408091545104980e-01 -4.940392449498176575e-03
4.347780346870422363e-01 3.616085052490234375e-01 1.211749389767646790e-02
4.273670911788940430e-01 3.505731523036956787e-01 1.235085725784301758e-02
5.256035327911376953e-01 4.246060848236083984e-01 -4.219355806708335876e-02
5.947136878967285156e-01 3.897846639156341553e-01 2.346770465373992920e-02
5.203388333320617676e-01 4.878306984901428223e-01 -3.937403857707977295e-02
6.364035606384277344e-01 3.402571678161621094e-01 8.337470889091491699e-02
5.626415014266967773e-01 4.008774161338806152e-01 9.464583359658718109e-03
5.733608007431030273e-01 4.041038751602172852e-01 1.096384227275848389e-02
5.836910009384155273e-01 4.052561819553375244e-01 1.474011410027742386e-02
5.984048843383789062e-01 3.967992663383483887e-01 2.504051476716995239e-02
5.537598729133605957e-01 3.955427706241607666e-01 1.040475536137819290e-02
5.836658477783203125e-01 3.502212762832641602e-01 8.330471813678741455e-03
5.705289840698242188e-01 3.513934314250946045e-01 7.576411124318838120e-03
5.952091217041015625e-01 3.547175824642181396e-01 1.243655011057853699e-02
6.019951701164245605e-01 3.634856939315795898e-01 1.702720299363136292e-02
6.057298779487609863e-01 4.102972149848937988e-01 3.053108789026737213e-02
5.383077263832092285e-01 6.335167288780212402e-01 -5.366964032873511314e-04
5.991076231002807617e-01 3.846695125102996826e-01 2.752982079982757568e-02
6.386244893074035645e-01 4.115988612174987793e-01 8.281994611024856567e-02
6.188673377037048340e-01 3.989247083663940430e-01 4.322455078363418579e-02
5.656666159629821777e-01 4.744533896446228027e-01 -4.632845520973205566e-03
5.198129415512084961e-01 5.328772068023681641e-01 -3.331396356225013733e-02
5.172157287597656250e-01 5.441256761550903320e-01 -2.897178381681442261e-02
5.320754051208496094e-01 5.399446487426757812e-01 -2.598804980516433716e-02
5.394578576087951660e-01 5.476953387260437012e-01 -1.721516810357570648e-02
5.267180204391479492e-01 5.470812320709228516e-01 -2.379360795021057129e-02
5.336288809776306152e-01 5.514776706695556641e-01 -1.567699387669563293e-02
5.499244332313537598e-01 5.822378993034362793e-01 4.089026188012212515e-04
5.214223861694335938e-01 4.780536293983459473e-01 -5.893367528915405273e-02
5.246064066886901855e-01 4.620677530765533447e-01 -6.163976341485977173e-02
6.176986694335937500e-01 3.495908379554748535e-01 2.302650362253189087e-02
5.469328761100769043e-01 4.289143085479736328e-01 -5.074122454971075058e-03
5.447434782981872559e-01 4.796550571918487549e-01 -2.976130321621894836e-02
5.463674068450927734e-01 4.712538421154022217e-01 -2.608903124928474426e-02
5.982053875923156738e-01 4.782420098781585693e-01 1.149991527199745178e-02
5.253594517707824707e-01 4.418211281299591064e-01 -5.388162657618522644e-02
5.953283905982971191e-01 3.269642889499664307e-01 3.200899111106991768e-03
6.092523932456970215e-01 3.346123099327087402e-01 1.272919960319995880e-02
6.288322210311889648e-01 3.092375397682189941e-01 6.210745498538017273e-02
5.457332730293273926e-01 3.405397236347198486e-01 -9.734247811138629913e-03
5.587074160575866699e-01 3.588636219501495361e-01 9.941940195858478546e-03
5.590087771415710449e-01 5.664950609207153320e-01 3.803423605859279633e-03
6.134733557701110840e-01 5.665919184684753418e-01 1.036546006798744202e-01
5.350461602210998535e-01 4.877279698848724365e-01 -2.657760865986347198e-02
5.263717770576477051e-01 4.911824464797973633e-01 -2.862792834639549255e-02
5.467832088470458984e-01 5.635522007942199707e-01 1.630217768251895905e-03
5.436129570007324219e-01 5.626169443130493164e-01 -1.964400988072156906e-03
6.157673001289367676e-01 3.247370123863220215e-01 1.888708025217056274e-02
5.438587665557861328e-01 4.877401590347290039e-01 -2.402922138571739197e-02
5.750616788864135742e-01 3.279388546943664551e-01 -4.605448339134454727e-03
5.781686305999755859e-01 3.149871230125427246e-01 -6.054753903299570084e-03
5.907456278800964355e-01 2.646523118019104004e-01 1.814734935760498047e-02
6.219523549079895020e-01 3.209345936775207520e-01 3.730264678597450256e-02
5.834033489227294922e-01 2.912116050720214844e-01 5.376179702579975128e-03
6.244246959686279297e-01 3.441159427165985107e-01 3.348477557301521301e-02
6.302312016487121582e-01 3.466679155826568604e-01 5.666708201169967651e-02
5.188062191009521484e-01 5.392827987670898438e-01 -3.242070600390434265e-02
5.294477939605712891e-01 5.440398454666137695e-01 -2.548517473042011261e-02
5.367557406425476074e-01 5.498430728912353516e-01 -1.747613400220870972e-02
5.320360064506530762e-01 4.905264973640441895e-01 -2.442588098347187042e-02
5.451658964157104492e-01 5.631613135337829590e-01 -3.359713300596922636e-04
5.414458513259887695e-01 5.694021582603454590e-01 -7.136943284422159195e-03
5.420527458190917969e-01 5.620601177215576172e-01 -2.296501304954290390e-03
5.316587686538696289e-01 4.804003238677978516e-01 -4.160496219992637634e-02
5.310832262039184570e-01 5.520506501197814941e-01 -1.408013422042131424e-02
5.244029164314270020e-01 5.484824776649475098e-01 -1.965743303298950195e-02
5.157930254936218262e-01 5.466138720512390137e-01 -2.428843267261981964e-02
5.134614706039428711e-01 6.100575923919677734e-01 -1.330050546675920486e-02
5.176370143890380859e-01 5.966086387634277344e-01 -2.361810021102428436e-02
5.173829197883605957e-01 5.871599912643432617e-01 -2.503622695803642273e-02
5.164849162101745605e-01 5.768842697143554688e-01 -2.258680202066898346e-02
5.151198506355285645e-01 5.693905949592590332e-01 -2.094944752752780914e-02
5.305448770523071289e-01 5.664017200469970703e-01 -1.153053995221853256e-02
5.333924293518066406e-01 5.704340338706970215e-01 -1.326064951717853546e-02
5.365704894065856934e-01 5.760397315025329590e-01 -1.494632568210363388e-02
5.390787124633789062e-01 5.817347764968872070e-01 -1.301527954638004303e-02
5.505766272544860840e-01 5.339694619178771973e-01 -1.253978069871664047e-02
6.317710876464843750e-01 4.853596687316894531e-01 1.249764859676361084e-01
5.355641841888427734e-01 5.644876956939697266e-01 -5.920134484767913818e-03
5.385324358940124512e-01 5.667567253112792969e-01 -7.186681963503360748e-03
5.229941606521606445e-01 4.971293509006500244e-01 -2.951570227742195129e-02
5.389307141304016113e-01 4.972979426383972168e-01 -1.685389131307601929e-02
5.246064066886901855e-01 4.942576587200164795e-01 -2.929867804050445557e-02
5.575212240219116211e-01 4.406092762947082520e-01 -1.160641084425151348e-03
5.747449994087219238e-01 4.546314477920532227e-01 2.611236181110143661e-03
5.471159219741821289e-01 4.795076549053192139e-01 -2.004515938460826874e-02
6.149946451187133789e-01 2.835388779640197754e-01 3.881936520338058472e-02
6.075283288955688477e-01 3.018826246261596680e-01 2.057017199695110321e-02
6.002387404441833496e-01 3.146758079528808594e-01 5.990179255604743958e-03
5.407720208168029785e-01 5.934450030326843262e-01 -5.174786318093538284e-03
5.515000820159912109e-01 3.192371726036071777e-01 -1.286385860294103622e-02
5.568603277206420898e-01 2.870843410491943359e-01 -4.131806548684835434e-03
5.628815889358520508e-01 2.536785006523132324e-01 5.063589662313461304e-03
5.927534103393554688e-01 4.031546115875244141e-01 2.012075856328010559e-02
6.160968542098999023e-01 4.246256053447723389e-01 3.668640181422233582e-02
5.478655695915222168e-01 3.905684351921081543e-01 1.194816268980503082e-02
6.110191941261291504e-01 3.735761642456054688e-01 2.737179212272167206e-02
5.404148101806640625e-01 4.165195226669311523e-01 -8.969048038125038147e-03
5.397230386734008789e-01 4.714736342430114746e-01 -4.077032208442687988e-02
6.287895441055297852e-01 4.413918852806091309e-01 4.903304204344749451e-02
6.075184941291809082e-01 4.359542131423950195e-01 2.547338604927062988e-02
5.929036140441894531e-01 4.403818547725677490e-01 1.396043226122856140e-02
5.723754763603210449e-01 4.340201914310455322e-01 8.193223737180233002e-03
5.578527450561523438e-01 4.242571890354156494e-01 5.116750020533800125e-03
5.472515225410461426e-01 4.147086441516876221e-01 1.907625119201838970e-03
5.284126400947570801e-01 3.918928802013397217e-01 -1.981535553932189941e-02
6.241832375526428223e-01 4.763620793819427490e-01 4.395801946520805359e-02
6.191713213920593262e-01 3.728744983673095703e-01 3.357074037194252014e-02
5.166353583335876465e-01 4.862681329250335693e-01 -5.397791042923927307e-02
5.447843074798583984e-01 4.450547397136688232e-01 -1.090373843908309937e-02
6.396248340606689453e-01 4.118000864982604980e-01 1.214376166462898254e-01
5.395228266716003418e-01 4.045663475990295410e-01 4.099410143680870533e-04
5.476060509681701660e-01 4.810871183872222900e-01 -9.009785950183868408e-03
6.036713719367980957e-01 3.859472274780273438e-01 2.985810674726963043e-02
5.409954786300659180e-01 4.612107872962951660e-01 -3.611805289983749390e-02
6.248194575309753418e-01 5.249651670455932617e-01 1.173277944326400757e-01
5.484877824783325195e-01 3.844994604587554932e-01 1.524229440838098526e-02
5.337736010551452637e-01 4.495092630386352539e-01 -4.699215292930603027e-02
5.880389213562011719e-01 6.024461388587951660e-01 4.190991446375846863e-02
5.863197445869445801e-01 6.213973164558410645e-01 6.142878532409667969e-02
6.336424946784973145e-01 4.820446074008941650e-01 8.429761976003646851e-02
6.029101610183715820e-01 5.820454359054565430e-01 5.681653320789337158e-02
6.347686052322387695e-01 3.770297765731811523e-01 7.321599125862121582e-02
5.396379232406616211e-01 6.502367258071899414e-01 5.168092437088489532e-03
5.145764946937561035e-01 4.902864098548889160e-01 -3.970117494463920593e-02
5.533251166343688965e-01 4.593184590339660645e-01 -6.961428560316562653e-03
6.273599267005920410e-01 4.040825366973876953e-01 5.490498244762420654e-02
5.837608575820922852e-01 3.946106433868408203e-01 1.604236103594303131e-02
5.746039748191833496e-01 3.943986594676971436e-01 1.276532933115959167e-02
5.440858602523803711e-01 5.721556544303894043e-01 -5.301893223077058792e-03
6.184932589530944824e-01 5.094892978668212891e-01 4.544374719262123108e-02
5.173577070236206055e-01 6.720704436302185059e-01 7.371214218437671661e-03
5.534050464630126953e-01 6.525704264640808105e-01 3.116184659302234650e-02
5.689181685447692871e-01 6.399444341659545898e-01 4.441775381565093994e-02
5.655876398086547852e-01 3.918692767620086670e-01 1.182826701551675797e-02
5.570527315139770508e-01 3.882817924022674561e-01 1.303839311003684998e-02
5.513011813163757324e-01 3.863537311553955078e-01 1.520694606006145477e-02
6.266910433769226074e-01 3.712890148162841797e-01 4.568652436137199402e-02
5.601588487625122070e-01 3.735700249671936035e-01 1.199148967862129211e-02
5.702661275863647461e-01 3.690425157546997070e-01 1.083862129598855972e-02
5.799285769462585449e-01 3.687350451946258545e-01 1.189023535698652267e-02
5.890082120895385742e-01 3.723021149635314941e-01 1.498751901090145111e-02
5.942165255546569824e-01 3.773872852325439453e-01 1.871488615870475769e-02
6.398878097534179688e-01 3.726508021354675293e-01 1.053236946463584900e-01
5.901730060577392578e-01 3.926990330219268799e-01 2.001841366291046143e-02
5.418765544891357422e-01 5.223214626312255859e-01 -1.850335858762264252e-02
5.356065034866333008e-01 4.846078753471374512e-01 -3.037166036665439606e-02
5.228250026702880859e-01 5.124902725219726562e-01 -2.939002960920333862e-02
5.720899701118469238e-01 6.214291453361511230e-01 3.015062212944030762e-02
5.565978884696960449e-01 6.356747150421142578e-01 1.822559349238872528e-02
5.186108946800231934e-01 6.603639125823974609e-01 -6.651201285421848297e-03
6.001257300376892090e-01 5.989701151847839355e-01 8.312333375215530396e-02
5.522556304931640625e-01 3.801563680171966553e-01 1.395949348807334900e-02
5.335670113563537598e-01 4.191859066486358643e-01 -2.481086365878582001e-02
5.368646979331970215e-01 6.639814972877502441e-01 1.726710051298141479e-02
6.267305016517639160e-01 5.186311602592468262e-01 8.029618114233016968e-02
5.237423777580261230e-01 5.682038068771362305e-01 -1.653829589486122131e-02
5.262692570686340332e-01 5.742679238319396973e-01 -1.829127222299575806e-02
5.286089777946472168e-01 5.825843214988708496e-01 -2.021254040300846100e-02
5.301336646080017090e-01 5.914748311042785645e-01 -1.875321008265018463e-02
5.288090109825134277e-01 6.034910678863525391e-01 -1.052786223590373993e-02
5.389926433563232422e-01 5.566529035568237305e-01 -8.360800333321094513e-03
5.418938994407653809e-01 5.562579631805419922e-01 -8.006605319678783417e-03
5.444889664649963379e-01 5.552543401718139648e-01 -7.727585267275571823e-03
5.564103722572326660e-01 5.491830706596374512e-01 -4.297598730772733688e-03
6.025647521018981934e-01 5.156607627868652344e-01 2.187249250710010529e-02
5.343409180641174316e-01 4.029543697834014893e-01 -1.359696686267852783e-02
5.418184399604797363e-01 3.704152703285217285e-01 7.024534977972507477e-03
5.480130910873413086e-01 3.729628324508666992e-01 1.194788608700037003e-02
5.364820361137390137e-01 5.565115213394165039e-01 -7.417557295411825180e-03
5.996268987655639648e-01 5.567002892494201660e-01 3.682317584753036499e-02
5.321305990219116211e-01 3.687433898448944092e-01 -7.345122750848531723e-03
5.339969992637634277e-01 6.175214052200317383e-01 -4.650322254747152328e-03
5.271365642547607422e-01 4.091568589210510254e-01 -3.209528699517250061e-02
5.387181043624877930e-01 4.467462599277496338e-01 -2.577785030007362366e-02
5.157853364944458008e-01 6.254024505615234375e-01 -1.146801561117172241e-02
5.608075261116027832e-01 5.891391038894653320e-01 7.489217910915613174e-03
5.554614663124084473e-01 4.958998858928680420e-01 -6.193215027451515198e-03
5.487059950828552246e-01 6.055137515068054199e-01 1.651527243666350842e-03
5.805501341819763184e-01 4.969942867755889893e-01 -1.021670323098078370e-04
5.637122392654418945e-01 5.141624212265014648e-01 -4.465180914849042892e-03
5.862072110176086426e-01 5.255967378616333008e-01 8.112986572086811066e-03
5.181344151496887207e-01 6.438916921615600586e-01 -1.134150661528110504e-02
5.437997579574584961e-01 4.578420817852020264e-01 -1.801731437444686890e-02
5.697092413902282715e-01 6.025057435035705566e-01 1.796565018594264984e-02
5.544466972351074219e-01 6.188090443611145020e-01 9.898616932332515717e-03
5.706527233123779297e-01 5.691084861755371094e-01 9.645513258874416351e-03
6.123231649398803711e-01 5.376321673393249512e-01 4.775691777467727661e-02
5.845819711685180664e-01 5.733938217163085938e-01 2.103121951222419739e-02
6.172844171524047852e-01 5.522658824920654297e-01 7.342911511659622192e-02
5.691097378730773926e-01 5.376043319702148438e-01 7.192806224338710308e-04
5.389207601547241211e-01 4.318453073501586914e-01 -1.731328666210174561e-02
5.354219079017639160e-01 4.780931174755096436e-01 -4.352341592311859131e-02
5.405910611152648926e-01 4.843253791332244873e-01 -3.156767040491104126e-02
5.329106450080871582e-01 4.659206271171569824e-01 -5.148757621645927429e-02
5.525450706481933594e-01 3.540020585060119629e-01 4.771219566464424133e-03
5.720308423042297363e-01 3.428536951541900635e-01 4.373545758426189423e-03
5.883206725120544434e-01 3.418920636177062988e-01 6.251906976103782654e-03
6.007943749427795410e-01 3.475128114223480225e-01 1.142407581210136414e-02
6.085369586944580078e-01 3.576545119285583496e-01 1.852321438491344452e-02
6.100780367851257324e-01 3.922297358512878418e-01 3.467084467411041260e-02
6.378091573715209961e-01 4.466186463832855225e-01 8.424013853073120117e-02
5.992608666419982910e-01 4.169669747352600098e-01 2.403632365167140961e-02
5.876446366310119629e-01 4.206707477569580078e-01 1.651964522898197174e-02
5.732974410057067871e-01 4.179272651672363281e-01 1.112275198101997375e-02
5.600589513778686523e-01 4.116091728210449219e-01 8.220340125262737274e-03
5.499538779258728027e-01 4.045551419258117676e-01 7.690559141337871552e-03
5.430648326873779297e-01 3.981350362300872803e-01 6.801644805818796158e-03
6.360080242156982422e-01 4.483538269996643066e-01 1.272267550230026245e-01
5.395064949989318848e-01 4.892259240150451660e-01 -2.623388357460498810e-02
5.328676104545593262e-01 4.338142871856689453e-01 -3.439080715179443359e-02
5.286791324615478516e-01 4.772110283374786377e-01 -5.288064852356910706e-02
5.217427015304565430e-01 4.848146140575408936e-01 -4.920591413974761963e-02
5.277761816978454590e-01 4.803350269794464111e-01 -4.753429442644119263e-02
5.359008312225341797e-01 4.939238429069519043e-01 -2.295335195958614349e-02
5.199099779129028320e-01 4.858349859714508057e-01 -5.233792588114738464e-02
5.178776979446411133e-01 4.898196160793304443e-01 -3.951399773359298706e-02
5.443633198738098145e-01 3.845319449901580811e-01 1.315316092222929001e-02
5.382168292999267578e-01 3.880690038204193115e-01 5.818709265440702438e-03
5.343436598777770996e-01 3.906449079513549805e-01 -2.295427024364471436e-03
5.970091819763183594e-01 3.812945783138275146e-01 2.257170714437961578e-02
6.053863763809204102e-01 3.734552562236785889e-01 2.345454134047031403e-02
4.540662169456481934e-01 3.662817478179931641e-01 8.245904929935932159e-03
4.653892517089843750e-01 3.674069643020629883e-01 8.245904929935932159e-03
4.552177786827087402e-01 3.513998091220855713e-01 8.245904929935932159e-03
4.425001442432403564e-01 3.651104569435119629e-01 8.245904929935932159e-03
4.528285264968872070e-01 3.808977305889129639e-01 8.245904929935932159e-03
5.768554210662841797e-01 3.823597431182861328e-01 1.625584252178668976e-02
5.884578824043273926e-01 3.840041458606719971e-01 1.625584252178668976e-02
5.780766010284423828e-01 3.668704330921173096e-01 1.625584252178668976e-02
5.652520656585693359e-01 3.806605339050292969e-01 1.625584252178668976e-02
5.756762027740478516e-01 3.979237079620361328e-01 1.625584252178668976e-02
