5.064149498939514160e-01 5.333349704742431641e-01 -3.549603372812271118e-02
5.132979154586791992e-01 4.791059792041778564e-01 -6.236614659428596497e-02
5.105659365653991699e-01 4.966094195842742920e-01 -3.453892469406127930e-02
5.066774487495422363e-01 4.236824810504913330e-01 -4.602243006229400635e-02
5.147570967674255371e-01 4.618808329105377197e-01 -6.561107933521270752e-02
5.158807039260864258e-01 4.401077330112457275e-01 -6.024968996644020081e-02
5.179192423820495605e-01 3.880001008510589600e-01 -2.693909779191017151e-02
4.334833025932312012e-01 3.728698194026947021e-01 1.022347342222929001e-02
5.204002857208251953e-01 3.444138765335083008e-01 -1.704312302172183990e-02
5.219632387161254883e-01 3.222237825393676758e-01 -1.791740208864212036e-02
5.259633660316467285e-01 2.503536045551300049e-01 -2.777499146759510040e-03
5.061561465263366699e-01 5.377432703971862793e-01 -3.443134948611259460e-02
5.057173371315002441e-01 5.418474078178405762e-01 -3.118030540645122528e-02
5.053736567497253418e-01 5.441867113113403320e-01 -2.659154310822486877e-02
5.026252865791320801e-01 5.879970788955688477e-01 -2.016298845410346985e-02
5.025856494903564453e-01 5.934041738510131836e-01 -2.225880324840545654e-02
5.022447109222412109e-01 6.001900434494018555e-01 -2.451211586594581604e-02
5.017111897468566895e-01 6.076605916023254395e-01 -2.222279459238052368e-02
4.996938407421112061e-01 6.170942783355712891e-01 -1.155641954392194748e-02
5.121314525604248047e-01 4.881875813007354736e-01 -5.687634646892547607e-02
5.010483264923095703e-01 4.869820773601531982e-01 -4.233969375491142273e-02
3.919101357460021973e-01 3.114493489265441895e-01 6.281898915767669678e-02
4.638641178607940674e-01 3.903732299804687500e-01 6.265098927542567253e-04
4.518430531024932861e-01 3.909371793270111084e-01 4.899073974229395390e-04
4.407404065132141113e-01 3.887206315994262695e-01 2.785802120342850685e-03
4.271790683269500732e-01 3.781543374061584473e-01 1.118446979671716690e-02
4.749288856983184814e-01 3.864404559135437012e-01 3.042990341782569885e-03
4.529535174369812012e-01 3.385802209377288818e-01 -2.759835449978709221e-03
4.660109877586364746e-01 3.424501419067382812e-01 -1.357351662591099739e-03
4.401019811630249023e-01 3.396911025047302246e-01 -1.564345147926360369e-04
4.311259984970092773e-01 3.456904292106628418e-01 3.617197740823030472e-03
4.156106710433959961e-01 3.877182602882385254e-01 1.571886241436004639e-02
4.535869359970092773e-01 6.286882162094116211e-01 -2.093521412461996078e-03
4.297686517238616943e-01 3.682467937469482422e-01 1.376320421695709229e-02
3.815115392208099365e-01 3.807401657104492188e-01 6.357316672801971436e-02
4.037041664123535156e-01 3.743880093097686768e-01 2.675718814134597778e-02
4.533343613147735596e-01 4.596129953861236572e-01 -1.355081517249345779e-02
4.901562929153442383e-01 5.291119217872619629e-01 -3.500372916460037231e-02
4.906966686248779297e-01 5.397365093231201172e-01 -3.043127804994583130e-02
4.737055897712707520e-01 5.328143239021301270e-01 -2.932435087859630585e-02
4.623668789863586426e-01 5.380656719207763672e-01 -2.067350782454013824e-02
4.776697456836700439e-01 5.402966737747192383e-01 -2.629250288009643555e-02
4.673480391502380371e-01 5.428519845008850098e-01 -1.820953935384750366e-02
4.476556181907653809e-01 5.690948963165283203e-01 -2.067144494503736496e-03
5.038312077522277832e-01 4.775833785533905029e-01 -6.194824725389480591e-02
5.036957263946533203e-01 4.608754515647888184e-01 -6.497924029827117920e-02
4.157306849956512451e-01 3.254488110542297363e-01 6.926242727786302567e-03
4.798588156700134277e-01 4.212332963943481445e-01 -1.165377628058195114e-02
4.766365885734558105e-01 4.713329374790191650e-01 -3.638493642210960388e-02
4.759089648723602295e-01 4.625931978225708008e-01 -3.281900659203529358e-02
4.183530211448669434e-01 4.535886645317077637e-01 -2.202662173658609390e-03
5.053340792655944824e-01 4.407468438148498535e-01 -5.772290006279945374e-02
4.457875192165374756e-01 3.068491220474243164e-01 -9.011942893266677856e-03
4.286166131496429443e-01 3.124219179153442383e-01 -1.890535932034254074e-03
4.074783325195312500e-01 2.833408117294311523e-01 4.333635419607162476e-02
4.965629577636718750e-01 3.292711377143859863e-01 -1.543126814067363739e-02
4.770110845565795898e-01 3.513380885124206543e-01 2.485244302079081535e-03
4.413338601589202881e-01 5.485928058624267578e-01 -1.142843742854893208e-03
3.825071454048156738e-01 5.400477647781372070e-01 8.679451793432235718e-02
4.843494296073913574e-01 4.819303154945373535e-01 -3.160186484456062317e-02
4.928939342498779297e-01 4.878681898117065430e-01 -3.195587173104286194e-02
4.489388763904571533e-01 5.521566867828369141e-01 -1.478603575378656387e-03
4.521863460540771484e-01 5.527111887931823730e-01 -4.021339118480682373e-03
4.233454763889312744e-01 3.015265166759490967e-01 3.617702051997184753e-03
4.750502705574035645e-01 4.790026843547821045e-01 -3.041222505271434784e-02
4.677445888519287109e-01 3.107292056083679199e-01 -1.366692781448364258e-02
4.672585725784301758e-01 2.974176406860351562e-01 -1.545121241360902786e-02
4.591243267059326172e-01 2.499718815088272095e-01 5.835356656461954117e-03
4.163333177566528320e-01 2.980242669582366943e-01 2.109826356172561646e-02
4.646226465702056885e-01 2.787107229232788086e-01 -4.914622753858566284e-03
4.094730615615844727e-01 3.191074728965759277e-01 1.648569293320178986e-02
4.015128910541534424e-01 3.207690417766571045e-01 3.875146433711051941e-02
4.901007711887359619e-01 5.348647832870483398e-01 -3.394746407866477966e-02
4.755957424640655518e-01 5.368961095809936523e-01 -2.825667336583137512e-02
4.647732079029083252e-01 5.406283736228942871e-01 -2.033044584095478058e-02
4.865771234035491943e-01 4.853995740413665771e-01 -2.894618362188339233e-02
4.505560100078582764e-01 5.524740219116210938e-01 -2.777485875412821770e-03
4.555208683013916016e-01 5.652171969413757324e-01 -7.937519811093807220e-03
4.536239206790924072e-01 5.529041290283203125e-01 -4.157799296081066132e-03
4.908311367034912109e-01 4.765032827854156494e-01 -4.681990295648574829e-02
4.694166779518127441e-01 5.438891649246215820e-01 -1.662580855190753937e-02
4.795415401458740234e-01 5.421162843704223633e-01 -2.220769599080085754e-02
4.915277063846588135e-01 5.422793626785278320e-01 -2.611627243459224701e-02
4.826301336288452148e-01 6.133913993835449219e-01 -1.202119141817092896e-02
4.845304191112518311e-01 6.032472252845764160e-01 -2.243069000542163849e-02
4.857235848903656006e-01 5.959560871124267578e-01 -2.408634312450885773e-02
4.871555864810943604e-01 5.894411206245422363e-01 -2.165156416594982147e-02
4.887042045593261719e-01 5.847122073173522949e-01 -1.967350766062736511e-02
4.679217934608459473e-01 5.723075866699218750e-01 -1.173668541014194489e-02
4.654667973518371582e-01 5.735992789268493652e-01 -1.349454745650291443e-02
4.622783362865447998e-01 5.762993693351745605e-01 -1.515875943005084991e-02
4.597753286361694336e-01 5.799412727355957031e-01 -1.333434600383043289e-02
4.575374722480773926e-01 5.203367471694946289e-01 -1.733752153813838959e-02
3.732099533081054688e-01 4.541975557804107666e-01 1.049586907029151917e-01
5.113145112991333008e-01 4.922759532928466797e-01 -4.234303161501884460e-02
4.611249566078186035e-01 5.648053884506225586e-01 -6.721076555550098419e-03
4.583166241645812988e-01 5.646815299987792969e-01 -7.908329367637634277e-03
4.956375062465667725e-01 4.946059584617614746e-01 -3.257728740572929382e-02
4.774954617023468018e-01 4.892896413803100586e-01 -2.194201946258544922e-02
4.943566322326660156e-01 4.913182556629180908e-01 -3.251652047038078308e-02
4.667315781116485596e-01 4.291853606700897217e-01 -9.376527741551399231e-03
4.468894600868225098e-01 4.374324679374694824e-01 -7.948772050440311432e-03
4.729619622230529785e-01 4.700711965560913086e-01 -2.679149247705936432e-02
4.289062917232513428e-01 2.619195282459259033e-01 2.292207442224025726e-02
4.364095330238342285e-01 2.831108272075653076e-01 6.887021008878946304e-03
4.430165290832519531e-01 2.943357825279235840e-01 -6.704957224428653717e-03
4.557090699672698975e-01 5.856527090072631836e-01 -6.358782760798931122e-03
4.954388737678527832e-01 3.064278364181518555e-01 -1.880816929042339325e-02
4.927526414394378662e-01 2.815373539924621582e-01 -1.068989001214504242e-02
4.903039336204528809e-01 2.470028996467590332e-01 -2.879893407225608826e-03
4.318416416645050049e-01 3.845247328281402588e-01 6.992178969085216522e-03
4.014481306076049805e-01 3.982946574687957764e-01 2.063489705324172974e-02
4.825201928615570068e-01 3.819570541381835938e-01 5.191453732550144196e-03
4.182006120681762695e-01 3.518639206886291504e-01 1.230701897293329239e-02
4.890574216842651367e-01 4.112903475761413574e-01 -1.465373858809471130e-02
4.844108521938323975e-01 4.652195274829864502e-01 -4.667691886425018311e-02
3.908973336219787598e-01 4.111622571945190430e-01 3.128857165575027466e-02
4.079581201076507568e-01 4.097362756729125977e-01 1.033754833042621613e-02
4.225047230720520020e-01 4.169411063194274902e-01 9.463091846555471420e-04
4.457377195358276367e-01 4.167799353599548340e-01 -2.259577624499797821e-03
4.634286165237426758e-01 4.117534756660461426e-01 -3.195700235664844513e-03
4.774251282215118408e-01 4.050436615943908691e-01 -4.756628070026636124e-03
5.066664814949035645e-01 3.907175660133361816e-01 -2.370478957891464233e-02
3.905989527702331543e-01 4.456588029861450195e-01 2.659365162253379822e-02
4.089888036251068115e-01 3.486469388008117676e-01 1.722181029617786407e-02
5.064595937728881836e-01 4.868905544281005859e-01 -5.669161304831504822e-02
4.799254238605499268e-01 4.374612569808959961e-01 -1.741670630872249603e-02
3.752190172672271729e-01 3.801360726356506348e-01 9.971417486667633057e-02
4.882729649543762207e-01 3.965510427951812744e-01 -5.238012410700321198e-03
4.710735082626342773e-01 4.711036086082458496e-01 -1.549647655338048935e-02
4.238008260726928711e-01 3.671418726444244385e-01 1.545931678265333176e-02
4.841558039188385010e-01 4.547187983989715576e-01 -4.211176931858062744e-02
3.758207559585571289e-01 4.953516125679016113e-01 9.869874268770217896e-02
4.838429093360900879e-01 3.762015700340270996e-01 8.284337818622589111e-03
4.946829676628112793e-01 4.457053244113922119e-01 -5.203376337885856628e-02
4.073473811149597168e-01 5.826338529586791992e-01 3.247435390949249268e-02
4.045754373073577881e-01 6.034864187240600586e-01 5.047652497887611389e-02
3.772771656513214111e-01 4.504225552082061768e-01 6.567792594432830811e-02
3.947364091873168945e-01 5.580605864524841309e-01 4.401240870356559753e-02
3.909770548343658447e-01 3.484418988227844238e-01 5.446679517626762390e-02
4.496703147888183594e-01 6.455375552177429199e-01 2.889221999794244766e-03
5.069207549095153809e-01 4.911604225635528564e-01 -4.186237603425979614e-02
4.683364629745483398e-01 4.484473168849945068e-01 -1.444640010595321655e-02
3.933597207069396973e-01 3.779745995998382568e-01 3.711207211017608643e-02
4.437058568000793457e-01 3.791226148605346680e-01 4.243553616106510162e-03
4.532414674758911133e-01 3.815944194793701172e-01 2.222657436504960060e-03
4.530083537101745605e-01 5.663621425628662109e-01 -6.514145992696285248e-03
3.907088637351989746e-01 4.798869490623474121e-01 2.912075631320476532e-02
4.690359532833099365e-01 6.725388765335083008e-01 7.316946983337402344e-03
4.341563284397125244e-01 6.445717215538024902e-01 2.602084353566169739e-02
4.201526343822479248e-01 6.274917721748352051e-01 3.676321357488632202e-02
5.239962935447692871e-01 2.865148782730102539e-01 -1.082951761782169342e-02
4.945253133773803711e-01 6.787313818931579590e-01 6.195003632456064224e-03
4.632618129253387451e-01 3.813447654247283936e-01 2.666860818862915039e-03
4.732830226421356201e-01 3.791782855987548828e-01 5.019226111471652985e-03
4.801288843154907227e-01 3.776540756225585938e-01 7.847568020224571228e-03
4.009583890438079834e-01 3.462645411491394043e-01 2.815136685967445374e-02
4.737960994243621826e-01 3.680934011936187744e-01 3.809352405369281769e-03
4.634654223918914795e-01 3.647970259189605713e-01 1.329667866230010986e-03
4.537267684936523438e-01 3.633240163326263428e-01 1.013164990581572056e-03
4.438822269439697266e-01 3.637190163135528564e-01 2.865820424631237984e-03
4.372156858444213867e-01 3.653714060783386230e-01 5.844426341354846954e-03
3.816064000129699707e-01 3.420381546020507812e-01 8.378441631793975830e-02
4.376062750816345215e-01 3.759561181068420410e-01 7.335698697715997696e-03
5.092862844467163086e-01 5.096230506896972656e-01 -3.198485821485519409e-02
4.699316918849945068e-01 5.122344493865966797e-01 -2.323950827121734619e-02
4.848410189151763916e-01 4.789442420005798340e-01 -3.555341809988021851e-02
4.928234815597534180e-01 5.088130831718444824e-01 -3.196816518902778625e-02
5.188625454902648926e-01 3.669250607490539551e-01 -1.769697666168212891e-02
4.206744432449340820e-01 6.067011356353759766e-01 2.392361499369144440e-02
4.343680143356323242e-01 6.259686350822448730e-01 1.415689941495656967e-02
4.701528549194335938e-01 6.607997417449951172e-01 -6.280108354985713959e-03
3.927936553955078125e-01 5.767151117324829102e-01 6.872231513261795044e-02
4.809126257896423340e-01 3.726662993431091309e-01 6.489875726401805878e-03
4.975272417068481445e-01 4.160195291042327881e-01 -2.947172150015830994e-02
4.956246018409729004e-01 6.669604182243347168e-01 -7.170848082751035690e-03
4.498549699783325195e-01 6.602662801742553711e-01 1.447086501866579056e-02
3.789370357990264893e-01 4.883366525173187256e-01 6.282394379377365112e-02
4.772613048553466797e-01 5.792519450187683105e-01 -1.630657911300659180e-02
4.747547507286071777e-01 5.822700262069702148e-01 -1.822477765381336212e-02
4.723341763019561768e-01 5.872948765754699707e-01 -2.002963609993457794e-02
4.704811871051788330e-01 5.936215519905090332e-01 -1.843314990401268005e-02
4.668482244014739990e-01 6.013959646224975586e-01 -1.068286783993244171e-02
4.586859643459320068e-01 5.468311905860900879e-01 -1.067272014915943146e-02
4.561360776424407959e-01 5.455812811851501465e-01 -1.077980827540159225e-02
4.540000557899475098e-01 5.438983440399169922e-01 -1.097513549029827118e-02
4.476780593395233154e-01 5.325268507003784180e-01 -9.401964023709297180e-03
4.069885313510894775e-01 4.896421432495117188e-01 8.182548917829990387e-03
4.980986416339874268e-01 3.998132348060607910e-01 -1.830659247934818268e-02
4.936163127422332764e-01 3.634746074676513672e-01 1.900017261505126953e-03
4.862685203552246094e-01 3.656560778617858887e-01 5.265847779810428619e-03
4.607777595520019531e-01 5.472357273101806641e-01 -9.774814359843730927e-03
4.025366306304931641e-01 5.320593118667602539e-01 2.440030686557292938e-02
5.043225884437561035e-01 3.628255426883697510e-01 -1.162026450037956238e-02
4.600425362586975098e-01 6.135578751564025879e-01 -5.391777958720922470e-03
5.165639519691467285e-01 4.223295450210571289e-01 -4.878773167729377747e-02
5.065258145332336426e-01 4.081059098243713379e-01 -3.569568693637847900e-02
5.171810984611511230e-01 4.058834910392761230e-01 -3.735605999827384949e-02
4.875910282135009766e-01 4.410592615604400635e-01 -3.128462284803390503e-02
4.971446096897125244e-01 6.502521634101867676e-01 -1.187206059694290161e-02
4.985720813274383545e-01 6.318172812461853027e-01 -1.120648160576820374e-02
4.782584309577941895e-01 6.272832751274108887e-01 -1.015514694154262543e-02
4.370859265327453613e-01 5.738714933395385742e-01 3.499516984447836876e-03
4.601210653781890869e-01 4.832274913787841797e-01 -1.325636543333530426e-02
4.466236829757690430e-01 5.957052707672119141e-01 -4.179922107141464949e-04
4.339544773101806641e-01 4.772410094738006592e-01 -1.056490745395421982e-02
4.482408761978149414e-01 4.983393847942352295e-01 -1.180403120815753937e-02
4.227265119552612305e-01 5.034848451614379883e-01 -2.472858410328626633e-03
4.733411967754364014e-01 6.445934772491455078e-01 -1.057821977883577347e-02
4.795123338699340820e-01 4.501892030239105225e-01 -2.423681691288948059e-02
4.262937307357788086e-01 5.866999626159667969e-01 1.245538890361785889e-02
4.393105506896972656e-01 6.084634661674499512e-01 6.682565435767173767e-03
4.306991398334503174e-01 5.495444536209106445e-01 2.839793451130390167e-03
3.922188878059387207e-01 5.097895264625549316e-01 3.286897391080856323e-02
4.158609509468078613e-01 5.522248148918151855e-01 1.215076446533203125e-02
3.839637041091918945e-01 5.243898630142211914e-01 5.745905265212059021e-02
4.378600120544433594e-01 5.183898210525512695e-01 -6.865407340228557587e-03
4.889643192291259766e-01 4.265661835670471191e-01 -2.295964583754539490e-02
4.876591861248016357e-01 4.731621444225311279e-01 -4.905422776937484741e-02
4.800040125846862793e-01 4.771448373794555664e-01 -3.742603585124015808e-02
4.935407638549804688e-01 4.621611237525939941e-01 -5.629673227667808533e-02
4.853148162364959717e-01 3.445525169372558594e-01 -1.597572932951152325e-03
4.668170809745788574e-01 3.300305008888244629e-01 -4.403177183121442795e-03
4.500481188297271729e-01 3.257673680782318115e-01 -4.911682568490505219e-03
4.354345500469207764e-01 3.285380601882934570e-01 -1.740907784551382065e-03
4.246482849121093750e-01 3.364627361297607422e-01 4.096231423318386078e-03
4.148415327072143555e-01 3.705660700798034668e-01 1.943406462669372559e-02
3.777103722095489502e-01 4.148192405700683594e-01 6.482765823602676392e-02
4.210431575775146484e-01 3.950568139553070068e-01 1.008942909538745880e-02
4.324209690093994141e-01 4.009738862514495850e-01 4.227318335324525833e-03
4.482376575469970703e-01 4.027714729309082031e-01 7.393467822112143040e-04
4.639439284801483154e-01 4.004752635955810547e-01 -1.991018361877650023e-04
4.768406748771667480e-01 3.956143260002136230e-01 8.489270112477242947e-04
4.859476387500762939e-01 3.905470669269561768e-01 9.354951907880604267e-04
3.733400106430053711e-01 4.166665673255920410e-01 1.060289219021797180e-01
4.794309735298156738e-01 4.819012284278869629e-01 -3.193113207817077637e-02
4.969758093357086182e-01 4.305219650268554688e-01 -3.927460312843322754e-02
4.957400858402252197e-01 4.746341407299041748e-01 -5.712631344795227051e-02
5.007781386375427246e-01 4.838641583919525146e-01 -5.235613137483596802e-02
4.953005909919738770e-01 4.776919186115264893e-01 -5.178013443946838379e-02
4.816827476024627686e-01 4.873271584510803223e-01 -2.788357250392436981e-02
5.029298067092895508e-01 4.855132997035980225e-01 -5.524269863963127136e-02
5.033764839172363281e-01 4.897437095642089844e-01 -4.206085205078125000e-02
4.878048896789550781e-01 3.765650987625122070e-01 6.997560150921344757e-03
4.935543537139892578e-01 3.814264833927154541e-01 6.733505288138985634e-04
4.969872236251831055e-01 3.839461803436279297e-01 -7.013300433754920959e-03
4.331008195877075195e-01 3.668585419654846191e-01 9.213036857545375824e-03
4.248905479907989502e-01 3.541427850723266602e-01 9.391697123646736145e-03
5.256649851799011230e-01 4.260154366493225098e-01 -4.411821439862251282e-02
5.949012637138366699e-01 3.932634592056274414e-01 2.352938614785671234e-02
5.216194987297058105e-01 4.894761145114898682e-01 -4.088493064045906067e-02
6.325648427009582520e-01 3.423392772674560547e-01 8.319802582263946533e-02
5.637193918228149414e-01 4.020490050315856934e-01 9.310849942266941071e-03
5.744097232818603516e-01 4.050298333168029785e-01 1.092213951051235199e-02
5.846962332725524902e-01 4.061122834682464600e-01 1.475878898054361343e-02
5.991891622543334961e-01 3.995846509933471680e-01 2.521626651287078857e-02
5.546591877937316895e-01 3.968589305877685547e-01 9.917955845594406128e-03
5.825752019882202148e-01 3.544072508811950684e-01 8.038002066314220428e-03
5.696980953216552734e-01 3.554369807243347168e-01 7.157199084758758545e-03
5.943464636802673340e-01 3.584296405315399170e-01 1.229162886738777161e-02
6.017124652862548828e-01 3.667627274990081787e-01 1.705887913703918457e-02
6.069689989089965820e-01 4.112384915351867676e-01 3.087896294891834259e-02
5.412739515304565430e-01 6.373519301414489746e-01 3.877091221511363983e-03
5.992676019668579102e-01 3.898193836212158203e-01 2.764661796391010284e-02
6.357885003089904785e-01 4.126774668693542480e-01 8.376138657331466675e-02
6.186422705650329590e-01 3.999636769294738770e-01 4.363582655787467957e-02
5.671111941337585449e-01 4.736016094684600830e-01 -4.655426368117332458e-03
5.222772955894470215e-01 5.325090885162353516e-01 -3.270934149622917175e-02
5.197941064834594727e-01 5.430045723915100098e-01 -2.832016535103321075e-02
5.365809202194213867e-01 5.391098856925964355e-01 -2.460165880620479584e-02
5.454465150833129883e-01 5.470106601715087891e-01 -1.423081289976835251e-02
5.311921834945678711e-01 5.459792613983154297e-01 -2.220677211880683899e-02
5.395323038101196289e-01 5.508080720901489258e-01 -1.273429952561855316e-02
5.547404289245605469e-01 5.810347795486450195e-01 5.984712857753038406e-03
5.224308967590332031e-01 4.798849821090698242e-01 -6.073643639683723450e-02
5.253393054008483887e-01 4.635387361049652100e-01 -6.355042755603790283e-02
6.163896322250366211e-01 3.489786982536315918e-01 2.273276634514331818e-02
5.468958020210266113e-01 4.294718801975250244e-01 -5.774785298854112625e-03
5.466268658638000488e-01 4.795722365379333496e-01 -3.093069978058338165e-02
5.479624867439270020e-01 4.710101485252380371e-01 -2.718763984739780426e-02
5.994889736175537109e-01 4.760299921035766602e-01 1.222129631787538528e-02
5.257337093353271484e-01 4.431967437267303467e-01 -5.586456879973411560e-02
5.936210155487060547e-01 3.250695466995239258e-01 2.200599526986479759e-03
6.076380014419555664e-01 3.335732221603393555e-01 1.195774134248495102e-02
6.248577237129211426e-01 3.115847408771514893e-01 6.149880960583686829e-02
5.449580550193786621e-01 3.371308445930480957e-01 -1.160145923495292664e-02
5.582991838455200195e-01 3.621019423007965088e-01 9.433784522116184235e-03
5.639839768409729004e-01 5.627740621566772461e-01 8.667877875268459320e-03
6.131483316421508789e-01 5.679147243499755859e-01 1.061673089861869812e-01
5.371431112289428711e-01 4.881413877010345459e-01 -2.773537486791610718e-02
5.282298326492309570e-01 4.920114874839782715e-01 -3.000252507627010345e-02
5.537094473838806152e-01 5.653626918792724609e-01 7.024180144071578979e-03
5.504800677299499512e-01 5.649135708808898926e-01 3.546265419572591782e-03
6.132132411003112793e-01 3.235217034816741943e-01 1.821918599307537079e-02
5.461319088935852051e-01 4.872810542583465576e-01 -2.506703324615955353e-02
5.737285614013671875e-01 3.247531354427337646e-01 -6.012348923832178116e-03
5.760798454284667969e-01 3.115537166595458984e-01 -7.621493656188249588e-03
5.871250033378601074e-01 2.673605680465698242e-01 1.631763577461242676e-02
6.183837056159973145e-01 3.233682811260223389e-01 3.702152520418167114e-02
5.801383256912231445e-01 2.938585281372070312e-01 3.979301545768976212e-03
6.220709085464477539e-01 3.435033857822418213e-01 3.324718400835990906e-02
6.267573237419128418e-01 3.488513231277465820e-01 5.679101124405860901e-02
5.213405489921569824e-01 5.383789539337158203e-01 -3.165384754538536072e-02
5.338934063911437988e-01 5.431001782417297363e-01 -2.383915148675441742e-02
5.426505804061889648e-01 5.491654276847839355e-01 -1.444197259843349457e-02
5.342299938201904297e-01 4.909256100654602051e-01 -2.567768841981887817e-02
5.520570278167724609e-01 5.651954412460327148e-01 5.099506117403507233e-03
5.468473434448242188e-01 5.763615965843200684e-01 -1.205696957185864449e-03
5.489725470542907715e-01 5.646016001701354980e-01 3.213957883417606354e-03
5.331169366836547852e-01 4.817159473896026611e-01 -4.309189692139625549e-02
5.369828939437866211e-01 5.511043667793273926e-01 -1.139908283948898315e-02
5.287643074989318848e-01 5.471853017807006836e-01 -1.833808980882167816e-02
5.183354020118713379e-01 5.451438426971435547e-01 -2.392939850687980652e-02
5.165489315986633301e-01 6.171211004257202148e-01 -9.980238042771816254e-03
5.182328224182128906e-01 6.071803569793701172e-01 -2.016128040850162506e-02
5.180662274360656738e-01 5.995870232582092285e-01 -2.171781100332736969e-02
5.172546505928039551e-01 5.927605628967285156e-01 -1.930499449372291565e-02
5.158498287200927734e-01 5.876559019088745117e-01 -1.743010245263576508e-02
5.349164009094238281e-01 5.799415707588195801e-01 -6.491292268037796021e-03
5.374405384063720703e-01 5.820627212524414062e-01 -8.228218182921409607e-03
5.403485298156738281e-01 5.856246352195739746e-01 -9.646194055676460266e-03
5.424455404281616211e-01 5.899342894554138184e-01 -7.468885276466608047e-03
5.547689199447631836e-01 5.317234992980957031e-01 -9.889406152069568634e-03
6.296990513801574707e-01 4.864667356014251709e-01 1.264603435993194580e-01
5.411806702613830566e-01 5.743107199668884277e-01 -2.214151172665879130e-04
5.441345572471618652e-01 5.749964118003845215e-01 -1.419806154444813728e-03
5.248798131942749023e-01 4.979955852031707764e-01 -3.061067312955856323e-02
5.415679216384887695e-01 4.966514706611633301e-01 -1.766803860664367676e-02
5.264684557914733887e-01 4.951204955577850342e-01 -3.062476031482219696e-02
5.577983856201171875e-01 4.404048025608062744e-01 -1.552662113681435585e-03
5.753862857818603516e-01 4.534341394901275635e-01 2.461499068886041641e-03
5.490891337394714355e-01 4.789733588695526123e-01 -2.096607536077499390e-02
6.110385656356811523e-01 2.861126661300659180e-01 3.775068372488021851e-02
6.039744615554809570e-01 3.045320510864257812e-01 1.977141387760639191e-02
5.976936221122741699e-01 3.128226697444915771e-01 5.000737495720386505e-03
5.452412366867065430e-01 5.953320860862731934e-01 3.442048327997326851e-04
5.496059060096740723e-01 3.148730099201202393e-01 -1.479139178991317749e-02
5.541759729385375977e-01 2.897209525108337402e-01 -6.021319422870874405e-03
5.597571730613708496e-01 2.566056847572326660e-01 2.477707108482718468e-03
5.936722755432128906e-01 4.045462310314178467e-01 2.022804878652095795e-02
6.174691319465637207e-01 4.243944585323333740e-01 3.733925148844718933e-02
5.486642718315124512e-01 3.917720913887023926e-01 1.130039244890213013e-02
6.108922958374023438e-01 3.753305971622467041e-01 2.762052975594997406e-02
5.401148796081542969e-01 4.175882339477539062e-01 -9.982742369174957275e-03
5.410386323928833008e-01 4.721330106258392334e-01 -4.224750027060508728e-02
6.273317337036132812e-01 4.407627880573272705e-01 5.005814135074615479e-02
6.103787422180175781e-01 4.347072243690490723e-01 2.619392052292823792e-02
5.966902375221252441e-01 4.388028383255004883e-01 1.456395536661148071e-02
5.760024785995483398e-01 4.334364235401153564e-01 8.264568634331226349e-03
5.608609914779663086e-01 4.246282577514648438e-01 4.896256607025861740e-03
5.496109127998352051e-01 4.155594408512115479e-01 1.311543281190097332e-03
5.279408097267150879e-01 3.934301733970642090e-01 -2.177209779620170593e-02
6.241213679313659668e-01 4.746797382831573486e-01 4.533062130212783813e-02
6.183328032493591309e-01 3.736080229282379150e-01 3.383972123265266418e-02
5.176956057548522949e-01 4.882594048976898193e-01 -5.570803582668304443e-02
5.454398393630981445e-01 4.453843533992767334e-01 -1.169698685407638550e-02
6.363924145698547363e-01 4.133135676383972168e-01 1.220044791698455811e-01
5.414662361145019531e-01 4.054768085479736328e-01 -5.166532355360686779e-04
5.496606826782226562e-01 4.803259372711181641e-01 -9.547407738864421844e-03
6.042652130126953125e-01 3.897775411605834961e-01 3.007111698389053345e-02
5.420454740524291992e-01 4.616387784481048584e-01 -3.757634386420249939e-02
6.235470771789550781e-01 5.259625911712646484e-01 1.192446053028106689e-01
5.488960742950439453e-01 3.861466348171234131e-01 1.465207990258932114e-02
5.343474149703979492e-01 4.505176544189453125e-01 -4.875029996037483215e-02
5.893178582191467285e-01 6.027286052703857422e-01 4.612511023879051208e-02
5.872584581375122070e-01 6.230502128601074219e-01 6.509418040513992310e-02
6.323936581611633301e-01 4.819554984569549561e-01 8.582142740488052368e-02
6.038557887077331543e-01 5.823349952697753906e-01 6.008272990584373474e-02
6.315310597419738770e-01 3.786686956882476807e-01 7.372247427701950073e-02
5.420643091201782227e-01 6.541460156440734863e-01 9.334193542599678040e-03
5.156823396682739258e-01 4.922275543212890625e-01 -4.127279669046401978e-02
5.544392466545104980e-01 4.589319229125976562e-01 -7.470768410712480545e-03
6.263884305953979492e-01 4.051709175109863281e-01 5.552241206169128418e-02
5.840875506401062012e-01 3.959751427173614502e-01 1.602365635335445404e-02
5.750710964202880859e-01 3.954876363277435303e-01 1.262952201068401337e-02
5.491631031036376953e-01 5.782397389411926270e-01 6.325035355985164642e-04
6.195473074913024902e-01 5.079765915870666504e-01 4.726785793900489807e-02
5.197796821594238281e-01 6.769460439682006836e-01 1.108896732330322266e-02
5.553674101829528809e-01 6.556137800216674805e-01 3.535137698054313660e-02
5.704004764556884766e-01 6.421629190444946289e-01 4.859012365341186523e-02
5.661430358886718750e-01 3.932000696659088135e-01 1.152446772903203964e-02
5.575706362724304199e-01 3.898787200450897217e-01 1.259709708392620087e-02
5.517950654029846191e-01 3.878715038299560547e-01 1.465072948485612869e-02
6.248074769973754883e-01 3.720100224018096924e-01 4.598472639918327332e-02
5.593906044960021973e-01 3.796556293964385986e-01 1.155722420662641525e-02
5.690750479698181152e-01 3.778366744518280029e-01 1.038439013063907623e-02
5.783546566963195801e-01 3.782742321491241455e-01 1.154736150056123734e-02
5.874888896942138672e-01 3.810222744941711426e-01 1.480653043836355209e-02
5.933077335357666016e-01 3.846488595008850098e-01 1.869742386043071747e-02
6.362943053245544434e-01 3.744184374809265137e-01 1.054641678929328918e-01
5.903309583663940430e-01 3.949290812015533447e-01 2.003434486687183380e-02
5.453156828880310059e-01 5.209746956825256348e-01 -1.751939952373504639e-02
5.375357866287231445e-01 4.852731823921203613e-01 -3.170092776417732239e-02
5.252043604850769043e-01 5.126538872718811035e-01 -2.962293289601802826e-02
5.737076401710510254e-01 6.226084232330322266e-01 3.492701426148414612e-02
5.585635304450988770e-01 6.380492448806762695e-01 2.279064245522022247e-02
5.211374163627624512e-01 6.655996441841125488e-01 -2.860397333279252052e-03
6.005083918571472168e-01 6.005674600601196289e-01 8.601014316082000732e-02
5.522710084915161133e-01 3.832836151123046875e-01 1.343120262026786804e-02
5.334647893905639648e-01 4.204626083374023438e-01 -2.630812674760818481e-02
5.391827225685119629e-01 6.679219007492065430e-01 2.128416113555431366e-02
6.263699531555175781e-01 5.186445116996765137e-01 8.218668401241302490e-02
5.264593362808227539e-01 5.845790505409240723e-01 -1.232318580150604248e-02
5.288369655609130859e-01 5.883567333221435547e-01 -1.408863253891468048e-02
5.308190584182739258e-01 5.939882397651672363e-01 -1.569256559014320374e-02
5.320202708244323730e-01 6.009317636489868164e-01 -1.393105275928974152e-02
5.328806638717651367e-01 6.083234548568725586e-01 -5.772071424871683121e-03
5.459437966346740723e-01 5.569889545440673828e-01 -4.050787072628736496e-03
5.487130880355834961e-01 5.564708709716796875e-01 -3.525895997881889343e-03
5.512355566024780273e-01 5.553054809570312500e-01 -3.293865360319614410e-03
5.612366795539855957e-01 5.457921028137207031e-01 -2.151776570826768875e-04
6.046295762062072754e-01 5.137873291969299316e-01 2.353094331920146942e-02
5.338699817657470703e-01 4.043653607368469238e-01 -1.508702430874109268e-02
5.418152213096618652e-01 3.709894418716430664e-01 5.998431704938411713e-03
5.479240417480468750e-01 3.747064173221588135e-01 1.124549563974142075e-02
5.436056852340698242e-01 5.566525459289550781e-01 -3.232551272958517075e-03
6.017183065414428711e-01 5.556979179382324219e-01 3.974474966526031494e-02
5.323621630668640137e-01 3.685575425624847412e-01 -9.053335525095462799e-03
5.374835729598999023e-01 6.213597655296325684e-01 -1.083468159777112305e-04
5.269107222557067871e-01 4.106096923351287842e-01 -3.402492031455039978e-02
5.393571257591247559e-01 4.473840892314910889e-01 -2.710367739200592041e-02
5.187873244285583496e-01 6.313695907592773438e-01 -7.727074902504682541e-03
5.640618801116943359e-01 5.880128741264343262e-01 1.280721370130777359e-02
5.576483011245727539e-01 4.948096871376037598e-01 -5.976396612823009491e-03
5.521457195281982422e-01 6.068117022514343262e-01 6.894998252391815186e-03
5.826023221015930176e-01 4.954954981803894043e-01 7.048597326502203941e-04
5.663634538650512695e-01 5.125651955604553223e-01 -2.807603450492024422e-03
5.886518359184265137e-01 5.235291719436645508e-01 1.025556586682796478e-02
5.209815502166748047e-01 6.493587493896484375e-01 -7.412191014736890793e-03
5.448765158653259277e-01 4.579095542430877686e-01 -1.900447718799114227e-02
5.720161795616149902e-01 6.024296283721923828e-01 2.297030761837959290e-02
5.570577979087829590e-01 6.205230951309204102e-01 1.473958045244216919e-02
5.739220976829528809e-01 5.662337541580200195e-01 1.407825481146574020e-02
6.138285994529724121e-01 5.365970730781555176e-01 5.010883882641792297e-02
5.869851112365722656e-01 5.719279050827026367e-01 2.507076412439346313e-02
6.175125837326049805e-01 5.525557398796081543e-01 7.589898258447647095e-02
5.724834799766540527e-01 5.345193743705749512e-01 3.589838743209838867e-03
5.391263961791992188e-01 4.327450096607208252e-01 -1.842387393116950989e-02
5.368770360946655273e-01 4.791817963123321533e-01 -4.504033178091049194e-02
5.425887107849121094e-01 4.845704734325408936e-01 -3.283219784498214722e-02
5.338404178619384766e-01 4.671385586261749268e-01 -5.326623097062110901e-02
5.521508455276489258e-01 3.539938628673553467e-01 3.985287155956029892e-03
5.711259245872497559e-01 3.436707258224487305e-01 3.716832259669899940e-03
5.872129201889038086e-01 3.430867791175842285e-01 5.781306885182857513e-03
5.998520255088806152e-01 3.487100601196289062e-01 1.121774874627590179e-02
6.080931425094604492e-01 3.588773608207702637e-01 1.857867836952209473e-02
6.104320287704467773e-01 3.944147229194641113e-01 3.496780246496200562e-02
6.356396675109863281e-01 4.470445513725280762e-01 8.553455770015716553e-02
6.012694239616394043e-01 4.174049198627471924e-01 2.443317882716655731e-02
5.900180935859680176e-01 4.205348789691925049e-01 1.679799333214759827e-02
5.755993127822875977e-01 4.182332158088684082e-01 1.116448547691106796e-02
5.620246529579162598e-01 4.125220775604248047e-01 8.109716698527336121e-03
5.515031218528747559e-01 4.056892991065979004e-01 7.134162820875644684e-03
5.443314313888549805e-01 3.992722332477569580e-01 6.065896246582269669e-03
6.333287358283996582e-01 4.496673941612243652e-01 1.282847374677658081e-01
5.417365431785583496e-01 4.891486763954162598e-01 -2.741022408008575439e-02
5.330989360809326172e-01 4.349532425403594971e-01 -3.600251302123069763e-02
5.298299789428710938e-01 4.788261950016021729e-01 -5.456874519586563110e-02
5.228981375694274902e-01 4.866110086441040039e-01 -5.086866021156311035e-02
5.290583372116088867e-01 4.819335043430328369e-01 -4.914557933807373047e-02
5.383667349815368652e-01 4.937887191772460938e-01 -2.405638620257377625e-02
5.210397839546203613e-01 4.877201914787292480e-01 -5.403574556112289429e-02
5.190865993499755859e-01 4.915845990180969238e-01 -4.105634614825248718e-02
5.448952913284301758e-01 3.856837749481201172e-01 1.235090568661689758e-02
5.390084981918334961e-01 3.890210986137390137e-01 4.749522078782320023e-03
5.355483889579772949e-01 3.913725912570953369e-01 -3.689502133056521416e-03
5.967294573783874512e-01 3.874408304691314697e-01 2.260064519941806793e-02
6.056425571441650391e-01 3.766239583492279053e-01 2.362734451889991760e-02
4.539224505424499512e-01 3.715397715568542480e-01 5.760745145380496979e-03
4.654244184494018555e-01 3.724374771118164062e-01 5.760745145380496979e-03
4.546761512756347656e-01 3.581899404525756836e-01 5.760745145380496979e-03
4.422702789306640625e-01 3.705403804779052734e-01 5.760745145380496979e-03
4.531185925006866455e-01 3.845585584640502930e-01 5.760745145380496979e-03
5.772359967231750488e-01 3.851716220378875732e-01 1.601954177021980286e-02
5.887679457664489746e-01 3.866130113601684570e-01 1.601954177021980286e-02
5.782080888748168945e-01 3.713316917419433594e-01 1.601954177021980286e-02
5.656114816665649414e-01 3.836466372013092041e-01 1.601954177021980286e-02
5.762677788734436035e-01 3.989036381244659424e-01 1.601954177021980286e-02
