5.010662078857421875e-01 4.926212728023529053e-01 -4.438230022788047791e-02
5.034937262535095215e-01 4.297656416893005371e-01 -6.199602410197257996e-02
5.019153952598571777e-01 4.529539346694946289e-01 -3.800921514630317688e-02
4.978096485137939453e-01 3.813266754150390625e-01 -3.867208212614059448e-02
5.047266483306884766e-01 4.129596054553985596e-01 -6.346423178911209106e-02
5.062218308448791504e-01 3.941331207752227783e-01 -5.573087558150291443e-02
5.098753571510314941e-01 3.511698246002197266e-01 -1.551382988691329956e-02
4.294145405292510986e-01 3.469476103782653809e-01 2.740178816020488739e-02
5.130341649055480957e-01 3.107440173625946045e-01 -7.563948165625333786e-04
5.146774649620056152e-01 2.887728810310363770e-01 1.565680024214088917e-03
5.191827416419982910e-01 2.243551313877105713e-01 2.778593637049198151e-02
5.009257197380065918e-01 4.959326386451721191e-01 -4.410606250166893005e-02
5.009905695915222168e-01 4.999347925186157227e-01 -4.137349873781204224e-02
5.012238621711730957e-01 5.026695728302001953e-01 -3.762923926115036011e-02
4.999844729900360107e-01 5.510485768318176270e-01 -3.427083045244216919e-02
4.999835491180419922e-01 5.556188821792602539e-01 -3.756408765912055969e-02
4.997391402721405029e-01 5.613096356391906738e-01 -4.095294699072837830e-02
4.995738565921783447e-01 5.667088627815246582e-01 -4.032742977142333984e-02
4.933411777019500732e-01 5.723806023597717285e-01 -3.213911503553390503e-02
5.027675628662109375e-01 4.403591156005859375e-01 -5.753601714968681335e-02
4.930883944034576416e-01 4.418844878673553467e-01 -4.312685877084732056e-02
3.924854993820190430e-01 2.983304560184478760e-01 9.247686713933944702e-02
4.589489996433258057e-01 3.624803125858306885e-01 1.419841125607490540e-02
4.475937783718109131e-01 3.636718392372131348e-01 1.481597404927015305e-02
4.371021986007690430e-01 3.620832860469818115e-01 1.800914481282234192e-02
4.239998459815979004e-01 3.524251580238342285e-01 2.795100398361682892e-02
4.692850708961486816e-01 3.580705523490905762e-01 1.620863378047943115e-02
4.477106332778930664e-01 3.092406392097473145e-01 1.548815146088600159e-02
4.603548943996429443e-01 3.124273419380187988e-01 1.613924279808998108e-02
4.352879822254180908e-01 3.116008639335632324e-01 1.860083080828189850e-02
4.266747236251831055e-01 3.188953399658203125e-01 2.246613614261150360e-02
4.135994315147399902e-01 3.624815940856933594e-01 3.191581368446350098e-02
4.479618370532989502e-01 5.917741060256958008e-01 -2.372981607913970947e-02
4.259246587753295898e-01 3.420356512069702148e-01 3.165517002344131470e-02
3.804429471492767334e-01 3.652110695838928223e-01 8.333589881658554077e-02
4.019214510917663574e-01 3.497879207134246826e-01 4.536921530961990356e-02
4.470395743846893311e-01 4.255461990833282471e-01 -9.147523902356624603e-03
4.849651753902435303e-01 4.894231855869293213e-01 -4.250257089734077454e-02
4.870874881744384766e-01 4.993908703327178955e-01 -3.967023640871047974e-02
4.695890545845031738e-01 4.959597587585449219e-01 -3.640132024884223938e-02
4.601291716098785400e-01 5.045724511146545410e-01 -2.823276631534099579e-02
4.756309390068054199e-01 5.028061270713806152e-01 -3.489783406257629395e-02
4.673759043216705322e-01 5.085601210594177246e-01 -2.709164284169673920e-02
4.426176249980926514e-01 5.340662002563476562e-01 -1.489871367812156677e-02
4.943157732486724854e-01 4.288259148597717285e-01 -6.097263842821121216e-02
4.938873350620269775e-01 4.127781987190246582e-01 -6.211636587977409363e-02
4.124220609664916992e-01 3.003686666488647461e-01 3.018162027001380920e-02
4.730850458145141602e-01 3.881266117095947266e-01 -2.894982462748885155e-03
4.685510098934173584e-01 4.297981560230255127e-01 -3.372527286410331726e-02
4.679678082466125488e-01 4.226003587245941162e-01 -2.927597239613533020e-02
4.128910303115844727e-01 4.236966371536254883e-01 5.433107260614633560e-03
4.958508014678955078e-01 3.953446745872497559e-01 -5.243301019072532654e-02
4.400766789913177490e-01 2.792980968952178955e-01 1.388245727866888046e-02
4.242010414600372314e-01 2.860483527183532715e-01 2.186672016978263855e-02
4.068238735198974609e-01 2.671096026897430420e-01 7.584910094738006592e-02
4.886560142040252686e-01 2.977461218833923340e-01 2.711058594286441803e-03
4.709239006042480469e-01 3.212922811508178711e-01 1.873565837740898132e-02
4.359332323074340820e-01 5.155407190322875977e-01 -1.053474936634302139e-02
3.818933367729187012e-01 5.253885984420776367e-01 8.253882825374603271e-02
4.766838252544403076e-01 4.398030936717987061e-01 -3.079769387841224670e-02
4.853054285049438477e-01 4.455887377262115479e-01 -3.317125141620635986e-02
4.516786336898803711e-01 5.265075564384460449e-01 -1.140263676643371582e-02
4.555821418762207031e-01 5.268472433090209961e-01 -1.434465125203132629e-02
4.190632104873657227e-01 2.763646841049194336e-01 2.946267090737819672e-02
4.674919545650482178e-01 4.389925003051757812e-01 -2.892841026186943054e-02
4.607011079788208008e-01 2.814048230648040771e-01 7.377911359071731567e-03
4.599491059780120850e-01 2.689214348793029785e-01 7.758915424346923828e-03
4.547613561153411865e-01 2.273418009281158447e-01 3.952064365148544312e-02
4.137440323829650879e-01 2.763547301292419434e-01 5.031605437397956848e-02
4.591857492923736572e-01 2.513899505138397217e-01 2.414542436599731445e-02
4.063084125518798828e-01 2.948167324066162109e-01 4.148097708821296692e-02
3.999253511428833008e-01 3.020295500755310059e-01 6.638409942388534546e-02
4.854792654514312744e-01 4.945619702339172363e-01 -4.234213009476661682e-02
4.723129570484161377e-01 4.994490146636962891e-01 -3.627678379416465759e-02
4.633679389953613281e-01 5.064756274223327637e-01 -2.867552265524864197e-02
4.790992140769958496e-01 4.437453448772430420e-01 -2.886940725147724152e-02
4.536442160606384277e-01 5.267974138259887695e-01 -1.291873119771480560e-02
4.561285972595214844e-01 5.349720120429992676e-01 -2.008980885148048401e-02
4.572677314281463623e-01 5.267916917800903320e-01 -1.460945140570402145e-02
4.825067818164825439e-01 4.312931299209594727e-01 -4.474554210901260376e-02
4.704626202583312988e-01 5.092570185661315918e-01 -2.605644054710865021e-02
4.785177111625671387e-01 5.043897628784179688e-01 -3.164103254675865173e-02
4.888755679130554199e-01 5.021774768829345703e-01 -3.612234815955162048e-02
4.773380160331726074e-01 5.694181323051452637e-01 -3.158468753099441528e-02
4.807552695274353027e-01 5.621457695960998535e-01 -3.923038020730018616e-02
4.820915460586547852e-01 5.572405457496643066e-01 -3.934372961521148682e-02
4.839625358581542969e-01 5.519949197769165039e-01 -3.572405129671096802e-02
4.860664904117584229e-01 5.479648113250732422e-01 -3.263820707798004150e-02
4.681536853313446045e-01 5.395864844322204590e-01 -2.339525893330574036e-02
4.648630619049072266e-01 5.407092571258544922e-01 -2.605752460658550262e-02
4.607817828655242920e-01 5.422928333282470703e-01 -2.865547314286231995e-02
4.575304090976715088e-01 5.440167784690856934e-01 -2.734634093940258026e-02
4.509574770927429199e-01 4.835765361785888672e-01 -2.232821471989154816e-02
3.732566833496093750e-01 4.439619779586791992e-01 1.137640774250030518e-01
5.023553967475891113e-01 4.463173747062683105e-01 -4.444719478487968445e-02
4.626821875572204590e-01 5.346236228942871094e-01 -1.786348596215248108e-02
4.593471884727478027e-01 5.347887873649597168e-01 -1.972579956054687500e-02
4.877423644065856934e-01 4.523605406284332275e-01 -3.533773869276046753e-02
4.704064130783081055e-01 4.503387808799743652e-01 -2.272488176822662354e-02
4.866288304328918457e-01 4.490423798561096191e-01 -3.433318808674812317e-02
4.600050449371337891e-01 3.970710039138793945e-01 -1.201225910335779190e-03
4.406251311302185059e-01 4.058810472488403320e-01 3.004066238645464182e-04
4.655252099037170410e-01 4.312888681888580322e-01 -2.424575202167034149e-02
4.265710413455963135e-01 2.425007373094558716e-01 5.649961531162261963e-02
4.326085150241851807e-01 2.587262988090515137e-01 3.650397807359695435e-02
4.371110498905181885e-01 2.677553296089172363e-01 1.857905648648738861e-02
4.508439600467681885e-01 5.473214983940124512e-01 -2.160724438726902008e-02
4.869632422924041748e-01 2.759649157524108887e-01 2.363160718232393265e-03
4.862730503082275391e-01 2.525054216384887695e-01 1.678187027573585510e-02
4.844675362110137939e-01 2.223786860704421997e-01 2.945299074053764343e-02
4.285151362419128418e-01 3.585661053657531738e-01 2.304231934249401093e-02
4.005303978919982910e-01 3.736511468887329102e-01 3.628754988312721252e-02
4.764440953731536865e-01 3.533526659011840820e-01 1.851604878902435303e-02
4.150716662406921387e-01 3.266610205173492432e-01 3.225011378526687622e-02
4.821859300136566162e-01 3.773097991943359375e-01 -5.178049672394990921e-03
4.758793711662292480e-01 4.212443828582763672e-01 -4.339657723903656006e-02
3.874680101871490479e-01 3.894519507884979248e-01 4.612616449594497681e-02
4.073618352413177490e-01 3.844387233257293701e-01 2.391887269914150238e-02
4.216303825378417969e-01 3.902997970581054688e-01 1.270125433802604675e-02
4.435510337352752686e-01 3.883599638938903809e-01 8.269016630947589874e-03
4.599516987800598145e-01 3.823079168796539307e-01 6.898625753819942474e-03
4.729455411434173584e-01 3.748401403427124023e-01 5.526832770556211472e-03
4.989422559738159180e-01 3.545471429824829102e-01 -1.190014742314815521e-02
3.866086006164550781e-01 4.221925139427185059e-01 3.684066981077194214e-02
4.064258635044097900e-01 3.239093124866485596e-01 3.861179202795028687e-02
4.974994659423828125e-01 4.393702149391174316e-01 -5.688522011041641235e-02
4.727901518344879150e-01 4.019265770912170410e-01 -1.095948275178670883e-02
3.760753870010375977e-01 3.709047734737396240e-01 1.197377592325210571e-01
4.830257892608642578e-01 3.658812642097473145e-01 5.757335573434829712e-03
4.641499519348144531e-01 4.342110157012939453e-01 -1.348403654992580414e-02
4.204664528369903564e-01 3.416519165039062500e-01 3.355404734611511230e-02
4.757954478263854980e-01 4.127606451511383057e-01 -3.772899881005287170e-02
3.756728768348693848e-01 4.835397601127624512e-01 1.012618243694305420e-01
4.776815474033355713e-01 3.477248549461364746e-01 2.256822586059570312e-02
4.858163297176361084e-01 4.019233286380767822e-01 -4.692824929952621460e-02
4.031540751457214355e-01 5.556753277778625488e-01 2.011147327721118927e-02
4.018702805042266846e-01 5.800933241844177246e-01 3.591988608241081238e-02
3.752003014087677002e-01 4.331257939338684082e-01 7.547163963317871094e-02
3.913681209087371826e-01 5.344787836074829102e-01 3.633990883827209473e-02
3.899291753768920898e-01 3.318738341331481934e-01 7.866249978542327881e-02
4.439028501510620117e-01 6.101855635643005371e-01 -2.102998830378055573e-02
4.982706904411315918e-01 4.454016983509063721e-01 -4.366979748010635376e-02
4.616556763648986816e-01 4.140586853027343750e-01 -9.122859686613082886e-03
3.920467793941497803e-01 3.538025915622711182e-01 5.628301203250885010e-02
4.391700327396392822e-01 3.531128764152526855e-01 2.017370983958244324e-02
4.483622312545776367e-01 3.550131916999816895e-01 1.745741255581378937e-02
4.531728923320770264e-01 5.351687073707580566e-01 -1.871434785425662994e-02
3.868449330329895020e-01 4.559665322303771973e-01 3.384315222501754761e-02
4.633527696132659912e-01 6.377846598625183105e-01 -2.121005393564701080e-02
4.296718835830688477e-01 6.146852970123291016e-01 3.808734938502311707e-03
4.164164662361145020e-01 6.004381179809570312e-01 1.803529821336269379e-02
5.168887376785278320e-01 2.565452456474304199e-01 1.458537764847278595e-02
4.888146519660949707e-01 6.437594890594482422e-01 -2.449452504515647888e-02
4.579568207263946533e-01 3.542126417160034180e-01 1.734349876642227173e-02
4.673798978328704834e-01 3.515607118606567383e-01 1.936620660126209259e-02
4.739816188812255859e-01 3.496316671371459961e-01 2.220639772713184357e-02
3.985324501991271973e-01 3.221333622932434082e-01 5.067428946495056152e-02
4.680476486682891846e-01 3.372608125209808350e-01 1.959824375808238983e-02
4.582946598529815674e-01 3.329519927501678467e-01 1.799761876463890076e-02
4.487023055553436279e-01 3.316962718963623047e-01 1.838290318846702576e-02
4.389822781085968018e-01 3.334045708179473877e-01 2.069290913641452789e-02
4.326303899288177490e-01 3.366998136043548584e-01 2.371639758348464966e-02
3.826602101325988770e-01 3.312073945999145508e-01 1.092799752950668335e-01
4.332795739173889160e-01 3.501198291778564453e-01 2.396642416715621948e-02
5.008369684219360352e-01 4.667449891567230225e-01 -3.743989765644073486e-02
4.627542793750762939e-01 4.733752012252807617e-01 -2.722796238958835602e-02
4.768432080745697021e-01 4.358585476875305176e-01 -3.390098363161087036e-02
4.850508868694305420e-01 4.667298197746276855e-01 -3.671299293637275696e-02
5.113609433174133301e-01 3.332250714302062988e-01 -3.851702436804771423e-03
4.158810377120971680e-01 5.770977735519409180e-01 6.678358651697635651e-03
4.291318058967590332e-01 5.936492085456848145e-01 -6.752416025847196579e-03
4.639744460582733154e-01 6.230327486991882324e-01 -3.317552059888839722e-02
3.911429643630981445e-01 5.577117800712585449e-01 5.920672416687011719e-02
4.748182594776153564e-01 3.433985114097595215e-01 2.153716236352920532e-02
4.896981716156005859e-01 3.777373731136322021e-01 -2.068787254393100739e-02
4.893912971019744873e-01 6.287699341773986816e-01 -3.620303049683570862e-02
4.446713924407958984e-01 6.273683309555053711e-01 -1.101069618016481400e-02
3.767589330673217773e-01 4.700220823287963867e-01 6.674828380346298218e-02
4.758257865905761719e-01 5.440807938575744629e-01 -2.843902632594108582e-02
4.725064337253570557e-01 5.465819239616394043e-01 -3.136667609214782715e-02
4.690883755683898926e-01 5.502478480339050293e-01 -3.425892814993858337e-02
4.666855335235595703e-01 5.541057586669921875e-01 -3.373686224222183228e-02
4.620289206504821777e-01 5.597739219665527344e-01 -2.797378227114677429e-02
4.606571495532989502e-01 5.164971947669982910e-01 -1.999167166650295258e-02
4.569892883300781250e-01 5.153503417968750000e-01 -1.970354095101356506e-02
4.540161192417144775e-01 5.139091014862060547e-01 -1.933999545872211456e-02
4.416139125823974609e-01 4.977896213531494141e-01 -1.574883796274662018e-02
4.020011425018310547e-01 4.611839354038238525e-01 1.074187736958265305e-02
4.908643662929534912e-01 3.646754026412963867e-01 -7.604624144732952118e-03
4.867343008518218994e-01 3.333486318588256836e-01 1.661389321088790894e-02
4.797126352787017822e-01 3.361505568027496338e-01 2.057006582617759705e-02
4.635325372219085693e-01 5.163217186927795410e-01 -1.951212063431739807e-02
3.982794284820556641e-01 5.052968263626098633e-01 2.034415677189826965e-02
4.972164034843444824e-01 3.313838541507720947e-01 2.769633429124951363e-03
4.548447430133819580e-01 5.750138759613037109e-01 -2.503025531768798828e-02
5.074811577796936035e-01 3.794505894184112549e-01 -4.201299324631690979e-02
4.981887936592102051e-01 3.685977756977081299e-01 -2.596441470086574554e-02
5.086152553558349609e-01 3.658330440521240234e-01 -2.809600345790386200e-02
4.797469079494476318e-01 4.018667638301849365e-01 -2.530921809375286102e-02
4.906661510467529297e-01 6.099693775177001953e-01 -3.862447664141654968e-02
4.921340942382812500e-01 5.895385742187500000e-01 -3.509165346622467041e-02
4.725138843059539795e-01 5.858705639839172363e-01 -3.274743258953094482e-02
4.318381547927856445e-01 5.407860279083251953e-01 -9.873148985207080841e-03
4.536213874816894531e-01 4.475598633289337158e-01 -1.241082698106765747e-02
4.415864944458007812e-01 5.602312088012695312e-01 -1.741065084934234619e-02
4.279483258724212646e-01 4.439192712306976318e-01 -7.963579148054122925e-03
4.418575167655944824e-01 4.634608328342437744e-01 -1.296388823539018631e-02
4.168797135353088379e-01 4.719049930572509766e-01 -3.229661146178841591e-03
4.671769738197326660e-01 6.049805879592895508e-01 -3.529499098658561707e-02
4.719922840595245361e-01 4.125283360481262207e-01 -1.940270140767097473e-02
4.211995005607604980e-01 5.551475882530212402e-01 -2.274229424074292183e-03
4.340477585792541504e-01 5.744686126708984375e-01 -1.228753570467233658e-02
4.251270294189453125e-01 5.178071260452270508e-01 -6.010877899825572968e-03
3.885580003261566162e-01 4.857684969902038574e-01 3.267961367964744568e-02
4.108330905437469482e-01 5.223701596260070801e-01 4.044543020427227020e-03
3.814300894737243652e-01 5.043175220489501953e-01 5.546951293945312500e-02
4.316775798797607422e-01 4.853675365447998047e-01 -1.042936742305755615e-02
4.815566539764404297e-01 3.897165060043334961e-01 -1.537077315151691437e-02
4.791680872440338135e-01 4.279574155807495117e-01 -4.637559875845909119e-02
4.719431698322296143e-01 4.346719384193420410e-01 -3.574511036276817322e-02
4.844488799571990967e-01 4.157626628875732422e-01 -5.291128158569335938e-02
4.784649014472961426e-01 3.143329620361328125e-01 1.535348966717720032e-02
4.606617689132690430e-01 3.006323873996734619e-01 1.456297747790813446e-02
4.446567893028259277e-01 2.975251078605651855e-01 1.506335381418466568e-02
4.308737218379974365e-01 3.014066517353057861e-01 1.885841228067874908e-02
4.207674860954284668e-01 3.106010556221008301e-01 2.492659166455268860e-02
4.123269915580749512e-01 3.455758392810821533e-01 3.774526715278625488e-02
3.760105371475219727e-01 3.985006809234619141e-01 7.985661923885345459e-02
4.190307557582855225e-01 3.692519068717956543e-01 2.501388639211654663e-02
4.301073253154754639e-01 3.742078244686126709e-01 1.786937564611434937e-02
4.450159668922424316e-01 3.748937249183654785e-01 1.319976616650819778e-02
4.596692025661468506e-01 3.717185258865356445e-01 1.153337024152278900e-02
4.716907441616058350e-01 3.662393689155578613e-01 1.253255270421504974e-02
4.802174866199493408e-01 3.607161939144134521e-01 1.266729086637496948e-02
3.738184273242950439e-01 4.074713885784149170e-01 1.208027973771095276e-01
4.717877209186553955e-01 4.406824707984924316e-01 -3.091137111186981201e-02
4.885762333869934082e-01 3.895178735256195068e-01 -3.233301639556884766e-02
4.869104325771331787e-01 4.272340834140777588e-01 -5.523247271776199341e-02
4.926246404647827148e-01 4.375996589660644531e-01 -5.221841111779212952e-02
4.870287179946899414e-01 4.314891695976257324e-01 -5.025572329759597778e-02
4.743639826774597168e-01 4.469288885593414307e-01 -2.805739082396030426e-02
4.943459928035736084e-01 4.384707212448120117e-01 -5.535843968391418457e-02
4.951134026050567627e-01 4.443215727806091309e-01 -4.336329549551010132e-02
4.814611375331878662e-01 3.476272821426391602e-01 2.070163562893867493e-02
4.872774481773376465e-01 3.513340950012207031e-01 1.339584495872259140e-02
4.909285604953765869e-01 3.530356585979461670e-01 5.053249187767505646e-03
4.289070367813110352e-01 3.394212126731872559e-01 2.710861526429653168e-02
4.210774898529052734e-01 3.283277153968811035e-01 2.807650156319141388e-02
5.168436765670776367e-01 3.835917711257934570e-01 -3.850992396473884583e-02
5.918903946876525879e-01 3.643531799316406250e-01 2.837294153869152069e-02
5.121558308601379395e-01 4.442805349826812744e-01 -4.303537681698799133e-02
6.320527791976928711e-01 3.253569304943084717e-01 9.485840052366256714e-02
5.586506128311157227e-01 3.728355765342712402e-01 1.488999277353286743e-02
5.695631504058837891e-01 3.766365051269531250e-01 1.568522863090038300e-02
5.801595449447631836e-01 3.778622448444366455e-01 1.893221028149127960e-02
5.956928730010986328e-01 3.706639707088470459e-01 2.893512509763240814e-02
5.495765805244445801e-01 3.664987087249755859e-01 1.677704229950904846e-02
5.792232155799865723e-01 3.223513960838317871e-01 1.625866070389747620e-02
5.659515857696533203e-01 3.231877684593200684e-01 1.674622111022472382e-02
5.914396643638610840e-01 3.270623981952667236e-01 1.948691904544830322e-02
5.990038514137268066e-01 3.361295759677886963e-01 2.340825274586677551e-02
6.025902032852172852e-01 3.831526935100555420e-01 3.305670991539955139e-02
5.366854667663574219e-01 6.020069718360900879e-01 -2.342901937663555145e-02
5.965901613235473633e-01 3.597469329833984375e-01 3.263733163475990295e-02
6.354592442512512207e-01 3.945156335830688477e-01 8.443711698055267334e-02
6.156402826309204102e-01 3.725772202014923096e-01 4.651207849383354187e-02
5.612130761146545410e-01 4.394226074218750000e-01 -8.285788819193840027e-03
5.170364975929260254e-01 4.918603003025054932e-01 -4.240123182535171509e-02
5.142107605934143066e-01 5.016963481903076172e-01 -3.956865891814231873e-02
5.319127440452575684e-01 5.007873773574829102e-01 -3.619874641299247742e-02
5.404205322265625000e-01 5.116108059883117676e-01 -2.793818153440952301e-02
5.250895023345947266e-01 5.072005987167358398e-01 -3.475316613912582397e-02
5.326768159866333008e-01 5.149758458137512207e-01 -2.685178443789482117e-02
5.497686266899108887e-01 5.468597412109375000e-01 -1.456067617982625961e-02
5.127143859863281250e-01 4.310733973979949951e-01 -6.084949523210525513e-02
5.155109167098999023e-01 4.153786599636077881e-01 -6.203588470816612244e-02
6.139857172966003418e-01 3.200972676277160645e-01 3.127844631671905518e-02
5.408640503883361816e-01 3.962437212467193604e-01 -2.341863000765442848e-03
5.389264225959777832e-01 4.383935034275054932e-01 -3.335065022110939026e-02
5.406972169876098633e-01 4.313345551490783691e-01 -2.886943146586418152e-02
5.955607295036315918e-01 4.457129836082458496e-01 6.657779216766357422e-03
5.163142681121826172e-01 3.977565765380859375e-01 -5.229629203677177429e-02
5.904065370559692383e-01 2.935931086540222168e-01 1.502057071775197983e-02
6.049176454544067383e-01 3.034532368183135986e-01 2.306202426552772522e-02
6.228793859481811523e-01 2.913196682929992676e-01 7.787117362022399902e-02
5.394070148468017578e-01 3.025012016296386719e-01 3.303591627627611160e-03
5.540524125099182129e-01 3.300249576568603516e-01 1.924469135701656342e-02
5.592743754386901855e-01 5.306221842765808105e-01 -9.920091368257999420e-03
6.152788400650024414e-01 5.534033775329589844e-01 8.513079583644866943e-02
5.290908813476562500e-01 4.463599622249603271e-01 -3.064361028373241425e-02
5.195757150650024414e-01 4.498864114284515381e-01 -3.307331353425979614e-02
5.464914441108703613e-01 5.381153821945190430e-01 -1.097584888339042664e-02
5.428556203842163086e-01 5.375369191169738770e-01 -1.400786917656660080e-02
6.113917827606201172e-01 2.944273948669433594e-01 3.050876781344413757e-02
5.386793613433837891e-01 4.477086067199707031e-01 -2.854897826910018921e-02
5.696779489517211914e-01 2.917978763580322266e-01 8.172056637704372406e-03
5.724294185638427734e-01 2.791367769241333008e-01 8.488985709846019745e-03
5.813090205192565918e-01 2.417146116495132446e-01 4.083959758281707764e-02
6.151535511016845703e-01 2.982968091964721680e-01 5.125435441732406616e-02
5.738863348960876465e-01 2.640630602836608887e-01 2.480749040842056274e-02
6.205698847770690918e-01 3.158192634582519531e-01 4.245818033814430237e-02
6.247322559356689453e-01 3.268344402313232422e-01 6.730160862207412720e-02
5.159727931022644043e-01 4.970242977142333984e-01 -4.220954328775405884e-02
5.284624099731445312e-01 5.042126178741455078e-01 -3.609816357493400574e-02
5.368436574935913086e-01 5.132316350936889648e-01 -2.844664640724658966e-02
5.260077714920043945e-01 4.496045112609863281e-01 -2.862902358174324036e-02
5.446296930313110352e-01 5.379176139831542969e-01 -1.257038023322820663e-02
5.426250100135803223e-01 5.463281273841857910e-01 -1.984913833439350128e-02
5.412286520004272461e-01 5.370192527770996094e-01 -1.428556814789772034e-02
5.243368744850158691e-01 4.365806281566619873e-01 -4.446480795741081238e-02
5.299463868141174316e-01 5.153142213821411133e-01 -2.583021298050880432e-02
5.224283337593078613e-01 5.084387063980102539e-01 -3.150092065334320068e-02
5.127490758895874023e-01 5.043060779571533203e-01 -3.602956235408782959e-02
5.100720524787902832e-01 5.732720494270324707e-01 -3.153701126575469971e-02
5.176904797554016113e-01 5.676335692405700684e-01 -3.920438140630722046e-02
5.166947841644287109e-01 5.619957447052001953e-01 -3.935133293271064758e-02
5.151069164276123047e-01 5.560289025306701660e-01 -3.568640351295471191e-02
5.129328966140747070e-01 5.514757633209228516e-01 -3.259040042757987976e-02
5.304572582244873047e-01 5.479539632797241211e-01 -2.317639067769050598e-02
5.339983105659484863e-01 5.502305030822753906e-01 -2.587397396564483643e-02
5.381234884262084961e-01 5.532401800155639648e-01 -2.841145731508731842e-02
5.413537621498107910e-01 5.563085675239562988e-01 -2.711265347898006439e-02
5.486221909523010254e-01 4.955081939697265625e-01 -2.196317166090011597e-02
6.325317621231079102e-01 4.747501313686370850e-01 1.164944171905517578e-01
5.357540845870971680e-01 5.441330075263977051e-01 -1.759403012692928314e-02
5.393611788749694824e-01 5.451698303222656250e-01 -1.950788684189319611e-02
5.162433385848999023e-01 4.558526277542114258e-01 -3.519696742296218872e-02
5.340402126312255859e-01 4.582044780254364014e-01 -2.240766584873199463e-02
5.177897810935974121e-01 4.529511034488677979e-01 -3.420806676149368286e-02
5.523499846458435059e-01 4.081800878047943115e-01 -3.900307056028395891e-04
5.703437924385070801e-01 4.215751886367797852e-01 1.280796015635132790e-03
5.420194268226623535e-01 4.405761063098907471e-01 -2.379318699240684509e-02
6.071926951408386230e-01 2.627849876880645752e-01 5.822603404521942139e-02
5.993391275405883789e-01 2.768215537071228027e-01 3.734129294753074646e-02
5.951472520828247070e-01 2.822159528732299805e-01 1.958303153514862061e-02
5.397641658782958984e-01 5.577118992805480957e-01 -2.133369259536266327e-02
5.447603464126586914e-01 2.806678414344787598e-01 2.872161800041794777e-03
5.471229553222656250e-01 2.593880891799926758e-01 1.718147471547126770e-02
5.529248118400573730e-01 2.303089499473571777e-01 3.019417449831962585e-02
5.896887779235839844e-01 3.763273358345031738e-01 2.396744303405284882e-02
6.129033565521240234e-01 3.972714245319366455e-01 3.739869967103004456e-02
5.434668660163879395e-01 3.607181608676910400e-01 1.898589171469211578e-02
6.080341339111328125e-01 3.463161885738372803e-01 3.334156796336174011e-02
5.335589051246643066e-01 3.834456205368041992e-01 -4.752941895276308060e-03
5.325661301612854004e-01 4.282588362693786621e-01 -4.304607585072517395e-02
6.254111528396606445e-01 4.174308776855468750e-01 4.732080921530723572e-02
6.042006015777587891e-01 4.070225059986114502e-01 2.510785497725009918e-02
5.891654491424560547e-01 4.099192917346954346e-01 1.381831336766481400e-02
5.682269930839538574e-01 4.029369950294494629e-01 9.279617108404636383e-03
5.534155964851379395e-01 3.930386006832122803e-01 7.716365624219179153e-03
5.422249436378479004e-01 3.829757571220397949e-01 6.101122591644525528e-03
5.202382206916809082e-01 3.570904731750488281e-01 -1.171750482171773911e-02
6.222032904624938965e-01 4.502870440483093262e-01 3.806512057781219482e-02
6.158343553543090820e-01 3.454902470111846924e-01 3.962281346321105957e-02
5.081372857093811035e-01 4.406773149967193604e-01 -5.679816380143165588e-02
5.389582514762878418e-01 4.098524153232574463e-01 -1.040497701615095139e-02
6.383246183395385742e-01 4.010622203350067139e-01 1.227214336395263672e-01
5.339599251747131348e-01 3.721311390399932861e-01 6.218412891030311584e-03
5.429791212081909180e-01 4.437747299671173096e-01 -1.291507575660943985e-02
6.012677550315856934e-01 3.603362441062927246e-01 3.466377779841423035e-02
5.340314507484436035e-01 4.198234975337982178e-01 -3.734854981303215027e-02
6.261324286460876465e-01 5.135054588317871094e-01 1.039042621850967407e-01
5.439997315406799316e-01 3.550272285938262939e-01 2.307522855699062347e-02
5.254641175270080566e-01 4.066950678825378418e-01 -4.664980247616767883e-02
5.886145830154418945e-01 5.776468515396118164e-01 2.090426348149776459e-02
5.873713493347167969e-01 6.018364429473876953e-01 3.789142519235610962e-02
6.324506998062133789e-01 4.633460044860839844e-01 7.654373347759246826e-02
6.038699746131896973e-01 5.597453713417053223e-01 3.725112229585647583e-02
6.302633285522460938e-01 3.590098023414611816e-01 7.963145524263381958e-02
5.381342768669128418e-01 6.209155917167663574e-01 -2.068927884101867676e-02
5.064662098884582520e-01 4.463953971862792969e-01 -4.363418743014335632e-02
5.482652187347412109e-01 4.245290756225585938e-01 -8.465019986033439636e-03
6.243414282798767090e-01 3.786133825778961182e-01 5.740098282694816589e-02
5.803612470626831055e-01 3.684168159961700439e-01 2.111667767167091370e-02
5.708545446395874023e-01 3.678104579448699951e-01 1.826515793800354004e-02
5.455585718154907227e-01 5.474671125411987305e-01 -1.851151138544082642e-02
6.180327534675598145e-01 4.837050735950469971e-01 3.507678210735321045e-02
5.149931311607360840e-01 6.435694098472595215e-01 -2.071085758507251740e-02
5.530482530593872070e-01 6.283949017524719238e-01 5.000641569495201111e-03
5.692138075828552246e-01 6.178548336029052734e-01 1.959161832928657532e-02
5.615957379341125488e-01 3.647471666336059570e-01 1.802414469420909882e-02
5.529539585113525391e-01 3.603174090385437012e-01 1.992088183760643005e-02
5.470523834228515625e-01 3.574549853801727295e-01 2.271057106554508209e-02
6.232557296752929688e-01 3.449534773826599121e-01 5.169320479035377502e-02
5.554380416870117188e-01 3.474681377410888672e-01 2.016394026577472687e-02
5.655648112297058105e-01 3.449056148529052734e-01 1.869346015155315399e-02
5.751985907554626465e-01 3.451833128929138184e-01 1.919522322714328766e-02
5.847295522689819336e-01 3.483739495277404785e-01 2.153739891946315765e-02
5.906501412391662598e-01 3.528015017509460449e-01 2.468450739979743958e-02
6.368430852890014648e-01 3.600252866744995117e-01 1.120655015110969543e-01
5.870557427406311035e-01 3.668417334556579590e-01 2.489834465086460114e-02
5.383290052413940430e-01 4.825982451438903809e-01 -2.693360671401023865e-02
5.294314026832580566e-01 4.424751400947570801e-01 -3.361720591783523560e-02
5.168319344520568848e-01 4.707298576831817627e-01 -3.659759089350700378e-02
5.721497535705566406e-01 5.953718423843383789e-01 7.291042245924472809e-03
5.559680461883544922e-01 6.082730293273925781e-01 -6.349040661007165909e-03
5.159294605255126953e-01 6.290432214736938477e-01 -3.299779444932937622e-02
6.017363667488098145e-01 5.826971530914306641e-01 6.145377084612846375e-02
5.476842522621154785e-01 3.517990708351135254e-01 2.205583080649375916e-02
5.257447957992553711e-01 3.820170164108276367e-01 -2.040130458772182465e-02
5.355588197708129883e-01 6.373125910758972168e-01 -1.017177198082208633e-02
6.266713738441467285e-01 4.997046589851379395e-01 6.791146844625473022e-02
5.229253768920898438e-01 5.503627061843872070e-01 -2.827323228120803833e-02
5.264242291450500488e-01 5.539436936378479004e-01 -3.121428936719894409e-02
5.296452045440673828e-01 5.588709115982055664e-01 -3.412324562668800354e-02
5.320789813995361328e-01 5.642998814582824707e-01 -3.359650447964668274e-02
5.267420411109924316e-01 5.671318769454956055e-01 -2.780586667358875275e-02
5.386942028999328613e-01 5.250509381294250488e-01 -1.979251764714717865e-02
5.422639846801757812e-01 5.244677066802978516e-01 -1.943244226276874542e-02
5.455696582794189453e-01 5.234738588333129883e-01 -1.905873790383338928e-02
5.559781193733215332e-01 5.117503404617309570e-01 -1.522146444767713547e-02
6.018736958503723145e-01 4.853367209434509277e-01 1.183451712131500244e-02
5.267254710197448730e-01 3.690124750137329102e-01 -7.334468420594930649e-03
5.362821221351623535e-01 3.384152054786682129e-01 1.690073311328887939e-02
5.431010723114013672e-01 3.429554700851440430e-01 2.105426602065563202e-02
5.361507534980773926e-01 5.244473814964294434e-01 -1.923515833914279938e-02
6.001603603363037109e-01 5.295169949531555176e-01 2.135970443487167358e-02
5.251924395561218262e-01 3.343993425369262695e-01 3.064426826313138008e-03
5.321921110153198242e-01 5.838888883590698242e-01 -2.482287958264350891e-02
5.186213850975036621e-01 3.709871172904968262e-01 -2.582390792667865753e-02
5.318232178688049316e-01 4.082044661045074463e-01 -2.492922544479370117e-02
5.127288699150085449e-01 5.905051827430725098e-01 -3.270512446761131287e-02
5.601876378059387207e-01 5.561106801033020020e-01 -9.363175369799137115e-03
5.513401031494140625e-01 4.593801796436309814e-01 -1.182508189231157303e-02
5.475960373878479004e-01 5.726221799850463867e-01 -1.710611209273338318e-02
5.777812600135803223e-01 4.621393084526062012e-01 -6.933140568435192108e-03
5.609529614448547363e-01 4.779505133628845215e-01 -1.227422710508108139e-02
5.851845145225524902e-01 4.923150837421417236e-01 -2.210759790614247322e-03
5.153086781501770020e-01 6.106289625167846680e-01 -3.520037233829498291e-02
5.381068587303161621e-01 4.204228520393371582e-01 -1.895797997713088989e-02
5.693452954292297363e-01 5.726050734519958496e-01 -1.673449645750224590e-03
5.534157752990722656e-01 5.883866548538208008e-01 -1.187060121446847916e-02
5.703125000000000000e-01 5.354462265968322754e-01 -5.300716031342744827e-03
6.128001213073730469e-01 5.127307176589965820e-01 3.387159854173660278e-02
5.846390724182128906e-01 5.431926846504211426e-01 4.887808114290237427e-03
6.179956793785095215e-01 5.325738787651062012e-01 5.660741031169891357e-02
5.681938529014587402e-01 5.019794106483459473e-01 -9.772651828825473785e-03
5.320287346839904785e-01 3.958064615726470947e-01 -1.491361763328313828e-02
5.281552076339721680e-01 4.341046512126922607e-01 -4.607451334595680237e-02
5.346539020538330078e-01 4.424522519111633301e-01 -3.544064611196517944e-02
5.245526432991027832e-01 4.207231998443603516e-01 -5.280409008264541626e-02
5.474227070808410645e-01 3.213841021060943604e-01 1.579227671027183533e-02
5.671176910400390625e-01 3.115037679672241211e-01 1.529271062463521957e-02
5.836598277091979980e-01 3.114985823631286621e-01 1.607934944331645966e-02
5.966402292251586914e-01 3.179464340209960938e-01 1.995757967233657837e-02
6.051653623580932617e-01 3.290205895900726318e-01 2.608528546988964081e-02
6.073311567306518555e-01 3.660760819911956787e-01 3.889475762844085693e-02
6.356240510940551758e-01 4.287058711051940918e-01 8.098638802766799927e-02
5.961791276931762695e-01 3.890081048011779785e-01 2.613177523016929626e-02
5.840948224067687988e-01 3.917441666126251221e-01 1.891655474901199341e-02
5.694696903228759766e-01 3.887233734130859375e-01 1.413164287805557251e-02
5.558925867080688477e-01 3.821014165878295898e-01 1.231331937015056610e-02
5.454043149948120117e-01 3.742415606975555420e-01 1.312436908483505249e-02
5.380693674087524414e-01 3.670572340488433838e-01 1.313540991395711899e-02
6.360290050506591797e-01 4.381289482116699219e-01 1.237147301435470581e-01
5.339364409446716309e-01 4.483468830585479736e-01 -3.059134818613529205e-02
5.247936844825744629e-01 3.938476443290710449e-01 -3.205798193812370300e-02
5.203599333763122559e-01 4.313946366310119629e-01 -5.502661317586898804e-02
5.132408738136291504e-01 4.402359426021575928e-01 -5.208622664213180542e-02
5.197116732597351074e-01 4.357045888900756836e-01 -5.003499239683151245e-02
5.304723381996154785e-01 4.538153707981109619e-01 -2.777678892016410828e-02
5.113987326622009277e-01 4.405961930751800537e-01 -5.525782331824302673e-02
5.097383856773376465e-01 4.461175799369812012e-01 -4.330021142959594727e-02
5.396552681922912598e-01 3.541302382946014404e-01 2.111885696649551392e-02
5.327247977256774902e-01 3.563027679920196533e-01 1.379085518419742584e-02
5.281683206558227539e-01 3.576034903526306152e-01 5.368649959564208984e-03
5.940243601799011230e-01 3.563826680183410645e-01 2.810154668986797333e-02
6.028272509574890137e-01 3.467680811882019043e-01 2.912830747663974762e-02
4.493669271469116211e-01 3.425137996673583984e-01 2.194829285144805908e-02
4.612458050251007080e-01 3.429011702537536621e-01 2.194829285144805908e-02
4.497219324111938477e-01 3.281963467597961426e-01 2.194829285144805908e-02
4.373605251312255859e-01 3.420078158378601074e-01 2.194829285144805908e-02
4.489159584045410156e-01 3.565258979797363281e-01 2.194829285144805908e-02
5.738316774368286133e-01 3.566232621669769287e-01 2.271582558751106262e-02
5.853661298751831055e-01 3.587944209575653076e-01 2.271582558751106262e-02
5.755186676979064941e-01 3.421079814434051514e-01 2.271582558751106262e-02
5.623914599418640137e-01 3.544585108757019043e-01 2.271582558751106262e-02
5.721998810768127441e-01 3.712024092674255371e-01 2.271582558751106262e-02
