5.156806111335754395e-01 5.451692342758178711e-01 -3.056383319199085236e-02
5.208247900009155273e-01 4.911493957042694092e-01 -5.669638514518737793e-02
5.174826383590698242e-01 5.079551339149475098e-01 -2.990468591451644897e-02
5.140435099601745605e-01 4.362725317478179932e-01 -4.303541779518127441e-02
5.223134756088256836e-01 4.743872880935668945e-01 -6.026568263769149780e-02
5.232517123222351074e-01 4.527354538440704346e-01 -5.584207177162170410e-02
5.245869159698486328e-01 4.003532826900482178e-01 -2.662615850567817688e-02
4.393953979015350342e-01 3.856744766235351562e-01 8.334905840456485748e-03
5.265210270881652832e-01 3.586989045143127441e-01 -1.895283907651901245e-02
5.279625654220581055e-01 3.369240164756774902e-01 -2.061394043266773224e-02
5.315770506858825684e-01 2.623882889747619629e-01 -7.825611159205436707e-03
5.153109431266784668e-01 5.493603348731994629e-01 -2.916648797690868378e-02
5.145609974861145020e-01 5.536991953849792480e-01 -2.562628686428070068e-02
5.138458013534545898e-01 5.564205646514892578e-01 -2.065929770469665527e-02
5.130797624588012695e-01 5.750985145568847656e-01 -1.932927034795284271e-02
5.129175782203674316e-01 5.822712182998657227e-01 -2.087903209030628204e-02
5.122722983360290527e-01 5.911426544189453125e-01 -2.317689917981624603e-02
5.113677382469177246e-01 5.993436574935913086e-01 -2.175112254917621613e-02
5.059888958930969238e-01 6.144392490386962891e-01 -1.190535724163055420e-02
5.195350050926208496e-01 4.997842013835906982e-01 -5.126385763287544250e-02
5.083842277526855469e-01 4.985825717449188232e-01 -3.737656772136688232e-02
3.984930813312530518e-01 3.209718465805053711e-01 5.588164180517196655e-02
4.724586009979248047e-01 3.990854322910308838e-01 -2.668080269359052181e-04
4.605615139007568359e-01 4.007526934146881104e-01 -3.344053984619677067e-04
4.490408897399902344e-01 4.000110626220703125e-01 1.819311641156673431e-03
4.335299134254455566e-01 3.904739320278167725e-01 9.401080198585987091e-03
4.827140867710113525e-01 3.942725658416748047e-01 1.888429629616439342e-03
4.614432752132415771e-01 3.525465726852416992e-01 -4.848754033446311951e-03
4.743169248104095459e-01 3.558584451675415039e-01 -3.509921953082084656e-03
4.487736821174621582e-01 3.538894355297088623e-01 -2.343356376513838768e-03
4.398849606513977051e-01 3.598230779170989990e-01 1.377862878143787384e-03
4.231913089752197266e-01 3.996656537055969238e-01 1.393530238419771194e-02
4.614538252353668213e-01 6.347591876983642578e-01 -2.096502343192696571e-03
4.351003170013427734e-01 3.828801214694976807e-01 1.140456646680831909e-02
3.884719014167785645e-01 3.910918831825256348e-01 5.917604267597198486e-02
4.120372533798217773e-01 3.859666287899017334e-01 2.388394437730312347e-02
4.624975919723510742e-01 4.724912643432617188e-01 -1.118614058941602707e-02
5.010634660720825195e-01 5.401971340179443359e-01 -3.029502555727958679e-02
5.014945268630981445e-01 5.515501499176025391e-01 -2.514792419970035553e-02
4.854996204376220703e-01 5.439176559448242188e-01 -2.524469234049320221e-02
4.750793278217315674e-01 5.490530133247375488e-01 -1.827984675765037537e-02
4.897702634334564209e-01 5.518754720687866211e-01 -2.192943729460239410e-02
4.806000590324401855e-01 5.539538860321044922e-01 -1.547944545745849609e-02
4.569973945617675781e-01 5.785416364669799805e-01 -3.014077199622988701e-03
5.116347074508666992e-01 4.897225499153137207e-01 -5.630935728549957275e-02
5.114775300025939941e-01 4.735234081745147705e-01 -5.964593216776847839e-02
4.259226024150848389e-01 3.404926955699920654e-01 3.303151577711105347e-03
4.877449274063110352e-01 4.332589209079742432e-01 -1.078193448483943939e-02
4.850915670394897461e-01 4.837919473648071289e-01 -3.189893811941146851e-02
4.843060374259948730e-01 4.751189351081848145e-01 -2.875673025846481323e-02
4.284197390079498291e-01 4.674265384674072266e-01 -8.129860507324337959e-04
5.129516124725341797e-01 4.534568190574645996e-01 -5.340898036956787109e-02
4.564411640167236328e-01 3.221463561058044434e-01 -1.234093215316534042e-02
4.393216073513031006e-01 3.282722830772399902e-01 -5.509529728442430496e-03
4.149253666400909424e-01 2.941738963127136230e-01 3.643128648400306702e-02
5.045912265777587891e-01 3.415072560310363770e-01 -1.766014657914638519e-02
4.846584200859069824e-01 3.631584048271179199e-01 3.909185470547527075e-04
4.502038955688476562e-01 5.616407394409179688e-01 -1.222414197400212288e-03
3.879507184028625488e-01 5.492290854454040527e-01 8.585582673549652100e-02
4.925033450126647949e-01 4.938845336437225342e-01 -2.720058709383010864e-02
5.004618167877197266e-01 4.995840191841125488e-01 -2.748354338109493256e-02
4.631094634532928467e-01 5.606549978256225586e-01 -1.942821196280419827e-03
4.665348529815673828e-01 5.606827139854431152e-01 -4.543387331068515778e-03
4.343346357345581055e-01 3.172678947448730469e-01 -6.592202116735279560e-04
4.835199117660522461e-01 4.914026856422424316e-01 -2.606219612061977386e-02
4.776040911674499512e-01 3.249408304691314697e-01 -1.639768294990062714e-02
4.773170053958892822e-01 3.116370439529418945e-01 -1.841625384986400604e-02
4.669325947761535645e-01 2.625865340232849121e-01 2.005836286116391420e-04
4.247486591339111328e-01 3.114660382270812988e-01 1.531884074211120605e-02
4.728173613548278809e-01 2.928890883922576904e-01 -9.524622932076454163e-03
4.194605946540832520e-01 3.333162069320678711e-01 1.208170689642429352e-02
4.091974496841430664e-01 3.330460190773010254e-01 3.293738514184951782e-02
5.010056495666503906e-01 5.463929772377014160e-01 -2.898435480892658234e-02
4.875763952732086182e-01 5.483468770980834961e-01 -2.408896945416927338e-02
4.777014255523681641e-01 5.517313480377197266e-01 -1.775820925831794739e-02
4.945534169673919678e-01 4.973292648792266846e-01 -2.469673939049243927e-02
4.648703336715698242e-01 5.607267618179321289e-01 -3.286450402811169624e-03
4.695370197296142578e-01 5.663246512413024902e-01 -9.168559685349464417e-03
4.681678712368011475e-01 5.606185197830200195e-01 -4.767421633005142212e-03
4.988313913345336914e-01 4.883678555488586426e-01 -4.184176772832870483e-02
4.828742444515228271e-01 5.551921725273132324e-01 -1.361858844757080078e-02
4.916440844535827637e-01 5.538337230682373047e-01 -1.762949302792549133e-02
5.021114349365234375e-01 5.543849468231201172e-01 -2.053315378725528717e-02
4.912882447242736816e-01 6.118997335433959961e-01 -1.255972962826490402e-02
4.952533543109893799e-01 5.955131053924560547e-01 -2.223104052245616913e-02
4.971089065074920654e-01 5.874247550964355469e-01 -2.341911755502223969e-02
4.992049634456634521e-01 5.786345005035400391e-01 -2.083371579647064209e-02
5.010294318199157715e-01 5.722320079803466797e-01 -1.924341917037963867e-02
4.822095334529876709e-01 5.657557845115661621e-01 -1.255013421177864075e-02
4.792294502258300781e-01 5.686378479003906250e-01 -1.427034009248018265e-02
4.755079150199890137e-01 5.727143287658691406e-01 -1.604968309402465820e-02
4.722764492034912109e-01 5.770334005355834961e-01 -1.441569812595844269e-02
4.666887521743774414e-01 5.337101817131042480e-01 -1.531371567398309708e-02
3.787628114223480225e-01 4.634292423725128174e-01 1.010764241218566895e-01
5.185477733612060547e-01 5.036059021949768066e-01 -3.728006780147552490e-02
4.757977724075317383e-01 5.633425712585449219e-01 -7.965924218297004700e-03
4.727855920791625977e-01 5.646885633468627930e-01 -9.123612195253372192e-03
5.032119750976562500e-01 5.064096450805664062e-01 -2.811431512236595154e-02
4.859496355056762695e-01 5.017375349998474121e-01 -1.801672019064426422e-02
5.019178986549377441e-01 5.030597448348999023e-01 -2.799419127404689789e-02
4.752218723297119141e-01 4.416692256927490234e-01 -8.255928754806518555e-03
4.561628997325897217e-01 4.507716298103332520e-01 -6.675368640571832657e-03
4.814985096454620361e-01 4.825122356414794922e-01 -2.284851297736167908e-02
4.369827508926391602e-01 2.738812863826751709e-01 1.644508354365825653e-02
4.451315402984619141e-01 2.973079681396484375e-01 1.643349183723330498e-03
4.539476335048675537e-01 3.096275329589843750e-01 -1.042288262397050858e-02
4.655613303184509277e-01 5.911501646041870117e-01 -7.557341828942298889e-03
5.040779113769531250e-01 3.192525506019592285e-01 -2.158630266785621643e-02
4.999479055404663086e-01 2.952389121055603027e-01 -1.496546529233455658e-02
4.972313046455383301e-01 2.595658898353576660e-01 -7.900612428784370422e-03
4.389596283435821533e-01 3.963063657283782959e-01 5.669061094522476196e-03
4.095913171768188477e-01 4.096940755844116211e-01 1.900173909962177277e-02
4.894837141036987305e-01 3.896435201168060303e-01 3.857022849842905998e-03
4.269192814826965332e-01 3.655013740062713623e-01 9.276456199586391449e-03
4.965264499187469482e-01 4.232356548309326172e-01 -1.398063637316226959e-02
4.926647543907165527e-01 4.777148365974426270e-01 -4.189177602529525757e-02
3.993609249591827393e-01 4.234205186367034912e-01 2.954025380313396454e-02
4.157693982124328613e-01 4.220058917999267578e-01 9.722239337861537933e-03
4.301852881908416748e-01 4.297705292701721191e-01 9.167883545160293579e-04
4.534017443656921387e-01 4.287604987621307373e-01 -2.114229137077927589e-03
4.707449972629547119e-01 4.226334989070892334e-01 -3.114541061222553253e-03
4.840009510517120361e-01 4.155237674713134766e-01 -4.778190050274133682e-03
5.135765075683593750e-01 4.030294120311737061e-01 -2.344531565904617310e-02
3.997289836406707764e-01 4.587447345256805420e-01 2.635817974805831909e-02
4.181082546710968018e-01 3.617818653583526611e-01 1.377661153674125671e-02
5.139799714088439941e-01 4.986016452312469482e-01 -5.107071623206138611e-02
4.879420101642608643e-01 4.496826827526092529e-01 -1.525039877742528915e-02
3.810393810272216797e-01 3.885607123374938965e-01 9.342923015356063843e-02
4.944242238998413086e-01 4.074178636074066162e-01 -5.489544942975044250e-03
4.796576201915740967e-01 4.835498034954071045e-01 -1.229092851281166077e-02
4.304935038089752197e-01 3.798209130764007568e-01 1.290380954742431641e-02
4.922736883163452148e-01 4.673008322715759277e-01 -3.786253184080123901e-02
3.815045952796936035e-01 5.049915909767150879e-01 9.623017907142639160e-02
4.900227189064025879e-01 3.849160671234130859e-01 6.500914227217435837e-03
5.025024414062500000e-01 4.583738148212432861e-01 -4.768716543912887573e-02
4.134295582771301270e-01 5.928227901458740234e-01 3.270810469985008240e-02
4.103656411170959473e-01 6.122621893882751465e-01 5.074019357562065125e-02
3.847724795341491699e-01 4.618060886859893799e-01 6.394826620817184448e-02
4.008166790008544922e-01 5.684049725532531738e-01 4.466137290000915527e-02
3.982489109039306641e-01 3.593736886978149414e-01 4.911740869283676147e-02
4.567415118217468262e-01 6.521278023719787598e-01 3.741735825315117836e-03
5.142205357551574707e-01 5.025538206100463867e-01 -3.681621327996253967e-02
4.769471585750579834e-01 4.610891640186309814e-01 -1.205658353865146637e-02
4.016040563583374023e-01 3.882086277008056641e-01 3.390280157327651978e-02
4.517776966094970703e-01 3.896901309490203857e-01 2.921393839642405510e-03
4.620102941989898682e-01 3.908311724662780762e-01 1.040429226122796535e-03
4.664849042892456055e-01 5.681020617485046387e-01 -7.613690104335546494e-03
3.997372686862945557e-01 4.927782714366912842e-01 2.980030141770839691e-02
4.755601882934570312e-01 6.776906847953796387e-01 8.187702856957912445e-03
4.410570859909057617e-01 6.524011492729187012e-01 2.610141225159168243e-02
4.265607595443725586e-01 6.360116600990295410e-01 3.679421544075012207e-02
5.299066305160522461e-01 2.996153831481933594e-01 -1.501373574137687683e-02
5.000095367431640625e-01 6.828734874725341797e-01 6.991620175540447235e-03
4.717117249965667725e-01 3.896131217479705811e-01 1.340614398941397667e-03
4.810056984424591064e-01 3.866283595561981201e-01 3.455110359936952591e-03
4.869849681854248047e-01 3.853253722190856934e-01 6.067535374313592911e-03
4.098986089229583740e-01 3.581727743148803711e-01 2.405519783496856689e-02
4.812465906143188477e-01 3.865164518356323242e-01 1.940913149155676365e-03
4.715546965599060059e-01 3.896199762821197510e-01 -5.821736413054168224e-04
4.616498649120330811e-01 3.903363645076751709e-01 -8.466778672300279140e-04
4.511406719684600830e-01 3.886677920818328857e-01 8.920603431761264801e-04
4.437731206417083740e-01 3.866141438484191895e-01 3.755972255021333694e-03
3.877235054969787598e-01 3.506848216056823730e-01 7.694426178932189941e-02
4.446282088756561279e-01 3.876897692680358887e-01 5.717444233596324921e-03
5.158153772354125977e-01 5.220028162002563477e-01 -2.762409672141075134e-02
4.787982702255249023e-01 5.252617001533508301e-01 -2.001633308827877045e-02
4.930531680583953857e-01 4.908686876296997070e-01 -3.111039102077484131e-02
5.006291866302490234e-01 5.216011404991149902e-01 -2.788853831589221954e-02
5.251861810684204102e-01 3.799654841423034668e-01 -1.865155063569545746e-02
4.270646870136260986e-01 6.161081194877624512e-01 2.378823980689048767e-02
4.409648478031158447e-01 6.344129443168640137e-01 1.443610806018114090e-02
4.768983721733093262e-01 6.653660535812377930e-01 -5.092436913400888443e-03
3.980869352817535400e-01 5.854030847549438477e-01 6.899098306894302368e-02
4.872913360595703125e-01 3.847803473472595215e-01 4.614034667611122131e-03
5.049477219581604004e-01 4.283168017864227295e-01 -2.774132601916790009e-02
5.013329386711120605e-01 6.704460978507995605e-01 -6.003074347972869873e-03
4.568834304809570312e-01 6.668732166290283203e-01 1.497577410191297531e-02
3.862888216972351074e-01 4.995903670787811279e-01 6.232469528913497925e-02
4.907974302768707275e-01 5.688241124153137207e-01 -1.640456356108188629e-02
4.879186153411865234e-01 5.735615491867065430e-01 -1.826805621385574341e-02
4.846905469894409180e-01 5.802314281463623047e-01 -2.034660615026950836e-02
4.820134639739990234e-01 5.874929428100585938e-01 -1.914684288203716278e-02
4.767118096351623535e-01 6.028571724891662598e-01 -1.173561811447143555e-02
4.729245901107788086e-01 5.569737553596496582e-01 -9.678749367594718933e-03
4.699695706367492676e-01 5.558652877807617188e-01 -1.000791508704423904e-02
4.674814045429229736e-01 5.542774200439453125e-01 -1.018616184592247009e-02
4.567376375198364258e-01 5.461707115173339844e-01 -8.665083907544612885e-03
4.162406325340270996e-01 5.029171109199523926e-01 9.751164354383945465e-03
5.052428245544433594e-01 4.119170308113098145e-01 -1.788881421089172363e-02
5.005378723144531250e-01 3.734838366508483887e-01 2.511152415536344051e-04
4.931663274765014648e-01 3.750700354576110840e-01 3.312898799777030945e-03
4.754904806613922119e-01 5.575431585311889648e-01 -8.658492006361484528e-03
4.104059636592864990e-01 5.439589023590087891e-01 2.536204271018505096e-02
5.111981034278869629e-01 3.745937943458557129e-01 -1.270096749067306519e-02
4.687215387821197510e-01 6.181747913360595703e-01 -6.152659188956022263e-03
5.237084627151489258e-01 4.348234534263610840e-01 -4.578024148941040039e-02
5.136833190917968750e-01 4.204780757427215576e-01 -3.416764736175537109e-02
5.241238474845886230e-01 4.181708395481109619e-01 -3.582183644175529480e-02
4.955149590969085693e-01 4.535076618194580078e-01 -2.825319021940231323e-02
5.030114650726318359e-01 6.527910828590393066e-01 -1.166863925755023956e-02
5.046216249465942383e-01 6.321581006050109863e-01 -1.144823525100946426e-02
4.861080050468444824e-01 6.288838386535644531e-01 -1.058884058147668839e-02
4.450650811195373535e-01 5.845215916633605957e-01 2.688210690394043922e-03
4.687705338001251221e-01 4.957354962825775146e-01 -1.052267011255025864e-02
4.552602171897888184e-01 6.035770773887634277e-01 -1.441867440007627010e-03
4.433013796806335449e-01 4.903207123279571533e-01 -8.424124680459499359e-03
4.569622874259948730e-01 5.111206769943237305e-01 -9.821026585996150970e-03
4.313225746154785156e-01 5.167402029037475586e-01 -8.516446687281131744e-04
4.806048274040222168e-01 6.482511758804321289e-01 -1.032161805778741837e-02
4.876827895641326904e-01 4.625492990016937256e-01 -2.118507400155067444e-02
4.336549043655395508e-01 5.969065427780151367e-01 1.203654613345861435e-02
4.468649327754974365e-01 6.170229315757751465e-01 6.360634230077266693e-03
4.385066032409667969e-01 5.624514818191528320e-01 2.984488150104880333e-03
4.005735516548156738e-01 5.220606327056884766e-01 3.377399221062660217e-02
4.234648644924163818e-01 5.640528798103332520e-01 1.254324615001678467e-02
3.905566334724426270e-01 5.350713729858398438e-01 5.777468159794807434e-02
4.461227357387542725e-01 5.321694612503051758e-01 -5.599251948297023773e-03
4.966452121734619141e-01 4.387518167495727539e-01 -2.102658897638320923e-02
4.958429038524627686e-01 4.852829277515411377e-01 -4.405046626925468445e-02
4.883756041526794434e-01 4.893545508384704590e-01 -3.276147320866584778e-02
5.015518665313720703e-01 4.746712744235992432e-01 -5.124142020940780640e-02
4.931883215904235840e-01 3.560987412929534912e-01 -3.766820998862385750e-03
4.757404923439025879e-01 3.437130451202392578e-01 -6.992930546402931213e-03
4.593900442123413086e-01 3.402780294418334961e-01 -7.746892049908638000e-03
4.450048208236694336e-01 3.433765172958374023e-01 -4.641389474272727966e-03
4.340427517890930176e-01 3.510306477546691895e-01 1.045083510689437389e-03
4.226022064685821533e-01 3.825979828834533691e-01 1.670288480818271637e-02
3.848891258239746094e-01 4.257071912288665771e-01 6.174940243363380432e-02
4.285632967948913574e-01 4.072093963623046875e-01 8.887567557394504547e-03
4.404264092445373535e-01 4.131887257099151611e-01 3.398301778361201286e-03
4.564343690872192383e-01 4.138142466545104980e-01 2.187039790442213416e-04
4.718603491783142090e-01 4.102591574192047119e-01 -6.477972492575645447e-04
4.839467108249664307e-01 4.044753313064575195e-01 1.774384872987866402e-04
4.924482405185699463e-01 3.995144963264465332e-01 2.081972343148663640e-04
3.790022730827331543e-01 4.253264963626861572e-01 1.007354408502578735e-01
4.877301454544067383e-01 4.941406846046447754e-01 -2.748218923807144165e-02
5.046309232711791992e-01 4.430409073829650879e-01 -3.625716269016265869e-02
5.037009119987487793e-01 4.867389500141143799e-01 -5.174487829208374023e-02
5.083067417144775391e-01 4.955989718437194824e-01 -4.699844866991043091e-02
5.031672716140747070e-01 4.895941317081451416e-01 -4.659233614802360535e-02
4.899608194828033447e-01 4.995412230491638184e-01 -2.363003790378570557e-02
5.104915499687194824e-01 4.972315430641174316e-01 -4.970457404851913452e-02
5.106797814369201660e-01 5.012270212173461914e-01 -3.706788271665573120e-02
4.943444132804870605e-01 3.845889568328857422e-01 5.492759868502616882e-03
4.998644888401031494e-01 3.907907903194427490e-01 -3.040004230570048094e-04
5.032371282577514648e-01 3.951509296894073486e-01 -7.540630642324686050e-03
4.389768838882446289e-01 3.847582936286926270e-01 6.973661016672849655e-03
4.330140650272369385e-01 3.678173124790191650e-01 6.977024022489786148e-03
5.325177907943725586e-01 4.382351934909820557e-01 -4.120906442403793335e-02
6.029279828071594238e-01 4.073169529438018799e-01 2.110481634736061096e-02
5.287566781044006348e-01 5.007385015487670898e-01 -3.602017462253570557e-02
6.355267763137817383e-01 3.479202985763549805e-01 7.448580861091613770e-02
5.687033534049987793e-01 4.127790331840515137e-01 8.149698376655578613e-03
5.797671079635620117e-01 4.167907834053039551e-01 9.726615622639656067e-03
5.905867815017700195e-01 4.182487726211547852e-01 1.335593406111001968e-02
6.061466932296752930e-01 4.119337499141693115e-01 2.291460148990154266e-02
5.601220726966857910e-01 4.060622751712799072e-01 8.542496711015701294e-03
5.891132354736328125e-01 3.680365681648254395e-01 5.581540986895561218e-03
5.762996673583984375e-01 3.691840767860412598e-01 4.743751138448715210e-03
6.007307171821594238e-01 3.713467419147491455e-01 9.627082385122776031e-03
6.077982187271118164e-01 3.790221512317657471e-01 1.425383705645799637e-02
6.125446557998657227e-01 4.215600192546844482e-01 2.855748310685157776e-02
5.449101328849792480e-01 6.416263580322265625e-01 3.846216714009642601e-03
6.069628000259399414e-01 4.050248265266418457e-01 2.470462769269943237e-02
6.384634375572204590e-01 4.179095923900604248e-01 7.835088670253753662e-02
6.225057840347290039e-01 4.081283807754516602e-01 4.003483057022094727e-02
5.703762769699096680e-01 4.842856228351593018e-01 -2.399536315351724625e-03
5.291940569877624512e-01 5.434867739677429199e-01 -2.795432694256305695e-02
5.256397128105163574e-01 5.545964837074279785e-01 -2.292583510279655457e-02
5.408716797828674316e-01 5.500209331512451172e-01 -2.045011147856712341e-02
5.474755167961120605e-01 5.574363470077514648e-01 -1.173953525722026825e-02
5.346219539642333984e-01 5.573416352272033691e-01 -1.769919507205486298e-02
5.409056544303894043e-01 5.614315271377563477e-01 -9.806604124605655670e-03
5.554526448249816895e-01 5.887697339057922363e-01 5.267051514238119125e-03
5.296227931976318359e-01 4.916872084140777588e-01 -5.517994984984397888e-02
5.325176119804382324e-01 4.758183658123016357e-01 -5.829642713069915771e-02
6.225977540016174316e-01 3.573446273803710938e-01 1.842649653553962708e-02
5.518391728401184082e-01 4.402025341987609863e-01 -5.061522591859102249e-03
5.518767833709716797e-01 4.909019470214843750e-01 -2.673756331205368042e-02
5.530726313591003418e-01 4.823701381683349609e-01 -2.342722937464714050e-02
6.010977625846862793e-01 4.861731827259063721e-01 1.344965305179357529e-02
5.327707529067993164e-01 4.555748105049133301e-01 -5.162705108523368835e-02
6.022298336029052734e-01 3.355494141578674316e-01 -1.544941565953195095e-03
6.153113842010498047e-01 3.430585265159606934e-01 7.794842123985290527e-03
6.274571418762207031e-01 3.186410069465637207e-01 5.298295244574546814e-02
5.536777973175048828e-01 3.484076261520385742e-01 -1.394538674503564835e-02
5.649411082267761230e-01 3.749140799045562744e-01 7.101312279701232910e-03
5.647228956222534180e-01 5.739703774452209473e-01 8.766215294599533081e-03
6.162728071212768555e-01 5.721161961555480957e-01 1.035653576254844666e-01
5.427595376968383789e-01 4.992711544036865234e-01 -2.354997210204601288e-02
5.344912409782409668e-01 5.032392144203186035e-01 -2.561068348586559296e-02
5.531848669052124023e-01 5.724249482154846191e-01 6.806313060224056244e-03
5.499138832092285156e-01 5.716093778610229492e-01 3.277715295553207397e-03
6.203542947769165039e-01 3.321750462055206299e-01 1.335289049893617630e-02
5.510107278823852539e-01 4.985451102256774902e-01 -2.098203077912330627e-02
5.830398797988891602e-01 3.360469937324523926e-01 -9.050618857145309448e-03
5.857067704200744629e-01 3.229227066040039062e-01 -1.097325515002012253e-02
5.903340578079223633e-01 2.773801684379577637e-01 9.737806394696235657e-03
6.208130121231079102e-01 3.324880599975585938e-01 3.045251779258251190e-02
5.835407972335815430e-01 3.052496314048767090e-01 -1.205599866807460785e-03
6.276974678039550781e-01 3.511294722557067871e-01 2.803044393658638000e-02
6.295073628425598145e-01 3.565395474433898926e-01 5.007703602313995361e-02
5.277999639511108398e-01 5.497137308120727539e-01 -2.662723697721958160e-02
5.378437042236328125e-01 5.542527437210083008e-01 -1.957485452294349670e-02
5.444356799125671387e-01 5.597056150436401367e-01 -1.171207241714000702e-02
5.399225950241088867e-01 5.021219253540039062e-01 -2.161998488008975983e-02
5.515165328979492188e-01 5.720988512039184570e-01 4.859365522861480713e-03
5.483906865119934082e-01 5.768404603004455566e-01 -2.210150938481092453e-03
5.482266545295715332e-01 5.711309313774108887e-01 2.835904015228152275e-03
5.395029783248901367e-01 4.928619861602783203e-01 -3.834351524710655212e-02
5.379301309585571289e-01 5.620934367179870605e-01 -8.200495503842830658e-03
5.318458676338195801e-01 5.588153004646301270e-01 -1.359657756984233856e-02
5.236662030220031738e-01 5.571230649948120117e-01 -1.823764480650424957e-02
5.204203724861145020e-01 6.148093342781066895e-01 -1.033873949199914932e-02
5.259406566619873047e-01 5.996345877647399902e-01 -1.980129070580005646e-02
5.258688926696777344e-01 5.911836028099060059e-01 -2.084032632410526276e-02
5.249500274658203125e-01 5.820193886756896973e-01 -1.833955757319927216e-02
5.234616994857788086e-01 5.752902626991271973e-01 -1.684276014566421509e-02
5.379543304443359375e-01 5.734262466430664062e-01 -7.077064365148544312e-03
5.408594608306884766e-01 5.770409107208251953e-01 -8.774683810770511627e-03
5.441210269927978516e-01 5.820855498313903809e-01 -1.030472852289676666e-02
5.466020703315734863e-01 5.872247815132141113e-01 -8.376868441700935364e-03
5.567892193794250488e-01 5.435148477554321289e-01 -7.921619340777397156e-03
6.324077248573303223e-01 4.906155169010162354e-01 1.208597049117088318e-01
5.424323081970214844e-01 5.722938776016235352e-01 -1.236600917764008045e-03
5.454435348510742188e-01 5.744197964668273926e-01 -2.405366627499461174e-03
5.309301614761352539e-01 5.093706250190734863e-01 -2.619845233857631683e-02
5.461854934692382812e-01 5.080791115760803223e-01 -1.391384936869144440e-02
5.326647758483886719e-01 5.064308047294616699e-01 -2.617366239428520203e-02
5.618649721145629883e-01 4.511229395866394043e-01 -5.762055516242980957e-04
5.783112645149230957e-01 4.641907811164855957e-01 3.655507927760481834e-03
5.537440776824951172e-01 4.901800453662872314e-01 -1.731455512344837189e-02
6.135416030883789062e-01 2.945942878723144531e-01 2.995517477393150330e-02
6.064667105674743652e-01 3.148600757122039795e-01 1.382686290889978409e-02
6.063871383666992188e-01 3.230621814727783203e-01 7.550124428234994411e-04
5.464185476303100586e-01 5.990950465202331543e-01 -6.772869382984936237e-04
5.589750409126281738e-01 3.267340064048767090e-01 -1.776589825749397278e-02
5.587298870086669922e-01 3.019667267799377441e-01 -1.065458729863166809e-02
5.640295743942260742e-01 2.677458524703979492e-01 -3.029954619705677032e-03
6.002192497253417969e-01 4.168484807014465332e-01 1.841933466494083405e-02
6.219406127929687500e-01 4.329845905303955078e-01 3.508847951889038086e-02
5.548461079597473145e-01 4.002822935581207275e-01 9.772479534149169922e-03
6.164620518684387207e-01 3.853768110275268555e-01 2.388772927224636078e-02
5.456254482269287109e-01 4.284995794296264648e-01 -9.433438070118427277e-03
5.470107197761535645e-01 4.836600124835968018e-01 -3.770443797111511230e-02
6.297078132629394531e-01 4.481464028358459473e-01 4.758029058575630188e-02
6.158461570739746094e-01 4.446980655193328857e-01 2.502748742699623108e-02
6.028928756713867188e-01 4.498507082462310791e-01 1.423467881977558136e-02
5.820841193199157715e-01 4.443876445293426514e-01 8.226525038480758667e-03
5.668505430221557617e-01 4.349220693111419678e-01 4.799996502697467804e-03
5.559746026992797852e-01 4.255828559398651123e-01 1.117577077820897102e-03
5.342633724212646484e-01 4.052763879299163818e-01 -2.156472951173782349e-02
6.259373426437377930e-01 4.828887879848480225e-01 4.442639648914337158e-02
6.231562495231628418e-01 3.819921314716339111e-01 2.957094833254814148e-02
5.249521732330322266e-01 4.997654557228088379e-01 -5.015397816896438599e-02
5.505439639091491699e-01 4.564588963985443115e-01 -9.768023155629634857e-03
6.390167474746704102e-01 4.170490503311157227e-01 1.140375956892967224e-01
5.483216643333435059e-01 4.156612157821655273e-01 -9.262150269933044910e-04
5.540308356285095215e-01 4.914670288562774658e-01 -6.557669956237077713e-03
6.111217141151428223e-01 4.017308354377746582e-01 2.690998651087284088e-02
5.479057431221008301e-01 4.732806086540222168e-01 -3.357353806495666504e-02
6.262071728706359863e-01 5.303573012351989746e-01 1.150523573160171509e-01
5.551071763038635254e-01 3.954674601554870605e-01 1.261602435261011124e-02
5.408698916435241699e-01 4.625136852264404297e-01 -4.456677660346031189e-02
5.932466983795166016e-01 6.092579960823059082e-01 4.593133553862571716e-02
5.912796258926391602e-01 6.282557249069213867e-01 6.436637043952941895e-02
6.347153186798095703e-01 4.879093766212463379e-01 8.313310146331787109e-02
6.074454784393310547e-01 5.882934927940368652e-01 6.012284383177757263e-02
6.343373656272888184e-01 3.848375678062438965e-01 6.741720438003540039e-02
5.463414192199707031e-01 6.589075326919555664e-01 1.003059465438127518e-02
5.228768587112426758e-01 5.034894943237304688e-01 -3.625775501132011414e-02
5.586157441139221191e-01 4.700040221214294434e-01 -5.282283760607242584e-03
6.292971372604370117e-01 4.113833904266357422e-01 5.146629735827445984e-02
5.909630060195922852e-01 4.088304936885833740e-01 1.425321865826845169e-02
5.808619260787963867e-01 4.076198935508728027e-01 1.106820069253444672e-02
5.510317087173461914e-01 5.793503522872924805e-01 -2.550645731389522552e-04
6.211028099060058594e-01 5.159938335418701172e-01 4.738624766469001770e-02
5.242903232574462891e-01 6.812008619308471680e-01 1.171197555959224701e-02
5.592378377914428711e-01 6.611406803131103516e-01 3.483958169817924500e-02
5.743926167488098145e-01 6.478544473648071289e-01 4.786123707890510559e-02
5.714313983917236328e-01 4.044319093227386475e-01 9.919557720422744751e-03
5.630432367324829102e-01 3.995619714260101318e-01 1.080621220171451569e-02
5.578147172927856445e-01 3.967445194721221924e-01 1.264251302927732468e-02
6.288681626319885254e-01 3.788794279098510742e-01 4.104906320571899414e-02
5.636097192764282227e-01 3.991786539554595947e-01 9.399887174367904663e-03
5.728231668472290039e-01 4.042731523513793945e-01 8.181770332157611847e-03
5.823575258255004883e-01 4.070666432380676270e-01 9.315028786659240723e-03
5.923433303833007812e-01 4.075982868671417236e-01 1.240048371255397797e-02
5.991634726524353027e-01 4.070533514022827148e-01 1.613815315067768097e-02
6.392472982406616211e-01 3.788324296474456787e-01 9.685646742582321167e-02
5.979626178741455078e-01 4.083835184574127197e-01 1.792248338460922241e-02
5.484107136726379395e-01 5.328257083892822266e-01 -1.434931531548500061e-02
5.433104038238525391e-01 4.963705241680145264e-01 -2.746550552546977997e-02
5.302568078041076660e-01 5.248265266418457031e-01 -2.554445900022983551e-02
5.778002738952636719e-01 6.290256977081298828e-01 3.452430665493011475e-02
5.627931952476501465e-01 6.440603137016296387e-01 2.285875566303730011e-02
5.259917378425598145e-01 6.692119240760803223e-01 -1.680599874816834927e-03
6.043344736099243164e-01 6.049351692199707031e-01 8.488540351390838623e-02
5.579336881637573242e-01 3.960426449775695801e-01 1.130941044539213181e-02
5.396510362625122070e-01 4.320567846298217773e-01 -2.469989657402038574e-02
5.431959629058837891e-01 6.728373169898986816e-01 2.134844101965427399e-02
6.286670565605163574e-01 5.244408845901489258e-01 8.074968308210372925e-02
5.317513346672058105e-01 5.745009183883666992e-01 -1.223648432642221451e-02
5.342949628829956055e-01 5.799465775489807129e-01 -1.394919212907552719e-02
5.366864204406738281e-01 5.873944163322448730e-01 -1.579080335795879364e-02
5.381030440330505371e-01 5.953548550605773926e-01 -1.445794384926557541e-02
5.349094867706298828e-01 6.083488464355468750e-01 -6.602914072573184967e-03
5.455865263938903809e-01 5.661765336990356445e-01 -2.827539574354887009e-03
5.488343238830566406e-01 5.657337903976440430e-01 -2.521014073863625526e-03
5.517137050628662109e-01 5.646408796310424805e-01 -2.333674579858779907e-03
5.624471306800842285e-01 5.577036142349243164e-01 5.791928269900381565e-04
6.063480377197265625e-01 5.229638218879699707e-01 2.496749535202980042e-02
5.398662686347961426e-01 4.156965911388397217e-01 -1.471810974180698395e-02
5.487515330314636230e-01 3.814486265182495117e-01 4.138589370995759964e-03
5.543708801269531250e-01 3.851010203361511230e-01 9.050807915627956390e-03
5.426896810531616211e-01 5.661204457283020020e-01 -1.872916240245103836e-03
6.041269302368164062e-01 5.635191202163696289e-01 4.037949442863464355e-02
5.397238135337829590e-01 3.798845410346984863e-01 -1.026069559156894684e-02
5.403570532798767090e-01 6.243343353271484375e-01 -7.506711408495903015e-04
5.335539579391479492e-01 4.225710630416870117e-01 -3.253714367747306824e-02
5.451294183731079102e-01 4.589421451091766357e-01 -2.428657002747058868e-02
5.229902267456054688e-01 6.320718526840209961e-01 -8.095494471490383148e-03
5.664861798286437988e-01 5.964720845222473145e-01 1.212932076305150986e-02
5.614936351776123047e-01 5.057024955749511719e-01 -3.368770238012075424e-03
5.544427037239074707e-01 6.126632094383239746e-01 6.011712830513715744e-03
5.850830078125000000e-01 5.056298971176147461e-01 2.866781782358884811e-03
5.694558024406433105e-01 5.232897400856018066e-01 -8.505471632815897465e-04
5.911920070648193359e-01 5.335912108421325684e-01 1.194414310157299042e-02
5.255573987960815430e-01 6.520849466323852539e-01 -7.129619363695383072e-03
5.500966310501098633e-01 4.692236781120300293e-01 -1.621472835540771484e-02
5.752667784690856934e-01 6.099517345428466797e-01 2.248660102486610413e-02
5.604097843170166016e-01 6.267883777618408203e-01 1.439626608043909073e-02
5.762675404548645020e-01 5.767693519592285156e-01 1.439454872161149979e-02
6.157205700874328613e-01 5.441467165946960449e-01 5.049238726496696472e-02
5.897344350814819336e-01 5.804902315139770508e-01 2.540937252342700958e-02
6.204534173011779785e-01 5.581313967704772949e-01 7.541268318891525269e-02
5.749912858009338379e-01 5.460996627807617188e-01 5.006708670407533646e-03
5.448619723320007324e-01 4.440111517906188965e-01 -1.668234355747699738e-02
5.430990457534790039e-01 4.904316961765289307e-01 -4.026719927787780762e-02
5.480502247810363770e-01 4.957801997661590576e-01 -2.842820435762405396e-02
5.405341982841491699e-01 4.789270460605621338e-01 -4.835825413465499878e-02
5.596957802772521973e-01 3.652610778808593750e-01 1.516636461019515991e-03
5.789491534233093262e-01 3.554265499114990234e-01 7.867357926443219185e-04
5.949601531028747559e-01 3.546217083930969238e-01 2.573904814198613167e-03
6.071478128433227539e-01 3.596916794776916504e-01 7.766522932797670364e-03
6.146450638771057129e-01 3.693314790725708008e-01 1.483872253447771072e-02
6.158139109611511230e-01 4.041586816310882568e-01 3.156111016869544983e-02
6.382543444633483887e-01 4.526030421257019043e-01 8.151103556156158447e-02
6.073651313781738281e-01 4.285842776298522949e-01 2.278445661067962646e-02
5.960511565208435059e-01 4.320400357246398926e-01 1.561153307557106018e-02
5.813622474670410156e-01 4.295243024826049805e-01 1.034694537520408630e-02
5.675321221351623535e-01 4.230421185493469238e-01 7.412269245833158493e-03
5.574100613594055176e-01 4.150439798831939697e-01 6.258203648030757904e-03
5.506936311721801758e-01 4.084435105323791504e-01 5.152190104126930237e-03
6.358583569526672363e-01 4.534078836441040039e-01 1.212900355458259583e-01
5.469931960105895996e-01 5.003951787948608398e-01 -2.319051139056682587e-02
5.394783616065979004e-01 4.468094408512115479e-01 -3.313690796494483948e-02
5.366591215133666992e-01 4.902759194374084473e-01 -4.935689643025398254e-02
5.300168395042419434e-01 4.979077279567718506e-01 -4.559567943215370178e-02
5.358276367187500000e-01 4.931916296482086182e-01 -4.412637650966644287e-02
5.434867143630981445e-01 5.050946474075317383e-01 -1.996883936226367950e-02
5.282004475593566895e-01 4.991007149219512939e-01 -4.856563732028007507e-02
5.262604355812072754e-01 5.028341412544250488e-01 -3.612414374947547913e-02
5.513381958007812500e-01 3.942660093307495117e-01 1.061237324029207230e-02
5.456497073173522949e-01 3.985410928726196289e-01 3.597320523113012314e-03
5.426580309867858887e-01 4.019951224327087402e-01 -4.330514464527368546e-03
6.035810112953186035e-01 4.061332046985626221e-01 1.984657905995845795e-02
6.118467450141906738e-01 3.883999884128570557e-01 2.057856507599353790e-02
4.629386663436889648e-01 3.864151239395141602e-01 3.970669116824865341e-03
4.730361998081207275e-01 3.870021104812622070e-01 3.970669116824865341e-03
4.638358056545257568e-01 3.740244507789611816e-01 3.970669116824865341e-03
4.526084363460540771e-01 3.858023881912231445e-01 3.970669116824865341e-03
4.620215296745300293e-01 3.984727561473846436e-01 3.970669116824865341e-03
5.793867111206054688e-01 4.031985700130462646e-01 1.385181117802858353e-02
5.906271934509277344e-01 4.043118059635162354e-01 1.385181117802858353e-02
5.802742838859558105e-01 3.909072279930114746e-01 1.385181117802858353e-02
5.680479407310485840e-01 4.019705951213836670e-01 1.385181117802858353e-02
5.785681009292602539e-01 4.151134788990020752e-01 1.385181117802858353e-02
