5.057733058929443359e-01 5.331821441650390625e-01 -3.568382561206817627e-02
5.130695700645446777e-01 4.810394048690795898e-01 -6.221083179116249084e-02
5.100220441818237305e-01 4.985217750072479248e-01 -3.437622264027595520e-02
5.062735080718994141e-01 4.244008660316467285e-01 -4.567863047122955322e-02
5.145598649978637695e-01 4.636373817920684814e-01 -6.548569351434707642e-02
5.156960487365722656e-01 4.414269924163818359e-01 -6.008738651871681213e-02
5.177760720252990723e-01 3.879706263542175293e-01 -2.642677165567874908e-02
4.324358403682708740e-01 3.695805072784423828e-01 1.146877091377973557e-02
5.204743742942810059e-01 3.417364954948425293e-01 -1.620833203196525574e-02
5.221796631813049316e-01 3.189724385738372803e-01 -1.702015474438667297e-02
5.265336036682128906e-01 2.471734732389450073e-01 -1.460503903217613697e-03
5.055944919586181641e-01 5.371041297912597656e-01 -3.453381359577178955e-02
5.053535103797912598e-01 5.406801700592041016e-01 -3.115875273942947388e-02
5.051871538162231445e-01 5.427749752998352051e-01 -2.642257325351238251e-02
5.028358697891235352e-01 5.832499861717224121e-01 -2.132543362677097321e-02
5.027953386306762695e-01 5.891700387001037598e-01 -2.336341701447963715e-02
5.024247169494628906e-01 5.966173410415649414e-01 -2.570459432899951935e-02
5.019983649253845215e-01 6.042460203170776367e-01 -2.367040887475013733e-02
4.994482994079589844e-01 6.178356409072875977e-01 -1.321655232459306717e-02
5.118505954742431641e-01 4.901190996170043945e-01 -5.668588355183601379e-02
5.004191994667053223e-01 4.888329505920410156e-01 -4.201382398605346680e-02
3.923308253288269043e-01 3.056101202964782715e-01 6.493748724460601807e-02
4.630552232265472412e-01 3.901005387306213379e-01 1.368248718790709972e-03
4.512448608875274658e-01 3.905280828475952148e-01 1.404058653861284256e-03
4.402793943881988525e-01 3.879287838935852051e-01 3.869121661409735680e-03
4.270325601100921631e-01 3.747565746307373047e-01 1.249185297638177872e-02
4.736459553241729736e-01 3.862536847591400146e-01 3.800075734034180641e-03
4.526611268520355225e-01 3.317295908927917480e-01 -1.687752548605203629e-03
4.657399356365203857e-01 3.359439969062805176e-01 -4.799069138243794441e-04
4.399816393852233887e-01 3.336897194385528564e-01 1.064510084688663483e-03
4.310342073440551758e-01 3.407866656780242920e-01 4.886863287538290024e-03
4.159057736396789551e-01 3.851149082183837891e-01 1.716114208102226257e-02
4.531210660934448242e-01 6.290704607963562012e-01 -3.089156467467546463e-03
4.288925230503082275e-01 3.629491031169891357e-01 1.510195061564445496e-02
3.805907964706420898e-01 3.762599527835845947e-01 6.558696180582046509e-02
4.036167263984680176e-01 3.701101839542388916e-01 2.842826396226882935e-02
4.521538019180297852e-01 4.596969485282897949e-01 -1.301705371588468552e-02
4.901567399501800537e-01 5.287274718284606934e-01 -3.513339161872863770e-02
4.911997020244598389e-01 5.384181737899780273e-01 -3.039470128715038300e-02
4.746838510036468506e-01 5.320703983306884766e-01 -2.945416979491710663e-02
4.644530117511749268e-01 5.373535752296447754e-01 -2.105927467346191406e-02
4.790313541889190674e-01 5.388848781585693359e-01 -2.636929228901863098e-02
4.697176218032836914e-01 5.415064692497253418e-01 -1.855643279850482941e-02
4.466647505760192871e-01 5.703630447387695312e-01 -3.075313288718461990e-03
5.034555196762084961e-01 4.794382452964782715e-01 -6.173047050833702087e-02
5.032465457916259766e-01 4.625008106231689453e-01 -6.475669890642166138e-02
4.172886312007904053e-01 3.227669000625610352e-01 8.588635362684726715e-03
4.790384173393249512e-01 4.207339286804199219e-01 -1.105393283069133759e-02
4.755998551845550537e-01 4.724797606468200684e-01 -3.583085909485816956e-02
4.748080074787139893e-01 4.634928703308105469e-01 -3.225741907954216003e-02
4.171267747879028320e-01 4.531355500221252441e-01 -1.115200342610478401e-03
5.048841238021850586e-01 4.419172704219818115e-01 -5.744192376732826233e-02
4.472449421882629395e-01 3.042010664939880371e-01 -7.554932497441768646e-03
4.303566813468933105e-01 3.097253441810607910e-01 -1.810399407986551523e-04
4.081183969974517822e-01 2.778891324996948242e-01 4.540997371077537537e-02
4.965161383152008057e-01 3.277036845684051514e-01 -1.444680523127317429e-02
4.763464331626892090e-01 3.463959991931915283e-01 3.236896824091672897e-03
4.401795864105224609e-01 5.500857830047607422e-01 -1.740308594889938831e-03
3.810284137725830078e-01 5.360482931137084961e-01 8.802377432584762573e-02
4.834548234939575195e-01 4.833094179630279541e-01 -3.115650638937950134e-02
4.920997321605682373e-01 4.894832968711853027e-01 -3.155747801065444946e-02
4.529913365840911865e-01 5.516777634620666504e-01 -2.302708569914102554e-03
4.563566744327545166e-01 5.518374443054199219e-01 -5.001783370971679688e-03
4.250291585922241211e-01 2.986553907394409180e-01 5.334515590220689774e-03
4.740215837955474854e-01 4.802564978599548340e-01 -2.987326681613922119e-02
4.686892628669738770e-01 3.083886802196502686e-01 -1.247949432581663132e-02
4.683993458747863770e-01 2.948599457740783691e-01 -1.422108244150876999e-02
4.597306549549102783e-01 2.459146231412887573e-01 7.538278121501207352e-03
4.162487983703613281e-01 2.929670214653015137e-01 2.285527251660823822e-02
4.646443128585815430e-01 2.749036550521850586e-01 -3.603063523769378662e-03
4.106629490852355957e-01 3.153836131095886230e-01 1.825744658708572388e-02
4.012929797172546387e-01 3.154526948928833008e-01 4.060714691877365112e-02
4.903357923030853271e-01 5.340939760208129883e-01 -3.403329104185104370e-02
4.767699539661407471e-01 5.359297990798950195e-01 -2.838474512100219727e-02
4.669776260852813721e-01 5.396893024444580078e-01 -2.071383409202098846e-02
4.857003986835479736e-01 4.868853986263275146e-01 -2.847172506153583527e-02
4.546869397163391113e-01 5.518059134483337402e-01 -3.678764216601848602e-03
4.591419398784637451e-01 5.626407861709594727e-01 -9.212045930325984955e-03
4.578457474708557129e-01 5.518428087234497070e-01 -5.150209181010723114e-03
4.900921285152435303e-01 4.779947102069854736e-01 -4.639104381203651428e-02
4.719940721988677979e-01 5.423027276992797852e-01 -1.688810810446739197e-02
4.810536801815032959e-01 5.403285026550292969e-01 -2.219884470105171204e-02
4.922353327274322510e-01 5.406564474105834961e-01 -2.595757693052291870e-02
4.824700653553009033e-01 6.140627861022949219e-01 -1.361595001071691513e-02
4.854765832424163818e-01 5.993117094039916992e-01 -2.381071634590625763e-02
4.867576658725738525e-01 5.921080112457275391e-01 -2.529906667768955231e-02
4.883126616477966309e-01 5.849581956863403320e-01 -2.277040481567382812e-02
4.899547994136810303e-01 5.798211097717285156e-01 -2.083341404795646667e-02
4.710291028022766113e-01 5.680909156799316406e-01 -1.301922462880611420e-02
4.684042334556579590e-01 5.697368979454040527e-01 -1.479261182248592377e-02
4.651100635528564453e-01 5.726259946823120117e-01 -1.656462438404560089e-02
4.624490439891815186e-01 5.761079192161560059e-01 -1.476426981389522552e-02
4.565609097480773926e-01 5.218225121498107910e-01 -1.760894618928432465e-02
3.719938397407531738e-01 4.489834010601043701e-01 1.067546233534812927e-01
5.109565854072570801e-01 4.942096471786499023e-01 -4.210184887051582336e-02
4.649102687835693359e-01 5.615839958190917969e-01 -7.984291762113571167e-03
4.620152711868286133e-01 5.618562102317810059e-01 -9.184605441987514496e-03
4.948772192001342773e-01 4.963774681091308594e-01 -3.236017748713493347e-02
4.765428006649017334e-01 4.907170832157135010e-01 -2.156509272754192352e-02
4.935745894908905029e-01 4.930189549922943115e-01 -3.216212615370750427e-02
4.658026993274688721e-01 4.287070930004119873e-01 -8.662203326821327209e-03
4.458234310150146484e-01 4.370644390583038330e-01 -7.020091637969017029e-03
4.718864262104034424e-01 4.710133671760559082e-01 -2.624171972274780273e-02
4.295899271965026855e-01 2.571386694908142090e-01 2.483779005706310272e-02
4.364001154899597168e-01 2.786132097244262695e-01 8.452743291854858398e-03
4.444950222969055176e-01 2.913253307342529297e-01 -5.265537183731794357e-03
4.550647437572479248e-01 5.867435336112976074e-01 -7.678309455513954163e-03
4.957619011402130127e-01 3.042678833007812500e-01 -1.778030954301357269e-02
4.929949641227722168e-01 2.783820629119873047e-01 -9.649784304201602936e-03
4.908815622329711914e-01 2.434595674276351929e-01 -1.397355925291776657e-03
4.313957095146179199e-01 3.828085064888000488e-01 8.209004066884517670e-03
4.015523493289947510e-01 3.959649205207824707e-01 2.217883057892322540e-02
4.808765947818756104e-01 3.820674717426300049e-01 5.964469630271196365e-03
4.188816547393798828e-01 3.482217192649841309e-01 1.372840628027915955e-02
4.883524179458618164e-01 4.108083546161651611e-01 -1.407719403505325317e-02
4.835177958011627197e-01 4.664355516433715820e-01 -4.621057212352752686e-02
3.893973529338836670e-01 4.084202051162719727e-01 3.301110491156578064e-02
4.088987708091735840e-01 4.092219173908233643e-01 1.167663186788558960e-02
4.238487482070922852e-01 4.175348281860351562e-01 1.960286404937505722e-03
4.465244412422180176e-01 4.172348678112030029e-01 -1.379970693960785866e-03
4.634085595607757568e-01 4.118968248367309570e-01 -2.487502759322524071e-03
4.766565561294555664e-01 4.051556587219238281e-01 -4.104321822524070740e-03
5.063090324401855469e-01 3.904989361763000488e-01 -2.310224995017051697e-02
3.890593051910400391e-01 4.436936080455780029e-01 2.818326838314533234e-02
4.096649289131164551e-01 3.446443080902099609e-01 1.881287805736064911e-02
5.060619115829467773e-01 4.887946248054504395e-01 -5.644490197300910950e-02
4.790600240230560303e-01 4.374561011791229248e-01 -1.689871400594711304e-02
3.748165369033813477e-01 3.743412196636199951e-01 1.016822606325149536e-01
4.872084558010101318e-01 3.970278799533843994e-01 -4.590355791151523590e-03
4.699990153312683105e-01 4.719694256782531738e-01 -1.506487280130386353e-02
4.239215850830078125e-01 3.628152608871459961e-01 1.684606820344924927e-02
4.831683337688446045e-01 4.556208848953247070e-01 -4.163304716348648071e-02
3.744208812713623047e-01 4.906539916992187500e-01 1.003106459975242615e-01
4.819034636020660400e-01 3.760485351085662842e-01 9.108453989028930664e-03
4.939551949501037598e-01 4.466942846775054932e-01 -5.164367705583572388e-02
4.060462713241577148e-01 5.816352963447570801e-01 3.260901197791099548e-02
4.032319188117980957e-01 6.015438437461853027e-01 5.061523243784904480e-02
3.756571412086486816e-01 4.469106793403625488e-01 6.758566200733184814e-02
3.933393061161041260e-01 5.561990737915039062e-01 4.478681087493896484e-02
3.904582858085632324e-01 3.435588181018829346e-01 5.642026662826538086e-02
4.492605924606323242e-01 6.456242203712463379e-01 2.124384045600891113e-03
5.064650177955627441e-01 4.930545091629028320e-01 -4.158185049891471863e-02
4.673189818859100342e-01 4.485478699207305908e-01 -1.389778405427932739e-02
3.922621607780456543e-01 3.724160194396972656e-01 3.891682624816894531e-02
4.426684975624084473e-01 3.786025643348693848e-01 5.319768562912940979e-03
4.522718489170074463e-01 3.815259635448455811e-01 3.211691975593566895e-03
4.565156996250152588e-01 5.638172030448913574e-01 -7.705876138061285019e-03
3.892951011657714844e-01 4.780730605125427246e-01 3.052265383303165436e-02
4.688372611999511719e-01 6.729005575180053711e-01 6.118291057646274567e-03
4.335699081420898438e-01 6.439445018768310547e-01 2.533331699669361115e-02
4.192432165145874023e-01 6.263824701309204102e-01 3.640239313244819641e-02
5.245033502578735352e-01 2.836856544017791748e-01 -9.992360137403011322e-03
4.943729043006896973e-01 6.793587207794189453e-01 4.752441309392452240e-03
4.622049033641815186e-01 3.812355399131774902e-01 3.584917867556214333e-03
4.719501733779907227e-01 3.789772689342498779e-01 5.894517991691827774e-03
4.784660935401916504e-01 3.776145875453948975e-01 8.730895817279815674e-03
4.009093940258026123e-01 3.408592343330383301e-01 2.990403026342391968e-02
4.724376201629638672e-01 3.606367409229278564e-01 4.656373988837003708e-03
4.626787602901458740e-01 3.533863723278045654e-01 2.329381881281733513e-03
4.526249468326568604e-01 3.509432673454284668e-01 2.128534484654664993e-03
4.423931241035461426e-01 3.525141179561614990e-01 4.072311799973249435e-03
4.357801377773284912e-01 3.564695119857788086e-01 7.059714291244745255e-03
3.816667497158050537e-01 3.361901044845581055e-01 8.587208390235900879e-02
4.364836812019348145e-01 3.742331862449645996e-01 8.524803444743156433e-03
5.085911154747009277e-01 5.117591023445129395e-01 -3.204157203435897827e-02
4.689533114433288574e-01 5.138854980468750000e-01 -2.327419258654117584e-02
4.839843213558197021e-01 4.802991747856140137e-01 -3.507744148373603821e-02
4.920220673084259033e-01 5.108314156532287598e-01 -3.200964629650115967e-02
5.187860727310180664e-01 3.656601011753082275e-01 -1.706588640809059143e-02
4.196955263614654541e-01 6.061481237411499023e-01 2.358719520270824432e-02
4.336591958999633789e-01 6.256786584854125977e-01 1.359393633902072906e-02
4.698469042778015137e-01 6.613368988037109375e-01 -7.332048844546079636e-03
3.912672400474548340e-01 5.736716985702514648e-01 6.953792273998260498e-02
4.791157543659210205e-01 3.701012730598449707e-01 7.337052375078201294e-03
4.969874620437622070e-01 4.161451756954193115e-01 -2.901734970510005951e-02
4.953674077987670898e-01 6.678538322448730469e-01 -8.433029055595397949e-03
4.495002031326293945e-01 6.601709127426147461e-01 1.350221503525972366e-02
3.773757219314575195e-01 4.851283729076385498e-01 6.449531763792037964e-02
4.794490635395050049e-01 5.744706988334655762e-01 -1.751352101564407349e-02
4.768288433551788330e-01 5.778148770332336426e-01 -1.943789795041084290e-02
4.742105603218078613e-01 5.831193923950195312e-01 -2.141451835632324219e-02
4.721962213516235352e-01 5.893640518188476562e-01 -1.992058008909225464e-02
4.665393233299255371e-01 6.022365093231201172e-01 -1.216851361095905304e-02
4.621582925319671631e-01 5.457448363304138184e-01 -1.130572520196437836e-02
4.594587683677673340e-01 5.447917580604553223e-01 -1.143438648432493210e-02
4.571667313575744629e-01 5.433088541030883789e-01 -1.159626431763172150e-02
4.466814100742340088e-01 5.340608358383178711e-01 -9.868488647043704987e-03
4.056535363197326660e-01 4.888961613178253174e-01 9.182669222354888916e-03
4.975569844245910645e-01 3.994397222995758057e-01 -1.770130917429924011e-02
4.922979176044464111e-01 3.622501790523529053e-01 2.577440114691853523e-03
4.845907390117645264e-01 3.637172281742095947e-01 6.060499697923660278e-03
4.643473327159881592e-01 5.458992719650268555e-01 -1.040827576071023941e-02
4.012612700462341309e-01 5.310554504394531250e-01 2.509021386504173279e-02
5.035454034805297852e-01 3.623858988285064697e-01 -1.094186119735240936e-02
4.595109820365905762e-01 6.142587661743164062e-01 -6.709165405482053757e-03
5.163921117782592773e-01 4.231936037540435791e-01 -4.854026436805725098e-02
5.061346888542175293e-01 4.084221124649047852e-01 -3.527123481035232544e-02
5.170225501060485840e-01 4.063543379306793213e-01 -3.700375556945800781e-02
4.867702424526214600e-01 4.415014684200286865e-01 -3.081453219056129456e-02
4.968147575855255127e-01 6.513185501098632812e-01 -1.326809264719486237e-02
4.982377588748931885e-01 6.328540444374084473e-01 -1.266332343220710754e-02
4.779473543167114258e-01 6.280969381332397461e-01 -1.154917012900114059e-02
4.358524680137634277e-01 5.748097300529479980e-01 2.689683577045798302e-03
4.588298797607421875e-01 4.839636385440826416e-01 -1.293430570513010025e-02
4.457278251647949219e-01 5.965036749839782715e-01 -1.574689638800919056e-03
4.326902627944946289e-01 4.773370623588562012e-01 -1.008839812129735947e-02
4.469688832759857178e-01 4.990575909614562988e-01 -1.176908519119024277e-02
4.213292598724365234e-01 5.035530328750610352e-01 -2.185427583754062653e-03
4.730039536952972412e-01 6.453185081481933594e-01 -1.177813299000263214e-02
4.785404503345489502e-01 4.506044089794158936e-01 -2.372536063194274902e-02
4.251815378665924072e-01 5.869650840759277344e-01 1.192402560263872147e-02
4.384828507900238037e-01 6.087868809700012207e-01 5.865220446139574051e-03
4.292384982109069824e-01 5.504618883132934570e-01 2.492060186341404915e-03
3.909367322921752930e-01 5.080432891845703125e-01 3.401210904121398926e-02
4.144615530967712402e-01 5.522333383560180664e-01 1.212299801409244537e-02
3.824618756771087646e-01 5.216122865676879883e-01 5.882055684924125671e-02
4.366045594215393066e-01 5.193611383438110352e-01 -6.962501443922519684e-03
4.882501959800720215e-01 4.265936613082885742e-01 -2.246698364615440369e-02
4.868815839290618896e-01 4.745779633522033691e-01 -4.861858487129211426e-02
4.790542721748352051e-01 4.784198701381683350e-01 -3.691798821091651917e-02
4.928649663925170898e-01 4.635719656944274902e-01 -5.585671961307525635e-02
4.848683476448059082e-01 3.420366346836090088e-01 -8.838837384246289730e-04
4.671351313591003418e-01 3.263153433799743652e-01 -3.442624816671013832e-03
4.507679045200347900e-01 3.219395875930786133e-01 -3.728677053004503250e-03
4.364668130874633789e-01 3.247948884963989258e-01 -3.788563481066375971e-04
4.256431460380554199e-01 3.331435322761535645e-01 5.506306421011686325e-03
4.151479899883270264e-01 3.664247989654541016e-01 2.095184288918972015e-02
3.762912154197692871e-01 4.108526408672332764e-01 6.680938601493835449e-02
4.215579926967620850e-01 3.934698104858398438e-01 1.131256762892007828e-02
4.329710006713867188e-01 4.004554748535156250e-01 5.284543614834547043e-03
4.484137296676635742e-01 4.024340212345123291e-01 1.626898534595966339e-03
4.634943306446075439e-01 4.000556170940399170e-01 4.389775858726352453e-04
4.756418168544769287e-01 3.952641487121582031e-01 1.529852976091206074e-03
4.843790531158447266e-01 3.904314041137695312e-01 1.561079756356775761e-03
3.725095987319946289e-01 4.110831022262573242e-01 1.079228892922401428e-01
4.784540534019470215e-01 4.832639396190643311e-01 -3.142059966921806335e-02
4.963699281215667725e-01 4.310782253742218018e-01 -3.886041790246963501e-02
4.951632022857666016e-01 4.763430356979370117e-01 -5.680397152900695801e-02
5.001953840255737305e-01 4.857162237167358398e-01 -5.207587033510208130e-02
4.946736097335815430e-01 4.793689250946044922e-01 -5.143376067280769348e-02
4.807899594306945801e-01 4.888137280941009521e-01 -2.744729816913604736e-02
5.024427771568298340e-01 4.874149560928344727e-01 -5.499345064163208008e-02
5.028230547904968262e-01 4.916149079799652100e-01 -4.175988584756851196e-02
4.859330952167510986e-01 3.765970766544342041e-01 7.786897011101245880e-03
4.918783605098724365e-01 3.813878297805786133e-01 1.339656882919371128e-03
4.958646297454833984e-01 3.843813538551330566e-01 -6.313344463706016541e-03
4.319901168346405029e-01 3.598085939884185791e-01 1.048575341701507568e-02
4.251004457473754883e-01 3.499331176280975342e-01 1.071288436651229858e-02
5.257368087768554688e-01 4.268934130668640137e-01 -4.395868629217147827e-02
5.942674279212951660e-01 3.870475888252258301e-01 2.324819192290306091e-02
5.215354561805725098e-01 4.914656579494476318e-01 -4.069538414478302002e-02
6.327128410339355469e-01 3.382406830787658691e-01 8.300269395112991333e-02
5.613397359848022461e-01 3.989295065402984619e-01 9.054674766957759857e-03
5.721378326416015625e-01 4.017026424407958984e-01 1.064991112798452377e-02
5.826045274734497070e-01 4.027951359748840332e-01 1.448528189212083817e-02
5.975759029388427734e-01 3.942100405693054199e-01 2.491846308112144470e-02
5.525151491165161133e-01 3.941588103771209717e-01 9.885766543447971344e-03
5.825716257095336914e-01 3.487920165061950684e-01 7.943870499730110168e-03
5.693598389625549316e-01 3.501836359500885010e-01 7.126004900783300400e-03
5.941680073738098145e-01 3.530397117137908936e-01 1.214451808482408524e-02
6.009081602096557617e-01 3.615749478340148926e-01 1.682606711983680725e-02
6.043386459350585938e-01 4.080233573913574219e-01 3.057170473039150238e-02
5.411132574081420898e-01 6.385639905929565430e-01 2.362167462706565857e-03
5.986553430557250977e-01 3.818688094615936279e-01 2.737770229578018188e-02
6.361625790596008301e-01 4.094796776771545410e-01 8.329971879720687866e-02
6.171455383300781250e-01 3.972216248512268066e-01 4.337036982178688049e-02
5.675203800201416016e-01 4.748061001300811768e-01 -4.929402843117713928e-03
5.208047628402709961e-01 5.325734615325927734e-01 -3.297231346368789673e-02
5.184099078178405762e-01 5.419718027114868164e-01 -2.838145382702350616e-02
5.342239737510681152e-01 5.393890142440795898e-01 -2.502623572945594788e-02
5.422923564910888672e-01 5.472531318664550781e-01 -1.504697930067777634e-02
5.290070772171020508e-01 5.453467965126037598e-01 -2.250749990344047546e-02
5.365185737609863281e-01 5.504705309867858887e-01 -1.340433862060308456e-02
5.543518066406250000e-01 5.834363698959350586e-01 4.406254272907972336e-03
5.223274827003479004e-01 4.818419218063354492e-01 -6.063449010252952576e-02
5.253757834434509277e-01 4.653225541114807129e-01 -6.346480548381805420e-02
6.161113381385803223e-01 3.497639298439025879e-01 2.269560843706130981e-02
5.473251342773437500e-01 4.296413660049438477e-01 -5.752786993980407715e-03
5.467479825019836426e-01 4.815447628498077393e-01 -3.088166378438472748e-02
5.482224225997924805e-01 4.727891981601715088e-01 -2.715843170881271362e-02
6.000311374664306641e-01 4.771440625190734863e-01 1.185238175094127655e-02
5.258239507675170898e-01 4.445486068725585938e-01 -5.576247721910476685e-02
5.940766930580139160e-01 3.278156816959381104e-01 2.536687767133116722e-03
6.079125404357910156e-01 3.352400958538055420e-01 1.224183756858110428e-02
6.251964569091796875e-01 3.076852560043334961e-01 6.153634563088417053e-02
5.446363091468811035e-01 3.408973813056945801e-01 -1.095161028206348419e-02
5.575203895568847656e-01 3.577907085418701172e-01 9.438728913664817810e-03
5.635545849800109863e-01 5.656629800796508789e-01 7.401535753160715103e-03
6.132782101631164551e-01 5.657461881637573242e-01 1.053601279854774475e-01
5.370634198188781738e-01 4.901649951934814453e-01 -2.768730185925960541e-02
5.280865430831909180e-01 4.940284490585327148e-01 -2.977876365184783936e-02
5.493977069854736328e-01 5.657012462615966797e-01 5.609673447906970978e-03
5.461077094078063965e-01 5.649743676185607910e-01 2.056997036561369896e-03
6.140325069427490234e-01 3.260411024093627930e-01 1.837001554667949677e-02
5.461531877517700195e-01 4.893541336059570312e-01 -2.502419427037239075e-02
5.739088654518127441e-01 3.285575211048126221e-01 -5.586465355008840561e-03
5.771405696868896484e-01 3.160063922405242920e-01 -7.191572804003953934e-03
5.880554914474487305e-01 2.640745341777801514e-01 1.690016128122806549e-02
6.191228032112121582e-01 3.196513950824737549e-01 3.696762770414352417e-02
5.813623666763305664e-01 2.907508611679077148e-01 4.319806117564439774e-03
6.224049925804138184e-01 3.445799946784973145e-01 3.311173245310783386e-02
6.273062229156494141e-01 3.449888229370117188e-01 5.655683949589729309e-02
5.198557972908020020e-01 5.379259586334228516e-01 -3.185283765196800232e-02
5.315981507301330566e-01 5.429180860519409180e-01 -2.424000762403011322e-02
5.395441055297851562e-01 5.491499900817871094e-01 -1.519203092902898788e-02
5.341026186943054199e-01 4.929982721805572510e-01 -2.550659514963626862e-02
5.477287769317626953e-01 5.653928518295288086e-01 3.670383943244814873e-03
5.434787273406982422e-01 5.750194787979125977e-01 -2.952234121039509773e-03
5.445608496665954590e-01 5.645128488540649414e-01 1.710140961222350597e-03
5.331383943557739258e-01 4.836110770702362061e-01 -4.300095140933990479e-02
5.340312123298645020e-01 5.507053732872009277e-01 -1.199934817850589752e-02
5.267148017883300781e-01 5.462688803672790527e-01 -1.853762380778789520e-02
5.170706510543823242e-01 5.438697934150695801e-01 -2.387878857553005219e-02
5.161988735198974609e-01 6.179565787315368652e-01 -1.169245783239603043e-02
5.177950263023376465e-01 6.040993928909301758e-01 -2.167906798422336578e-02
5.173916220664978027e-01 5.964295864105224609e-01 -2.306590974330902100e-02
5.163710713386535645e-01 5.888223648071289062e-01 -2.055170387029647827e-02
5.148654580116271973e-01 5.831937193870544434e-01 -1.871804147958755493e-02
5.321742296218872070e-01 5.769321322441101074e-01 -8.086154237389564514e-03
5.349156856536865234e-01 5.794831514358520508e-01 -9.861362166702747345e-03
5.379999876022338867e-01 5.834757089614868164e-01 -1.141219865530729294e-02
5.403673052787780762e-01 5.879095196723937988e-01 -9.318605065345764160e-03
5.541739463806152344e-01 5.343241691589355469e-01 -1.073465403169393539e-02
6.298192739486694336e-01 4.829326570034027100e-01 1.257795244455337524e-01
5.377224087715148926e-01 5.722531676292419434e-01 -1.905473764054477215e-03
5.407109856605529785e-01 5.733612775802612305e-01 -3.139718668535351753e-03
5.246011614799499512e-01 5.000587701797485352e-01 -3.053766861557960510e-02
5.414949059486389160e-01 4.988297820091247559e-01 -1.767646707594394684e-02
5.262784957885742188e-01 4.971640408039093018e-01 -3.042961098253726959e-02
5.582513809204101562e-01 4.407898485660552979e-01 -1.610251376405358315e-03
5.759264230728149414e-01 4.541757702827453613e-01 2.341690706089138985e-03
5.492231845855712891e-01 4.808148145675659180e-01 -2.095770463347434998e-02
6.116936802864074707e-01 2.824814319610595703e-01 3.804302215576171875e-02
6.049432158470153809e-01 3.010376393795013428e-01 1.991396583616733551e-02
5.989142656326293945e-01 3.160402178764343262e-01 5.239798687398433685e-03
5.448680520057678223e-01 5.972934961318969727e-01 -1.473372685723006725e-03
5.506067276000976562e-01 3.199997842311859131e-01 -1.416593138128519058e-02
5.551620721817016602e-01 2.869705855846405029e-01 -5.465759430080652237e-03
5.606226325035095215e-01 2.535264492034912109e-01 3.403540467843413353e-03
5.918439626693725586e-01 4.006237983703613281e-01 1.993724331259727478e-02
6.143902540206909180e-01 4.223452806472778320e-01 3.694232180714607239e-02
5.467436909675598145e-01 3.895260989665985107e-01 1.135888881981372833e-02
6.097348928451538086e-01 3.720109760761260986e-01 2.731427177786827087e-02
5.405017137527465820e-01 4.175930023193359375e-01 -9.867870248854160309e-03
5.412846803665161133e-01 4.739521145820617676e-01 -4.217162355780601501e-02
6.281803846359252930e-01 4.395218789577484131e-01 4.956286028027534485e-02
6.059812903404235840e-01 4.336107969284057617e-01 2.573276497423648834e-02
5.914594531059265137e-01 4.382531046867370605e-01 1.410242542624473572e-02
5.709910392761230469e-01 4.321883320808410645e-01 8.030266501009464264e-03
5.565054416656494141e-01 4.228034913539886475e-01 4.765536636114120483e-03
5.460307598114013672e-01 4.136317968368530273e-01 1.346708741039037704e-03
5.279886126518249512e-01 3.933773934841156006e-01 -2.136360295116901398e-02
6.248779892921447754e-01 4.744127392768859863e-01 4.477475956082344055e-02
6.175640821456909180e-01 3.719505071640014648e-01 3.353823348879814148e-02
5.174998044967651367e-01 4.902190864086151123e-01 -5.555981770157814026e-02
5.457659959793090820e-01 4.461218714714050293e-01 -1.171925943344831467e-02
6.364772915840148926e-01 4.091483950614929199e-01 1.215011775493621826e-01
5.384324193000793457e-01 4.037407934665679932e-01 -3.545326471794396639e-04
5.498237609863281250e-01 4.820588529109954834e-01 -9.641956537961959839e-03
6.028136610984802246e-01 3.834562003612518311e-01 2.977682650089263916e-02
5.424156785011291504e-01 4.632255733013153076e-01 -3.749564662575721741e-02
6.236431002616882324e-01 5.229935646057128906e-01 1.184871494770050049e-01
5.473656654357910156e-01 3.834811449050903320e-01 1.468421053141355515e-02
5.346323847770690918e-01 4.518985748291015625e-01 -4.867151752114295959e-02
5.898210406303405762e-01 6.036750078201293945e-01 4.492380097508430481e-02
5.877389907836914062e-01 6.231762766838073730e-01 6.391917169094085693e-02
6.330747604370117188e-01 4.800113737583160400e-01 8.531778305768966675e-02
6.043341159820556641e-01 5.824471116065979004e-01 5.920927226543426514e-02
6.319622993469238281e-01 3.751556277275085449e-01 7.339661568403244019e-02
5.421001911163330078e-01 6.551340818405151367e-01 7.992865517735481262e-03
5.154377222061157227e-01 4.941885769367218018e-01 -4.104498401284217834e-02
5.547831058502197266e-01 4.599230587482452393e-01 -7.575582247227430344e-03
6.253702640533447266e-01 4.023962318897247314e-01 5.516330525279045105e-02
5.830323696136474609e-01 3.919709324836730957e-01 1.574894599616527557e-02
5.736173391342163086e-01 3.919095993041992188e-01 1.241011638194322586e-02
5.459393262863159180e-01 5.769781470298767090e-01 -1.088122371584177017e-03
6.200418472290039062e-01 5.080352425575256348e-01 4.671000316739082336e-02
5.197237730026245117e-01 6.776732802391052246e-01 9.564292617142200470e-03
5.555695295333862305e-01 6.562615633010864258e-01 3.392251580953598022e-02
5.707538723945617676e-01 6.427377462387084961e-01 4.724878445267677307e-02
5.644524097442626953e-01 3.897867500782012939e-01 1.138372253626585007e-02
5.559101104736328125e-01 3.867376148700714111e-01 1.253413781523704529e-02
5.501585006713867188e-01 3.851714730262756348e-01 1.467349473387002945e-02
6.247047185897827148e-01 3.706657886505126953e-01 4.567625746130943298e-02
5.589351058006286621e-01 3.714765906333923340e-01 1.149063091725111008e-02
5.691118836402893066e-01 3.661240637302398682e-01 1.036408450454473495e-02
5.790822505950927734e-01 3.652651607990264893e-01 1.147490739822387695e-02
5.884504914283752441e-01 3.686934709548950195e-01 1.466722134500741959e-02
5.937647223472595215e-01 3.740099370479583740e-01 1.846206560730934143e-02
6.364335417747497559e-01 3.702857494354248047e-01 1.051048263907432556e-01
5.896006822586059570e-01 3.900518119335174561e-01 1.975906826555728912e-02
5.448684096336364746e-01 5.235163569450378418e-01 -1.800568774342536926e-02
5.374884605407714844e-01 4.872513711452484131e-01 -3.157339617609977722e-02
5.246456861495971680e-01 5.149961113929748535e-01 -2.983642555773258209e-02
5.740251541137695312e-01 6.236510276794433594e-01 3.358621150255203247e-02
5.588567852973937988e-01 6.391390562057495117e-01 2.144933491945266724e-02
5.209245085716247559e-01 6.665319204330444336e-01 -4.175009205937385559e-03
6.008963584899902344e-01 5.995973348617553711e-01 8.508944511413574219e-02
5.511320233345031738e-01 3.787938952445983887e-01 1.344097033143043518e-02
5.337092280387878418e-01 4.209280610084533691e-01 -2.616373822093009949e-02
5.392546057701110840e-01 6.686626672744750977e-01 1.978391595184803009e-02
6.269636154174804688e-01 5.171127319335937500e-01 8.166281878948211670e-02
5.245724916458129883e-01 5.807841420173645020e-01 -1.374683994799852371e-02
5.271602272987365723e-01 5.850549936294555664e-01 -1.555490959435701370e-02
5.294266343116760254e-01 5.912758708000183105e-01 -1.734250411391258240e-02
5.309305787086486816e-01 5.984507799148559570e-01 -1.572537794709205627e-02
5.325186848640441895e-01 6.097076535224914551e-01 -7.613602094352245331e-03
5.420861840248107910e-01 5.569418072700500488e-01 -5.128121469169855118e-03
5.448225736618041992e-01 5.565852522850036621e-01 -4.656067583709955215e-03
5.473852753639221191e-01 5.556367635726928711e-01 -4.441095050424337387e-03
5.606021881103515625e-01 5.486673712730407715e-01 -1.346335397101938725e-03
6.049690842628479004e-01 5.149252414703369141e-01 2.300879918038845062e-02
5.341322422027587891e-01 4.043000042438507080e-01 -1.481304410845041275e-02
5.405714511871337891e-01 3.698049187660217285e-01 6.243428215384483337e-03
5.468699932098388672e-01 3.720338940620422363e-01 1.136871986091136932e-02
5.398358702659606934e-01 5.565555691719055176e-01 -4.286709241569042206e-03
6.020118594169616699e-01 5.566929578781127930e-01 3.890561684966087341e-02
5.311131477355957031e-01 3.684426546096801758e-01 -8.603613823652267456e-03
5.372502803802490234e-01 6.228434443473815918e-01 -1.839294563978910446e-03
5.269917249679565430e-01 4.110853672027587891e-01 -3.375976532697677612e-02
5.396662354469299316e-01 4.484313130378723145e-01 -2.701584435999393463e-02
5.184028148651123047e-01 6.325062513351440430e-01 -9.314863942563533783e-03
5.640433430671691895e-01 5.902634263038635254e-01 1.131622307002544403e-02
5.578912496566772461e-01 4.966005384922027588e-01 -6.261898670345544815e-03
5.520665049552917480e-01 6.086776256561279297e-01 5.177826620638370514e-03
5.829425454139709473e-01 4.970573186874389648e-01 2.297233440913259983e-04
5.663961768150329590e-01 5.145505070686340332e-01 -3.459205618128180504e-03
5.888979434967041016e-01 5.254058837890625000e-01 9.498348459601402283e-03
5.205790996551513672e-01 6.504482030868530273e-01 -8.869548328220844269e-03
5.451833009719848633e-01 4.591554105281829834e-01 -1.898436807096004486e-02
5.722327828407287598e-01 6.041848659515380859e-01 2.154828608036041260e-02
5.572100281715393066e-01 6.220830082893371582e-01 1.326498761773109436e-02
5.739920139312744141e-01 5.687333345413208008e-01 1.288724318146705627e-02
6.141397953033447266e-01 5.368040800094604492e-01 4.946398362517356873e-02
5.873435735702514648e-01 5.737709403038024902e-01 2.390577830374240875e-02
6.180135607719421387e-01 5.516020059585571289e-01 7.529051601886749268e-02
5.723008513450622559e-01 5.370421409606933594e-01 2.736960770562291145e-03
5.394632220268249512e-01 4.333339631557464600e-01 -1.836850680410861969e-02
5.369699001312255859e-01 4.810907244682312012e-01 -4.496087878942489624e-02
5.425935387611389160e-01 4.866028726100921631e-01 -3.274318203330039978e-02
5.340297818183898926e-01 4.689038991928100586e-01 -5.314078181982040405e-02
5.513089895248413086e-01 3.535055518150329590e-01 4.126954358071088791e-03
5.708331465721130371e-01 3.423645794391632080e-01 3.818317083641886711e-03
5.872189402580261230e-01 3.412338197231292725e-01 5.844290368258953094e-03
5.997508764266967773e-01 3.466081619262695312e-01 1.116803288459777832e-02
6.073924899101257324e-01 3.565534949302673340e-01 1.840868219733238220e-02
6.087555289268493652e-01 3.902179300785064697e-01 3.467427194118499756e-02
6.361925005912780762e-01 4.444845616817474365e-01 8.503094315528869629e-02
5.980123281478881836e-01 4.145878851413726807e-01 2.404925040900707245e-02
5.863429903984069824e-01 4.184405207633972168e-01 1.644503511488437653e-02
5.719799399375915527e-01 4.158822596073150635e-01 1.090340502560138702e-02
5.587137341499328613e-01 4.099430739879608154e-01 7.860757410526275635e-03
5.486698150634765625e-01 4.033932685852050781e-01 7.159579079598188400e-03
5.418596267700195312e-01 3.972968459129333496e-01 6.156149320304393768e-03
6.333647370338439941e-01 4.456757307052612305e-01 1.276744157075881958e-01
5.416798591613769531e-01 4.912469089031219482e-01 -2.731002308428287506e-02
5.333306193351745605e-01 4.358714520931243896e-01 -3.590142726898193359e-02
5.298525094985961914e-01 4.807313382625579834e-01 -5.449650436639785767e-02
5.228514671325683594e-01 4.885444641113281250e-01 -5.072264000773429871e-02
5.290493369102478027e-01 4.838301241397857666e-01 -4.904909804463386536e-02
5.382504463195800781e-01 4.959280192852020264e-01 -2.396278083324432373e-02
5.209180116653442383e-01 4.896953999996185303e-01 -5.389328300952911377e-02
5.189279913902282715e-01 4.935770630836486816e-01 -4.084571078419685364e-02
5.432693958282470703e-01 3.836929202079772949e-01 1.248793117702007294e-02
5.370572209358215332e-01 3.874193429946899414e-01 4.998738411813974380e-03
5.332968235015869141e-01 3.899965286254882812e-01 -3.328569699078798294e-03
5.965743660926818848e-01 3.782206475734710693e-01 2.235513925552368164e-02
6.043727993965148926e-01 3.713972568511962891e-01 2.332223951816558838e-02
4.527337849140167236e-01 3.648004531860351562e-01 6.813430693000555038e-03
4.641983509063720703e-01 3.659036159515380859e-01 6.813430693000555038e-03
4.539253413677215576e-01 3.494051694869995117e-01 6.813430693000555038e-03
4.410455226898193359e-01 3.636391758918762207e-01 6.813430693000555038e-03
4.514324069023132324e-01 3.800138831138610840e-01 6.813430693000555038e-03
5.756052136421203613e-01 3.787342309951782227e-01 1.587966270744800568e-02
5.872423052787780762e-01 3.799360394477844238e-01 1.587966270744800568e-02
5.766739845275878906e-01 3.630931377410888672e-01 1.587966270744800568e-02
5.639794468879699707e-01 3.774784803390502930e-01 1.587966270744800568e-02
5.745820403099060059e-01 3.944397270679473877e-01 1.587966270744800568e-02
