5.060331225395202637e-01 5.252421498298645020e-01 -3.698781505227088928e-02
5.093365311622619629e-01 4.663385748863220215e-01 -6.066699698567390442e-02
5.066645741462707520e-01 4.859748780727386475e-01 -3.393759205937385559e-02
5.040579438209533691e-01 4.124610722064971924e-01 -4.297463223338127136e-02
5.110203027725219727e-01 4.492546021938323975e-01 -6.356306374073028564e-02
5.126516222953796387e-01 4.281862378120422363e-01 -5.775262415409088135e-02
5.161986351013183594e-01 3.783105909824371338e-01 -2.336560562252998352e-02
4.347546100616455078e-01 3.626313805580139160e-01 1.529601123183965683e-02
5.196083188056945801e-01 3.342180550098419189e-01 -1.265158038586378098e-02
5.216139554977416992e-01 3.117079436779022217e-01 -1.298830937594175339e-02
5.273650884628295898e-01 2.413629442453384399e-01 4.664921201765537262e-03
5.057452917098999023e-01 5.299370288848876953e-01 -3.604846447706222534e-02
5.051680207252502441e-01 5.346028804779052734e-01 -3.271189704537391663e-02
5.046477317810058594e-01 5.375266671180725098e-01 -2.786070480942726135e-02
5.029399394989013672e-01 5.594456195831298828e-01 -2.444428205490112305e-02
5.025349259376525879e-01 5.673615932464599609e-01 -2.637214399874210358e-02
5.016905069351196289e-01 5.772430896759033203e-01 -2.885959297418594360e-02
5.007299184799194336e-01 5.863460898399353027e-01 -2.715839818120002747e-02
4.954943954944610596e-01 6.029138565063476562e-01 -1.699881814420223236e-02
5.081655383110046387e-01 4.758544266223907471e-01 -5.541352555155754089e-02
4.981069564819335938e-01 4.753347933292388916e-01 -4.091887548565864563e-02
3.955277800559997559e-01 3.016126751899719238e-01 7.101532816886901855e-02
4.639026224613189697e-01 3.826058208942413330e-01 4.452583845704793930e-03
4.522317051887512207e-01 3.828360438346862793e-01 4.677890334278345108e-03
4.415723979473114014e-01 3.801665008068084717e-01 7.342466153204441071e-03
4.289813041687011719e-01 3.682326972484588623e-01 1.623966544866561890e-02
4.746116697788238525e-01 3.787696063518524170e-01 6.727019790560007095e-03
4.545443058013916016e-01 3.251048922538757324e-01 2.229686593636870384e-03
4.673396944999694824e-01 3.291769027709960938e-01 3.198398742824792862e-03
4.419800341129302979e-01 3.270650506019592285e-01 5.119661334902048111e-03
4.331064224243164062e-01 3.341466188430786133e-01 8.968927897512912750e-03
4.173921644687652588e-01 3.785665631294250488e-01 2.078837528824806213e-02
4.503701925277709961e-01 6.175011396408081055e-01 -7.729839999228715897e-03
4.313538968563079834e-01 3.569356203079223633e-01 1.901012286543846130e-02
3.827651739120483398e-01 3.714346289634704590e-01 6.971286982297897339e-02
4.054421782493591309e-01 3.642343580722808838e-01 3.244936838746070862e-02
4.523440599441528320e-01 4.508783221244812012e-01 -1.129169110208749771e-02
4.922686517238616943e-01 5.201238393783569336e-01 -3.605492413043975830e-02
4.929664433002471924e-01 5.323745608329772949e-01 -3.178729489445686340e-02
4.782187044620513916e-01 5.244712829589843750e-01 -3.055917471647262573e-02
4.689286351203918457e-01 5.301147103309631348e-01 -2.300067245960235596e-02
4.823818802833557129e-01 5.329355597496032715e-01 -2.799927815794944763e-02
4.741727113723754883e-01 5.354113578796386719e-01 -2.087535895407199860e-02
4.469725191593170166e-01 5.613884925842285156e-01 -7.059793453663587570e-03
5.002496838569641113e-01 4.647385478019714355e-01 -6.004232913255691528e-02
5.002269148826599121e-01 4.482449889183044434e-01 -6.265506893396377563e-02
4.188606142997741699e-01 3.148452341556549072e-01 1.375053916126489639e-02
4.785291850566864014e-01 4.122776985168457031e-01 -8.719193749129772186e-03
4.750548005104064941e-01 4.610058367252349854e-01 -3.400360047817230225e-02
4.744307398796081543e-01 4.527601897716522217e-01 -3.033550642430782318e-02
4.179235696792602539e-01 4.457155764102935791e-01 1.083296723663806915e-03
5.022565722465515137e-01 4.287405014038085938e-01 -5.493054538965225220e-02
4.483135938644409180e-01 2.944381237030029297e-01 -2.548946999013423920e-03
4.317545890808105469e-01 3.009011149406433105e-01 5.039931740611791611e-03
4.112946689128875732e-01 2.731356322765350342e-01 5.198253318667411804e-02
4.970423281192779541e-01 3.170614242553710938e-01 -1.040037348866462708e-02
4.778056144714355469e-01 3.393302559852600098e-01 6.617633625864982605e-03
4.409669041633605957e-01 5.426975488662719727e-01 -4.716489464044570923e-03
3.816722035408020020e-01 5.317714214324951172e-01 8.750140666961669922e-02
4.827099442481994629e-01 4.714317023754119873e-01 -2.977370284497737885e-02
4.907128214836120605e-01 4.774330556392669678e-01 -3.064567595720291138e-02
4.580101668834686279e-01 5.428315401077270508e-01 -5.744262598454952240e-03
4.612939059734344482e-01 5.428813695907592773e-01 -8.602429181337356567e-03
4.264993369579315186e-01 2.900869250297546387e-01 1.095838937908411026e-02
4.738000929355621338e-01 4.695575237274169922e-01 -2.835592627525329590e-02
4.694599807262420654e-01 2.977915406227111816e-01 -7.827745750546455383e-03
4.691630899906158447e-01 2.843056619167327881e-01 -9.107099846005439758e-03
4.618768990039825439e-01 2.400223761796951294e-01 1.433261856436729431e-02
4.186870157718658447e-01 2.869286537170410156e-01 2.891381643712520599e-02
4.661600291728973389e-01 2.679419517517089844e-01 2.407246734946966171e-03
4.124315381050109863e-01 3.083193600177764893e-01 2.373962849378585815e-02
4.037402272224426270e-01 3.100886344909667969e-01 4.634713008999824524e-02
4.923617839813232422e-01 5.268679261207580566e-01 -3.525386005640029907e-02
4.802412986755371094e-01 5.291650891304016113e-01 -2.987058274447917938e-02
4.714261889457702637e-01 5.330103635787963867e-01 -2.290794998407363892e-02
4.849410951137542725e-01 4.752401113510131836e-01 -2.729908749461174011e-02
4.596844017505645752e-01 5.429230332374572754e-01 -7.220555096864700317e-03
4.637579023838043213e-01 5.493279099464416504e-01 -1.324959006160497665e-02
4.628722965717315674e-01 5.428197383880615234e-01 -8.773947134613990784e-03
4.883952140808105469e-01 4.644019305706024170e-01 -4.457398876547813416e-02
4.763683378696441650e-01 5.367568731307983398e-01 -1.916009932756423950e-02
4.841695129871368408e-01 5.350291728973388672e-01 -2.383467927575111389e-02
4.936705827713012695e-01 5.353689193725585938e-01 -2.729002013802528381e-02
4.800979495048522949e-01 5.993267297744750977e-01 -1.736788265407085419e-02
4.855778515338897705e-01 5.815916061401367188e-01 -2.722358517348766327e-02
4.874761402606964111e-01 5.728150010108947754e-01 -2.843277715146541595e-02
4.897324442863464355e-01 5.632104277610778809e-01 -2.572213113307952881e-02
4.918347597122192383e-01 5.562687516212463379e-01 -2.384796179831027985e-02
4.753793478012084961e-01 5.491182208061218262e-01 -1.652053371071815491e-02
4.722871184349060059e-01 5.520744323730468750e-01 -1.836227253079414368e-02
4.685586392879486084e-01 5.563283562660217285e-01 -2.039205282926559448e-02
4.653634130954742432e-01 5.608209967613220215e-01 -1.879874430596828461e-02
4.569078385829925537e-01 5.129109621047973633e-01 -1.886642538011074066e-02
3.738893270492553711e-01 4.458702206611633301e-01 1.088367626070976257e-01
5.074068903923034668e-01 4.805506467819213867e-01 -4.129665344953536987e-02
4.699151515960693359e-01 5.463302135467529297e-01 -1.176712196320295334e-02
4.669062197208404541e-01 5.476502180099487305e-01 -1.307510584592819214e-02
4.930141270160675049e-01 4.843922257423400879e-01 -3.174861520528793335e-02
4.764361381530761719e-01 4.805401265621185303e-01 -2.064972184598445892e-02
4.919478297233581543e-01 4.809663295745849609e-01 -3.135738521814346313e-02
4.654883742332458496e-01 4.206955134868621826e-01 -6.392891984432935715e-03
4.459005296230316162e-01 4.292321205139160156e-01 -4.615947138518095016e-03
4.717836081981658936e-01 4.608107805252075195e-01 -2.459216862916946411e-02
4.324374198913574219e-01 2.517600059509277344e-01 3.153023123741149902e-02
4.385433793067932129e-01 2.720398008823394775e-01 1.460791938006877899e-02
4.456160962581634521e-01 2.818572819232940674e-01 2.301264321431517601e-04
4.547893106937408447e-01 5.754131078720092773e-01 -1.193910930305719376e-02
4.963231384754180908e-01 2.935571670532226562e-01 -1.318684406578540802e-02
4.938371777534484863e-01 2.713400125503540039e-01 -4.049112088978290558e-03
4.923728108406066895e-01 2.374344766139984131e-01 5.140578839927911758e-03
4.331267476081848145e-01 3.754373788833618164e-01 1.185039244592189789e-02
4.031039774417877197e-01 3.895038068294525146e-01 2.566634491086006165e-02
4.820806682109832764e-01 3.743903338909149170e-01 8.891747333109378815e-03
4.206595122814178467e-01 3.415034711360931396e-01 1.806017197668552399e-02
4.876417517662048340e-01 4.018974304199218750e-01 -1.156707853078842163e-02
4.821593165397644043e-01 4.536605477333068848e-01 -4.413505271077156067e-02
3.907125592231750488e-01 4.022617340087890625e-01 3.633148595690727234e-02
4.100324213504791260e-01 4.020609855651855469e-01 1.482316199690103531e-02
4.245905280113220215e-01 4.099119603633880615e-01 4.787278827279806137e-03
4.469963610172271729e-01 4.096602797508239746e-01 1.228350098244845867e-03
4.638386666774749756e-01 4.044146537780761719e-01 -1.972801510419230908e-05
4.772570133209228516e-01 3.975147306919097900e-01 -1.638159505091607571e-03
5.050538778305053711e-01 3.808943629264831543e-01 -1.998453773558139801e-02
3.902736604213714600e-01 4.375966191291809082e-01 3.064430505037307739e-02
4.114505946636199951e-01 3.380492925643920898e-01 2.345219254493713379e-02
5.028642416000366211e-01 4.745093882083892822e-01 -5.505416914820671082e-02
4.786203205585479736e-01 4.282356500625610352e-01 -1.480104587972164154e-02
3.775067925453186035e-01 3.714626133441925049e-01 1.060429364442825317e-01
4.878818988800048828e-01 3.889342546463012695e-01 -1.998136751353740692e-03
4.701518416404724121e-01 4.625720977783203125e-01 -1.374993287026882172e-02
4.260338544845581055e-01 3.566315174102783203e-01 2.079744637012481689e-02
4.820841848850250244e-01 4.438672065734863281e-01 -3.942535445094108582e-02
3.759098052978515625e-01 4.871585369110107422e-01 1.011508256196975708e-01
4.833832979202270508e-01 3.683520257472991943e-01 1.215763296931982040e-02
4.920347630977630615e-01 4.340811967849731445e-01 -4.919948428869247437e-02
4.045984447002410889e-01 5.741779804229736328e-01 2.985467575490474701e-02
4.016036987304687500e-01 5.946579575538635254e-01 4.780089482665061951e-02
3.772506713867187500e-01 4.419554173946380615e-01 6.980773806571960449e-02
3.928235173225402832e-01 5.496592521667480469e-01 4.329942166805267334e-02
3.928650319576263428e-01 3.385722041130065918e-01 6.141204014420509338e-02
4.458131790161132812e-01 6.344805955886840820e-01 -2.751918276771903038e-03
5.033586025238037109e-01 4.793809652328491211e-01 -4.071265459060668945e-02
4.672739505767822266e-01 4.398153126239776611e-01 -1.199321262538433075e-02
3.946105241775512695e-01 3.673756718635559082e-01 4.305335506796836853e-02
4.442999362945556641e-01 3.705402910709381104e-01 8.909088559448719025e-03
4.535038471221923828e-01 3.736301362514495850e-01 6.630482152104377747e-03
4.607793986797332764e-01 5.511133670806884766e-01 -1.175484526902437210e-02
3.904738128185272217e-01 4.719001650810241699e-01 3.179429098963737488e-02
4.646011292934417725e-01 6.617410182952880859e-01 7.710805512033402920e-04
4.304474592208862305e-01 6.346138715744018555e-01 2.083184942603111267e-02
4.166249334812164307e-01 6.182138919830322266e-01 3.252339363098144531e-02
5.246781706809997559e-01 2.769006192684173584e-01 -4.901037551462650299e-03
4.895941019058227539e-01 6.685037612915039062e-01 -1.070053665898740292e-03
4.632813334465026855e-01 3.736831247806549072e-01 6.854444276541471481e-03
4.730333983898162842e-01 3.715787231922149658e-01 9.041159413754940033e-03
4.797108471393585205e-01 3.700991570949554443e-01 1.181692536920309067e-02
4.029598534107208252e-01 3.352192044258117676e-01 3.475157544016838074e-02
4.740677177906036377e-01 3.551548421382904053e-01 7.999089546501636505e-03
4.644057750701904297e-01 3.491386175155639648e-01 5.877794232219457626e-03
4.546572566032409668e-01 3.469917178153991699e-01 5.868980195373296738e-03
4.447637796401977539e-01 3.482647538185119629e-01 7.942307740449905396e-03
4.382695555686950684e-01 3.515169322490692139e-01 1.096185203641653061e-02
3.847411870956420898e-01 3.327933549880981445e-01 9.123986214399337769e-02
4.385316371917724609e-01 3.665646612644195557e-01 1.225772686302661896e-02
5.051659941673278809e-01 5.002855062484741211e-01 -3.220752999186515808e-02
4.686206281185150146e-01 5.040657520294189453e-01 -2.360194548964500427e-02
4.830414056777954102e-01 4.678725004196166992e-01 -3.349376469850540161e-02
4.900925159454345703e-01 4.996848702430725098e-01 -3.205596655607223511e-02
5.176846385002136230e-01 3.574412167072296143e-01 -1.376626361161470413e-02
4.173383712768554688e-01 5.976077318191528320e-01 1.961225643754005432e-02
4.307443499565124512e-01 6.159753799438476562e-01 9.056062437593936920e-03
4.656712412834167480e-01 6.492689251899719238e-01 -1.263481285423040390e-02
3.907177448272705078e-01 5.681109428405761719e-01 6.798653304576873779e-02
4.806859493255615234e-01 3.630794584751129150e-01 1.052996236830949783e-02
4.956153631210327148e-01 4.056203067302703857e-01 -2.635021507740020752e-02
4.905216097831726074e-01 6.559774875640869141e-01 -1.423207577317953110e-02
4.458957612514495850e-01 6.496418118476867676e-01 8.575893938541412354e-03
3.786411285400390625e-01 4.799953699111938477e-01 6.556024402379989624e-02
4.827038645744323730e-01 5.525489449501037598e-01 -2.066109701991081238e-02
4.796181619167327881e-01 5.575099587440490723e-01 -2.264517731964588165e-02
4.763240218162536621e-01 5.646498203277587891e-01 -2.491654269397258759e-02
4.736130535602569580e-01 5.723911523818969727e-01 -2.375332824885845184e-02
4.654797315597534180e-01 5.888053774833679199e-01 -1.630688272416591644e-02
4.674585461616516113e-01 5.388857722282409668e-01 -1.430489774793386459e-02
4.646174907684326172e-01 5.376499295234680176e-01 -1.439977344125509262e-02
4.622631669044494629e-01 5.359336137771606445e-01 -1.436662953346967697e-02
4.474233984947204590e-01 5.261333584785461426e-01 -1.199394091963768005e-02
4.065337181091308594e-01 4.816776812076568604e-01 1.009910926222801208e-02
4.965711832046508789e-01 3.900761604309082031e-01 -1.489052269607782364e-02
4.932873547077178955e-01 3.539743125438690186e-01 5.692645441740751266e-03
4.860266447067260742e-01 3.560566306114196777e-01 9.244231507182121277e-03
4.698258340358734131e-01 5.395107269287109375e-01 -1.340179145336151123e-02
4.015215337276458740e-01 5.240534543991088867e-01 2.432327903807163239e-02
5.039414167404174805e-01 3.535324633121490479e-01 -7.592294830828905106e-03
4.575817286968231201e-01 6.022068262100219727e-01 -1.110367476940155029e-02
5.138537287712097168e-01 4.111763536930084229e-01 -4.597570747137069702e-02
5.043624639511108398e-01 3.975234925746917725e-01 -3.235194459557533264e-02
5.149493813514709473e-01 3.953984379768371582e-01 -3.419500589370727539e-02
4.857271313667297363e-01 4.308032393455505371e-01 -2.855061925947666168e-02
4.921881854534149170e-01 6.386514902114868164e-01 -1.868229545652866364e-02
4.939747750759124756e-01 6.192283034324645996e-01 -1.734301075339317322e-02
4.749292731285095215e-01 6.146059036254882812e-01 -1.609379239380359650e-02
4.350622892379760742e-01 5.662190914154052734e-01 -1.128208474256098270e-03
4.590926766395568848e-01 4.748144447803497314e-01 -1.207559369504451752e-02
4.444356262683868408e-01 5.863328576087951660e-01 -5.911103449761867523e-03
4.331847727298736572e-01 4.686256349086761475e-01 -8.838817477226257324e-03
4.472379684448242188e-01 4.900693893432617188e-01 -1.180655509233474731e-02
4.217781424522399902e-01 4.954697787761688232e-01 -2.059642923995852470e-03
4.693066775798797607e-01 6.325878500938415527e-01 -1.676501892507076263e-02
4.780991375446319580e-01 4.407283961772918701e-01 -2.176493220031261444e-02
4.236105084419250488e-01 5.782813429832458496e-01 8.194188587367534637e-03
4.363188147544860840e-01 5.988457202911376953e-01 1.466547138988971710e-03
4.291118979454040527e-01 5.429441332817077637e-01 -3.492788891890086234e-05
3.917070031166076660e-01 5.017536878585815430e-01 3.417173027992248535e-02
4.141200482845306396e-01 5.445560812950134277e-01 1.006408222019672394e-02
3.829355835914611816e-01 5.159734487533569336e-01 5.861751362681388855e-02
4.369776844978332520e-01 5.115135908126831055e-01 -7.910749875009059906e-03
4.873440563678741455e-01 4.166574776172637939e-01 -2.010916545987129211e-02
4.852863848209381104e-01 4.610958397388458252e-01 -4.664407670497894287e-02
4.783345758914947510e-01 4.664238095283508301e-01 -3.527076542377471924e-02
4.906736016273498535e-01 4.497566521167755127e-01 -5.369653180241584778e-02
4.859227538108825684e-01 3.332298696041107178e-01 2.636678051203489304e-03
4.683211147785186768e-01 3.177581131458282471e-01 5.599094438366591930e-04
4.522011876106262207e-01 3.137758672237396240e-01 5.301359342411160469e-04
4.380628466606140137e-01 3.171324729919433594e-01 4.036732483655214310e-03
4.274015724658966064e-01 3.257545232772827148e-01 9.990532882511615753e-03
4.169062674045562744e-01 3.603089153766632080e-01 2.494231984019279480e-02
3.781024217605590820e-01 4.059236347675323486e-01 7.002239674329757690e-02
4.228778481483459473e-01 3.864297270774841309e-01 1.472041569650173187e-02
4.338860511779785156e-01 3.929639458656311035e-01 8.428301662206649780e-03
4.490688145160675049e-01 3.949531316757202148e-01 4.523463081568479538e-03
4.641134738922119141e-01 3.927080333232879639e-01 3.165203146636486053e-03
4.764702916145324707e-01 3.878153860569000244e-01 4.177817143499851227e-03
4.853143393993377686e-01 3.827275633811950684e-01 4.208891652524471283e-03
3.747819662094116211e-01 4.083007574081420898e-01 1.112037599086761475e-01
4.779588282108306885e-01 4.719440937042236328e-01 -2.998190559446811676e-02
4.946339130401611328e-01 4.195511341094970703e-01 -3.630335628986358643e-02
4.927717745304107666e-01 4.619023799896240234e-01 -5.494687333703041077e-02
4.977284967899322510e-01 4.716528952121734619e-01 -5.065919458866119385e-02
4.925751090049743652e-01 4.652746021747589111e-01 -4.970720410346984863e-02
4.803720414638519287e-01 4.778690934181213379e-01 -2.631201781332492828e-02
4.996074438095092773e-01 4.731615185737609863e-01 -5.360056459903717041e-02
5.001285672187805176e-01 4.780226945877075195e-01 -4.077887162566184998e-02
4.873202443122863770e-01 3.686976432800292969e-01 1.073684450238943100e-02
4.928787946701049805e-01 3.733427226543426514e-01 4.171034786850214005e-03
4.965179860591888428e-01 3.759266734123229980e-01 -3.470162861049175262e-03
4.344661235809326172e-01 3.542694747447967529e-01 1.440838910639286041e-02
4.271465241909027100e-01 3.433426022529602051e-01 1.477980893105268478e-02
5.229809284210205078e-01 4.153171181678771973e-01 -4.172166809439659119e-02
5.953534841537475586e-01 3.852863907814025879e-01 2.376692928373813629e-02
5.170843005180358887e-01 4.783570468425750732e-01 -3.996353596448898315e-02
6.342101097106933594e-01 3.376477360725402832e-01 8.438706398010253906e-02
5.621445178985595703e-01 3.947166800498962402e-01 1.000786758959293365e-02
5.731644630432128906e-01 3.982517719268798828e-01 1.136084645986557007e-02
5.837906599044799805e-01 3.996790647506713867e-01 1.500552427023649216e-02
5.987751483917236328e-01 3.921928703784942627e-01 2.517821453511714935e-02
5.530323386192321777e-01 3.889877200126647949e-01 1.111729629337787628e-02
5.840110182762145996e-01 3.437078297138214111e-01 9.207003749907016754e-03
5.703921914100646973e-01 3.444827497005462646e-01 8.716095238924026489e-03
5.959747433662414551e-01 3.486036062240600586e-01 1.310644112527370453e-02
6.029136776924133301e-01 3.579005300998687744e-01 1.757682859897613525e-02
6.057067513465881348e-01 4.054214358329772949e-01 3.042866662144660950e-02
5.359792709350585938e-01 6.290318369865417480e-01 -3.801855957135558128e-03
5.998541712760925293e-01 3.804823160171508789e-01 2.783394977450370789e-02
6.365795135498046875e-01 4.086105823516845703e-01 8.225156366825103760e-02
6.183474659919738770e-01 3.940143287181854248e-01 4.314902424812316895e-02
5.634728670120239258e-01 4.679529070854187012e-01 -5.352692678570747375e-03
5.196430683135986328e-01 5.237774848937988281e-01 -3.445360437035560608e-02
5.164287686347961426e-01 5.358015894889831543e-01 -3.028085082769393921e-02
5.315480828285217285e-01 5.312017798423767090e-01 -2.730163000524044037e-02
5.384343266487121582e-01 5.392783284187316895e-01 -1.861068233847618103e-02
5.256581902503967285e-01 5.389191508293151855e-01 -2.514021657407283783e-02
5.322102904319763184e-01 5.434029102325439453e-01 -1.708008348941802979e-02
5.481479763984680176e-01 5.764467716217041016e-01 -1.672274665907025337e-03
5.182542204856872559e-01 4.674923717975616455e-01 -5.924200266599655151e-02
5.215151906013488770e-01 4.514726400375366211e-01 -6.172985956072807312e-02
6.179948449134826660e-01 3.428848981857299805e-01 2.388272807002067566e-02
5.448428392410278320e-01 4.223963916301727295e-01 -4.824814386665821075e-03
5.418710708618164062e-01 4.715241491794586182e-01 -3.039161302149295807e-02
5.436784029006958008e-01 4.634913504123687744e-01 -2.662074752151966095e-02
5.963418483734130859e-01 4.728084504604339600e-01 1.049081794917583466e-02
5.224735736846923828e-01 4.317712187767028809e-01 -5.370985344052314758e-02
5.961887240409851074e-01 3.180442452430725098e-01 4.807877354323863983e-03
6.099873185157775879e-01 3.269214034080505371e-01 1.402567978948354721e-02
6.264146566390991211e-01 3.059478998184204102e-01 6.389231234788894653e-02
5.452239513397216797e-01 3.288739919662475586e-01 -7.797148078680038452e-03
5.580644607543945312e-01 3.516560196876525879e-01 1.111829467117786407e-02
5.573081970214843750e-01 5.605322718620300293e-01 1.889215200208127499e-03
6.118675470352172852e-01 5.657898187637329102e-01 1.005204617977142334e-01
5.320547819137573242e-01 4.793830811977386475e-01 -2.727739326655864716e-02
5.232744812965393066e-01 4.826550781726837158e-01 -2.935351058840751648e-02
5.447622537612915039e-01 5.554816126823425293e-01 -5.380504080676473677e-05
5.415882468223571777e-01 5.544847846031188965e-01 -3.507431596517562866e-03
6.159740090370178223e-01 3.173900246620178223e-01 2.032079175114631653e-02
5.410174727439880371e-01 4.801225066184997559e-01 -2.481860481202602386e-02
5.757226943969726562e-01 3.173472881317138672e-01 -2.790105529129505157e-03
5.788275003433227539e-01 3.043414652347564697e-01 -3.999660257250070572e-03
5.884371995925903320e-01 2.598037421703338623e-01 2.128695510327816010e-02
6.194207668304443359e-01 3.166783154010772705e-01 3.896607458591461182e-02
5.810229778289794922e-01 2.854015231132507324e-01 8.069932460784912109e-03
6.240396499633789062e-01 3.377948105335235596e-01 3.435639292001724243e-02
6.278352141380310059e-01 3.431035280227661133e-01 5.766721069812774658e-02
5.183607339859008789e-01 5.305649638175964355e-01 -3.362163528800010681e-02
5.286479592323303223e-01 5.356408357620239258e-01 -2.680459246039390564e-02
5.355299115180969238e-01 5.416242480278015137e-01 -1.886121928691864014e-02
5.290045142173767090e-01 4.823409914970397949e-01 -2.513986825942993164e-02
5.431252121925354004e-01 5.550639629364013672e-01 -1.930823898874223232e-03
5.392100214958190918e-01 5.610288381576538086e-01 -8.735336363315582275e-03
5.399625301361083984e-01 5.539056062698364258e-01 -3.829105058684945107e-03
5.285710692405700684e-01 4.708674848079681396e-01 -4.210694879293441772e-02
5.295097231864929199e-01 5.439981818199157715e-01 -1.555865909904241562e-02
5.231470465660095215e-01 5.404242277145385742e-01 -2.111596241593360901e-02
5.147532224655151367e-01 5.384317636489868164e-01 -2.572414651513099670e-02
5.110237002372741699e-01 6.037712097167968750e-01 -1.594168692827224731e-02
5.152099728584289551e-01 5.867919325828552246e-01 -2.564570866525173187e-02
5.152377486228942871e-01 5.775293111801147461e-01 -2.676262147724628448e-02
5.145601630210876465e-01 5.673769712448120117e-01 -2.407252043485641479e-02
5.133200287818908691e-01 5.599249601364135742e-01 -2.224954776465892792e-02
5.284807682037353516e-01 5.576677918434143066e-01 -1.290612109005451202e-02
5.312291979789733887e-01 5.617213249206542969e-01 -1.476169377565383911e-02
5.342751741409301758e-01 5.672798156738281250e-01 -1.660472527146339417e-02
5.366506576538085938e-01 5.728958845138549805e-01 -1.483932510018348694e-02
5.482643246650695801e-01 5.270487070083618164e-01 -1.388963777571916580e-02
6.301041841506958008e-01 4.840024709701538086e-01 1.230053082108497620e-01
5.334094762802124023e-01 5.560131669044494629e-01 -7.369001861661672592e-03
5.363370180130004883e-01 5.583575963973999023e-01 -8.723411709070205688e-03
5.200189948081970215e-01 4.885933697223663330e-01 -3.042364120483398438e-02
5.360584259033203125e-01 4.899367094039916992e-01 -1.779373362660408020e-02
5.215527415275573730e-01 4.857134521007537842e-01 -3.009084425866603851e-02
5.555312037467956543e-01 4.344228804111480713e-01 -1.220473553985357285e-03
5.728099942207336426e-01 4.485767781734466553e-01 2.202542033046483994e-03
5.444667935371398926e-01 4.721215963363647461e-01 -2.072814106941223145e-02
6.124606728553771973e-01 2.794825434684753418e-01 4.130389913916587830e-02
6.049734354019165039e-01 2.969276607036590576e-01 2.276911213994026184e-02
6.009307503700256348e-01 3.060287237167358398e-01 7.828255183994770050e-03
5.388040542602539062e-01 5.875564217567443848e-01 -7.459582295268774033e-03
5.511158108711242676e-01 3.070724308490753174e-01 -1.053790096193552017e-02
5.548809170722961426e-01 2.807679772377014160e-01 -1.054787891916930676e-03
5.610035061836242676e-01 2.483705878257751465e-01 8.739853277802467346e-03
5.930284261703491211e-01 3.981129825115203857e-01 2.029108069837093353e-02
6.156685948371887207e-01 4.199358820915222168e-01 3.623293340206146240e-02
5.470445752143859863e-01 3.835973441600799561e-01 1.277415361255407333e-02
6.114508509635925293e-01 3.680942952632904053e-01 2.779766172170639038e-02
5.382887125015258789e-01 4.096255302429199219e-01 -8.477700874209403992e-03
5.367754101753234863e-01 4.623211622238159180e-01 -4.118609800934791565e-02
6.267492175102233887e-01 4.372560381889343262e-01 4.813162609934806824e-02
6.077318191528320312e-01 4.308080077171325684e-01 2.494193986058235168e-02
5.934334993362426758e-01 4.346598088741302490e-01 1.358797028660774231e-02
5.725180506706237793e-01 4.277662634849548340e-01 8.088800124824047089e-03
5.575589537620544434e-01 4.176407754421234131e-01 5.292464047670364380e-03
5.465518832206726074e-01 4.076948165893554688e-01 2.350455382838845253e-03
5.262327790260314941e-01 3.841552734375000000e-01 -1.871208660304546356e-02
6.222314834594726562e-01 4.722193777561187744e-01 4.253302887082099915e-02
6.191052198410034180e-01 3.671175539493560791e-01 3.397428989410400391e-02
5.134793519973754883e-01 4.761354327201843262e-01 -5.440744757652282715e-02
5.425031781196594238e-01 4.380733668804168701e-01 -1.098550576716661453e-02
6.378927230834960938e-01 4.101480841636657715e-01 1.207652017474174500e-01
5.385937690734863281e-01 3.970451056957244873e-01 1.114788348786532879e-03
5.450685024261474609e-01 4.741787910461425781e-01 -9.725355543196201324e-03
6.042413711547851562e-01 3.814825415611267090e-01 3.009554184973239899e-02
5.382346510887145996e-01 4.526111483573913574e-01 -3.638996928930282593e-02
6.229893565177917480e-01 5.238468647003173828e-01 1.147502437233924866e-01
5.475324988365173340e-01 3.774998188018798828e-01 1.615728810429573059e-02
5.309339165687561035e-01 4.400537610054016113e-01 -4.702633619308471680e-02
5.862940549850463867e-01 5.998818278312683105e-01 3.867010027170181274e-02
5.849468111991882324e-01 6.201773881912231445e-01 5.784402787685394287e-02
6.316441893577575684e-01 4.792063832283020020e-01 8.241010457277297974e-02
6.012068986892700195e-01 5.798459053039550781e-01 5.361371114850044250e-02
6.324836611747741699e-01 3.738309442996978760e-01 7.345979660749435425e-02
5.372139215469360352e-01 6.463320851325988770e-01 1.480908947996795177e-03
5.114988684654235840e-01 4.806781709194183350e-01 -4.031742364168167114e-02
5.510845184326171875e-01 4.527275264263153076e-01 -7.343203295022249222e-03
6.261898279190063477e-01 3.995852768421173096e-01 5.462822318077087402e-02
5.841196179389953613e-01 3.893449008464813232e-01 1.644040830433368683e-02
5.746369957923889160e-01 3.887226879596710205e-01 1.326021738350391388e-02
5.418263673782348633e-01 5.637818574905395508e-01 -7.024095393717288971e-03
6.166125535964965820e-01 5.057711005210876465e-01 4.345957934856414795e-02
5.147819519042968750e-01 6.679149866104125977e-01 3.403271781280636787e-03
5.514949560165405273e-01 6.499959826469421387e-01 2.733015455305576324e-02
5.673309564590454102e-01 6.381096243858337402e-01 4.072964936494827271e-02
5.652639269828796387e-01 3.859059810638427734e-01 1.246456895023584366e-02
5.564301013946533203e-01 3.819678723812103271e-01 1.379470340907573700e-02
5.504777431488037109e-01 3.796442747116088867e-01 1.606218889355659485e-02
6.258293986320495605e-01 3.659288287162780762e-01 4.600356146693229675e-02
5.593063831329345703e-01 3.676981925964355469e-01 1.293524820357561111e-02
5.697597861289978027e-01 3.639129996299743652e-01 1.171478535979986191e-02
5.798479318618774414e-01 3.639481365680694580e-01 1.263862568885087967e-02
5.893400311470031738e-01 3.677021861076354980e-01 1.558477710932493210e-02
5.948047637939453125e-01 3.729286193847656250e-01 1.919275708496570587e-02
6.378808021545410156e-01 3.705691099166870117e-01 1.055108681321144104e-01
5.906794667243957520e-01 3.878493905067443848e-01 2.034221775829792023e-02
5.393118858337402344e-01 5.149829983711242676e-01 -1.977381110191345215e-02
5.325793027877807617e-01 4.759355187416076660e-01 -3.092983551323413849e-02
5.200263261795043945e-01 5.043623447418212891e-01 -3.046098351478576660e-02
5.701862573623657227e-01 6.185020804405212402e-01 2.676638960838317871e-02
5.545295476913452148e-01 6.324205398559570312e-01 1.467582210898399353e-02
5.158743262290954590e-01 6.557896733283996582e-01 -1.034979615360498428e-02
5.987628102302551270e-01 5.981680154800415039e-01 7.967116683721542358e-02
5.513542294502258301e-01 3.735172450542449951e-01 1.491174288094043732e-02
5.311912298202514648e-01 4.110679328441619873e-01 -2.425255626440048218e-02
5.345568060874938965e-01 6.605157256126403809e-01 1.334404293447732925e-02
6.247088313102722168e-01 5.161258578300476074e-01 7.783828675746917725e-02
5.218269824981689453e-01 5.590841174125671387e-01 -1.787724718451499939e-02
5.242131352424621582e-01 5.651031732559204102e-01 -1.978215016424655914e-02
5.263409614562988281e-01 5.733325481414794922e-01 -2.190606482326984406e-02
5.276011824607849121e-01 5.820671319961547852e-01 -2.066992036998271942e-02
5.266216397285461426e-01 5.973998308181762695e-01 -1.299543958157300949e-02
5.371230840682983398e-01 5.485569238662719727e-01 -9.834806434810161591e-03
5.401752591133117676e-01 5.481503009796142578e-01 -9.479416534304618835e-03
5.429202914237976074e-01 5.470598936080932617e-01 -9.213833138346672058e-03
5.544369816780090332e-01 5.427252054214477539e-01 -5.823075771331787109e-03
6.007893085479736328e-01 5.111322402954101562e-01 2.010096237063407898e-02
5.321792364120483398e-01 3.955908417701721191e-01 -1.277182344347238541e-02
5.405738353729248047e-01 3.619980216026306152e-01 8.371592499315738678e-03
5.469446182250976562e-01 3.654855489730834961e-01 1.310613658279180527e-02
5.344850420951843262e-01 5.483803153038024902e-01 -8.935749530792236328e-03
5.979173779487609863e-01 5.532914996147155762e-01 3.428244963288307190e-02
5.307841300964355469e-01 3.591870665550231934e-01 -5.859618075191974640e-03
5.318472385406494141e-01 6.123915314674377441e-01 -7.573177106678485870e-03
5.247181653976440430e-01 4.005683064460754395e-01 -3.124511800706386566e-02
5.362113118171691895e-01 4.386988878250122070e-01 -2.575140073895454407e-02
5.133371949195861816e-01 6.198398470878601074e-01 -1.447626855224370956e-02
5.589293837547302246e-01 5.841572284698486328e-01 5.099622532725334167e-03
5.529641509056091309e-01 4.892042577266693115e-01 -7.173912599682807922e-03
5.467323064804077148e-01 6.006380319595336914e-01 -1.048494363203644753e-03
5.785455703735351562e-01 4.909365177154541016e-01 -1.310289953835308552e-03
5.614294409751892090e-01 5.076389908790588379e-01 -5.750465672463178635e-03
5.843209624290466309e-01 5.202788710594177246e-01 6.427240092307329178e-03
5.155074000358581543e-01 6.388400793075561523e-01 -1.467704400420188904e-02
5.413460135459899902e-01 4.504809677600860596e-01 -1.828574389219284058e-02
5.677900910377502441e-01 5.985431671142578125e-01 1.509024854749441147e-02
5.523991584777832031e-01 6.147749423980712891e-01 6.763618905097246170e-03
5.688239336013793945e-01 5.638971924781799316e-01 7.476762402802705765e-03
6.104953289031982422e-01 5.344061851501464844e-01 4.531570151448249817e-02
5.827759504318237305e-01 5.693332552909851074e-01 1.855246163904666901e-02
6.153845787048339844e-01 5.500847101211547852e-01 7.045508176088333130e-02
5.670986175537109375e-01 5.315703749656677246e-01 -8.793132728897035122e-04
5.365948677062988281e-01 4.243164062500000000e-01 -1.708195358514785767e-02
5.323571562767028809e-01 4.686059355735778809e-01 -4.397769272327423096e-02
5.376158356666564941e-01 4.759248793125152588e-01 -3.222229704260826111e-02
5.298308134078979492e-01 4.558781981468200684e-01 -5.176712572574615479e-02
5.519220232963562012e-01 3.449468016624450684e-01 6.298992317169904709e-03
5.722218751907348633e-01 3.344452679157257080e-01 5.847507622092962265e-03
5.889912247657775879e-01 3.342689573764801025e-01 7.488018367439508438e-03
6.016700863838195801e-01 3.405589461326599121e-01 1.237879227846860886e-02
6.093354225158691406e-01 3.514520525932312012e-01 1.928234472870826721e-02
6.101290583610534668e-01 3.874389529228210449e-01 3.479202836751937866e-02
6.358400583267211914e-01 4.436268210411071777e-01 8.295636624097824097e-02
5.995498895645141602e-01 4.118172824382781982e-01 2.391149103641510010e-02
5.878646373748779297e-01 4.149598479270935059e-01 1.650862395763397217e-02
5.732219219207763672e-01 4.118394851684570312e-01 1.126229856163263321e-02
5.595504045486450195e-01 4.051930606365203857e-01 8.583078160881996155e-03
5.491260886192321777e-01 3.977630138397216797e-01 8.284021168947219849e-03
5.419940352439880371e-01 3.909050524234771729e-01 7.554311305284500122e-03
6.344450712203979492e-01 4.468850791454315186e-01 1.258913129568099976e-01
5.365679860115051270e-01 4.812348186969757080e-01 -2.697513625025749207e-02
5.302799940109252930e-01 4.250249862670898438e-01 -3.413647040724754333e-02
5.254743695259094238e-01 4.669727981090545654e-01 -5.326091498136520386e-02
5.184859633445739746e-01 4.749444723129272461e-01 -4.966803640127182007e-02
5.245811939239501953e-01 4.704350233078002930e-01 -4.796975478529930115e-02
5.329599976539611816e-01 4.861424267292022705e-01 -2.376387640833854675e-02
5.167032480239868164e-01 4.758013784885406494e-01 -5.279228091239929199e-02
5.147020816802978516e-01 4.803032577037811279e-01 -4.011477530002593994e-02
5.433861017227172852e-01 3.772043287754058838e-01 1.413219980895519257e-02
5.369120240211486816e-01 3.803088068962097168e-01 6.846628617495298386e-03
5.331263542175292969e-01 3.824704289436340332e-01 -1.283025019802153111e-03
5.977538228034973145e-01 3.769717514514923096e-01 2.296488732099533081e-02
6.062309741973876953e-01 3.683512210845947266e-01 2.385364845395088196e-02
4.541769027709960938e-01 3.594033420085906982e-01 1.034762337803840637e-02
4.657181799411773682e-01 3.604316711425781250e-01 1.034762337803840637e-02
4.552883207798004150e-01 3.445493876934051514e-01 1.034762337803840637e-02
4.424785971641540527e-01 3.582890927791595459e-01 1.034762337803840637e-02
4.529745578765869141e-01 3.740411996841430664e-01 1.034762337803840637e-02
5.772170424461364746e-01 3.766531944274902344e-01 1.687907986342906952e-02
5.888281464576721191e-01 3.784637153148651123e-01 1.687907986342906952e-02
5.787495970726013184e-01 3.619666695594787598e-01 1.687907986342906952e-02
5.655755400657653809e-01 3.748018145561218262e-01 1.687907986342906952e-02
5.757172107696533203e-01 3.913584053516387939e-01 1.687907986342906952e-02
