5.088007450103759766e-01 5.310963392257690430e-01 -3.795944154262542725e-02
5.132558941841125488e-01 4.757324755191802979e-01 -6.144053488969802856e-02
5.104975104331970215e-01 4.947019219398498535e-01 -3.435438871383666992e-02
5.071837902069091797e-01 4.202899932861328125e-01 -4.322394356131553650e-02
5.148270130157470703e-01 4.583853483200073242e-01 -6.432981789112091064e-02
5.162308216094970703e-01 4.366749227046966553e-01 -5.828160047531127930e-02
5.190991759300231934e-01 3.848918676376342773e-01 -2.292256429791450500e-02
4.365335702896118164e-01 3.691317439079284668e-01 1.601413451135158539e-02
5.221009850502014160e-01 3.404453098773956299e-01 -1.175927184522151947e-02
5.238793492317199707e-01 3.177025616168975830e-01 -1.201475411653518677e-02
5.287637114524841309e-01 2.443265020847320557e-01 6.992949638515710831e-03
5.086011290550231934e-01 5.353961586952209473e-01 -3.695600852370262146e-02
5.081678032875061035e-01 5.396873950958251953e-01 -3.346469998359680176e-02
5.078038573265075684e-01 5.423784852027893066e-01 -2.856071107089519501e-02
5.065109133720397949e-01 5.660825967788696289e-01 -2.732102386653423309e-02
5.063473582267761230e-01 5.723605751991271973e-01 -2.949441410601139069e-02
5.058259963989257812e-01 5.803955197334289551e-01 -3.233456239104270935e-02
5.051643252372741699e-01 5.885257124900817871e-01 -3.120442852377891541e-02
5.007430315017700195e-01 6.050665974617004395e-01 -2.127548865973949432e-02
5.120616555213928223e-01 4.851393997669219971e-01 -5.608893558382987976e-02
5.012402534484863281e-01 4.844603538513183594e-01 -4.138910025358200073e-02
3.935023844242095947e-01 3.049608170986175537e-01 7.348321378231048584e-02
4.657315611839294434e-01 3.884687423706054688e-01 5.117204971611499786e-03
4.541001319885253906e-01 3.889180123805999756e-01 5.207001697272062302e-03
4.433676600456237793e-01 3.864222764968872070e-01 7.857571355998516083e-03
4.305439889430999756e-01 3.745557665824890137e-01 1.685571856796741486e-02
4.764009714126586914e-01 3.844502568244934082e-01 7.554859388619661331e-03
4.561863243579864502e-01 3.325600028038024902e-01 2.997607691213488579e-03
4.688738286495208740e-01 3.364474177360534668e-01 4.095576703548431396e-03
4.436537027359008789e-01 3.343144655227661133e-01 5.773214623332023621e-03
4.347697794437408447e-01 3.409976363182067871e-01 9.581853635609149933e-03
4.184641838073730469e-01 3.845389485359191895e-01 2.138067223131656647e-02
4.547329545021057129e-01 6.232457160949707031e-01 -1.221736799925565720e-02
4.330542385578155518e-01 3.634744286537170410e-01 1.974759064614772797e-02
3.819055557250976562e-01 3.761082887649536133e-01 7.098178565502166748e-02
4.057264328002929688e-01 3.695275783538818359e-01 3.321975469589233398e-02
4.544292986392974854e-01 4.585369229316711426e-01 -1.159414555877447128e-02
4.944199621677398682e-01 5.266205668449401855e-01 -3.717201948165893555e-02
4.952991604804992676e-01 5.377414226531982422e-01 -3.268593177199363708e-02
4.796986281871795654e-01 5.304416418075561523e-01 -3.183948621153831482e-02
4.699094295501708984e-01 5.362587571144104004e-01 -2.471571788191795349e-02
4.841037690639495850e-01 5.385622978210449219e-01 -2.912406437098979950e-02
4.754244089126586914e-01 5.413704514503479004e-01 -2.234876342117786407e-02
4.505898356437683105e-01 5.686926245689392090e-01 -1.012604683637619019e-02
5.038042068481445312e-01 4.741755425930023193e-01 -6.087390333414077759e-02
5.036681294441223145e-01 4.573782384395599365e-01 -6.351011991500854492e-02
4.196408390998840332e-01 3.212428689002990723e-01 1.425121631473302841e-02
4.806876182556152344e-01 4.191050231456756592e-01 -8.467409759759902954e-03
4.773371219635009766e-01 4.696910381317138672e-01 -3.446972370147705078e-02
4.766733050346374512e-01 4.610570371150970459e-01 -3.068103641271591187e-02
4.192203879356384277e-01 4.530929625034332275e-01 8.202197495847940445e-04
5.055230259895324707e-01 4.372700750827789307e-01 -5.551274493336677551e-02
4.501233696937561035e-01 3.028620183467864990e-01 -2.151107182726264000e-03
4.330216646194458008e-01 3.083063066005706787e-01 5.421014502644538879e-03
4.092995226383209229e-01 2.763127684593200684e-01 5.427608266472816467e-02
4.993989169597625732e-01 3.265469372272491455e-01 -9.675292298197746277e-03
4.792642593383789062e-01 3.461871147155761719e-01 7.693584542721509933e-03
4.438391923904418945e-01 5.512731671333312988e-01 -7.208021823316812515e-03
3.818073272705078125e-01 5.379313230514526367e-01 8.782123774290084839e-02
4.851585030555725098e-01 4.803456068038940430e-01 -3.012640587985515594e-02
4.934965372085571289e-01 4.862409234046936035e-01 -3.099059872329235077e-02
4.591987431049346924e-01 5.501434206962585449e-01 -8.144974708557128906e-03
4.625149667263031006e-01 5.500748157501220703e-01 -1.101321633905172348e-02
4.274747371673583984e-01 2.967976927757263184e-01 1.151725091040134430e-02
4.759681522846221924e-01 4.780826568603515625e-01 -2.875331975519657135e-02
4.716636836528778076e-01 3.071967363357543945e-01 -7.290964014828205109e-03
4.714384377002716064e-01 2.935935556888580322e-01 -8.512050844728946686e-03
4.612840712070465088e-01 2.430794686079025269e-01 1.639554277062416077e-02
4.175963103771209717e-01 2.912654578685760498e-01 2.992996387183666229e-02
4.662116467952728271e-01 2.726012766361236572e-01 3.522985149174928665e-03
4.127341210842132568e-01 3.138830363750457764e-01 2.445232495665550232e-02
4.024969339370727539e-01 3.142997622489929199e-01 4.760065302252769470e-02
4.945812523365020752e-01 5.326301455497741699e-01 -3.629675507545471191e-02
4.818374812602996826e-01 5.349518656730651855e-01 -3.114100173115730286e-02
4.725427627563476562e-01 5.390317440032958984e-01 -2.454076521098613739e-02
4.874465167522430420e-01 4.840512871742248535e-01 -2.761921100318431854e-02
4.608750939369201660e-01 5.501508116722106934e-01 -9.602285921573638916e-03
4.652377068996429443e-01 5.565435886383056641e-01 -1.635212823748588562e-02
4.640806913375854492e-01 5.499858260154724121e-01 -1.122900377959012985e-02
4.911778569221496582e-01 4.737797379493713379e-01 -4.518205672502517700e-02
4.776973426342010498e-01 5.426093339920043945e-01 -2.057329751551151276e-02
4.860030710697174072e-01 5.405622124671936035e-01 -2.487792074680328369e-02
4.961344301700592041e-01 5.405536890029907227e-01 -2.812245301902294159e-02
4.854730963706970215e-01 6.021424531936645508e-01 -2.168468385934829712e-02
4.897187352180480957e-01 5.844823122024536133e-01 -3.133762255311012268e-02
4.912874996662139893e-01 5.765636563301086426e-01 -3.211824223399162292e-02
4.930603504180908203e-01 5.687775611877441406e-01 -2.900537103414535522e-02
4.947343468666076660e-01 5.633431077003479004e-01 -2.684509195387363434e-02
4.769613742828369141e-01 5.569604635238647461e-01 -1.952486857771873474e-02
4.742045998573303223e-01 5.592620372772216797e-01 -2.165913023054599762e-02
4.707831144332885742e-01 5.628675818443298340e-01 -2.395274862647056580e-02
4.678537845611572266e-01 5.670788288116455078e-01 -2.247182652354240417e-02
4.597602784633636475e-01 5.214475393295288086e-01 -2.039044722914695740e-02
3.728372454643249512e-01 4.511086642742156982e-01 1.105588302016258240e-01
5.112560391426086426e-01 4.895806908607482910e-01 -4.169038310647010803e-02
4.710846245288848877e-01 5.540779829025268555e-01 -1.461951341480016708e-02
4.682220220565795898e-01 5.550454854965209961e-01 -1.610632985830307007e-02
4.962053298950195312e-01 4.931339323520660400e-01 -3.231713920831680298e-02
4.787091612815856934e-01 4.890584349632263184e-01 -2.102158218622207642e-02
4.949235618114471436e-01 4.897632896900177002e-01 -3.177072852849960327e-02
4.675041735172271729e-01 4.276667237281799316e-01 -6.243611685931682587e-03
4.476679563522338867e-01 4.364405572414398193e-01 -4.655076656490564346e-03
4.739453494548797607e-01 4.690296649932861328e-01 -2.488906122744083405e-02
4.309104382991790771e-01 2.548112869262695312e-01 3.363517671823501587e-02
4.378941655158996582e-01 2.764885723590850830e-01 1.561368349939584732e-02
4.473828971385955811e-01 2.898408174514770508e-01 8.036408107727766037e-04
4.591770172119140625e-01 5.811440348625183105e-01 -1.559415180236101151e-02
4.987360537052154541e-01 3.032598197460174561e-01 -1.252219453454017639e-02
4.946463108062744141e-01 2.759343981742858887e-01 -2.772890729829668999e-03
4.927306473255157471e-01 2.404761910438537598e-01 7.283926010131835938e-03
4.348008334636688232e-01 3.817968964576721191e-01 1.241698209196329117e-02
4.038439989089965820e-01 3.952860236167907715e-01 2.620962075889110565e-02
4.838022589683532715e-01 3.800425827503204346e-01 9.891844354569911957e-03
4.217147231101989746e-01 3.475533723831176758e-01 1.861229352653026581e-02
4.899095296859741211e-01 4.086427688598632812e-01 -1.126124151051044464e-02
4.847850501537322998e-01 4.627076387405395508e-01 -4.472468420863151550e-02
3.907132148742675781e-01 4.081845879554748535e-01 3.681467473506927490e-02
4.113309979438781738e-01 4.086502790451049805e-01 1.510481536388397217e-02
4.263931214809417725e-01 4.169729650020599365e-01 4.930191207677125931e-03
4.490443468093872070e-01 4.164275527000427246e-01 1.428219024091959000e-03
4.659373760223388672e-01 4.108244776725769043e-01 3.347571182530373335e-04
4.793469011783599854e-01 4.038137197494506836e-01 -1.163418055512011051e-03
5.076566934585571289e-01 3.875026106834411621e-01 -1.959988847374916077e-02
3.907811045646667480e-01 4.442234933376312256e-01 3.073712810873985291e-02
4.119535088539123535e-01 3.437472879886627197e-01 2.408018521964550018e-02
5.064704418182373047e-01 4.838194251060485840e-01 -5.580476671457290649e-02
4.809369444847106934e-01 4.356204271316528320e-01 -1.466341316699981689e-02
3.759025931358337402e-01 3.755800426006317139e-01 1.085932031273841858e-01
4.900297224521636963e-01 3.953948915004730225e-01 -1.357768662273883820e-03
4.722669720649719238e-01 4.705720245838165283e-01 -1.386948022991418839e-02
4.274311363697052002e-01 3.628738522529602051e-01 2.148807980120182037e-02
4.846366047859191895e-01 4.524062573909759521e-01 -3.984929248690605164e-02
3.753921389579772949e-01 4.930562674999237061e-01 1.022468581795692444e-01
4.850574433803558350e-01 3.739821016788482666e-01 1.330067403614521027e-02
4.949449002742767334e-01 4.426032304763793945e-01 -4.974815249443054199e-02
4.067150950431823730e-01 5.807517170906066895e-01 2.759907208383083344e-02
4.037651121616363525e-01 6.011059284210205078e-01 4.615208879113197327e-02
3.773066401481628418e-01 4.476531744003295898e-01 7.061167061328887939e-02
3.941764831542968750e-01 5.559957027435302734e-01 4.209380596876144409e-02
3.917182683944702148e-01 3.428810536861419678e-01 6.280963867902755737e-02
4.502948522567749023e-01 6.402105093002319336e-01 -7.279557175934314728e-03
5.069273710250854492e-01 4.884274005889892578e-01 -4.113221168518066406e-02
4.694262444972991943e-01 4.473006725311279297e-01 -1.197169162333011627e-02
3.940391242504119873e-01 3.719494640827178955e-01 4.392487183213233948e-02
4.462204873561859131e-01 3.768628239631652832e-01 9.571935981512069702e-03
4.554225802421569824e-01 3.797165453433990479e-01 7.317090407013893127e-03
4.624091982841491699e-01 5.583729743957519531e-01 -1.481576636433601379e-02
3.913634419441223145e-01 4.788534939289093018e-01 3.162813186645507812e-02
4.699873328208923340e-01 6.668221950531005859e-01 -3.729201387614011765e-03
4.345311224460601807e-01 6.409157514572143555e-01 1.746391318738460541e-02
4.199580848217010498e-01 6.247203350067138672e-01 2.990811131894588470e-02
5.263562798500061035e-01 2.813561856746673584e-01 -3.265606239438056946e-03
4.954372942447662354e-01 6.729679107666015625e-01 -5.538220517337322235e-03
4.651516675949096680e-01 3.794780373573303223e-01 7.653553038835525513e-03
4.748305380344390869e-01 3.771393299102783203e-01 9.976384229958057404e-03
4.814403653144836426e-01 3.755886256694793701e-01 1.288372185081243515e-02
4.028151631355285645e-01 3.400615751743316650e-01 3.558772057294845581e-02
4.757190942764282227e-01 3.613247871398925781e-01 9.067156352102756500e-03
4.660224318504333496e-01 3.558141589164733887e-01 6.875099614262580872e-03
4.563231468200683594e-01 3.540378212928771973e-01 6.746456027030944824e-03
4.464985430240631104e-01 3.553771078586578369e-01 8.696326054632663727e-03
4.400517344474792480e-01 3.584520816802978516e-01 1.170428097248077393e-02
3.828545808792114258e-01 3.364374041557312012e-01 9.386888146400451660e-02
4.403871595859527588e-01 3.730160892009735107e-01 1.294221915304660797e-02
5.092213153839111328e-01 5.085093975067138672e-01 -3.284250199794769287e-02
4.716450572013854980e-01 5.125294327735900879e-01 -2.471103332936763763e-02
4.855148792266845703e-01 4.769415259361267090e-01 -3.387101739645004272e-02
4.937764704227447510e-01 5.080395936965942383e-01 -3.298682719469070435e-02
5.203375220298767090e-01 3.636179864406585693e-01 -1.295018568634986877e-02
4.203369319438934326e-01 6.041854023933410645e-01 1.639387197792530060e-02
4.344049394130706787e-01 6.223301887512207031e-01 5.133950151503086090e-03
4.709390401840209961e-01 6.542754769325256348e-01 -1.756167411804199219e-02
3.918078839778900146e-01 5.743662118911743164e-01 6.748245656490325928e-02
4.823651611804962158e-01 3.688583076000213623e-01 1.163137890398502350e-02
4.982855618000030518e-01 4.129061102867126465e-01 -2.628744952380657196e-02
4.964759051799774170e-01 6.603250503540039062e-01 -1.909464411437511444e-02
4.506830573081970215e-01 6.554187536239624023e-01 4.465342499315738678e-03
3.791215121746063232e-01 4.859992563724517822e-01 6.597653776407241821e-02
4.849442839622497559e-01 5.601164102554321289e-01 -2.367851696908473969e-02
4.822430014610290527e-01 5.640130043029785156e-01 -2.603287622332572937e-02
4.794064164161682129e-01 5.699614882469177246e-01 -2.863333374261856079e-02
4.770725965499877930e-01 5.769196152687072754e-01 -2.775346115231513977e-02
4.705553650856018066e-01 5.929228663444519043e-01 -2.039575204253196716e-02
4.683371186256408691e-01 5.452840328216552734e-01 -1.622789911925792694e-02
4.654546976089477539e-01 5.441465973854064941e-01 -1.642899028956890106e-02
4.630607068538665771e-01 5.425201058387756348e-01 -1.644890569150447845e-02
4.501663446426391602e-01 5.348289012908935547e-01 -1.399804372340440750e-02
4.078427553176879883e-01 4.891612529754638672e-01 9.460120461881160736e-03
4.989961683750152588e-01 3.967645168304443359e-01 -1.448252145200967789e-02
4.951131939888000488e-01 3.607339560985565186e-01 6.915366277098655701e-03
4.876045882701873779e-01 3.623057901859283447e-01 1.041664928197860718e-02
4.707691073417663574e-01 5.457739830017089844e-01 -1.527465321123600006e-02
4.030009210109710693e-01 5.311253666877746582e-01 2.309978753328323364e-02
5.062625408172607422e-01 3.608438968658447266e-01 -6.706754676997661591e-03
4.621866047382354736e-01 6.074753999710083008e-01 -1.537663303315639496e-02
5.172169804573059082e-01 4.189743101596832275e-01 -4.617679864168167114e-02
5.072500109672546387e-01 4.047477841377258301e-01 -3.230444714426994324e-02
5.181119441986083984e-01 4.025738835334777832e-01 -3.407632932066917419e-02
4.883331656455993652e-01 4.387062489986419678e-01 -2.863806672394275665e-02
4.979683160781860352e-01 6.428224444389343262e-01 -2.375135011970996857e-02
4.994714856147766113e-01 6.225531697273254395e-01 -2.211027592420578003e-02
4.800882637500762939e-01 6.186597943305969238e-01 -2.089677564799785614e-02
4.382056593894958496e-01 5.735638141632080078e-01 -4.324043169617652893e-03
4.611443877220153809e-01 4.828656911849975586e-01 -1.258008554577827454e-02
4.483936727046966553e-01 5.927544832229614258e-01 -9.742483496665954590e-03
4.349958300590515137e-01 4.763838648796081543e-01 -9.612545371055603027e-03
4.493538737297058105e-01 4.982387423515319824e-01 -1.288045849651098251e-02
4.233272969722747803e-01 5.033797621726989746e-01 -3.282531863078474998e-03
4.744449853897094727e-01 6.374583840370178223e-01 -2.184561640024185181e-02
4.804379940032958984e-01 4.485598504543304443e-01 -2.182328701019287109e-02
4.265249669551849365e-01 5.852386355400085449e-01 4.975732881575822830e-03
4.400005638599395752e-01 6.052972078323364258e-01 -2.461920259520411491e-03
4.315208792686462402e-01 5.510419607162475586e-01 -2.505181357264518738e-03
3.928254246711730957e-01 5.087208747863769531e-01 3.364795073866844177e-02
4.161955714225769043e-01 5.518789887428283691e-01 7.881823927164077759e-03
3.837255835533142090e-01 5.221142768859863281e-01 5.841656401753425598e-02
4.389908909797668457e-01 5.200178027153015137e-01 -9.499575942754745483e-03
4.898064732551574707e-01 4.239997565746307373e-01 -2.001077495515346527e-02
4.880014657974243164e-01 4.704356491565704346e-01 -4.729442670941352844e-02
4.807065725326538086e-01 4.753493070602416992e-01 -3.574926778674125671e-02
4.936401546001434326e-01 4.589516222476959229e-01 -5.443819612264633179e-02
4.877294003963470459e-01 3.410872220993041992e-01 3.678788430988788605e-03
4.701675772666931152e-01 3.258314728736877441e-01 1.296639326028525829e-03
4.539924263954162598e-01 3.215377628803253174e-01 1.044265925884246826e-03
4.396722316741943359e-01 3.243638277053833008e-01 4.410075023770332336e-03
4.287446141242980957e-01 3.324652314186096191e-01 1.035725511610507965e-02
4.177629947662353516e-01 3.661153912544250488e-01 2.564523369073867798e-02
3.776690363883972168e-01 4.111041426658630371e-01 7.102406024932861328e-02
4.242314994335174561e-01 3.928056955337524414e-01 1.521066669374704361e-02
4.355043172836303711e-01 3.994157612323760986e-01 8.799197152256965637e-03
4.509255588054656982e-01 4.012337923049926758e-01 4.896759521216154099e-03
4.660065770149230957e-01 3.987222313880920410e-01 3.698909888043999672e-03
4.783436655998229980e-01 3.937391042709350586e-01 4.888230934739112854e-03
4.872171878814697266e-01 3.887361288070678711e-01 5.062598735094070435e-03
3.734340369701385498e-01 4.128583371639251709e-01 1.134431585669517517e-01
4.802748262882232666e-01 4.807030558586120605e-01 -3.037421777844429016e-02
4.975045323371887207e-01 4.274297654628753662e-01 -3.648576512932777405e-02
4.958524405956268311e-01 4.713703393936157227e-01 -5.572652444243431091e-02
5.009136199951171875e-01 4.809628129005432129e-01 -5.132270231842994690e-02
4.955478608608245850e-01 4.747210741043090820e-01 -5.038233473896980286e-02
4.827521443367004395e-01 4.865404069423675537e-01 -2.667712233960628510e-02
5.029914379119873047e-01 4.824642539024353027e-01 -5.432273820042610168e-02
5.034607052803039551e-01 4.871099889278411865e-01 -4.122264683246612549e-02
4.889611005783081055e-01 3.745409250259399414e-01 1.190992724150419235e-02
4.947688877582550049e-01 3.795937299728393555e-01 5.221494939178228378e-03
4.986849427223205566e-01 3.826184570789337158e-01 -2.655916381627321243e-03
4.362437427043914795e-01 3.610420227050781250e-01 1.514697540551424026e-02
4.286122918128967285e-01 3.498011827468872070e-01 1.539355423301458359e-02
5.265609025955200195e-01 4.230094254016876221e-01 -4.167020693421363831e-02
5.969644188880920410e-01 3.890232741832733154e-01 2.665823325514793396e-02
5.213364362716674805e-01 4.872349500656127930e-01 -4.019676148891448975e-02
6.376305222511291504e-01 3.401277363300323486e-01 8.931576460599899292e-02
5.639895200729370117e-01 4.004352092742919922e-01 1.206026040017604828e-02
5.750806927680969238e-01 4.034844338893890381e-01 1.354642957448959351e-02
5.857090353965759277e-01 4.045622348785400391e-01 1.742759719491004944e-02
6.005203723907470703e-01 3.961963951587677002e-01 2.806673571467399597e-02
5.548048615455627441e-01 3.951289355754852295e-01 1.307542715221643448e-02
5.853976011276245117e-01 3.488884270191192627e-01 1.167431101202964783e-02
5.718131065368652344e-01 3.499603867530822754e-01 1.097322069108486176e-02
5.972356796264648438e-01 3.535352349281311035e-01 1.575476489961147308e-02
6.041004657745361328e-01 3.625091314315795898e-01 2.036311477422714233e-02
6.079438924789428711e-01 4.099264740943908691e-01 3.347576409578323364e-02
5.418897867202758789e-01 6.337883472442626953e-01 -7.302210200577974319e-03
6.013425588607788086e-01 3.839484453201293945e-01 3.085494786500930786e-02
6.402863264083862305e-01 4.124850332736968994e-01 8.705703169107437134e-02
6.209014654159545898e-01 3.988755643367767334e-01 4.673055559396743774e-02
5.676671266555786133e-01 4.745265245437622070e-01 -4.340365529060363770e-03
5.228782892227172852e-01 5.305282473564147949e-01 -3.527744859457015991e-02
5.201970934867858887e-01 5.412972569465637207e-01 -3.093524090945720673e-02
5.357778072357177734e-01 5.379667878150939941e-01 -2.795378677546977997e-02
5.435009598731994629e-01 5.463125705718994141e-01 -1.943709142506122589e-02
5.301086306571960449e-01 5.449481606483459473e-01 -2.577731013298034668e-02
5.373029112815856934e-01 5.499846339225769043e-01 -1.786324754357337952e-02
5.528845191001892090e-01 5.823993682861328125e-01 -3.578869393095374107e-03
5.224081873893737793e-01 4.768118262290954590e-01 -5.987715721130371094e-02
5.256184935569763184e-01 4.604788124561309814e-01 -6.233721971511840820e-02
6.195363998413085938e-01 3.495026528835296631e-01 2.699377574026584625e-02
5.484576821327209473e-01 4.286270737648010254e-01 -3.690510056912899017e-03
5.462734103202819824e-01 4.793428778648376465e-01 -2.997399307787418365e-02
5.478944182395935059e-01 4.709519743919372559e-01 -2.606311440467834473e-02
6.006768941879272461e-01 4.786673486232757568e-01 1.247071009129285812e-02
5.263029932975769043e-01 4.401530623435974121e-01 -5.398526042699813843e-02
5.971199870109558105e-01 3.262806832790374756e-01 7.074974942952394485e-03
6.111376881599426270e-01 3.342741429805755615e-01 1.669865846633911133e-02
6.299355030059814453e-01 3.083875775337219238e-01 6.840501725673675537e-02
5.467247962951660156e-01 3.387878835201263428e-01 -6.449004635214805603e-03
5.595985054969787598e-01 3.574867248535156250e-01 1.331330370157957077e-02
5.621567964553833008e-01 5.675278306007385254e-01 8.377334452234208584e-04
6.161162257194519043e-01 5.699715018272399902e-01 1.031037867069244385e-01
5.364794135093688965e-01 4.875515997409820557e-01 -2.699604257941246033e-02
5.276535749435424805e-01 4.909857213497161865e-01 -2.939882501959800720e-02
5.504204630851745605e-01 5.632764697074890137e-01 -1.211975002661347389e-03
5.472154021263122559e-01 5.622233748435974121e-01 -4.865961614996194839e-03
6.172986626625061035e-01 3.248100280761718750e-01 2.333661727607250214e-02
5.454345345497131348e-01 4.877603352069854736e-01 -2.434728294610977173e-02
5.766646862030029297e-01 3.265841305255889893e-01 -9.803808061406016350e-04
5.797803997993469238e-01 3.137538433074951172e-01 -2.086379332467913628e-03
5.912229418754577637e-01 2.625226974487304688e-01 2.463425323367118835e-02
6.231187582015991211e-01 3.200705051422119141e-01 4.272866249084472656e-02
5.838183760643005371e-01 2.894929945468902588e-01 1.074255723506212234e-02
6.259027719497680664e-01 3.443123698234558105e-01 3.791172802448272705e-02
6.316754221916198730e-01 3.463991284370422363e-01 6.203277409076690674e-02
5.218721628189086914e-01 5.365121364593505859e-01 -3.439495339989662170e-02
5.329806208610534668e-01 5.419930219650268555e-01 -2.750262245535850525e-02
5.406036376953125000e-01 5.484172701835632324e-01 -1.970664039254188538e-02
5.334222316741943359e-01 4.904337525367736816e-01 -2.493001520633697510e-02
5.487818717956542969e-01 5.628144741058349609e-01 -3.207019763067364693e-03
5.448073744773864746e-01 5.684645771980285645e-01 -1.092297583818435669e-02
5.456102490425109863e-01 5.616425275802612305e-01 -5.251297727227210999e-03
5.328963994979858398e-01 4.797508716583251953e-01 -4.210290312767028809e-02
5.346404910087585449e-01 5.504238009452819824e-01 -1.631584204733371735e-02
5.276753902435302734e-01 5.462924242019653320e-01 -2.170831710100173950e-02
5.186657309532165527e-01 5.437392592430114746e-01 -2.631083875894546509e-02
5.158690810203552246e-01 6.060818433761596680e-01 -2.001771703362464905e-02
5.198469161987304688e-01 5.893737673759460449e-01 -2.950677648186683655e-02
5.196507573127746582e-01 5.810441970825195312e-01 -3.021185472607612610e-02
5.188487172126770020e-01 5.728216171264648438e-01 -2.711964771151542664e-02
5.175235867500305176e-01 5.669656395912170410e-01 -2.503478340804576874e-02
5.337477922439575195e-01 5.657840371131896973e-01 -1.527597382664680481e-02
5.364539623260498047e-01 5.689889788627624512e-01 -1.741677708923816681e-02
5.394896864891052246e-01 5.737103223800659180e-01 -1.948690414428710938e-02
5.418255329132080078e-01 5.788187384605407715e-01 -1.773178204894065857e-02
5.530006289482116699e-01 5.343682765960693359e-01 -1.429211627691984177e-02
6.336271762847900391e-01 4.879285991191864014e-01 1.273739635944366455e-01
5.390316247940063477e-01 5.642248392105102539e-01 -9.359289892017841339e-03
5.419618487358093262e-01 5.660955309867858887e-01 -1.088034640997648239e-02
5.242633223533630371e-01 4.970051348209381104e-01 -3.068453446030616760e-02
5.404756069183349609e-01 4.975734949111938477e-01 -1.749108359217643738e-02
5.258684754371643066e-01 4.940924346446990967e-01 -3.021973371505737305e-02
5.592675805091857910e-01 4.405870735645294189e-01 7.829429523553699255e-05
5.767920017242431641e-01 4.547309577465057373e-01 3.742561209946870804e-03
5.487221479415893555e-01 4.794476628303527832e-01 -2.010436542332172394e-02
6.157541871070861816e-01 2.820447087287902832e-01 4.519869387149810791e-02
6.082687377929687500e-01 3.005847334861755371e-01 2.601340040564537048e-02
6.018929481506347656e-01 3.142322897911071777e-01 1.036635134369134903e-02
5.433943867683410645e-01 5.920640230178833008e-01 -1.016531232744455338e-02
5.526134371757507324e-01 3.172895312309265137e-01 -9.178276173770427704e-03
5.571671128273010254e-01 2.850278615951538086e-01 1.054355991072952747e-03
5.631872415542602539e-01 2.511681914329528809e-01 1.152993924915790558e-02
5.948957204818725586e-01 4.025143980979919434e-01 2.296556904911994934e-02
6.183720231056213379e-01 4.246394336223602295e-01 3.955784812569618225e-02
5.487383604049682617e-01 3.900645375251770020e-01 1.478966977447271347e-02
6.130587458610534668e-01 3.730289638042449951e-01 3.089676238596439362e-02
5.417945384979248047e-01 4.159158766269683838e-01 -7.473274599760770798e-03
5.411137342453002930e-01 4.707515239715576172e-01 -4.106642305850982666e-02
6.309022307395935059e-01 4.420247077941894531e-01 5.180984735488891602e-02
6.102242469787597656e-01 4.358052611351013184e-01 2.779526077210903168e-02
5.956821441650390625e-01 4.401045143604278564e-01 1.585499569773674011e-02
5.746740698814392090e-01 4.337069988250732422e-01 9.887165389955043793e-03
5.596387386322021484e-01 4.239264130592346191e-01 6.857024971395730972e-03
5.486430525779724121e-01 4.142505526542663574e-01 3.751587588340044022e-03
5.294424295425415039e-01 3.906069397926330566e-01 -1.800673454999923706e-02
6.264222264289855957e-01 4.773252606391906738e-01 4.575117304921150208e-02
6.211323738098144531e-01 3.726949095726013184e-01 3.737083449959754944e-02
5.175964236259460449e-01 4.853617846965789795e-01 -5.499621108174324036e-02
5.462380051612854004e-01 4.447711706161499023e-01 -1.000165566802024841e-02
6.410605311393737793e-01 4.132554829120635986e-01 1.260366886854171753e-01
5.406910181045532227e-01 4.038856029510498047e-01 2.496232045814394951e-03
5.492211580276489258e-01 4.812885224819183350e-01 -8.944598026573657990e-03
6.057307124137878418e-01 3.853406608104705811e-01 3.319392353296279907e-02
5.423898696899414062e-01 4.605253934860229492e-01 -3.610391914844512939e-02
6.267362833023071289e-01 5.280320644378662109e-01 1.183547526597976685e-01
5.492346286773681641e-01 3.839312493801116943e-01 1.837850734591484070e-02
5.349793434143066406e-01 4.482432007789611816e-01 -4.705708101391792297e-02
5.917482376098632812e-01 6.048095226287841797e-01 3.869225457310676575e-02
5.899805426597595215e-01 6.244964003562927246e-01 5.783266574144363403e-02
6.353872418403625488e-01 4.836356937885284424e-01 8.668982982635498047e-02
6.063312888145446777e-01 5.844701528549194336e-01 5.511122941970825195e-02
6.362860798835754395e-01 3.773131370544433594e-01 7.815378904342651367e-02
5.433445572853088379e-01 6.510511040687561035e-01 -1.927288598380982876e-03
5.155485272407531738e-01 4.896378517150878906e-01 -4.064667969942092896e-02
5.549802184104919434e-01 4.593641757965087891e-01 -6.288615986704826355e-03
6.291715502738952637e-01 4.043213725090026855e-01 5.862307548522949219e-02
5.858131647109985352e-01 3.938218653202056885e-01 1.899246685206890106e-02
5.763291120529174805e-01 3.937001526355743408e-01 1.562475692480802536e-02
5.473290681838989258e-01 5.711034536361694336e-01 -9.047233499586582184e-03
6.209424734115600586e-01 5.108906030654907227e-01 4.624627530574798584e-02
5.207574367523193359e-01 6.723818778991699219e-01 -6.748460000380873680e-04
5.570415854454040527e-01 6.547613143920898438e-01 2.498345635831356049e-02
5.726156830787658691e-01 6.427910327911376953e-01 3.940381109714508057e-02
5.669958591461181641e-01 3.913535773754119873e-01 1.469939760863780975e-02
5.581242442131042480e-01 3.878579735755920410e-01 1.599315926432609558e-02
5.521532893180847168e-01 3.858976960182189941e-01 1.829068362712860107e-02
6.283196806907653809e-01 3.714797794818878174e-01 4.984809830784797668e-02
5.610250830650329590e-01 3.723677992820739746e-01 1.525920443236827850e-02
5.714673399925231934e-01 3.675307333469390869e-01 1.414116285741329193e-02
5.815744996070861816e-01 3.671503663063049316e-01 1.519289799034595490e-02
5.910321474075317383e-01 3.708999752998352051e-01 1.826415583491325378e-02
5.964151024818420410e-01 3.762794733047485352e-01 2.199458703398704529e-02
6.411197185516357422e-01 3.732315003871917725e-01 1.107550263404846191e-01
5.923610925674438477e-01 3.919120430946350098e-01 2.308944985270500183e-02
5.438193082809448242e-01 5.224885940551757812e-01 -2.002304606139659882e-02
5.370276570320129395e-01 4.842898249626159668e-01 -3.068765997886657715e-02
5.242638587951660156e-01 5.123143196105957031e-01 -3.106462024152278900e-02
5.758803486824035645e-01 6.236848235130310059e-01 2.537904120981693268e-02
5.604115724563598633e-01 6.374650001525878906e-01 1.220688689500093460e-02
5.221081972122192383e-01 6.602687835693359375e-01 -1.468849927186965942e-02
6.034774184226989746e-01 6.022534370422363281e-01 8.110992610454559326e-02
5.530332922935485840e-01 3.793438076972961426e-01 1.716354303061962128e-02
5.347469449043273926e-01 4.180502593517303467e-01 -2.372160367667675018e-02
5.403656959533691406e-01 6.651483178138732910e-01 1.001305505633354187e-02
6.286487579345703125e-01 5.206249952316284180e-01 8.152853697538375854e-02
5.265710949897766113e-01 5.667011737823486328e-01 -2.044691704213619232e-02
5.289808511734008789e-01 5.714729428291320801e-01 -2.269599772989749908e-02
5.311158895492553711e-01 5.783096551895141602e-01 -2.513372153043746948e-02
5.324708223342895508e-01 5.860722064971923828e-01 -2.410955168306827545e-02
5.311785936355590820e-01 6.005493998527526855e-01 -1.644434221088886261e-02
5.428406000137329102e-01 5.556903481483459473e-01 -1.086131017655134201e-02
5.458438396453857422e-01 5.553925037384033203e-01 -1.052791066467761993e-02
5.485346317291259766e-01 5.544173121452331543e-01 -1.019114442169666290e-02
5.593038797378540039e-01 5.499221682548522949e-01 -6.460514385253190994e-03
6.054411530494689941e-01 5.167276859283447266e-01 2.186178788542747498e-02
5.355311036109924316e-01 4.019916951656341553e-01 -1.187674328684806824e-02
5.424287915229797363e-01 3.692483603954315186e-01 1.023851055651903152e-02
5.486823916435241699e-01 3.719327449798583984e-01 1.525531988590955734e-02
5.402251482009887695e-01 5.553699135780334473e-01 -9.944311343133449554e-03
6.029682755470275879e-01 5.584580898284912109e-01 3.553477302193641663e-02
5.329605937004089355e-01 3.672802150249481201e-01 -4.579002037644386292e-03
5.370802283287048340e-01 6.166437864303588867e-01 -1.106865890324115753e-02
5.281313657760620117e-01 4.076591730117797852e-01 -3.094389289617538452e-02
5.400702953338623047e-01 4.460566937923431396e-01 -2.521420083940029144e-02
5.188032984733581543e-01 6.233861446380615234e-01 -1.889412477612495422e-02
5.640892386436462402e-01 5.901892185211181641e-01 3.296160139143466949e-03
5.574725866317749023e-01 4.962662458419799805e-01 -6.601366680115461349e-03
5.518383979797363281e-01 6.058590412139892578e-01 -3.783911932259798050e-03
5.831730365753173828e-01 4.972030222415924072e-01 -3.985293151345103979e-04
5.662973523139953613e-01 5.145568251609802246e-01 -5.485155154019594193e-03
5.894364118576049805e-01 5.264396667480468750e-01 7.124014664441347122e-03
5.215461850166320801e-01 6.432133913040161133e-01 -1.921258866786956787e-02
5.452671051025390625e-01 4.575840532779693604e-01 -1.754709519445896149e-02
5.733277797698974609e-01 6.041136384010314941e-01 1.354851014912128448e-02
5.580286979675292969e-01 6.199887990951538086e-01 4.143636208027601242e-03
5.740330219268798828e-01 5.704331994056701660e-01 6.684124935418367386e-03
6.151517629623413086e-01 5.394560098648071289e-01 4.758033528923988342e-02
5.880641937255859375e-01 5.749120116233825684e-01 1.839322224259376526e-02
6.198948621749877930e-01 5.545969009399414062e-01 7.333186268806457520e-02
5.722623467445373535e-01 5.385156869888305664e-01 -9.320544195361435413e-04
5.402482748031616211e-01 4.311489760875701904e-01 -1.630832813680171967e-02
5.367306470870971680e-01 4.773868024349212646e-01 -4.397892579436302185e-02
5.420876145362854004e-01 4.840283095836639404e-01 -3.195727244019508362e-02
5.341061353683471680e-01 4.647246897220611572e-01 -5.200447887182235718e-02
5.533630251884460449e-01 3.524785637855529785e-01 8.220764808356761932e-03
5.734182596206665039e-01 3.413908183574676514e-01 7.890741340816020966e-03
5.901525020599365234e-01 3.406458497047424316e-01 9.734597988426685333e-03
6.029027700424194336e-01 3.464618325233459473e-01 1.489932090044021606e-02
6.106524467468261719e-01 3.569043874740600586e-01 2.203441411256790161e-02
6.120785474777221680e-01 3.918661773204803467e-01 3.805502131581306458e-02
6.396039724349975586e-01 4.478621482849121094e-01 8.757314085960388184e-02
6.016663908958435059e-01 4.165094196796417236e-01 2.668158151209354401e-02
5.899920463562011719e-01 4.201784133911132812e-01 1.884284429252147675e-02
5.752822756767272949e-01 4.174755811691284180e-01 1.325945649296045303e-02
5.615628361701965332e-01 4.112107753753662109e-01 1.039885263890028000e-02
5.510827898979187012e-01 4.041517078876495361e-01 9.987330995500087738e-03
5.439669489860534668e-01 3.975953459739685059e-01 9.239412844181060791e-03
6.377441287040710449e-01 4.504107832908630371e-01 1.308563947677612305e-01
5.410280823707580566e-01 4.891620576381683350e-01 -2.664285898208618164e-02
5.340381860733032227e-01 4.325872957706451416e-01 -3.381703048944473267e-02
5.298090577125549316e-01 4.761824309825897217e-01 -5.361559242010116577e-02
5.227398872375488281e-01 4.840327501296997070e-01 -5.009084194898605347e-02
5.289089083671569824e-01 4.795189797878265381e-01 -4.821008816361427307e-02
5.373672246932983398e-01 4.940039813518524170e-01 -2.351697534322738647e-02
5.209165811538696289e-01 4.849570691585540771e-01 -5.331298708915710449e-02
5.188829898834228516e-01 4.891948997974395752e-01 -4.040024802088737488e-02
5.450623035430908203e-01 3.838697373867034912e-01 1.621742919087409973e-02
5.389149188995361328e-01 3.872984945774078369e-01 8.565585128962993622e-03
5.352868437767028809e-01 3.896495401859283447e-01 5.973303268547169864e-05
5.992666482925415039e-01 3.804061114788055420e-01 2.587041631340980530e-02
6.075071096420288086e-01 3.727165758609771729e-01 2.679797448217868805e-02
4.557304084300994873e-01 3.651908934116363525e-01 1.120468694716691971e-02
4.672004580497741699e-01 3.661454319953918457e-01 1.120468694716691971e-02
4.566395580768585205e-01 3.503095507621765137e-01 1.120468694716691971e-02
4.440263509750366211e-01 3.641459345817565918e-01 1.120468694716691971e-02
4.546897411346435547e-01 3.798904418945312500e-01 1.120468694716691971e-02
5.782324075698852539e-01 3.812735676765441895e-01 1.940422318875789642e-02
5.902600884437561035e-01 3.827150762081146240e-01 1.940422318875789642e-02
5.793296098709106445e-01 3.657956719398498535e-01 1.940422318875789642e-02
5.662137269973754883e-01 3.797755837440490723e-01 1.940422318875789642e-02
5.772023200988769531e-01 3.968243896961212158e-01 1.940422318875789642e-02
