5.014062523841857910e-01 5.430623292922973633e-01 -3.407392278313636780e-02
5.091162323951721191e-01 4.844334423542022705e-01 -6.072787940502166748e-02
5.065733790397644043e-01 5.021405816078186035e-01 -3.278832137584686279e-02
5.028268098831176758e-01 4.275038540363311768e-01 -4.455776140093803406e-02
5.105472207069396973e-01 4.668734967708587646e-01 -6.422242522239685059e-02
5.118352770805358887e-01 4.443936347961425781e-01 -5.905703082680702209e-02
5.144518017768859863e-01 3.906139433383941650e-01 -2.627063915133476257e-02
4.328775107860565186e-01 3.793168365955352783e-01 1.411201898008584976e-02
5.173017978668212891e-01 3.450890779495239258e-01 -1.669274643063545227e-02
5.189399719238281250e-01 3.220078349113464355e-01 -1.800006255507469177e-02
5.234667062759399414e-01 2.475585490465164185e-01 -3.237609751522541046e-03
5.010414123535156250e-01 5.483136177062988281e-01 -3.270900994539260864e-02
5.005943179130554199e-01 5.530551671981811523e-01 -2.909829467535018921e-02
5.003075599670410156e-01 5.561159253120422363e-01 -2.408925443887710571e-02
5.001640319824218750e-01 5.565021634101867676e-01 -2.374684624373912811e-02
4.997645616531372070e-01 5.638788938522338867e-01 -2.576499246060848236e-02
4.991497397422790527e-01 5.728935003280639648e-01 -2.859044633805751801e-02
4.984582364559173584e-01 5.821976661682128906e-01 -2.767157740890979767e-02
4.971697926521301270e-01 6.059386134147644043e-01 -1.789124123752117157e-02
5.080670714378356934e-01 4.935441911220550537e-01 -5.508875101804733276e-02
4.972071945667266846e-01 4.922899007797241211e-01 -4.013753309845924377e-02
3.905718326568603516e-01 3.109629154205322266e-01 6.883379071950912476e-02
4.626033902168273926e-01 3.977471590042114258e-01 3.126424038782715797e-03
4.509412348270416260e-01 3.982522189617156982e-01 3.540108678862452507e-03
4.402054548263549805e-01 3.956501483917236328e-01 6.397586315870285034e-03
4.272385537624359131e-01 3.845435976982116699e-01 1.546405348926782608e-02
4.730526804924011230e-01 3.936895132064819336e-01 5.275831092149019241e-03
4.509826600551605225e-01 3.420996069908142090e-01 -7.293021917575970292e-05
4.638219177722930908e-01 3.454003930091857910e-01 7.174363709054887295e-04
4.385986924171447754e-01 3.446616232395172119e-01 3.112914040684700012e-03
4.300819635391235352e-01 3.518168926239013672e-01 7.248179055750370026e-03
4.157484471797943115e-01 3.936444520950317383e-01 2.062363177537918091e-02
4.522579014301300049e-01 6.270828247070312500e-01 -6.104414816945791245e-03
4.293586611747741699e-01 3.739623725414276123e-01 1.782014966011047363e-02
3.800854086875915527e-01 3.823687434196472168e-01 7.027351111173629761e-02
4.029541909694671631e-01 3.791708052158355713e-01 3.214354068040847778e-02
4.505912661552429199e-01 4.646173715591430664e-01 -1.031955890357494354e-02
4.882262349128723145e-01 5.373521447181701660e-01 -3.322279080748558044e-02
4.889699220657348633e-01 5.502722263336181641e-01 -2.804329618811607361e-02
4.752184450626373291e-01 5.405738353729248047e-01 -2.729440480470657349e-02
4.662554264068603516e-01 5.448176860809326172e-01 -1.951481029391288757e-02
4.787749648094177246e-01 5.493399500846862793e-01 -2.406609058380126953e-02
4.705289304256439209e-01 5.497508049011230469e-01 -1.685106009244918823e-02
4.466586709022521973e-01 5.695842504501342773e-01 -3.827376989647746086e-03
4.996767640113830566e-01 4.829196631908416748e-01 -6.004581227898597717e-02
4.994707703590393066e-01 4.658836126327514648e-01 -6.324858963489532471e-02
4.143499135971069336e-01 3.319680094718933105e-01 1.140517089515924454e-02
4.769181013107299805e-01 4.252108931541442871e-01 -9.256543591618537903e-03
4.733527600765228271e-01 4.767133295536041260e-01 -3.332071006298065186e-02
4.728027284145355225e-01 4.677729010581970215e-01 -2.982033230364322662e-02
4.155966341495513916e-01 4.587323665618896484e-01 3.010501386597752571e-03
5.012626647949218750e-01 4.451204240322113037e-01 -5.606378242373466492e-02
4.434600472450256348e-01 3.130787611007690430e-01 -6.105828098952770233e-03
4.268815815448760986e-01 3.188051879405975342e-01 1.993145793676376343e-03
4.055713415145874023e-01 2.821672558784484863e-01 4.814879223704338074e-02
4.929911792278289795e-01 3.347165584564208984e-01 -1.427194848656654358e-02
4.745203852653503418e-01 3.548856377601623535e-01 4.256522748619318008e-03
4.393151402473449707e-01 5.523884296417236328e-01 -1.087847631424665451e-03
3.818542361259460449e-01 5.426454544067382812e-01 9.496230632066726685e-02
4.810554087162017822e-01 4.872710108757019043e-01 -2.892317250370979309e-02
4.894088804721832275e-01 4.932606816291809082e-01 -2.954234741628170013e-02
4.547145366668701172e-01 5.520468950271606445e-01 -1.832835492677986622e-03
4.574893712997436523e-01 5.519656538963317871e-01 -4.780572839081287384e-03
4.210080206394195557e-01 3.071002066135406494e-01 7.541772443801164627e-03
4.719601273536682129e-01 4.844536185264587402e-01 -2.731029689311981201e-02
4.649205803871154785e-01 3.165343403816223145e-01 -1.169453933835029602e-02
4.641654789447784424e-01 3.025777339935302734e-01 -1.357129774987697601e-02
4.565187096595764160e-01 2.479754537343978882e-01 7.847985252737998962e-03
4.137173295021057129e-01 2.972514629364013672e-01 2.500919066369533539e-02
4.614034593105316162e-01 2.777235209941864014e-01 -3.280399367213249207e-03
4.074597060680389404e-01 3.238887190818786621e-01 2.118859440088272095e-02
3.993263840675354004e-01 3.205511569976806641e-01 4.365243017673492432e-02
4.883505702018737793e-01 5.447900891304016113e-01 -3.191670775413513184e-02
4.769948124885559082e-01 5.454720258712768555e-01 -2.621977031230926514e-02
4.683575630187988281e-01 5.474320650100708008e-01 -1.912184245884418488e-02
4.833059608936309814e-01 4.907816946506500244e-01 -2.627668902277946472e-02
4.561435878276824951e-01 5.520356297492980957e-01 -3.340861527249217033e-03
4.612047374248504639e-01 5.550847649574279785e-01 -1.034427247941493988e-02
4.589617252349853516e-01 5.519301295280456543e-01 -5.046581849455833435e-03
4.871502518653869629e-01 4.817124009132385254e-01 -4.421644657850265503e-02
4.721271395683288574e-01 5.514026284217834473e-01 -1.503054890781641006e-02
4.802038371562957764e-01 5.517759323120117188e-01 -1.970748230814933777e-02
4.896609187126159668e-01 5.535381436347961426e-01 -2.333897724747657776e-02
4.820623993873596191e-01 6.033290028572082520e-01 -1.785161346197128296e-02
4.849556982517242432e-01 5.787991285324096680e-01 -2.738798223435878754e-02
4.862592220306396484e-01 5.695515275001525879e-01 -2.810102514922618866e-02
4.878383576869964600e-01 5.608130693435668945e-01 -2.498730830848217010e-02
4.896000623703002930e-01 5.540243983268737793e-01 -2.296208590269088745e-02
4.721357822418212891e-01 5.515136718750000000e-01 -1.457924395799636841e-02
4.696214497089385986e-01 5.547063350677490234e-01 -1.666438393294811249e-02
4.669464230537414551e-01 5.589153170585632324e-01 -1.879844069480895996e-02
4.645161628723144531e-01 5.639131069183349609e-01 -1.709580048918724060e-02
4.553146660327911377e-01 5.257788300514221191e-01 -1.579024083912372589e-02
3.728345036506652832e-01 4.567010104656219482e-01 1.137244105339050293e-01
5.073272585868835449e-01 4.975802600383758545e-01 -4.040716588497161865e-02
4.660082161426544189e-01 5.516440272331237793e-01 -8.950718678534030914e-03
4.637169539928436279e-01 5.532035827636718750e-01 -1.029849052429199219e-02
4.922151863574981689e-01 5.001844763755798340e-01 -3.048570267856121063e-02
4.747384190559387207e-01 4.949557781219482422e-01 -1.927954331040382385e-02
4.908972978591918945e-01 4.968083500862121582e-01 -3.017149679362773895e-02
4.638195037841796875e-01 4.336960017681121826e-01 -6.304760463535785675e-03
4.439761638641357422e-01 4.424086809158325195e-01 -3.902407363057136536e-03
4.700775742530822754e-01 4.753024876117706299e-01 -2.370298653841018677e-02
4.265816807746887207e-01 2.603143453598022461e-01 2.632748521864414215e-02
4.334575235843658447e-01 2.820513546466827393e-01 9.733365848660469055e-03
4.402541220188140869e-01 2.995501160621643066e-01 -3.841994097456336021e-03
4.555324316024780273e-01 5.823826789855957031e-01 -9.764463640749454498e-03
4.915476143360137939e-01 3.112230300903320312e-01 -1.799162104725837708e-02
4.896063506603240967e-01 2.805575430393218994e-01 -1.026257313787937164e-02
4.876820147037506104e-01 2.445894628763198853e-01 -2.203680574893951416e-03
4.316406548023223877e-01 3.913527727127075195e-01 1.105955988168716431e-02
4.017664194107055664e-01 4.040025174617767334e-01 2.614254876971244812e-02
4.802125096321105957e-01 3.894136846065521240e-01 7.262943778187036514e-03
4.176399707794189453e-01 3.584184348583221436e-01 1.661617495119571686e-02
4.859711229801177979e-01 4.147849678993225098e-01 -1.261890213936567307e-02
4.808014035224914551e-01 4.705162346363067627e-01 -4.397771134972572327e-02
3.886952996253967285e-01 4.144751727581024170e-01 3.767195343971252441e-02
4.092220664024353027e-01 4.164616763591766357e-01 1.554340776056051254e-02
4.239727258682250977e-01 4.239916205406188965e-01 5.357254296541213989e-03
4.462470412254333496e-01 4.238362610340118408e-01 1.380974543280899525e-03
4.630117416381835938e-01 4.187689125537872314e-01 -3.490892413537949324e-04
4.760697782039642334e-01 4.118683338165283203e-01 -2.438209019601345062e-03
5.032184720039367676e-01 3.934865593910217285e-01 -2.253104560077190399e-02
3.885696232318878174e-01 4.500638842582702637e-01 3.328600525856018066e-02
4.079992175102233887e-01 3.540141582489013672e-01 2.200412005186080933e-02
5.024320483207702637e-01 4.922613203525543213e-01 -5.469449236989021301e-02
4.771289527416229248e-01 4.419348835945129395e-01 -1.479780115187168121e-02
3.746860623359680176e-01 3.811982870101928711e-01 1.076425611972808838e-01
4.862445592880249023e-01 4.034735858440399170e-01 -3.279375145211815834e-03
4.684521853923797607e-01 4.763835370540618896e-01 -1.263908576220273972e-02
4.237951040267944336e-01 3.735955953598022461e-01 1.977283321321010590e-02
4.807376563549041748e-01 4.597896039485931396e-01 -3.949846699833869934e-02
3.756293058395385742e-01 4.985304474830627441e-01 1.073678210377693176e-01
4.813008010387420654e-01 3.834604620933532715e-01 1.027222629636526108e-02
4.908527731895446777e-01 4.503631889820098877e-01 -4.990492016077041626e-02
4.051841199398040771e-01 5.849117040634155273e-01 3.487990796566009521e-02
4.036183655261993408e-01 6.048392057418823242e-01 5.464186519384384155e-02
3.764157295227050781e-01 4.538043737411499023e-01 7.343612611293792725e-02
3.925594985485076904e-01 5.607047080993652344e-01 4.901954159140586853e-02
3.892271518707275391e-01 3.491389751434326172e-01 6.030850112438201904e-02
4.484407603740692139e-01 6.441736221313476562e-01 -2.814362524077296257e-04
5.029680132865905762e-01 4.964632391929626465e-01 -3.978933021426200867e-02
4.656552970409393311e-01 4.533658921718597412e-01 -1.144394837319850922e-02
3.917775154113769531e-01 3.814034461975097656e-01 4.306981712579727173e-02
4.426685571670532227e-01 3.866780400276184082e-01 7.618805859237909317e-03
4.519363045692443848e-01 3.893583714962005615e-01 5.206999834626913071e-03
4.588185548782348633e-01 5.574753284454345703e-01 -8.599507622420787811e-03
3.889072537422180176e-01 4.845377206802368164e-01 3.576863557100296021e-02
4.679028689861297607e-01 6.695046424865722656e-01 3.302391385659575462e-03
4.339466392993927002e-01 6.444872021675109863e-01 2.531692571938037872e-02
4.197284281253814697e-01 6.283714771270751953e-01 3.815094754099845886e-02
5.211424231529235840e-01 2.853270769119262695e-01 -1.142974477261304855e-02
4.922592043876647949e-01 6.749325394630432129e-01 9.725556010380387306e-04
4.617253541946411133e-01 3.889612555503845215e-01 5.285911262035369873e-03
4.713439345359802246e-01 3.865602314472198486e-01 7.339722011238336563e-03
4.778412878513336182e-01 3.850754499435424805e-01 1.001391001045703888e-02
3.990601897239685059e-01 3.496181964874267578e-01 3.337635472416877747e-02
4.714369177818298340e-01 3.693212568759918213e-01 5.863059312105178833e-03
4.616439640522003174e-01 3.632386326789855957e-01 3.759900573641061783e-03
4.519048333168029785e-01 3.616542220115661621e-01 3.818806726485490799e-03
4.421700537204742432e-01 3.638408780097961426e-01 6.088388152420520782e-03
4.359348118305206299e-01 3.678086102008819580e-01 9.334747679531574249e-03
3.807581067085266113e-01 3.422961235046386719e-01 9.087100625038146973e-02
4.367552399635314941e-01 3.830043673515319824e-01 1.105583272874355316e-02
5.052074193954467773e-01 5.157369375228881836e-01 -3.062378056347370148e-02
4.675627052783966064e-01 5.179885029792785645e-01 -2.118388749659061432e-02
4.814440608024597168e-01 4.842308759689331055e-01 -3.285186737775802612e-02
4.896622300148010254e-01 5.149325728416442871e-01 -3.040927462279796600e-02
5.156441926956176758e-01 3.685986101627349854e-01 -1.719663292169570923e-02
4.190949499607086182e-01 6.082039475440979004e-01 2.389136143028736115e-02
4.330057501792907715e-01 6.263808012008666992e-01 1.245763711631298065e-02
4.684871435165405273e-01 6.576626300811767578e-01 -1.097916252911090851e-02
3.917171359062194824e-01 5.783500671386718750e-01 7.566981017589569092e-02
4.783354997634887695e-01 3.778251409530639648e-01 8.521920070052146912e-03
4.940627813339233398e-01 4.195614457130432129e-01 -2.781287580728530884e-02
4.931619763374328613e-01 6.629860997200012207e-01 -1.298249792307615280e-02
4.494494199752807617e-01 6.587479114532470703e-01 1.193986088037490845e-02
3.783058524131774902e-01 4.919216334819793701e-01 7.046244293451309204e-02
4.801560640335083008e-01 5.521131753921508789e-01 -1.929785683751106262e-02
4.775714278221130371e-01 5.573442578315734863e-01 -2.156715281307697296e-02
4.753609299659729004e-01 5.640308856964111328e-01 -2.407750487327575684e-02
4.734433889389038086e-01 5.721878409385681152e-01 -2.303093858063220978e-02
4.671042263507843018e-01 5.942301154136657715e-01 -1.540086977183818817e-02
4.638154208660125732e-01 5.507861375808715820e-01 -1.030659582465887070e-02
4.615500867366790771e-01 5.497379302978515625e-01 -1.044773124158382416e-02
4.596156179904937744e-01 5.484187602996826172e-01 -1.054868008941411972e-02
4.453089833259582520e-01 5.374908447265625000e-01 -8.555434644222259521e-03
4.041147232055664062e-01 4.945923388004302979e-01 1.342057716101408005e-02
4.948273301124572754e-01 4.028710722923278809e-01 -1.669130660593509674e-02
4.902796149253845215e-01 3.691036105155944824e-01 3.320904448628425598e-03
4.832245409488677979e-01 3.712154924869537354e-01 7.059027906507253647e-03
4.659813642501831055e-01 5.517138242721557617e-01 -9.324776008725166321e-03
3.998958468437194824e-01 5.359107255935668945e-01 2.881582081317901611e-02
5.008276700973510742e-01 3.684633970260620117e-01 -1.057456247508525848e-02
4.592376053333282471e-01 6.102464795112609863e-01 -1.003344357013702393e-02
5.127292871475219727e-01 4.260307848453521729e-01 -4.782130941748619080e-02
5.028387308120727539e-01 4.113910794258117676e-01 -3.456734493374824524e-02
5.135420560836791992e-01 4.090325832366943359e-01 -3.665294125676155090e-02
4.844090342521667480e-01 4.456069469451904297e-01 -2.895548380911350250e-02
4.944660663604736328e-01 6.455981135368347168e-01 -1.856583170592784882e-02
4.958929717540740967e-01 6.245580911636352539e-01 -1.794658601284027100e-02
4.768769145011901855e-01 6.211588382720947266e-01 -1.629851572215557098e-02
4.352682828903198242e-01 5.760100483894348145e-01 2.107589272782206535e-03
4.573725163936614990e-01 4.884241819381713867e-01 -1.057483255863189697e-02
4.456974565982818604e-01 5.954644680023193359e-01 -3.686642739921808243e-03
4.307218194007873535e-01 4.820835888385772705e-01 -7.156849838793277740e-03
4.451286196708679199e-01 5.033102631568908691e-01 -9.562215767800807953e-03
4.189732074737548828e-01 5.083483457565307617e-01 6.354647921398282051e-04
4.715226292610168457e-01 6.409041881561279297e-01 -1.619897410273551941e-02
4.766860306262969971e-01 4.550741016864776611e-01 -2.155649475753307343e-02
4.244253933429718018e-01 5.887496471405029297e-01 1.187300216406583786e-02
4.379039406776428223e-01 6.090109944343566895e-01 4.156911280006170273e-03
4.278805255889892578e-01 5.536522269248962402e-01 3.525312058627605438e-03
3.903137445449829102e-01 5.141088962554931641e-01 3.891779109835624695e-02
4.131645858287811279e-01 5.556517839431762695e-01 1.399638317525386810e-02
3.826563954353332520e-01 5.276010632514953613e-01 6.447916477918624878e-02
4.343183338642120361e-01 5.236214995384216309e-01 -4.973381757736206055e-03
4.858437478542327881e-01 4.305347204208374023e-01 -2.078355662524700165e-02
4.839756786823272705e-01 4.784285128116607666e-01 -4.642378911375999451e-02
4.766572415828704834e-01 4.825317263603210449e-01 -3.450035303831100464e-02
4.895556569099426270e-01 4.672902226448059082e-01 -5.392222478985786438e-02
4.823865294456481934e-01 3.496291637420654297e-01 -2.078524266835302114e-04
4.644172787666320801e-01 3.350061774253845215e-01 -2.450263826176524162e-03
4.482113122940063477e-01 3.315261006355285645e-01 -2.290909644216299057e-03
4.341600239276885986e-01 3.349722623825073242e-01 1.591909211128950119e-03
4.238054752349853516e-01 3.434944450855255127e-01 7.934365421533584595e-03
4.146408438682556152e-01 3.761967420578002930e-01 2.421214804053306580e-02
3.764289915561676025e-01 4.174298346042633057e-01 7.218110561370849609e-02
4.216713905334472656e-01 4.015260338783264160e-01 1.462389901280403137e-02
4.328865408897399902e-01 4.076369404792785645e-01 8.192687295377254486e-03
4.481213986873626709e-01 4.096547365188598633e-01 4.076326265931129456e-03
4.630174040794372559e-01 4.073652625083923340e-01 2.370177535340189934e-03
4.750550389289855957e-01 4.023671150207519531e-01 3.119606291875243187e-03
4.835505783557891846e-01 3.972406983375549316e-01 2.869298448786139488e-03
3.728829026222229004e-01 4.183903932571411133e-01 1.144755557179450989e-01
4.762090146541595459e-01 4.873524904251098633e-01 -2.899516932666301727e-02
4.933432340621948242e-01 4.345981478691101074e-01 -3.732619062066078186e-02
4.917677342891693115e-01 4.798666536808013916e-01 -5.489506572484970093e-02
4.968642592430114746e-01 4.891321957111358643e-01 -5.023683607578277588e-02
4.914622008800506592e-01 4.829038679599761963e-01 -4.946838319301605225e-02
4.786714315414428711e-01 4.928677380084991455e-01 -2.515948377549648285e-02
4.989410638809204102e-01 4.908272624015808105e-01 -5.318260937929153442e-02
4.994681775569915771e-01 4.950336515903472900e-01 -3.992881998419761658e-02
4.850796461105346680e-01 3.838812708854675293e-01 8.878990076482295990e-03
4.905743002891540527e-01 3.880166113376617432e-01 2.331900410354137421e-03
4.942601323127746582e-01 3.906077444553375244e-01 -5.381885450333356857e-03
4.323239326477050781e-01 3.710023462772369385e-01 1.299310848116874695e-02
4.244279265403747559e-01 3.608168661594390869e-01 1.333191804587841034e-02
5.219860672950744629e-01 4.297841191291809082e-01 -4.347891733050346375e-02
5.942246913909912109e-01 3.950843513011932373e-01 2.145833149552345276e-02
5.177147984504699707e-01 4.946965873241424561e-01 -3.933034464716911316e-02
6.330270767211914062e-01 3.401264250278472900e-01 7.973994314670562744e-02
5.605849623680114746e-01 4.073060452938079834e-01 7.951662875711917877e-03
5.718581080436706543e-01 4.103537797927856445e-01 9.330574423074722290e-03
5.825509428977966309e-01 4.108061492443084717e-01 1.302965730428695679e-02
5.975581407546997070e-01 4.010779857635498047e-01 2.318784780800342560e-02
5.511376261711120605e-01 4.017294049263000488e-01 9.092653170228004456e-03
5.813039541244506836e-01 3.537423014640808105e-01 5.945597775280475616e-03
5.676132440567016602e-01 3.555178046226501465e-01 5.461363121867179871e-03
5.934618115425109863e-01 3.578352630138397217e-01 1.003845222294330597e-02
6.006685495376586914e-01 3.665943443775177002e-01 1.468660309910774231e-02
6.043726205825805664e-01 4.136400818824768066e-01 2.899262867867946625e-02
5.377891659736633301e-01 6.361171007156372070e-01 -2.755691763013601303e-03
5.985527634620666504e-01 3.890556693077087402e-01 2.548953518271446228e-02
6.353133916854858398e-01 4.128934144973754883e-01 8.121851086616516113e-02
6.164968013763427734e-01 4.012460410594940186e-01 4.141894727945327759e-02
5.636785626411437988e-01 4.784401059150695801e-01 -5.218537990003824234e-03
5.149511098861694336e-01 5.412442088127136230e-01 -3.191087022423744202e-02
5.121195316314697266e-01 5.538619756698608398e-01 -2.678429707884788513e-02
5.269600749015808105e-01 5.481178760528564453e-01 -2.460594102740287781e-02
5.344000458717346191e-01 5.548782348632812500e-01 -1.585948839783668518e-02
5.218535661697387695e-01 5.559069514274597168e-01 -2.170770056545734406e-02
5.293218493461608887e-01 5.586401820182800293e-01 -1.369283068925142288e-02
5.498488545417785645e-01 5.819020867347717285e-01 7.076005567796528339e-04
5.183482170104980469e-01 4.851708710193634033e-01 -5.935844406485557556e-02
5.212364792823791504e-01 4.684946238994598389e-01 -6.244356185197830200e-02
6.151414513587951660e-01 3.510526716709136963e-01 2.012228965759277344e-02
5.438383221626281738e-01 4.332731068134307861e-01 -5.902690347284078598e-03
5.425514578819274902e-01 4.849730134010314941e-01 -3.025199845433235168e-02
5.439518094062805176e-01 4.761983752250671387e-01 -2.667503617703914642e-02
5.968362092971801758e-01 4.808573424816131592e-01 1.118100713938474655e-02
5.218281149864196777e-01 4.475339651107788086e-01 -5.501526221632957458e-02
5.926104784011840820e-01 3.286306262016296387e-01 2.915851073339581490e-04
6.067154407501220703e-01 3.360646367073059082e-01 9.778213687241077423e-03
6.251521706581115723e-01 3.087185323238372803e-01 5.783412232995033264e-02
5.421643853187561035e-01 3.421400487422943115e-01 -1.201892737299203873e-02
5.553626418113708496e-01 3.637303411960601807e-01 8.106867782771587372e-03
5.595825910568237305e-01 5.670928359031677246e-01 4.438371863216161728e-03
6.121888160705566406e-01 5.697100758552551270e-01 1.053285896778106689e-01
5.331449508666992188e-01 4.935248494148254395e-01 -2.676543965935707092e-02
5.242748856544494629e-01 4.973890185356140137e-01 -2.843434363603591919e-02
5.434548258781433105e-01 5.655342340469360352e-01 2.953335875645279884e-03
5.406689643859863281e-01 5.645994544029235840e-01 -5.066366866230964661e-04
6.124656200408935547e-01 3.263507485389709473e-01 1.568570174276828766e-02
5.420154929161071777e-01 4.928278625011444092e-01 -2.428715489804744720e-02
5.722445249557495117e-01 3.293277621269226074e-01 -7.333998102694749832e-03
5.749318599700927734e-01 3.166761398315429688e-01 -9.167659096419811249e-03
5.859870910644531250e-01 2.640836536884307861e-01 1.345453970134258270e-02
6.183271408081054688e-01 3.212553262710571289e-01 3.377285227179527283e-02
5.785925388336181641e-01 2.918538153171539307e-01 1.637629349716007710e-03
6.210979819297790527e-01 3.454486131668090820e-01 3.036135621368885040e-02
6.269613504409790039e-01 3.473371267318725586e-01 5.347475036978721619e-02
5.137058496475219727e-01 5.485983490943908691e-01 -3.057987615466117859e-02
5.243468284606933594e-01 5.525915026664733887e-01 -2.369136363267898560e-02
5.319543480873107910e-01 5.569509267807006836e-01 -1.576179824769496918e-02
5.301814079284667969e-01 4.963671863079071045e-01 -2.443349733948707581e-02
5.420467853546142578e-01 5.651068091392517090e-01 1.098466105759143829e-03
5.371528267860412598e-01 5.665550231933593750e-01 -6.540420930832624435e-03
5.391845107078552246e-01 5.640661716461181641e-01 -8.828314603306353092e-04
5.291844010353088379e-01 4.868651628494262695e-01 -4.211629182100296021e-02
5.272982120513916016e-01 5.596020221710205078e-01 -1.201616041362285614e-02
5.199323296546936035e-01 5.577563047409057617e-01 -1.744979619979858398e-02
5.108788013458251953e-01 5.567930936813354492e-01 -2.203603833913803101e-02
5.122619271278381348e-01 6.067742705345153809e-01 -1.659372262656688690e-02
5.120981335639953613e-01 5.828963518142700195e-01 -2.601915784180164337e-02
5.120369195938110352e-01 5.733632445335388184e-01 -2.666660025715827942e-02
5.116153955459594727e-01 5.643240809440612793e-01 -2.358289621770381927e-02
5.107136964797973633e-01 5.571911334991455078e-01 -2.160434052348136902e-02
5.271304845809936523e-01 5.597273707389831543e-01 -1.155539043247699738e-02
5.294348001480102539e-01 5.636606216430664062e-01 -1.361726503819227219e-02
5.316305756568908691e-01 5.686100721359252930e-01 -1.559619884938001633e-02
5.334219932556152344e-01 5.741971135139465332e-01 -1.373410876840353012e-02
5.499143600463867188e-01 5.373688936233520508e-01 -1.162306405603885651e-02
6.291812062263488770e-01 4.875054657459259033e-01 1.252154558897018433e-01
5.325782299041748047e-01 5.615921616554260254e-01 -5.279507022351026535e-03
5.348535776138305664e-01 5.639586448669433594e-01 -6.655222736299037933e-03
5.206398963928222656e-01 5.035480260848999023e-01 -2.936267107725143433e-02
5.372042059898376465e-01 5.024390816688537598e-01 -1.684121787548065186e-02
5.223783850669860840e-01 5.005854964256286621e-01 -2.909899689257144928e-02
5.548164844512939453e-01 4.447396993637084961e-01 -1.845552469603717327e-03
5.725192427635192871e-01 4.581536650657653809e-01 2.006664173677563667e-03
5.450110435485839844e-01 4.842366278171539307e-01 -2.041976153850555420e-02
6.107803583145141602e-01 2.828557193279266357e-01 3.421814739704132080e-02
6.033371686935424805e-01 3.021619915962219238e-01 1.684730499982833862e-02
5.970472097396850586e-01 3.167204856872558594e-01 2.715286798775196075e-03
5.400119423866271973e-01 5.921076536178588867e-01 -5.954091902822256088e-03
5.474733114242553711e-01 3.207930326461791992e-01 -1.569349318742752075e-02
5.518661141395568848e-01 2.882218062877655029e-01 -7.668219972401857376e-03
5.578410625457763672e-01 2.534814476966857910e-01 6.920211599208414555e-04
5.919079184532165527e-01 4.081552624702453613e-01 1.835595071315765381e-02
6.146339774131774902e-01 4.270467460155487061e-01 3.532801941037178040e-02
5.448306202888488770e-01 3.965424597263336182e-01 1.064758747816085815e-02
6.092375516891479492e-01 3.762398958206176758e-01 2.503138035535812378e-02
5.370550155639648438e-01 4.209084808826446533e-01 -9.973322041332721710e-03
5.370550155639648438e-01 4.773506522178649902e-01 -4.148627072572708130e-02
6.258032321929931641e-01 4.430398046970367432e-01 4.794827476143836975e-02
6.067729592323303223e-01 4.386196732521057129e-01 2.432347275316715240e-02
5.924714803695678711e-01 4.435840845108032227e-01 1.297598704695701599e-02
5.715557336807250977e-01 4.380439221858978271e-01 7.314538583159446716e-03
5.564712285995483398e-01 4.289274811744689941e-01 4.228577949106693268e-03
5.452641248703002930e-01 4.197442531585693359e-01 1.001691562123596668e-03
5.246564149856567383e-01 3.960858285427093506e-01 -2.144249156117439270e-02
6.218822598457336426e-01 4.782822132110595703e-01 4.360446706414222717e-02
6.166609525680541992e-01 3.748196959495544434e-01 3.108625486493110657e-02
5.136458873748779297e-01 4.935834705829620361e-01 -5.412657931447029114e-02
5.418804883956909180e-01 4.497087001800537109e-01 -1.154212374240159988e-02
6.365695595741271973e-01 4.126527309417724609e-01 1.197511926293373108e-01
5.370070338249206543e-01 4.098021090030670166e-01 -6.103052874095737934e-04
5.456075668334960938e-01 4.856417179107666016e-01 -9.228203445672988892e-03
6.027027964591979980e-01 3.896867930889129639e-01 2.785270474851131439e-02
5.381479859352111816e-01 4.666320681571960449e-01 -3.694396093487739563e-02
6.224421262741088867e-01 5.278627276420593262e-01 1.183464974164962769e-01
5.450177788734436035e-01 3.905170857906341553e-01 1.380336657166481018e-02
5.305126905441284180e-01 4.550773203372955322e-01 -4.805785417556762695e-02
5.876992344856262207e-01 6.054466962814331055e-01 4.235895350575447083e-02
5.856249332427978516e-01 6.246439218521118164e-01 6.256708502769470215e-02
6.303912401199340820e-01 4.840962886810302734e-01 8.432051539421081543e-02
6.025540232658386230e-01 5.849895477294921875e-01 5.779296904802322388e-02
6.314768791198730469e-01 3.779442906379699707e-01 7.075880467891693115e-02
5.389915704727172852e-01 6.533115506172180176e-01 3.308462211862206459e-03
5.117113590240478516e-01 4.974982142448425293e-01 -3.945725038647651672e-02
5.508901476860046387e-01 4.637127518653869629e-01 -7.466205861419439316e-03
6.245036721229553223e-01 4.058806598186492920e-01 5.310484021902084351e-02
5.828617811203002930e-01 4.012792408466339111e-01 1.414338499307632446e-02
5.731448531150817871e-01 4.015160202980041504e-01 1.097357552498579025e-02
5.392800569534301758e-01 5.695477724075317383e-01 -4.599137697368860245e-03
6.170419454574584961e-01 5.119627714157104492e-01 4.581892490386962891e-02
5.166741013526916504e-01 6.740044355392456055e-01 5.423452239483594894e-03
5.522430539131164551e-01 6.559410095214843750e-01 3.035768680274486542e-02
5.678250193595886230e-01 6.435128450393676758e-01 4.457098618149757385e-02
5.634570717811584473e-01 3.989867568016052246e-01 1.018922775983810425e-02
5.542690753936767578e-01 3.950250744819641113e-01 1.152816321700811386e-02
5.480728149414062500e-01 3.926909267902374268e-01 1.376743428409099579e-02
6.233952045440673828e-01 3.728628158569335938e-01 4.310965538024902344e-02
5.571289062500000000e-01 3.793502748012542725e-01 1.015385333448648453e-02
5.677391290664672852e-01 3.743966221809387207e-01 8.808638900518417358e-03
5.780045986175537109e-01 3.735788762569427490e-01 9.695662185549736023e-03
5.877102017402648926e-01 3.766660690307617188e-01 1.272313948720693588e-02
5.933617353439331055e-01 3.816139996051788330e-01 1.646718941628932953e-02
6.366295814514160156e-01 3.729362487792968750e-01 1.025819331407546997e-01
5.895571708679199219e-01 3.987377285957336426e-01 1.806680858135223389e-02
5.403237342834472656e-01 5.268177986145019531e-01 -1.794067956507205963e-02
5.335487127304077148e-01 4.906037449836730957e-01 -3.067373298108577728e-02
5.204452276229858398e-01 5.187229514122009277e-01 -2.907268330454826355e-02
5.714465975761413574e-01 6.247972846031188965e-01 2.996052429080009460e-02
5.558471679687500000e-01 6.392059326171875000e-01 1.719830743968486786e-02
5.181510448455810547e-01 6.626949310302734375e-01 -9.050886146724224091e-03
5.995485186576843262e-01 6.020277738571166992e-01 8.493842929601669312e-02
5.489054322242736816e-01 3.861339092254638672e-01 1.236832886934280396e-02
5.300989151000976562e-01 4.238849580287933350e-01 -2.603707276284694672e-02
5.357847213745117188e-01 6.666669249534606934e-01 1.563835330307483673e-02
6.239687204360961914e-01 5.211505293846130371e-01 8.099262416362762451e-02
5.197806954383850098e-01 5.580513477325439453e-01 -1.694734953343868256e-02
5.217671394348144531e-01 5.639605522155761719e-01 -1.913387142121791840e-02
5.231918096542358398e-01 5.711982250213623047e-01 -2.152837626636028290e-02
5.241586565971374512e-01 5.798124074935913086e-01 -2.040064334869384766e-02
5.275934934616088867e-01 6.009275317192077637e-01 -1.252002920955419540e-02
5.350724458694458008e-01 5.614368319511413574e-01 -6.563537288457155228e-03
5.375289320945739746e-01 5.611119270324707031e-01 -6.347407121211290359e-03
5.397309064865112305e-01 5.603498220443725586e-01 -6.251483224332332611e-03
5.567821264266967773e-01 5.511652231216430664e-01 -3.405934665352106094e-03
6.022645831108093262e-01 5.185086727142333984e-01 2.206396125257015228e-02
5.307448506355285645e-01 4.072709679603576660e-01 -1.487076468765735626e-02
5.381733775138854980e-01 3.753527700901031494e-01 5.598986055701971054e-03
5.444884300231933594e-01 3.784376382827758789e-01 1.039248891174793243e-02
5.326408147811889648e-01 5.616024732589721680e-01 -5.586528684943914413e-03
5.998841524124145508e-01 5.595158338546752930e-01 3.735988214612007141e-02
5.282625555992126465e-01 3.728896975517272949e-01 -9.113127365708351135e-03
5.331975817680358887e-01 6.182013750076293945e-01 -7.009802851825952530e-03
5.234470367431640625e-01 4.138298928737640381e-01 -3.363508358597755432e-02
5.356653332710266113e-01 4.518300890922546387e-01 -2.660961449146270752e-02
5.150293111801147461e-01 6.252276897430419922e-01 -1.490670815110206604e-02
5.603725314140319824e-01 5.905874967575073242e-01 7.344083860516548157e-03
5.539044141769409180e-01 5.000840425491333008e-01 -6.415154784917831421e-03
5.478353500366210938e-01 6.068765521049499512e-01 4.544104449450969696e-04
5.798029303550720215e-01 5.002388358116149902e-01 -6.729572196491062641e-04
5.630426406860351562e-01 5.176702737808227539e-01 -4.446958657354116440e-03
5.866529345512390137e-01 5.285434126853942871e-01 7.903326302766799927e-03
5.177050232887268066e-01 6.458084583282470703e-01 -1.442996505647897720e-02
5.410992503166198730e-01 4.627259373664855957e-01 -1.862051151692867279e-02
5.692138075828552246e-01 6.050168275833129883e-01 1.771209388971328735e-02
5.536746382713317871e-01 6.215924024581909180e-01 8.665707893669605255e-03
5.708275437355041504e-01 5.707923769950866699e-01 9.870976209640502930e-03
6.115983724594116211e-01 5.404365062713623047e-01 4.848903790116310120e-02
5.846742987632751465e-01 5.756773352622985840e-01 2.123185433447360992e-02
6.156696677207946777e-01 5.551005601882934570e-01 7.458127290010452271e-02
5.696623921394348145e-01 5.401266217231750488e-01 9.534941636957228184e-04
5.357029438018798828e-01 4.365783035755157471e-01 -1.820974051952362061e-02
5.329176187515258789e-01 4.843781590461730957e-01 -4.416625574231147766e-02
5.385252237319946289e-01 4.899987280368804932e-01 -3.192066028714179993e-02
5.298832654953002930e-01 4.721726775169372559e-01 -5.224835127592086792e-02
5.492136478424072266e-01 3.577021062374114990e-01 2.910593058913946152e-03
5.692174434661865234e-01 3.458754420280456543e-01 2.116798656061291695e-03
5.859642028808593750e-01 3.445274233818054199e-01 3.730867523699998856e-03
5.987935066223144531e-01 3.499245047569274902e-01 8.830700069665908813e-03
6.067549586296081543e-01 3.600939810276031494e-01 1.596943289041519165e-02
6.084350943565368652e-01 3.952842354774475098e-01 3.277273103594779968e-02
6.344983577728271484e-01 4.482966363430023193e-01 8.345212042331695557e-02
5.983545780181884766e-01 4.206465482711791992e-01 2.258380688726902008e-02
5.866681337356567383e-01 4.249361753463745117e-01 1.520379260182380676e-02
5.720515251159667969e-01 4.229168295860290527e-01 9.922365657985210419e-03
5.582617521286010742e-01 4.170985817909240723e-01 7.030177395790815353e-03
5.475882291793823242e-01 4.100948572158813477e-01 6.638317368924617767e-03
5.402675867080688477e-01 4.036994278430938721e-01 5.732733756303787231e-03
6.333107948303222656e-01 4.497364461421966553e-01 1.265041232109069824e-01
5.376733541488647461e-01 4.946768581867218018e-01 -2.644407004117965698e-02
5.294982194900512695e-01 4.389332532882690430e-01 -3.549453616142272949e-02
5.258536934852600098e-01 4.839940667152404785e-01 -5.345289036631584167e-02
5.189836025238037109e-01 4.917973577976226807e-01 -4.939096421003341675e-02
5.251381397247314453e-01 4.870661199092864990e-01 -4.798599332571029663e-02
5.341213345527648926e-01 4.993973076343536377e-01 -2.298258990049362183e-02
5.170471072196960449e-01 4.929782748222351074e-01 -5.249464511871337891e-02
5.151504874229431152e-01 4.968347847461700439e-01 -3.936874493956565857e-02
5.410112738609313965e-01 3.903421461582183838e-01 1.184263639152050018e-02
5.349222421646118164e-01 3.935593962669372559e-01 4.616328515112400055e-03
5.311682224273681641e-01 3.958607614040374756e-01 -3.497784491628408432e-03
5.963740348815917969e-01 3.855362832546234131e-01 2.040671929717063904e-02
6.042224168777465820e-01 3.766964673995971680e-01 2.121819369494915009e-02
4.523714184761047363e-01 3.745803236961364746e-01 8.694094605743885040e-03
4.636540710926055908e-01 3.754880428314208984e-01 8.694094605743885040e-03
4.534040391445159912e-01 3.597133755683898926e-01 8.694094605743885040e-03
4.408810436725616455e-01 3.736762404441833496e-01 8.694094605743885040e-03
4.512744843959808350e-01 3.892736732959747314e-01 8.694094605743885040e-03
5.755640864372253418e-01 3.884172439575195312e-01 1.437771040946245193e-02
5.872914791107177734e-01 3.896214365959167480e-01 1.437771040946245193e-02
5.764299631118774414e-01 3.733023405075073242e-01 1.437771040946245193e-02
5.637801885604858398e-01 3.871810138225555420e-01 1.437771040946245193e-02
5.747128129005432129e-01 4.035105109214782715e-01 1.437771040946245193e-02
