5.038585066795349121e-01 5.295882225036621094e-01 -3.555848821997642517e-02
5.146667361259460449e-01 4.783677756786346436e-01 -6.126308813691139221e-02
5.114693045616149902e-01 4.960635006427764893e-01 -3.408471494913101196e-02
5.080124735832214355e-01 4.237017035484313965e-01 -4.476132988929748535e-02
5.161954164505004883e-01 4.611943662166595459e-01 -6.439302861690521240e-02
5.172892808914184570e-01 4.396665394306182861e-01 -5.898247286677360535e-02
5.190545916557312012e-01 3.881849050521850586e-01 -2.586711570620536804e-02
4.316835105419158936e-01 3.777987957000732422e-01 1.174001302570104599e-02
5.212723016738891602e-01 3.452416360378265381e-01 -1.575687900185585022e-02
5.227905511856079102e-01 3.229565024375915527e-01 -1.628078892827033997e-02
5.268157720565795898e-01 2.505404949188232422e-01 -3.118491440545767546e-04
5.035458803176879883e-01 5.337022542953491211e-01 -3.456643223762512207e-02
5.032270550727844238e-01 5.374861955642700195e-01 -3.134305775165557861e-02
5.030866861343383789e-01 5.397484898567199707e-01 -2.680718339979648590e-02
5.004227161407470703e-01 5.860403180122375488e-01 -2.085693925619125366e-02
5.002735853195190430e-01 5.918625593185424805e-01 -2.292211726307868958e-02
4.998585879802703857e-01 5.990920066833496094e-01 -2.514350973069667816e-02
4.994488656520843506e-01 6.067581176757812500e-01 -2.292510122060775757e-02
4.996871054172515869e-01 6.179193854331970215e-01 -1.241143699735403061e-02
5.134223103523254395e-01 4.874435365200042725e-01 -5.592002719640731812e-02
5.021067857742309570e-01 4.865644276142120361e-01 -4.151786118745803833e-02
3.916573822498321533e-01 3.145837485790252686e-01 6.449992954730987549e-02
4.643742144107818604e-01 3.925853669643402100e-01 1.890674117021262646e-03
4.518377184867858887e-01 3.940512239933013916e-01 1.915247994475066662e-03
4.402099251747131348e-01 3.925673961639404297e-01 4.290163516998291016e-03
4.256497621536254883e-01 3.828145861625671387e-01 1.268243882805109024e-02
4.755708277225494385e-01 3.873155415058135986e-01 4.152031615376472473e-03
4.544999897480010986e-01 3.437833189964294434e-01 -1.152022741734981537e-03
4.675017595291137695e-01 3.470483422279357910e-01 1.333407271886244416e-04
4.416512846946716309e-01 3.449859917163848877e-01 1.507489476352930069e-03
4.324213266372680664e-01 3.509690761566162109e-01 5.335351452231407166e-03
4.144675731658935547e-01 3.922460377216339111e-01 1.710963808000087738e-02
4.539449214935302734e-01 6.306007504463195801e-01 -3.060758812353014946e-03
4.279140532016754150e-01 3.744545578956604004e-01 1.527960039675235748e-02
3.815916776657104492e-01 3.846153914928436279e-01 6.478687375783920288e-02
4.039190709590911865e-01 3.797334730625152588e-01 2.820287831127643585e-02
4.544928073883056641e-01 4.613311886787414551e-01 -1.242067664861679077e-02
4.880142509937286377e-01 5.253939628601074219e-01 -3.491496294736862183e-02
4.887602925300598145e-01 5.355480909347534180e-01 -3.053651936352252960e-02
4.721756279468536377e-01 5.295507311820983887e-01 -2.932054363191127777e-02
4.614026546478271484e-01 5.357603430747985840e-01 -2.104152925312519073e-02
4.762486517429351807e-01 5.366770029067993164e-01 -2.649719640612602234e-02
4.664158523082733154e-01 5.400441884994506836e-01 -1.875746436417102814e-02
4.479564130306243896e-01 5.713695287704467773e-01 -3.326064208522439003e-03
5.052365064620971680e-01 4.770153760910034180e-01 -6.076711788773536682e-02
5.051293373107910156e-01 4.604366421699523926e-01 -6.365206092596054077e-02
4.185005426406860352e-01 3.318180441856384277e-01 8.749127388000488281e-03
4.809823036193847656e-01 4.224846363067626953e-01 -1.052833069115877151e-02
4.779649376869201660e-01 4.715264439582824707e-01 -3.512771055102348328e-02
4.771854877471923828e-01 4.630147814750671387e-01 -3.154813125729560852e-02
4.196504056453704834e-01 4.566715359687805176e-01 -1.015428104437887669e-03
5.067736506462097168e-01 4.405106902122497559e-01 -5.637805908918380737e-02
4.496506452560424805e-01 3.118466734886169434e-01 -7.153955753892660141e-03
4.321781992912292480e-01 3.184763193130493164e-01 2.664008889041724615e-06
4.082967638969421387e-01 2.862885594367980957e-01 4.553411528468132019e-02
4.992559254169464111e-01 3.307916522026062012e-01 -1.402017846703529358e-02
4.783635139465332031e-01 3.544473052024841309e-01 3.807470900937914848e-03
4.416584968566894531e-01 5.512121915817260742e-01 -1.978494925424456596e-03
3.826406598091125488e-01 5.443574190139770508e-01 8.568470180034637451e-02
4.855607748031616211e-01 4.818028211593627930e-01 -3.064380027353763580e-02
4.938654601573944092e-01 4.876979589462280273e-01 -3.127544373273849487e-02
4.493493735790252686e-01 5.522490739822387695e-01 -2.663892228156328201e-03
4.525936841964721680e-01 5.523796081542968750e-01 -5.291714798659086227e-03
4.276829361915588379e-01 3.076354265213012695e-01 5.630227737128734589e-03
4.763167500495910645e-01 4.793544113636016846e-01 -2.933483943343162537e-02
4.714546203613281250e-01 3.144344091415405273e-01 -1.190742384642362595e-02
4.715942740440368652e-01 3.005107641220092773e-01 -1.343770977109670639e-02
4.610014855861663818e-01 2.518809139728546143e-01 8.653241209685802460e-03
4.178055226802825928e-01 3.017059266567230225e-01 2.326505631208419800e-02
4.665449261665344238e-01 2.808905541896820068e-01 -2.444449812173843384e-03
4.127779901027679443e-01 3.256132006645202637e-01 1.835744455456733704e-02
4.021442532539367676e-01 3.246770203113555908e-01 4.066419601440429688e-02
4.879988431930541992e-01 5.309612751007080078e-01 -3.397390246391296387e-02
4.740800559520721436e-01 5.335559248924255371e-01 -2.837705798447132111e-02
4.638146758079528809e-01 5.381712913513183594e-01 -2.081927098333835602e-02
4.876788556575775146e-01 4.853377640247344971e-01 -2.811700478196144104e-02
4.509520232677459717e-01 5.523579120635986328e-01 -4.023072309792041779e-03
4.552868902683258057e-01 5.650014281272888184e-01 -9.266683831810951233e-03
4.540316164493560791e-01 5.523331165313720703e-01 -5.449309945106506348e-03
4.920947551727294922e-01 4.761673510074615479e-01 -4.558723047375679016e-02
4.685966372489929199e-01 5.408247709274291992e-01 -1.724241487681865692e-02
4.782599210739135742e-01 5.382453203201293945e-01 -2.252219617366790771e-02
4.897858798503875732e-01 5.379882454872131348e-01 -2.629804424941539764e-02
4.829416573047637939e-01 6.145384311676025391e-01 -1.290120556950569153e-02
4.828635156154632568e-01 6.025357842445373535e-01 -2.307891286909580231e-02
4.839827716350555420e-01 5.951232314109802246e-01 -2.471366710960865021e-02
4.854508936405181885e-01 5.881416201591491699e-01 -2.226553298532962799e-02
4.870880544185638428e-01 5.829746723175048828e-01 -2.034700661897659302e-02
4.672631919384002686e-01 5.713987350463867188e-01 -1.273650955408811569e-02
4.647674858570098877e-01 5.730481147766113281e-01 -1.450719963759183884e-02
4.615841209888458252e-01 5.759772658348083496e-01 -1.619863510131835938e-02
4.591355323791503906e-01 5.796653032302856445e-01 -1.443662494421005249e-02
4.581648409366607666e-01 5.219064950942993164e-01 -1.747567020356655121e-02
3.731130957603454590e-01 4.586980342864990234e-01 1.044781953096389771e-01
5.124944448471069336e-01 4.916094541549682617e-01 -4.168798774480819702e-02
4.608776271343231201e-01 5.640767216682434082e-01 -7.986702956259250641e-03
4.580388069152832031e-01 5.642690658569335938e-01 -9.207312949001789093e-03
4.965600371360778809e-01 4.944028556346893311e-01 -3.203898668289184570e-02
4.786682724952697754e-01 4.897549450397491455e-01 -2.122748270630836487e-02
4.953044950962066650e-01 4.911228716373443604e-01 -3.187617659568786621e-02
4.678425788879394531e-01 4.308277964591979980e-01 -8.228529244661331177e-03
4.480551481246948242e-01 4.397163689136505127e-01 -6.745683494955301285e-03
4.742236435413360596e-01 4.706672728061676025e-01 -2.563907764852046967e-02
4.305895566940307617e-01 2.645471692085266113e-01 2.549391984939575195e-02
4.383597373962402344e-01 2.863672971725463867e-01 9.265926666557788849e-03
4.476826786994934082e-01 2.989732027053833008e-01 -4.592936951667070389e-03
4.560611546039581299e-01 5.875520706176757812e-01 -7.607842329889535904e-03
4.992326200008392334e-01 3.078687787055969238e-01 -1.703181676566600800e-02
4.942786097526550293e-01 2.827315330505371094e-01 -8.323610760271549225e-03
4.918219149112701416e-01 2.480550706386566162e-01 -9.387243335368111730e-05
4.305205345153808594e-01 3.887867629528045654e-01 8.510188199579715729e-03
4.000450372695922852e-01 4.030846953392028809e-01 2.204918302595615387e-02
4.831046462059020996e-01 3.821722567081451416e-01 6.264511961489915848e-03
4.192381799221038818e-01 3.573483824729919434e-01 1.392289996147155762e-02
4.901805222034454346e-01 4.123087823390960693e-01 -1.357088144868612289e-02
4.857673048973083496e-01 4.652020335197448730e-01 -4.531959444284439087e-02
3.915931582450866699e-01 4.150389730930328369e-01 3.253017738461494446e-02
4.056212306022644043e-01 4.139087200164794922e-01 1.178114861249923706e-02
4.198030233383178711e-01 4.205484390258789062e-01 2.271599834784865379e-03
4.435455799102783203e-01 4.197225570678710938e-01 -1.086869742721319199e-03
4.617516398429870605e-01 4.138816595077514648e-01 -2.091059461236000061e-03
4.760774374008178711e-01 4.064179062843322754e-01 -3.662263043224811554e-03
5.078036189079284668e-01 3.911784291267395020e-01 -2.257815934717655182e-02
3.914802372455596924e-01 4.496381580829620361e-01 2.771590836346149445e-02
4.105423092842102051e-01 3.543415367603302002e-01 1.890448108315467834e-02
5.077042579650878906e-01 4.863083660602569580e-01 -5.565632879734039307e-02
4.810248613357543945e-01 4.383780658245086670e-01 -1.624805107712745667e-02
3.747119009494781494e-01 3.839682042598724365e-01 9.997526556253433228e-02
4.873167574405670166e-01 3.975278437137603760e-01 -4.159305710345506668e-03
4.722678065299987793e-01 4.719212055206298828e-01 -1.453845109790563583e-02
4.229987263679504395e-01 3.721903860569000244e-01 1.693489775061607361e-02
4.854717850685119629e-01 4.549396932125091553e-01 -4.074005782604217529e-02
3.758867979049682617e-01 4.998896718025207520e-01 9.786247462034225464e-02
4.843190610408782959e-01 3.773880600929260254e-01 9.387234225869178772e-03
4.960522651672363281e-01 4.457450211048126221e-01 -5.063366889953613281e-02
4.076847732067108154e-01 5.862638950347900391e-01 3.161971271038055420e-02
4.048523902893066406e-01 6.072382926940917969e-01 4.905809834599494934e-02
3.775218725204467773e-01 4.548067152500152588e-01 6.632362306118011475e-02
3.949964046478271484e-01 5.620433688163757324e-01 4.349196702241897583e-02
3.911462426185607910e-01 3.522088527679443359e-01 5.604727938771247864e-02
4.499870836734771729e-01 6.475131511688232422e-01 1.901343232020735741e-03
5.080702304840087891e-01 4.905722439289093018e-01 -4.117193818092346191e-02
4.694841206073760986e-01 4.497554004192352295e-01 -1.329499017447233200e-02
3.938800692558288574e-01 3.838565051555633545e-01 3.856007009744644165e-02
4.431889355182647705e-01 3.828073740005493164e-01 5.735485348850488663e-03
4.536113440990447998e-01 3.844780921936035156e-01 3.649041755124926567e-03
4.528437554836273193e-01 5.662513971328735352e-01 -7.852063514292240143e-03
3.915425240993499756e-01 4.838910102844238281e-01 2.982792444527149200e-02
4.689319729804992676e-01 6.738367676734924316e-01 5.715706385672092438e-03
4.345099329948425293e-01 6.473398208618164062e-01 2.443605288863182068e-02
4.205166101455688477e-01 6.308009028434753418e-01 3.521318733692169189e-02
5.249379873275756836e-01 2.870030403137207031e-01 -8.773100562393665314e-03
4.939716756343841553e-01 6.793742775917053223e-01 4.318383987993001938e-03
4.640293717384338379e-01 3.833981752395629883e-01 3.934954293072223663e-03
4.741917550563812256e-01 3.801789879798889160e-01 6.137305404990911484e-03
4.808022975921630859e-01 3.783230185508728027e-01 8.943510241806507111e-03
4.029521048069000244e-01 3.522471189498901367e-01 2.979299426078796387e-02
4.748673737049102783e-01 3.762857317924499512e-01 5.131676327437162399e-03
4.645744860172271729e-01 3.778218030929565430e-01 2.757456619292497635e-03
4.545851349830627441e-01 3.778242468833923340e-01 2.585965674370527267e-03
4.440718591213226318e-01 3.767127394676208496e-01 4.477581474930047989e-03
4.366028606891632080e-01 3.758283555507659912e-01 7.430334575474262238e-03
3.809214234352111816e-01 3.453907966613769531e-01 8.477314561605453491e-02
4.363703131675720215e-01 3.802229464054107666e-01 8.828797377645969391e-03
5.098719596862792969e-01 5.097662806510925293e-01 -3.177714347839355469e-02
4.706598520278930664e-01 5.132072567939758301e-01 -2.303148061037063599e-02
4.860914349555969238e-01 4.787549376487731934e-01 -3.447558730840682983e-02
4.934785366058349609e-01 5.092557072639465332e-01 -3.165302798151969910e-02
5.198474526405334473e-01 3.674838840961456299e-01 -1.657956652343273163e-02
4.210353493690490723e-01 6.098911762237548828e-01 2.275300584733486176e-02
4.346651136875152588e-01 6.286113262176513672e-01 1.305524259805679321e-02
4.702088534832000732e-01 6.620445251464843750e-01 -7.330993190407752991e-03
3.929298818111419678e-01 5.807486176490783691e-01 6.749075651168823242e-02
4.814785718917846680e-01 3.761184215545654297e-01 7.681943010538816452e-03
4.987600743770599365e-01 4.165566265583038330e-01 -2.826748229563236237e-02
4.952535629272460938e-01 6.676004528999328613e-01 -8.392618969082832336e-03
4.500549733638763428e-01 6.623450517654418945e-01 1.296670362353324890e-02
3.791356384754180908e-01 4.927854537963867188e-01 6.308140605688095093e-02
4.761627316474914551e-01 5.779508948326110840e-01 -1.708379015326499939e-02
4.735897779464721680e-01 5.813752412796020508e-01 -1.896479725837707520e-02
4.711283743381500244e-01 5.867130756378173828e-01 -2.084559947252273560e-02
4.693079888820648193e-01 5.932227373123168945e-01 -1.932377927005290985e-02
4.672279357910156250e-01 6.028310060501098633e-01 -1.177605427801609039e-02
4.583511948585510254e-01 5.450894832611083984e-01 -1.158984843641519547e-02
4.557855427265167236e-01 5.441987514495849609e-01 -1.171113457530736923e-02
4.536381959915161133e-01 5.426898002624511719e-01 -1.178393606096506119e-02
4.481852650642395020e-01 5.346654057502746582e-01 -9.863830171525478363e-03
4.079703688621520996e-01 4.930790960788726807e-01 8.913384750485420227e-03
4.992089569568634033e-01 4.005480408668518066e-01 -1.723948679864406586e-02
4.950726032257080078e-01 3.640695214271545410e-01 3.103331662714481354e-03
4.874386787414550781e-01 3.667276203632354736e-01 6.486067082732915878e-03
4.604833722114562988e-01 5.451171398162841797e-01 -1.077757496386766434e-02
4.032265245914459229e-01 5.357553958892822266e-01 2.438249439001083374e-02
5.054718852043151855e-01 3.633487820625305176e-01 -1.041271723806858063e-02
4.603061974048614502e-01 6.153098344802856445e-01 -6.467713508754968643e-03
5.178918838500976562e-01 4.221285879611968994e-01 -4.763348028063774109e-02
5.077877640724182129e-01 4.083266854286193848e-01 -3.451760485768318176e-02
5.184332728385925293e-01 4.058550298213958740e-01 -3.624160587787628174e-02
4.888123869895935059e-01 4.415768980979919434e-01 -3.001731447875499725e-02
4.968258440494537354e-01 6.509654521942138672e-01 -1.293652039021253586e-02
4.983611106872558594e-01 6.326457858085632324e-01 -1.212620083242654800e-02
4.783587455749511719e-01 6.285188198089599609e-01 -1.105768419802188873e-02
4.373010396957397461e-01 5.766975879669189453e-01 2.407882595434784889e-03
4.612034261226654053e-01 4.844044446945190430e-01 -1.243729423731565475e-02
4.469040632247924805e-01 5.980105400085449219e-01 -1.620584283955395222e-03
4.350752532482147217e-01 4.796122014522552490e-01 -9.598097763955593109e-03
4.491723179817199707e-01 5.001121163368225098e-01 -1.135021727532148361e-02
4.236505627632141113e-01 5.063958168029785156e-01 -1.975084887817502022e-03
4.734249711036682129e-01 6.458417773246765137e-01 -1.149841304868459702e-02
4.807001352310180664e-01 4.508330225944519043e-01 -2.305212244391441345e-02
4.267158806324005127e-01 5.898015499114990234e-01 1.141676306724548340e-02
4.395979344844818115e-01 6.110475659370422363e-01 5.612664856016635895e-03
4.309889078140258789e-01 5.525739789009094238e-01 2.247300464659929276e-03
3.929341435432434082e-01 5.138152241706848145e-01 3.310723230242729187e-02
4.163408577442169189e-01 5.556159019470214844e-01 1.170307304710149765e-02
3.841372728347778320e-01 5.286781787872314453e-01 5.729285255074501038e-02
4.385148286819458008e-01 5.208821296691894531e-01 -6.832843180745840073e-03
4.901390075683593750e-01 4.273223876953125000e-01 -2.176053822040557861e-02
4.889969527721405029e-01 4.728794097900390625e-01 -4.773630946874618530e-02
4.812953472137451172e-01 4.771228432655334473e-01 -3.628458827733993530e-02
4.949514269828796387e-01 4.618908464908599854e-01 -5.494355037808418274e-02
4.874236881732940674e-01 3.466184139251708984e-01 -1.690726930974051356e-04
4.692513048648834229e-01 3.339571356773376465e-01 -2.820286201313138008e-03
4.525623619556427002e-01 3.303893208503723145e-01 -3.267431864514946938e-03
4.378104805946350098e-01 3.335803747177124023e-01 1.209574111271649599e-05
4.264665246009826660e-01 3.418975174427032471e-01 5.871788598597049713e-03
4.146932959556579590e-01 3.756243884563446045e-01 2.087138406932353973e-02
3.778706789016723633e-01 4.190076291561126709e-01 6.577175110578536987e-02
4.194389283657073975e-01 3.993594050407409668e-01 1.147249620407819748e-02
4.310385584831237793e-01 4.047866463661193848e-01 5.546251777559518814e-03
4.472352564334869385e-01 4.058933854103088379e-01 1.990044023841619492e-03
4.634480476379394531e-01 4.026749134063720703e-01 9.805315639823675156e-04
4.765547811985015869e-01 3.966594636440277100e-01 1.926580560393631458e-03
4.858021140098571777e-01 3.910989463329315186e-01 1.994944643229246140e-03
3.731217086315155029e-01 4.208726584911346436e-01 1.058962196111679077e-01
4.806544184684753418e-01 4.820090532302856445e-01 -3.092918172478675842e-02
4.982945919036865234e-01 4.308169782161712646e-01 -3.797811269760131836e-02
4.971044659614562988e-01 4.742385149002075195e-01 -5.587083101272583008e-02
5.019349455833435059e-01 4.834553897380828857e-01 -5.134304985404014587e-02
4.965584874153137207e-01 4.773243069648742676e-01 -5.059890821576118469e-02
4.828417301177978516e-01 4.875167012214660645e-01 -2.706953696906566620e-02
5.041410326957702637e-01 4.850264191627502441e-01 -5.421892181038856506e-02
5.044499635696411133e-01 4.892665445804595947e-01 -4.130842909216880798e-02
4.885174632072448730e-01 3.767263591289520264e-01 8.104060776531696320e-03
4.939080178737640381e-01 3.817028105258941650e-01 1.763259992003440857e-03
4.968711137771606445e-01 3.845647573471069336e-01 -5.980355665087699890e-03
4.317743480205535889e-01 3.750976026058197021e-01 1.075159851461648941e-02
4.254313707351684570e-01 3.593960404396057129e-01 1.104159373790025711e-02
5.269243717193603516e-01 4.256467819213867188e-01 -4.314167052507400513e-02
5.976451039314270020e-01 3.969231545925140381e-01 2.301624231040477753e-02
5.230475664138793945e-01 4.887934327125549316e-01 -4.030520096421241760e-02
6.340032219886779785e-01 3.405504226684570312e-01 8.107305318117141724e-02
5.639871358871459961e-01 4.025240838527679443e-01 9.320214390754699707e-03
5.749130845069885254e-01 4.064482450485229492e-01 1.079998444765806198e-02
5.856474041938781738e-01 4.077763557434082031e-01 1.447011251002550125e-02
6.015526652336120605e-01 4.020643234252929688e-01 2.458898909389972687e-02
5.552257299423217773e-01 3.956989645957946777e-01 1.003156974911689758e-02
5.829203128814697266e-01 3.559896945953369141e-01 8.049899712204933167e-03
5.704876184463500977e-01 3.571156561374664307e-01 7.409980986267328262e-03
5.945268273353576660e-01 3.595423996448516846e-01 1.207778416574001312e-02
6.018841862678527832e-01 3.677067756652832031e-01 1.669832691550254822e-02
6.086689829826354980e-01 4.118492007255554199e-01 2.999450825154781342e-02
5.405905246734619141e-01 6.373777985572814941e-01 2.170307794585824013e-03
6.018222570419311523e-01 3.946723937988281250e-01 2.702584676444530487e-02
6.363975405693054199e-01 4.106302261352539062e-01 8.162199705839157104e-02
6.204320788383483887e-01 3.993267118930816650e-01 4.243376851081848145e-02
5.670989751815795898e-01 4.733416438102722168e-01 -4.670276772230863571e-03
5.193364024162292480e-01 5.288721323013305664e-01 -3.290821239352226257e-02
5.168913006782531738e-01 5.387377142906188965e-01 -2.863950654864311218e-02
5.331833958625793457e-01 5.362141132354736328e-01 -2.517665177583694458e-02
5.417188405990600586e-01 5.447353124618530273e-01 -1.532587129622697830e-02
5.280343294143676758e-01 5.423842668533325195e-01 -2.285532094538211823e-02
5.361284017562866211e-01 5.480386018753051758e-01 -1.384926307946443558e-02
5.535570383071899414e-01 5.819703340530395508e-01 3.983756992965936661e-03
5.237531661987304688e-01 4.789752364158630371e-01 -5.974868312478065491e-02
5.266693830490112305e-01 4.627065956592559814e-01 -6.243995949625968933e-02
6.176860332489013672e-01 3.466727137565612793e-01 2.212151326239109039e-02
5.475970506668090820e-01 4.294175207614898682e-01 -5.501189269125461578e-03
5.473310947418212891e-01 4.788307845592498779e-01 -3.057601489126682281e-02
5.486592650413513184e-01 4.704478681087493896e-01 -2.684213966131210327e-02
5.989740490913391113e-01 4.756308794021606445e-01 1.152608916163444519e-02
5.270667672157287598e-01 4.425999820232391357e-01 -5.479297786951065063e-02
5.952125787734985352e-01 3.229197859764099121e-01 2.443681703880429268e-03
6.090602874755859375e-01 3.312931656837463379e-01 1.181832980364561081e-02
6.255030035972595215e-01 3.100042939186096191e-01 6.030385568737983704e-02
5.463247895240783691e-01 3.356937468051910400e-01 -1.066580135375261307e-02
5.593943595886230469e-01 3.631896674633026123e-01 9.714038111269474030e-03
5.626749396324157715e-01 5.639297366142272949e-01 6.907491013407707214e-03
6.127319335937500000e-01 5.662542581558227539e-01 1.014027297496795654e-01
5.379483103752136230e-01 4.874041676521301270e-01 -2.741367183625698090e-02
5.292493700981140137e-01 4.914921224117279053e-01 -2.961122244596481323e-02
5.496857166290283203e-01 5.647174715995788574e-01 5.083729047328233719e-03
5.464968681335449219e-01 5.640359520912170410e-01 1.607637852430343628e-03
6.148820519447326660e-01 3.206797540187835693e-01 1.802027784287929535e-02
5.466685891151428223e-01 4.866963326930999756e-01 -2.485672198235988617e-02
5.754110813140869141e-01 3.230063617229461670e-01 -5.366788711398839951e-03
5.779762864112854004e-01 3.096314668655395508e-01 -6.821269169449806213e-03
5.872573852539062500e-01 2.663495838642120361e-01 1.724084466695785522e-02
6.186211705207824707e-01 3.224408030509948730e-01 3.660621494054794312e-02
5.801575779914855957e-01 2.932471930980682373e-01 4.963568877428770065e-03
6.237381100654602051e-01 3.409465849399566650e-01 3.241340443491935730e-02
6.275817751884460449e-01 3.477156162261962891e-01 5.574648082256317139e-02
5.183429121971130371e-01 5.344347357749938965e-01 -3.194850683212280273e-02
5.305480360984802246e-01 5.398824214935302734e-01 -2.450221218168735504e-02
5.390305519104003906e-01 5.467001795768737793e-01 -1.556448452174663544e-02
5.350607633590698242e-01 4.903388619422912598e-01 -2.538680098950862885e-02
5.480574965476989746e-01 5.644420981407165527e-01 3.171124961227178574e-03
5.432735085487365723e-01 5.754649043083190918e-01 -3.160201944410800934e-03
5.449804663658142090e-01 5.635874271392822266e-01 1.248178305104374886e-03
5.342815518379211426e-01 4.807667434215545654e-01 -4.246351867914199829e-02
5.337471961975097656e-01 5.482909679412841797e-01 -1.252911426126956940e-02
5.257884860038757324e-01 5.434267520904541016e-01 -1.906657777726650238e-02
5.156071186065673828e-01 5.408408045768737793e-01 -2.434954605996608734e-02
5.163153409957885742e-01 6.176585555076599121e-01 -1.099947467446327209e-02
5.156018733978271484e-01 6.062897443771362305e-01 -2.103670313954353333e-02
5.153107643127441406e-01 5.985237360000610352e-01 -2.255327813327312469e-02
5.145177841186523438e-01 5.912354588508605957e-01 -2.018208056688308716e-02
5.132341980934143066e-01 5.856630802154541016e-01 -1.832084357738494873e-02
5.317600369453430176e-01 5.785323381423950195e-01 -7.979730144143104553e-03
5.342615842819213867e-01 5.809083580970764160e-01 -9.737218730151653290e-03
5.371311306953430176e-01 5.847015976905822754e-01 -1.122109405696392059e-02
5.392651557922363281e-01 5.891097784042358398e-01 -9.170647710561752319e-03
5.540825128555297852e-01 5.321314930915832520e-01 -1.096763275563716888e-02
6.300139427185058594e-01 4.848038256168365479e-01 1.220614910125732422e-01
5.377777218818664551e-01 5.731141567230224609e-01 -2.067326800897717476e-03
5.406461954116821289e-01 5.739890336990356445e-01 -3.314706031233072281e-03
5.257468223571777344e-01 4.975168108940124512e-01 -3.033154457807540894e-02
5.420365333557128906e-01 4.963601231575012207e-01 -1.763028092682361603e-02
5.274441242218017578e-01 4.946482181549072266e-01 -3.026696480810642242e-02
5.582416653633117676e-01 4.403097927570343018e-01 -1.468977541662752628e-03
5.753804445266723633e-01 4.532378911972045898e-01 2.327195601537823677e-03
5.495795607566833496e-01 4.785074293613433838e-01 -2.076582051813602448e-02
6.111239790916442871e-01 2.847635149955749512e-01 3.757011890411376953e-02
6.038914918899536133e-01 3.037977218627929688e-01 2.004287391901016235e-02
5.996330380439758301e-01 3.103796839714050293e-01 5.309945903718471527e-03
5.443677306175231934e-01 5.958638787269592285e-01 -1.560528180561959743e-03
5.511765480041503906e-01 3.134990930557250977e-01 -1.359304040670394897e-02
5.545951724052429199e-01 2.894735336303710938e-01 -4.458526615053415298e-03
5.602105259895324707e-01 2.560830116271972656e-01 4.316131584346294403e-03
5.954447984695434570e-01 4.066923558712005615e-01 1.976007223129272461e-02
6.192025542259216309e-01 4.238813519477844238e-01 3.616346418857574463e-02
5.496610999107360840e-01 3.898004889488220215e-01 1.148526929318904877e-02
6.119012832641601562e-01 3.751822412014007568e-01 2.683388069272041321e-02
5.409602522850036621e-01 4.175377786159515381e-01 -9.550984948873519897e-03
5.420324802398681641e-01 4.712797999382019043e-01 -4.161175712943077087e-02
6.277029514312744141e-01 4.393184185028076172e-01 4.837842285633087158e-02
6.115096807479858398e-01 4.345499873161315918e-01 2.523658424615859985e-02
5.974890589714050293e-01 4.388730823993682861e-01 1.395659148693084717e-02
5.765597224235534668e-01 4.333802759647369385e-01 7.988829165697097778e-03
5.614495873451232910e-01 4.240406751632690430e-01 4.861593712121248245e-03
5.503280162811279297e-01 4.144516289234161377e-01 1.516603049822151661e-03
5.289533734321594238e-01 3.933553695678710938e-01 -2.090901322662830353e-02
6.241312026977539062e-01 4.735506474971771240e-01 4.358298704028129578e-02
6.196967959403991699e-01 3.722383081912994385e-01 3.283135220408439636e-02
5.189971327781677246e-01 4.874745011329650879e-01 -5.483818799257278442e-02
5.462342500686645508e-01 4.452304840087890625e-01 -1.141637936234474182e-02
6.375949382781982422e-01 4.113364815711975098e-01 1.183534711599349976e-01
5.423002243041992188e-01 4.041111469268798828e-01 -1.323114556726068258e-04
5.501179099082946777e-01 4.800121188163757324e-01 -9.519184939563274384e-03
6.064247488975524902e-01 3.918196856975555420e-01 2.930981293320655823e-02
5.430538058280944824e-01 4.610047936439514160e-01 -3.694880381226539612e-02
6.234165430068969727e-01 5.242792963981628418e-01 1.145846098661422729e-01
5.500205159187316895e-01 3.850280046463012695e-01 1.478107366710901260e-02
5.355398058891296387e-01 4.498873353004455566e-01 -4.786416515707969666e-02
5.887490510940551758e-01 6.022884845733642578e-01 4.328202456235885620e-02
5.868759155273437500e-01 6.225069165229797363e-01 6.118457019329071045e-02
6.327380537986755371e-01 4.802083969116210938e-01 8.314572274684906006e-02
6.034348011016845703e-01 5.814301371574401855e-01 5.709034949541091919e-02
6.324206590652465820e-01 3.770473599433898926e-01 7.209463417530059814e-02
5.414497852325439453e-01 6.539399623870849609e-01 7.438112515956163406e-03
5.169680118560791016e-01 4.915188848972320557e-01 -4.067153856158256531e-02
5.548385977745056152e-01 4.587942659854888916e-01 -7.339464500546455383e-03
6.290902495384216309e-01 4.037859439849853516e-01 5.399677902460098267e-02
5.856615304946899414e-01 3.983028233051300049e-01 1.574181951582431793e-02
5.757718086242675781e-01 3.972013592720031738e-01 1.248872373253107071e-02
5.455933213233947754e-01 5.773651599884033203e-01 -1.376317115500569344e-03
6.192493438720703125e-01 5.069842934608459473e-01 4.527110606431961060e-02
5.189590454101562500e-01 6.771585941314697266e-01 8.831863291561603546e-03
5.546982884407043457e-01 6.555340290069580078e-01 3.219664096832275391e-02
5.698826313018798828e-01 6.419419050216674805e-01 4.507465660572052002e-02
5.665593743324279785e-01 3.941018581390380859e-01 1.150894630700349808e-02
5.582190752029418945e-01 3.892779946327209473e-01 1.262680534273386002e-02
5.528632402420043945e-01 3.864388465881347656e-01 1.472877152264118195e-02
6.268217563629150391e-01 3.700017333030700684e-01 4.474285244941711426e-02
5.587827563285827637e-01 3.881084322929382324e-01 1.169188134372234344e-02
5.679175853729248047e-01 3.928616046905517578e-01 1.047700643539428711e-02
5.769746899604797363e-01 3.955201506614685059e-01 1.155173592269420624e-02
5.867092609405517578e-01 3.962381482124328613e-01 1.463029254227876663e-02
5.935622453689575195e-01 3.960269689559936523e-01 1.836625300347805023e-02
6.379905939102172852e-01 3.724429011344909668e-01 1.025030463933944702e-01
5.926191210746765137e-01 3.978818655014038086e-01 1.960176415741443634e-02
5.451496839523315430e-01 5.211403965950012207e-01 -1.805663853883743286e-02
5.384292006492614746e-01 4.844629764556884766e-01 -3.124609589576721191e-02
5.256181359291076660e-01 5.126906633377075195e-01 -2.961583808064460754e-02
5.731780529022216797e-01 6.223097443580627441e-01 3.225089237093925476e-02
5.580307245254516602e-01 6.378309726715087891e-01 2.047554776072502136e-02
5.206200480461120605e-01 6.657154560089111328e-01 -4.345061723142862320e-03
6.001572012901306152e-01 5.994010567665100098e-01 8.159060031175613403e-02
5.528780817985534668e-01 3.853259980678558350e-01 1.358418166637420654e-02
5.345284938812255859e-01 4.202948808670043945e-01 -2.556718513369560242e-02
5.383905172348022461e-01 6.678785085678100586e-01 1.862220652401447296e-02
6.264925599098205566e-01 5.169573426246643066e-01 7.927174866199493408e-02
5.235466957092285156e-01 5.828515887260437012e-01 -1.350604742765426636e-02
5.258744955062866211e-01 5.870286226272583008e-01 -1.527011673897504807e-02
5.278453230857849121e-01 5.930199027061462402e-01 -1.694148220121860504e-02
5.291121006011962891e-01 6.001727581024169922e-01 -1.531210634857416153e-02
5.323303937911987305e-01 6.086754202842712402e-01 -7.308160420507192612e-03
5.422450304031372070e-01 5.551416277885437012e-01 -5.610417574644088745e-03
5.448514223098754883e-01 5.548084378242492676e-01 -5.127751734107732773e-03
5.473001599311828613e-01 5.538070797920227051e-01 -4.869783762842416763e-03
5.601068139076232910e-01 5.466262102127075195e-01 -1.674945233389735222e-03
6.039420962333679199e-01 5.133551359176635742e-01 2.229471690952777863e-02
5.348401069641113281e-01 4.042782783508300781e-01 -1.443673390895128250e-02
5.430241227149963379e-01 3.699889183044433594e-01 6.526779383420944214e-03
5.489565134048461914e-01 3.740334212779998779e-01 1.154851447790861130e-02
5.400527119636535645e-01 5.547277331352233887e-01 -4.833357874304056168e-03
6.010124087333679199e-01 5.553218126296997070e-01 3.759503737092018127e-02
5.332654714584350586e-01 3.675549030303955078e-01 -8.237910456955432892e-03
5.368633270263671875e-01 6.216314435005187988e-01 -1.726923859678208828e-03
5.280736088752746582e-01 4.103827178478240967e-01 -3.306099027395248413e-02
5.403760075569152832e-01 4.470915198326110840e-01 -2.652342244982719421e-02
5.183566212654113770e-01 6.317933201789855957e-01 -8.873384445905685425e-03
5.632999539375305176e-01 5.887176990509033203e-01 1.075822766870260239e-02
5.578148365020751953e-01 4.945640861988067627e-01 -6.176971830427646637e-03
5.514068603515625000e-01 6.072077751159667969e-01 4.946187604218721390e-03
5.820410847663879395e-01 4.952495098114013672e-01 3.814625379163771868e-04
5.660159587860107422e-01 5.125728249549865723e-01 -3.423711052164435387e-03
5.878505110740661621e-01 5.235975980758666992e-01 9.353143163025379181e-03
5.204515457153320312e-01 6.496047377586364746e-01 -8.706782013177871704e-03
5.457125902175903320e-01 4.576204419136047363e-01 -1.867049373686313629e-02
5.713572502136230469e-01 6.026505827903747559e-01 2.066350355744361877e-02
5.564247965812683105e-01 6.206156015396118164e-01 1.269602309912443161e-02
5.730623602867126465e-01 5.670783519744873047e-01 1.234074868261814117e-02
6.133521795272827148e-01 5.357504487037658691e-01 4.779887571930885315e-02
5.862426757812500000e-01 5.721097588539123535e-01 2.308558486402034760e-02
6.173992156982421875e-01 5.510371327400207520e-01 7.275067269802093506e-02
5.716686248779296875e-01 5.351738929748535156e-01 2.561232540756464005e-03
5.401171445846557617e-01 4.326235651969909668e-01 -1.793793961405754089e-02
5.379846692085266113e-01 4.781847596168518066e-01 -4.437573999166488647e-02
5.433554649353027344e-01 4.837611615657806396e-01 -3.244249150156974792e-02
5.350714921951293945e-01 4.661919772624969482e-01 -5.237531289458274841e-02
5.534505248069763184e-01 3.533172011375427246e-01 4.506071563810110092e-03
5.723586678504943848e-01 3.429353535175323486e-01 4.067883361130952835e-03
5.881755352020263672e-01 3.421308696269989014e-01 5.871106404811143875e-03
6.006085872650146484e-01 3.477064371109008789e-01 1.100462861359119415e-02
6.088559031486511230e-01 3.581846356391906738e-01 1.811153441667556763e-02
6.122893095016479492e-01 3.948041498661041260e-01 3.398769348859786987e-02
6.361470818519592285e-01 4.451150298118591309e-01 8.308573812246322632e-02
6.028041243553161621e-01 4.184379577636718750e-01 2.370750904083251953e-02
5.910682678222656250e-01 4.213561713695526123e-01 1.631299778819084167e-02
5.763676762580871582e-01 4.189248383045196533e-01 1.090489886701107025e-02
5.626111030578613281e-01 4.125582873821258545e-01 8.074674755334854126e-03
5.522554516792297363e-01 4.044608473777770996e-01 7.288343273103237152e-03
5.452823042869567871e-01 3.975982069969177246e-01 6.363304797559976578e-03
6.339594125747680664e-01 4.478684663772583008e-01 1.241947337985038757e-01
5.423899292945861816e-01 4.884762465953826904e-01 -2.712775394320487976e-02
5.342763066291809082e-01 4.346068203449249268e-01 -3.522667661309242249e-02
5.311229228973388672e-01 4.777839779853820801e-01 -5.371963977813720703e-02
5.243176817893981934e-01 4.857906401157379150e-01 -5.008455365896224976e-02
5.303594470024108887e-01 4.810012578964233398e-01 -4.839493334293365479e-02
5.389882326126098633e-01 4.933186769485473633e-01 -2.383665926754474640e-02
5.224006175994873047e-01 4.869083464145660400e-01 -5.320711433887481689e-02
5.204639434814453125e-01 4.909118711948394775e-01 -4.046754539012908936e-02
5.460265278816223145e-01 3.835716247558593750e-01 1.261596381664276123e-02
5.400679111480712891e-01 3.873880207538604736e-01 5.218787584453821182e-03
5.364748239517211914e-01 3.901216983795166016e-01 -3.109492827206850052e-03
5.981357097625732422e-01 3.954271972179412842e-01 2.211067825555801392e-02
6.065837740898132324e-01 3.778438866138458252e-01 2.306506410241127014e-02
4.565401077270507812e-01 3.774296045303344727e-01 7.153281010687351227e-03
4.677923023700714111e-01 3.778161406517028809e-01 7.153281010687351227e-03
4.572696387767791748e-01 3.648623526096343994e-01 7.153281010687351227e-03
4.451961517333984375e-01 3.770073652267456055e-01 7.153281010687351227e-03
4.557999968528747559e-01 3.896056711673736572e-01 7.153281010687351227e-03
5.749217271804809570e-01 3.926649689674377441e-01 1.587075181305408478e-02
5.861170887947082520e-01 3.937957882881164551e-01 1.587075181305408478e-02
5.758498907089233398e-01 3.790981471538543701e-01 1.587075181305408478e-02
5.636389255523681641e-01 3.914916515350341797e-01 1.587075181305408478e-02
5.740319490432739258e-01 4.059104621410369873e-01 1.587075181305408478e-02
