5.068932771682739258e-01 5.318826436996459961e-01 -3.314619511365890503e-02
5.113980174064636230e-01 4.702983498573303223e-01 -5.697491392493247986e-02
5.089401602745056152e-01 4.892422556877136230e-01 -3.095665946602821350e-02
5.052164196968078613e-01 4.168995022773742676e-01 -4.137002676725387573e-02
5.127587318420410156e-01 4.534105062484741211e-01 -6.011202558875083923e-02
5.139155387878417969e-01 4.323480427265167236e-01 -5.506801605224609375e-02
5.161014199256896973e-01 3.819479346275329590e-01 -2.387322112917900085e-02
4.301252067089080811e-01 3.710533380508422852e-01 1.332129351794719696e-02
5.182343721389770508e-01 3.395365774631500244e-01 -1.494137383997440338e-02
5.195494890213012695e-01 3.173135221004486084e-01 -1.583096198737621307e-02
5.227469801902770996e-01 2.456744909286499023e-01 -6.009819917380809784e-04
5.066482424736022949e-01 5.377084016799926758e-01 -3.201384097337722778e-02
5.060732960700988770e-01 5.434829592704772949e-01 -2.858984842896461487e-02
5.054898262023925781e-01 5.474412441253662109e-01 -2.377314493060112000e-02
5.054243206977844238e-01 5.479958653450012207e-01 -2.224807254970073700e-02
5.053071975708007812e-01 5.567825436592102051e-01 -2.397971786558628082e-02
5.048629045486450195e-01 5.675073862075805664e-01 -2.638844773173332214e-02
5.041979551315307617e-01 5.782763361930847168e-01 -2.500126697123050690e-02
4.993940889835357666e-01 5.980709791183471680e-01 -1.532532647252082825e-02
5.103820562362670898e-01 4.794999361038208008e-01 -5.176446959376335144e-02
5.003455281257629395e-01 4.791833460330963135e-01 -3.777905926108360291e-02
3.920688927173614502e-01 3.102259635925292969e-01 6.519260257482528687e-02
4.642134308815002441e-01 3.846410214900970459e-01 3.304030746221542358e-03
4.516593217849731445e-01 3.863460421562194824e-01 3.608331782743334770e-03
4.398791193962097168e-01 3.855186402797698975e-01 6.199069321155548096e-03
4.243833422660827637e-01 3.763578534126281738e-01 1.443719118833541870e-02
4.752314984798431396e-01 3.794807195663452148e-01 5.304915830492973328e-03
4.522428214550018311e-01 3.349277675151824951e-01 9.390519699081778526e-05
4.658226668834686279e-01 3.383558988571166992e-01 1.054087420925498009e-03
4.390737414360046387e-01 3.365057110786437988e-01 2.968591870740056038e-03
4.299021065235137939e-01 3.431355059146881104e-01 6.839794572442770004e-03
4.139510393142700195e-01 3.860846161842346191e-01 1.893585361540317535e-02
4.557569026947021484e-01 6.190174221992492676e-01 -5.709883756935596466e-03
4.259868264198303223e-01 3.682478666305541992e-01 1.669680699706077576e-02
3.824864625930786133e-01 3.798918724060058594e-01 6.592565029859542847e-02
4.033154249191284180e-01 3.728962838649749756e-01 2.978017367422580719e-02
4.555974006652832031e-01 4.567958414554595947e-01 -9.666254743933677673e-03
4.939523935317993164e-01 5.265856981277465820e-01 -3.223970532417297363e-02
4.945422112941741943e-01 5.412136912345886230e-01 -2.765021845698356628e-02
4.803319275379180908e-01 5.303809642791748047e-01 -2.687788195908069611e-02
4.708825349807739258e-01 5.353673696517944336e-01 -1.991616375744342804e-02
4.840549528598785400e-01 5.407378673553466797e-01 -2.410972304642200470e-02
4.754834771156311035e-01 5.416113734245300293e-01 -1.761253364384174347e-02
4.523431360721588135e-01 5.633795261383056641e-01 -5.293781869113445282e-03
5.024746060371398926e-01 4.690408408641815186e-01 -5.634296685457229614e-02
5.021975636482238770e-01 4.528537392616271973e-01 -5.921674519777297974e-02
4.150019586086273193e-01 3.223381638526916504e-01 1.049309968948364258e-02
4.803044795989990234e-01 4.172806143760681152e-01 -8.415757678449153900e-03
4.780527949333190918e-01 4.660076200962066650e-01 -3.118047118186950684e-02
4.773660302162170410e-01 4.578201174736022949e-01 -2.781940810382366180e-02
4.214487671852111816e-01 4.530660510063171387e-01 1.951974933035671711e-03
5.038428306579589844e-01 4.333569705486297607e-01 -5.230676382780075073e-02
4.450319409370422363e-01 3.007936179637908936e-01 -5.718438886106014252e-03
4.278702735900878906e-01 3.082088232040405273e-01 1.697330968454480171e-03
4.076449871063232422e-01 2.820182442665100098e-01 4.607148841023445129e-02
4.957201480865478516e-01 3.198724985122680664e-01 -1.299965288490056992e-02
4.770558476448059082e-01 3.461177647113800049e-01 4.495278000831604004e-03
4.456715583801269531e-01 5.467274188995361328e-01 -2.768066478893160820e-03
3.852517008781433105e-01 5.394728779792785645e-01 8.690982311964035034e-02
4.854985773563385010e-01 4.758899509906768799e-01 -2.701600082218647003e-02
4.931885004043579102e-01 4.814754724502563477e-01 -2.782769873738288879e-02
4.589971601963043213e-01 5.445570945739746094e-01 -3.862166078761219978e-03
4.617978036403656006e-01 5.444601774215698242e-01 -6.660453509539365768e-03
4.228758513927459717e-01 2.973205745220184326e-01 7.183969486504793167e-03
4.769035279750823975e-01 4.742552638053894043e-01 -2.560913376510143280e-02
4.669933915138244629e-01 3.030828237533569336e-01 -1.061404403299093246e-02
4.664325714111328125e-01 2.892509996891021729e-01 -1.207143347710371017e-02
4.582280218601226807e-01 2.474122941493988037e-01 9.064225479960441589e-03
4.172065556049346924e-01 2.973586618900299072e-01 2.410598285496234894e-02
4.641305506229400635e-01 2.762066721916198730e-01 -1.725214184261858463e-03
4.091489315032958984e-01 3.164377808570861816e-01 1.986644603312015533e-02
4.023655056953430176e-01 3.202600181102752686e-01 4.150913655757904053e-02
4.941005706787109375e-01 5.346605181694030762e-01 -3.123784065246582031e-02
4.822494089603424072e-01 5.360240936279296875e-01 -2.606583200395107269e-02
4.731838107109069824e-01 5.386327505111694336e-01 -1.970339007675647736e-02
4.876277148723602295e-01 4.795065820217132568e-01 -2.465967088937759399e-02
4.604406654834747314e-01 5.445566177368164062e-01 -5.320141557604074478e-03
4.655158221721649170e-01 5.481693744659423828e-01 -1.149702630937099457e-02
4.633068442344665527e-01 5.444059371948242188e-01 -6.891712546348571777e-03
4.909318387508392334e-01 4.690101742744445801e-01 -4.139745980501174927e-02
4.769949615001678467e-01 5.437164902687072754e-01 -1.590122655034065247e-02
4.853306412696838379e-01 5.437988042831420898e-01 -2.001073025166988373e-02
4.949559867382049561e-01 5.452048778533935547e-01 -2.317698113620281219e-02
4.852169752120971680e-01 5.956268310546875000e-01 -1.562803797423839569e-02
4.901193678379058838e-01 5.749636888504028320e-01 -2.500828728079795837e-02
4.916138052940368652e-01 5.643317699432373047e-01 -2.604196965694427490e-02
4.932345747947692871e-01 5.537022352218627930e-01 -2.335793338716030121e-02
4.948519170284271240e-01 5.457993745803833008e-01 -2.163611166179180145e-02
4.768878221511840820e-01 5.436788797378540039e-01 -1.465694885700941086e-02
4.742665886878967285e-01 5.476253032684326172e-01 -1.650742441415786743e-02
4.712986350059509277e-01 5.527561306953430176e-01 -1.848382689058780670e-02
4.686563313007354736e-01 5.585162043571472168e-01 -1.695299148559570312e-02
4.609621763229370117e-01 5.176556706428527832e-01 -1.621198281645774841e-02
3.751302957534790039e-01 4.545080661773681641e-01 1.055170446634292603e-01
5.096676945686340332e-01 4.839318394660949707e-01 -3.809069842100143433e-02
4.705103635787963867e-01 5.438112020492553711e-01 -1.007228158414363861e-02
4.681729972362518311e-01 5.458323359489440918e-01 -1.136082876473665237e-02
4.956700205802917480e-01 4.882946908473968506e-01 -2.879139408469200134e-02
4.794817566871643066e-01 4.849698841571807861e-01 -1.811142638325691223e-02
4.945146143436431885e-01 4.849474728107452393e-01 -2.845413610339164734e-02
4.678324162960052490e-01 4.262524247169494629e-01 -5.892571993172168732e-03
4.487551748752593994e-01 4.356471896171569824e-01 -4.009719006717205048e-03
4.748901724815368652e-01 4.657081663608551025e-01 -2.211444824934005737e-02
4.288869202136993408e-01 2.601729035377502441e-01 2.583627030253410339e-02
4.369204342365264893e-01 2.818719744682312012e-01 1.009607128798961639e-02
4.423673152923583984e-01 2.881630063056945801e-01 -3.181171137839555740e-03
4.604841172695159912e-01 5.754793882369995117e-01 -1.019297167658805847e-02
4.946538805961608887e-01 2.968128323554992676e-01 -1.613470166921615601e-02
4.911019206047058105e-01 2.778699994087219238e-01 -7.985223084688186646e-03
4.882901012897491455e-01 2.435052245855331421e-01 1.344118354609236121e-04
4.297594726085662842e-01 3.819215893745422363e-01 1.044754125177860260e-02
4.001863896846771240e-01 3.971731364727020264e-01 2.399499155580997467e-02
4.825461506843566895e-01 3.743114769458770752e-01 7.259849924594163895e-03
4.170549809932708740e-01 3.496896624565124512e-01 1.535527221858501434e-02
4.888849556446075439e-01 4.066154658794403076e-01 -1.151185762137174606e-02
4.848268032073974609e-01 4.587861597537994385e-01 -4.110611975193023682e-02
3.927076756954193115e-01 4.107314050197601318e-01 3.460230678319931030e-02
4.059550762176513672e-01 4.085346162319183350e-01 1.404385082423686981e-02
4.203794598579406738e-01 4.155046939849853516e-01 4.559753928333520889e-03
4.443380832672119141e-01 4.140369296073913574e-01 1.054837019182741642e-03
4.624286293983459473e-01 4.076937437057495117e-01 -2.815226034726947546e-04
4.763672351837158203e-01 4.000164270401000977e-01 -2.004463225603103638e-03
5.053031444549560547e-01 3.849621415138244629e-01 -2.049553021788597107e-02
3.934196233749389648e-01 4.460178613662719727e-01 3.022808022797107697e-02
4.085755944252014160e-01 3.464805483818054199e-01 2.045293338596820831e-02
5.051324963569641113e-01 4.783997237682342529e-01 -5.139343440532684326e-02
4.807516336441040039e-01 4.332812130451202393e-01 -1.357241068035364151e-02
3.759246468544006348e-01 3.795604407787322998e-01 1.006926223635673523e-01
4.871257543563842773e-01 3.909720182418823242e-01 -2.662063576281070709e-03
4.732806980609893799e-01 4.673618972301483154e-01 -1.170401647686958313e-02
4.210713207721710205e-01 3.654463589191436768e-01 1.835845783352851868e-02
4.846321344375610352e-01 4.490024447441101074e-01 -3.680795058608055115e-02
3.784823119640350342e-01 4.958197176456451416e-01 9.907645732164382935e-02
4.835787415504455566e-01 3.693546652793884277e-01 1.011905446648597717e-02
4.940193891525268555e-01 4.390360713005065918e-01 -4.654018953442573547e-02
4.092594981193542480e-01 5.794744491577148438e-01 3.124336153268814087e-02
4.068030714988708496e-01 5.998585224151611328e-01 4.903190582990646362e-02
3.797207474708557129e-01 4.505705833435058594e-01 6.818636506795883179e-02
3.969445228576660156e-01 5.560519695281982422e-01 4.443494603037834167e-02
3.918510973453521729e-01 3.475913107395172119e-01 5.696720629930496216e-02
4.511505067348480225e-01 6.364471912384033203e-01 -3.404582676012068987e-04
5.056351423263549805e-01 4.829580187797546387e-01 -3.751065209507942200e-02
4.699989855289459229e-01 4.452249705791473389e-01 -1.053620409220457077e-02
3.937944173812866211e-01 3.769552111625671387e-01 4.013526439666748047e-02
4.423378705978393555e-01 3.750371634960174561e-01 7.355922367423772812e-03
4.529320597648620605e-01 3.763251006603240967e-01 5.171854980289936066e-03
4.629269540309906006e-01 5.508215427398681641e-01 -9.949226863682270050e-03
3.942237496376037598e-01 4.801926314830780029e-01 3.230996429920196533e-02
4.696265459060668945e-01 6.619876623153686523e-01 3.321336582303047180e-03
4.361333549022674561e-01 6.378316283226013184e-01 2.268220111727714539e-02
4.222445189952850342e-01 6.223429441452026367e-01 3.407025337219238281e-02
5.211931467056274414e-01 2.818541526794433594e-01 -8.903918787837028503e-03
4.939499199390411377e-01 6.673132181167602539e-01 1.381966168992221355e-03
4.633725583553314209e-01 3.751987516880035400e-01 5.245908163487911224e-03
4.734926819801330566e-01 3.720202147960662842e-01 7.184682879596948624e-03
4.800896346569061279e-01 3.702425360679626465e-01 9.773385711014270782e-03
4.011714458465576172e-01 3.445942997932434082e-01 3.119877167046070099e-02
4.742839932441711426e-01 3.701615035533905029e-01 5.961691029369831085e-03
4.639954268932342529e-01 3.728576600551605225e-01 3.779724007472395897e-03
4.536221623420715332e-01 3.735021352767944336e-01 3.820815589278936386e-03
4.427023530006408691e-01 3.722776770591735840e-01 5.858798045665025711e-03
4.349536001682281494e-01 3.708326220512390137e-01 8.807618170976638794e-03
3.819043636322021484e-01 3.409628570079803467e-01 8.544725924730300903e-02
4.351904988288879395e-01 3.730127215385437012e-01 1.047183480113744736e-02
5.075677633285522461e-01 5.036628246307373047e-01 -2.914388105273246765e-02
4.724684953689575195e-01 5.085812807083129883e-01 -2.072392404079437256e-02
4.857796132564544678e-01 4.724817574024200439e-01 -3.074524737894535065e-02
4.931801259517669678e-01 5.036886930465698242e-01 -2.895546518266201019e-02
5.169566869735717773e-01 3.617604374885559082e-01 -1.528940349817276001e-02
4.224313497543334961e-01 6.019284725189208984e-01 2.117827720940113068e-02
4.359272122383117676e-01 6.193999648094177246e-01 1.103400439023971558e-02
4.708783328533172607e-01 6.494042873382568359e-01 -9.889312088489532471e-03
3.951445519924163818e-01 5.744874477386474609e-01 6.866268813610076904e-02
4.807730615139007568e-01 3.688660264015197754e-01 8.456935174763202667e-03
4.967633485794067383e-01 4.102588891983032227e-01 -2.560083009302616119e-02
4.952215552330017090e-01 6.545532941818237305e-01 -1.156115531921386719e-02
4.513976573944091797e-01 6.515318751335144043e-01 1.085783448070287704e-02
3.818913102149963379e-01 4.883604049682617188e-01 6.505969911813735962e-02
4.851955473423004150e-01 5.441575646400451660e-01 -1.855790056288242340e-02
4.825814664363861084e-01 5.504109263420104980e-01 -2.052716910839080811e-02
4.801028370857238770e-01 5.584938526153564453e-01 -2.280487492680549622e-02
4.780232012271881104e-01 5.679035186767578125e-01 -2.177473157644271851e-02
4.711821675300598145e-01 5.867649316787719727e-01 -1.453813351690769196e-02
4.683249294757843018e-01 5.429776906967163086e-01 -1.168883778154850006e-02
4.658955335617065430e-01 5.415841937065124512e-01 -1.188008766621351242e-02
4.637899994850158691e-01 5.398910045623779297e-01 -1.188985910266637802e-02
4.516737461090087891e-01 5.307395458221435547e-01 -9.726731106638908386e-03
4.103565514087677002e-01 4.892147481441497803e-01 1.149761769920587540e-02
4.972748458385467529e-01 3.945108056068420410e-01 -1.517642755061388016e-02
4.935951232910156250e-01 3.559342026710510254e-01 3.886836813762784004e-03
4.864313304424285889e-01 3.585955500602722168e-01 7.160934619605541229e-03
4.705073535442352295e-01 5.441550016403198242e-01 -1.084943395107984543e-02
4.057411849498748779e-01 5.308334827423095703e-01 2.570872753858566284e-02
5.036695003509521484e-01 3.554764986038208008e-01 -9.173000231385231018e-03
4.631404876708984375e-01 6.023682951927185059e-01 -9.338618256151676178e-03
5.146825909614562988e-01 4.151601195335388184e-01 -4.438961669802665710e-02
5.051122903823852539e-01 4.017396569252014160e-01 -3.184754028916358948e-02
5.153700709342956543e-01 3.991267085075378418e-01 -3.373408690094947815e-02
4.878586828708648682e-01 4.358131587505340576e-01 -2.681456506252288818e-02
4.967112541198730469e-01 6.366327404975891113e-01 -1.654640026390552521e-02
4.981888532638549805e-01 6.159195899963378906e-01 -1.561032608151435852e-02
4.800096452236175537e-01 6.127342581748962402e-01 -1.430485025048255920e-02
4.401493668556213379e-01 5.696604251861572266e-01 5.345649551600217819e-04
4.625746011734008789e-01 4.799060821533203125e-01 -9.934577159583568573e-03
4.500599503517150879e-01 5.882656574249267578e-01 -4.249776247888803482e-03
4.367408156394958496e-01 4.750375151634216309e-01 -7.044703699648380280e-03
4.509244859218597412e-01 4.954906702041625977e-01 -9.586626663804054260e-03
4.255362153053283691e-01 5.021095275878906250e-01 -1.927723205881193280e-04
4.744679927825927734e-01 6.321549415588378906e-01 -1.454207114875316620e-02
4.806643128395080566e-01 4.457813501358032227e-01 -1.995104178786277771e-02
4.287360906600952148e-01 5.823744535446166992e-01 9.827903471887111664e-03
4.416276812553405762e-01 6.017991304397583008e-01 3.267675871029496193e-03
4.336495399475097656e-01 5.478649139404296875e-01 1.845103572122752666e-03
3.957450687885284424e-01 5.095916390419006348e-01 3.513327240943908691e-02
4.187035560607910156e-01 5.500673055648803711e-01 1.176099199801683426e-02
3.866091072559356689e-01 5.235967040061950684e-01 5.905244499444961548e-02
4.407052695751190186e-01 5.171548128128051758e-01 -5.736137740314006805e-03
4.889701604843139648e-01 4.215118885040283203e-01 -1.912561245262622833e-02
4.879059493541717529e-01 4.659563899040222168e-01 -4.344791918992996216e-02
4.812513887882232666e-01 4.712387621402740479e-01 -3.232987225055694580e-02
4.929203391075134277e-01 4.546776115894317627e-01 -5.044176802039146423e-02
4.852159917354583740e-01 3.371386826038360596e-01 5.417354987002909184e-04
4.663652777671813965e-01 3.241128325462341309e-01 -1.862445380538702011e-03
4.490680694580078125e-01 3.208917379379272461e-01 -2.121204510331153870e-03
4.343532919883728027e-01 3.247506618499755859e-01 1.386093790642917156e-03
4.234420061111450195e-01 3.335447907447814941e-01 7.319762837141752243e-03
4.133905768394470215e-01 3.686794936656951904e-01 2.236872911453247070e-02
3.792744278907775879e-01 4.144761562347412109e-01 6.730467826128005981e-02
4.190915524959564209e-01 3.933054804801940918e-01 1.343666575849056244e-02
4.311089515686035156e-01 3.987854719161987305e-01 7.503423374146223068e-03
4.475382566452026367e-01 3.993095755577087402e-01 3.846224397420883179e-03
4.637210965156555176e-01 3.956462740898132324e-01 2.491393592208623886e-03
4.765444397926330566e-01 3.894427418708801270e-01 3.258426906540989876e-03
4.855106174945831299e-01 3.838681876659393311e-01 3.163613146170973778e-03
3.746447563171386719e-01 4.165443181991577148e-01 1.067181751132011414e-01
4.809335768222808838e-01 4.765256941318511963e-01 -2.720098569989204407e-02
4.962443709373474121e-01 4.243480563163757324e-01 -3.462135791778564453e-02
4.951227903366088867e-01 4.664850533008575439e-01 -5.145673453807830811e-02
5.000289082527160645e-01 4.757307171821594238e-01 -4.719457402825355530e-02
4.949634373188018799e-01 4.697399735450744629e-01 -4.637393355369567871e-02
4.832621216773986816e-01 4.822259843349456787e-01 -2.364674955606460571e-02
5.019097924232482910e-01 4.771550893783569336e-01 -4.998027905821800232e-02
5.023982524871826172e-01 4.817421138286590576e-01 -3.761185705661773682e-02
4.877795577049255371e-01 3.686866760253906250e-01 8.899227716028690338e-03
4.931865930557250977e-01 3.742569088935852051e-01 2.815547632053494453e-03
4.960730075836181641e-01 3.777133524417877197e-01 -4.515132866799831390e-03
4.299339056015014648e-01 3.694982528686523438e-01 1.216361112892627716e-02
4.231492280960083008e-01 3.520537018775939941e-01 1.250862795859575272e-02
5.235380530357360840e-01 4.187342822551727295e-01 -4.025597870349884033e-02
5.959213376045227051e-01 3.913197219371795654e-01 2.101341634988784790e-02
5.192657113075256348e-01 4.812580645084381104e-01 -3.696012869477272034e-02
6.330062150955200195e-01 3.356419801712036133e-01 7.599808275699615479e-02
5.621057748794555664e-01 3.969451189041137695e-01 8.462966419756412506e-03
5.727970600128173828e-01 4.010936319828033447e-01 9.754360653460025787e-03
5.835249423980712891e-01 4.025037884712219238e-01 1.317110657691955566e-02
5.999416112899780273e-01 3.959434330463409424e-01 2.254642732441425323e-02
5.537232160568237305e-01 3.899329304695129395e-01 9.434618987143039703e-03
5.809566378593444824e-01 3.488375544548034668e-01 6.359863094985485077e-03
5.685739517211914062e-01 3.500803709030151367e-01 6.055113859474658966e-03
5.925626754760742188e-01 3.524906635284423828e-01 1.011603232473134995e-02
6.000556945800781250e-01 3.608373403549194336e-01 1.451600808650255203e-02
6.069737672805786133e-01 4.055913686752319336e-01 2.779787220060825348e-02
5.392758250236511230e-01 6.263988018035888672e-01 -2.225813455879688263e-03
6.003157496452331543e-01 3.887683749198913574e-01 2.470874041318893433e-02
6.361129283905029297e-01 4.061420559883117676e-01 7.717703282833099365e-02
6.189705133438110352e-01 3.918576538562774658e-01 3.944456577301025391e-02
5.628147721290588379e-01 4.679718315601348877e-01 -4.285387229174375534e-03
5.193986296653747559e-01 5.297941565513610840e-01 -3.092031925916671753e-02
5.164602994918823242e-01 5.441953539848327637e-01 -2.640503086149692535e-02
5.306409001350402832e-01 5.362825393676757812e-01 -2.414403855800628662e-02
5.373089313507080078e-01 5.435497164726257324e-01 -1.616394706070423126e-02
5.251485109329223633e-01 5.460287928581237793e-01 -2.173780836164951324e-02
5.316445231437683105e-01 5.488060712814331055e-01 -1.437667198479175568e-02
5.489178895950317383e-01 5.737167596817016602e-01 -5.034344503656029701e-04
5.201194882392883301e-01 4.709692299365997314e-01 -5.564853549003601074e-02
5.229461789131164551e-01 4.550645649433135986e-01 -5.840340256690979004e-02
6.153702735900878906e-01 3.387950062751770020e-01 1.950428076088428497e-02
5.441982150077819824e-01 4.237664937973022461e-01 -4.920208360999822617e-03
5.424546599388122559e-01 4.727228283882141113e-01 -2.811391092836856842e-02
5.438418984413146973e-01 4.646031260490417480e-01 -2.464854344725608826e-02
5.949034690856933594e-01 4.710429608821868896e-01 1.063444558531045914e-02
5.234275460243225098e-01 4.353564381599426270e-01 -5.122223496437072754e-02
5.925077199935913086e-01 3.156140148639678955e-01 9.984064381569623947e-04
6.063887476921081543e-01 3.237532377243041992e-01 9.778409264981746674e-03
6.237461566925048828e-01 3.045945167541503906e-01 5.569029971957206726e-02
5.440086126327514648e-01 3.282392024993896484e-01 -1.050197891891002655e-02
5.577174425125122070e-01 3.564680218696594238e-01 8.568395860493183136e-03
5.578983426094055176e-01 5.590240955352783203e-01 3.124532988294959068e-03
6.134642362594604492e-01 5.625361204147338867e-01 9.744683653116226196e-02
5.332835316658020020e-01 4.809912443161010742e-01 -2.498653344810009003e-02
5.250764489173889160e-01 4.848824441432952881e-01 -2.676416002213954926e-02
5.442010760307312012e-01 5.562249422073364258e-01 1.232176902703940868e-03
5.415666103363037109e-01 5.552063584327697754e-01 -2.145295031368732452e-03
6.123201251029968262e-01 3.125102221965789795e-01 1.552861183881759644e-02
5.416213274002075195e-01 4.809938073158264160e-01 -2.259119413793087006e-02
5.729728937149047852e-01 3.156659901142120361e-01 -6.043358705937862396e-03
5.753424167633056641e-01 3.020461499691009521e-01 -7.519797421991825104e-03
5.833139419555664062e-01 2.607146501541137695e-01 1.478588394820690155e-02
6.161988973617553711e-01 3.167209327220916748e-01 3.294835239648818970e-02
5.762882232666015625e-01 2.870969474315643311e-01 3.218865022063255310e-03
6.216896176338195801e-01 3.322271108627319336e-01 2.924565970897674561e-02
6.258445382118225098e-01 3.424581885337829590e-01 5.148676410317420959e-02
5.182344317436218262e-01 5.378684997558593750e-01 -2.990329265594482422e-02
5.279147624969482422e-01 5.417625904083251953e-01 -2.351860143244266510e-02
5.346277952194213867e-01 5.463802814483642578e-01 -1.625055447220802307e-02
5.304241776466369629e-01 4.840161800384521484e-01 -2.285738661885261536e-02
5.428661108016967773e-01 5.557768940925598145e-01 -6.027907365933060646e-04
5.390626192092895508e-01 5.582123994827270508e-01 -7.525580935180187225e-03
5.400563478469848633e-01 5.546283721923828125e-01 -2.496499102562665939e-03
5.300176739692687988e-01 4.732925295829772949e-01 -3.931678086519241333e-02
5.293200016021728516e-01 5.502635240554809570e-01 -1.281565614044666290e-02
5.229467153549194336e-01 5.486253499984741211e-01 -1.775996200740337372e-02
5.149232745170593262e-01 5.478920936584472656e-01 -2.189625799655914307e-02
5.138579607009887695e-01 5.985844135284423828e-01 -1.437089033424854279e-02
5.173141360282897949e-01 5.787815451622009277e-01 -2.368910424411296844e-02
5.170662403106689453e-01 5.677958130836486816e-01 -2.466856129467487335e-02
5.162825584411621094e-01 5.568398237228393555e-01 -2.204548567533493042e-02
5.149778127670288086e-01 5.485594272613525391e-01 -2.034371905028820038e-02
5.294075012207031250e-01 5.505467057228088379e-01 -1.155908405780792236e-02
5.319637656211853027e-01 5.554535984992980957e-01 -1.341715175658464432e-02
5.345940589904785156e-01 5.615221858024597168e-01 -1.519909407943487167e-02
5.367524623870849609e-01 5.680714845657348633e-01 -1.347813569009304047e-02
5.490828156471252441e-01 5.271658897399902344e-01 -1.191439013928174973e-02
6.309530735015869141e-01 4.813227355480194092e-01 1.174201145768165588e-01
5.340756177902221680e-01 5.520743727684020996e-01 -6.226999685168266296e-03
5.365629196166992188e-01 5.550499558448791504e-01 -7.550659589469432831e-03
5.218539237976074219e-01 4.910720884799957275e-01 -2.766560204327106476e-02
5.369864702224731445e-01 4.909732043743133545e-01 -1.565980166196823120e-02
5.233779549598693848e-01 4.880850911140441895e-01 -2.741484902799129486e-02
5.545588731765747070e-01 4.351663589477539062e-01 -1.148810959421098232e-03
5.714740157127380371e-01 4.484274983406066895e-01 2.388818887993693352e-03
5.446349382400512695e-01 4.728860557079315186e-01 -1.882229000329971313e-02
6.083167791366577148e-01 2.789994776248931885e-01 3.377793729305267334e-02
6.007741093635559082e-01 2.976657152175903320e-01 1.727036386728286743e-02
5.969055294990539551e-01 3.026866316795349121e-01 3.591870190575718880e-03
5.399996638298034668e-01 5.835106372833251953e-01 -6.216075737029314041e-03
5.485928058624267578e-01 3.055959343910217285e-01 -1.367074996232986450e-02
5.505096912384033203e-01 2.838187515735626221e-01 -5.398889072239398956e-03
5.558161139488220215e-01 2.508111000061035156e-01 3.088471246883273125e-03
5.935912728309631348e-01 4.010586440563201904e-01 1.807292364537715912e-02
6.173862218856811523e-01 4.174290895462036133e-01 3.363393619656562805e-02
5.484687089920043945e-01 3.839648962020874023e-01 1.092404033988714218e-02
6.100358963012695312e-01 3.680984377861022949e-01 2.410698495805263519e-02
5.377849340438842773e-01 4.115208089351654053e-01 -8.716231212019920349e-03
5.375651717185974121e-01 4.644204974174499512e-01 -3.861001878976821899e-02
6.255226731300354004e-01 4.347958564758300781e-01 4.536147788166999817e-02
6.095476746559143066e-01 4.292179942131042480e-01 2.326087281107902527e-02
5.952966213226318359e-01 4.342275559902191162e-01 1.266539283096790314e-02
5.742666721343994141e-01 4.284665286540985107e-01 7.451127283275127411e-03
5.591835379600524902e-01 4.187890887260437012e-01 4.635362420231103897e-03
5.481868982315063477e-01 4.091669321060180664e-01 1.614252920262515545e-03
5.259487628936767578e-01 3.870305120944976807e-01 -1.932498067617416382e-02
6.211009025573730469e-01 4.695074260234832764e-01 4.100919887423515320e-02
6.178571581840515137e-01 3.645466268062591553e-01 2.974561601877212524e-02
5.156318545341491699e-01 4.795292615890502930e-01 -5.083470791578292847e-02
5.422953367233276367e-01 4.395481646060943604e-01 -1.025181543081998825e-02
6.380838155746459961e-01 4.072597622871398926e-01 1.130578070878982544e-01
5.402212738990783691e-01 3.989515304565429688e-01 1.743301691021770239e-04
5.451700091361999512e-01 4.747914969921112061e-01 -8.182883262634277344e-03
6.049739122390747070e-01 3.852698206901550293e-01 2.683438360691070557e-02
5.386272072792053223e-01 4.546000361442565918e-01 -3.423788771033287048e-02
6.240785717964172363e-01 5.210497379302978516e-01 1.103268414735794067e-01
5.489926934242248535e-01 3.791263401508331299e-01 1.390047743916511536e-02
5.316039323806762695e-01 4.429293572902679443e-01 -4.465869441628456116e-02
5.884036421775817871e-01 5.965884923934936523e-01 3.898858278989791870e-02
5.873162746429443359e-01 6.167685985565185547e-01 5.724576488137245178e-02
6.314179897308349609e-01 4.763524234294891357e-01 7.941228151321411133e-02
6.028417348861694336e-01 5.762748718261718750e-01 5.342516303062438965e-02
6.314148306846618652e-01 3.721109628677368164e-01 6.759177893400192261e-02
5.409476757049560547e-01 6.440441012382507324e-01 3.364934585988521576e-03
5.137385725975036621e-01 4.838404357433319092e-01 -3.717738762497901917e-02
5.505841374397277832e-01 4.535784125328063965e-01 -6.428133696317672729e-03
6.279525756835937500e-01 3.954339623451232910e-01 5.052684247493743896e-02
5.834205150604248047e-01 3.931465744972229004e-01 1.425466220825910568e-02
5.735499262809753418e-01 3.919404745101928711e-01 1.128115132451057434e-02
5.413677692413330078e-01 5.616316795349121094e-01 -5.755228921771049500e-03
6.160038113594055176e-01 5.028083920478820801e-01 4.276992753148078918e-02
5.186461210250854492e-01 6.660934686660766602e-01 5.436340346932411194e-03
5.545496344566345215e-01 6.476650834083557129e-01 2.787140384316444397e-02
5.700680613517761230e-01 6.353543400764465332e-01 4.073669016361236572e-02
5.646758079528808594e-01 3.885981440544128418e-01 1.048773899674415588e-02
5.567373633384704590e-01 3.835253119468688965e-01 1.172006037086248398e-02
5.516905784606933594e-01 3.805375695228576660e-01 1.383184175938367844e-02
6.254067420959472656e-01 3.612956702709197998e-01 4.120324179530143738e-02
5.570517182350158691e-01 3.822401165962219238e-01 1.046045962721109390e-02
5.658295154571533203e-01 3.872620165348052979e-01 9.081671014428138733e-03
5.748287439346313477e-01 3.901916146278381348e-01 9.940012358129024506e-03
5.847047567367553711e-01 3.908399939537048340e-01 1.276654284447431564e-02
5.917519927024841309e-01 3.904678821563720703e-01 1.629614830017089844e-02
6.375871896743774414e-01 3.679510056972503662e-01 9.721785783767700195e-02
5.906137228012084961e-01 3.925703763961791992e-01 1.784080825746059418e-02
5.401894450187683105e-01 5.158725976943969727e-01 -1.742713898420333862e-02
5.338330864906311035e-01 4.777040183544158936e-01 -2.857694774866104126e-02
5.217251181602478027e-01 5.068264007568359375e-01 -2.761121839284896851e-02
5.729525685310363770e-01 6.158171296119689941e-01 2.746910229325294495e-02
5.576817393302917480e-01 6.300528049468994141e-01 1.592476665973663330e-02
5.202876925468444824e-01 6.537728309631347656e-01 -7.903193123638629913e-03
6.008586287498474121e-01 5.945445299148559570e-01 7.803918421268463135e-02
5.516116619110107422e-01 3.794851303100585938e-01 1.254995353519916534e-02
5.311819314956665039e-01 4.137253463268280029e-01 -2.375046908855438232e-02
5.380086302757263184e-01 6.583661437034606934e-01 1.464411895722150803e-02
6.248927712440490723e-01 5.130368471145629883e-01 7.583588361740112305e-02
5.230408310890197754e-01 5.492384433746337891e-01 -1.625971123576164246e-02
5.253496170043945312e-01 5.562787055969238281e-01 -1.815515197813510895e-02
5.272868871688842773e-01 5.650953650474548340e-01 -2.025387063622474670e-02
5.286022424697875977e-01 5.751354098320007324e-01 -1.912187039852142334e-02
5.284031033515930176e-01 5.923077464103698730e-01 -1.159379817545413971e-02
5.366386771202087402e-01 5.517867207527160645e-01 -7.853629998862743378e-03
5.393501520156860352e-01 5.511606335639953613e-01 -7.623928599059581757e-03
5.417402982711791992e-01 5.499610900878906250e-01 -7.419227622449398041e-03
5.552064776420593262e-01 5.420222878456115723e-01 -4.297358449548482895e-03
6.003682613372802734e-01 5.085723400115966797e-01 2.057465724647045135e-02
5.317848324775695801e-01 3.980106711387634277e-01 -1.323137246072292328e-02
5.414812564849853516e-01 3.637570142745971680e-01 6.188571453094482422e-03
5.477125644683837891e-01 3.678281009197235107e-01 1.073011104017496109e-02
5.339826345443725586e-01 5.521557331085205078e-01 -6.926554255187511444e-03
5.986613631248474121e-01 5.501149892807006836e-01 3.457861766219139099e-02
5.309269428253173828e-01 3.615725040435791016e-01 -7.622330915182828903e-03
5.343815088272094727e-01 6.088279485702514648e-01 -6.195219699293375015e-03
5.248907804489135742e-01 4.036923646926879883e-01 -3.085084073245525360e-02
5.363996028900146484e-01 4.408478140830993652e-01 -2.443501539528369904e-02
5.167984962463378906e-01 6.161071658134460449e-01 -1.286833267658948898e-02
5.605075359344482422e-01 5.818693637847900391e-01 6.088348105549812317e-03
5.532203912734985352e-01 4.893646836280822754e-01 -5.675040185451507568e-03
5.485705137252807617e-01 5.977262854576110840e-01 1.100830995710566640e-04
5.780720114707946777e-01 4.896768331527709961e-01 -1.498286437708884478e-04
5.620084404945373535e-01 5.071510076522827148e-01 -4.225376062095165253e-03
5.846369266510009766e-01 5.183635354042053223e-01 7.541751489043235779e-03
5.196717977523803711e-01 6.363193392753601074e-01 -1.268354896456003189e-02
5.413743257522583008e-01 4.519233405590057373e-01 -1.697546616196632385e-02
5.698804855346679688e-01 5.959522128105163574e-01 1.594615168869495392e-02
5.549049377441406250e-01 6.122268438339233398e-01 7.971771061420440674e-03
5.699542760848999023e-01 5.621252655982971191e-01 8.574057370424270630e-03
6.106745004653930664e-01 5.312678217887878418e-01 4.498868063092231750e-02
5.839123725891113281e-01 5.665120482444763184e-01 1.935974881052970886e-02
6.163309812545776367e-01 5.466910004615783691e-01 6.933747231960296631e-02
5.681065917015075684e-01 5.306040048599243164e-01 5.381131777539849281e-04
5.365150570869445801e-01 4.263902306556701660e-01 -1.648542284965515137e-02
5.335860252380371094e-01 4.708854258060455322e-01 -4.119301587343215942e-02
5.385718941688537598e-01 4.773438870906829834e-01 -2.977071516215801239e-02
5.309803485870361328e-01 4.587668478488922119e-01 -4.883259534835815430e-02
5.516670942306518555e-01 3.464249372482299805e-01 3.670854261144995689e-03
5.701979994773864746e-01 3.359048366546630859e-01 2.856278326362371445e-03
5.858715772628784180e-01 3.350985646247863770e-01 4.254253115504980087e-03
5.982791781425476074e-01 3.406569063663482666e-01 8.942586369812488556e-03
6.066759228706359863e-01 3.510804176330566406e-01 1.565339975059032440e-02
6.107125878334045410e-01 3.877055048942565918e-01 3.131280094385147095e-02
6.355873942375183105e-01 4.409613311290740967e-01 7.893256843090057373e-02
6.009889841079711914e-01 4.127296209335327148e-01 2.186388336122035980e-02
5.889758467674255371e-01 4.161743819713592529e-01 1.495777722448110580e-02
5.741754770278930664e-01 4.136660695075988770e-01 1.005402579903602600e-02
5.605716109275817871e-01 4.070260524749755859e-01 7.473335601389408112e-03
5.505400300025939941e-01 3.987498581409454346e-01 7.034958805888891220e-03
5.437378287315368652e-01 3.918868005275726318e-01 6.249177269637584686e-03
6.349471211433410645e-01 4.440537095069885254e-01 1.190598830580711365e-01
5.375407934188842773e-01 4.824493825435638428e-01 -2.464872226119041443e-02
5.306492447853088379e-01 4.278505444526672363e-01 -3.274311497807502747e-02
5.270843505859375000e-01 4.699349403381347656e-01 -5.000322684645652771e-02
5.205122232437133789e-01 4.779999852180480957e-01 -4.633673280477523804e-02
5.263085365295410156e-01 4.732353985309600830e-01 -4.488549008965492249e-02
5.340911149978637695e-01 4.874617755413055420e-01 -2.145875059068202972e-02
5.187692642211914062e-01 4.789872467517852783e-01 -4.928805306553840637e-02
5.169394016265869141e-01 4.832977652549743652e-01 -3.705126792192459106e-02
5.449561476707458496e-01 3.776417970657348633e-01 1.209046039730310440e-02
5.385469198226928711e-01 3.816539645195007324e-01 5.272163543850183487e-03
5.343921780586242676e-01 3.849018216133117676e-01 -2.497199689969420433e-03
5.965110063552856445e-01 3.896912336349487305e-01 1.993124373257160187e-02
6.048287153244018555e-01 3.711212873458862305e-01 2.064624056220054626e-02
4.563869833946228027e-01 3.716188967227935791e-01 8.386870846152305603e-03
4.673272669315338135e-01 3.720457553863525391e-01 8.386870846152305603e-03
4.569963812828063965e-01 3.591931462287902832e-01 8.386870846152305603e-03
4.453234970569610596e-01 3.711741864681243896e-01 8.386870846152305603e-03
4.557528197765350342e-01 3.837036490440368652e-01 8.386870846152305603e-03
5.727548003196716309e-01 3.873297572135925293e-01 1.437905896455049515e-02
5.835177898406982422e-01 3.885870575904846191e-01 1.437905896455049515e-02
5.734943747520446777e-01 3.739849328994750977e-01 1.437905896455049515e-02
5.619133710861206055e-01 3.860145807266235352e-01 1.437905896455049515e-02
5.720680356025695801e-01 4.003815054893493652e-01 1.437905896455049515e-02
