5.058916211128234863e-01 5.480183362960815430e-01 -3.276528790593147278e-02
5.137664675712585449e-01 4.926837980747222900e-01 -6.062079593539237976e-02
5.106539130210876465e-01 5.093599557876586914e-01 -3.209707885980606079e-02
5.076428651809692383e-01 4.341503083705902100e-01 -4.578262940049171448e-02
5.153962969779968262e-01 4.751182198524475098e-01 -6.438054144382476807e-02
5.167571902275085449e-01 4.521022140979766846e-01 -5.962228029966354370e-02
5.194081664085388184e-01 3.960738182067871094e-01 -2.811053581535816193e-02
4.354246258735656738e-01 3.778636455535888672e-01 1.026555523276329041e-02
5.224417448043823242e-01 3.501793146133422852e-01 -1.935745216906070709e-02
5.242582559585571289e-01 3.271866440773010254e-01 -2.108938060700893402e-02
5.293024778366088867e-01 2.502910494804382324e-01 -8.285316638648509979e-03
5.054116845130920410e-01 5.528883337974548340e-01 -3.130186349153518677e-02
5.047425031661987305e-01 5.574513077735900879e-01 -2.758886851370334625e-02
5.042346715927124023e-01 5.600441098213195801e-01 -2.236095629632472992e-02
5.029413700103759766e-01 5.773726701736450195e-01 -2.102045714855194092e-02
5.026170015335083008e-01 5.833487510681152344e-01 -2.270085923373699188e-02
5.019609332084655762e-01 5.906974673271179199e-01 -2.512425184249877930e-02
5.011531114578247070e-01 5.983868837356567383e-01 -2.360630407929420471e-02
4.997546672821044922e-01 6.152315139770507812e-01 -1.307722553610801697e-02
5.125132203102111816e-01 5.014472603797912598e-01 -5.483401566743850708e-02
5.012105107307434082e-01 4.996539950370788574e-01 -3.998435661196708679e-02
3.932256698608398438e-01 3.072740435600280762e-01 6.194020807743072510e-02
4.655306637287139893e-01 3.991545438766479492e-01 2.792297455016523600e-04
4.536514878273010254e-01 3.993403017520904541e-01 4.046450485475361347e-04
4.427485466003417969e-01 3.963030278682708740e-01 2.949595218524336815e-03
4.298969805240631104e-01 3.827776312828063965e-01 1.152416132390499115e-02
4.761772155761718750e-01 3.953011035919189453e-01 2.547859447076916695e-03
4.557154774665832520e-01 3.407744765281677246e-01 -3.700871486216783524e-03
4.687466025352478027e-01 3.450180292129516602e-01 -2.704040613025426865e-03
4.430931806564331055e-01 3.426499366760253906e-01 -8.113359799608588219e-04
4.342246949672698975e-01 3.494600355625152588e-01 3.154942765831947327e-03
4.183223843574523926e-01 3.924918770790100098e-01 1.663343980908393860e-02
4.544848799705505371e-01 6.314862370491027832e-01 -1.942664850503206253e-03
4.320205450057983398e-01 3.711808621883392334e-01 1.375297922641038895e-02
3.824532628059387207e-01 3.796733617782592773e-01 6.509733200073242188e-02
4.060018956661224365e-01 3.768737614154815674e-01 2.755286730825901031e-02
4.544439315795898438e-01 4.689382016658782959e-01 -1.168940588831901550e-02
4.913385510444641113e-01 5.427443385124206543e-01 -3.228674083948135376e-02
4.914885163307189941e-01 5.547245144844055176e-01 -2.687946148216724396e-02
4.764383435249328613e-01 5.453473329544067383e-01 -2.665412798523902893e-02
4.662753343582153320e-01 5.493671894073486328e-01 -1.899037137627601624e-02
4.799171090126037598e-01 5.538144111633300781e-01 -2.321721799671649933e-02
4.707698523998260498e-01 5.545147657394409180e-01 -1.609674654901027679e-02
4.487177729606628418e-01 5.762366056442260742e-01 -2.255116822198033333e-03
5.042766332626342773e-01 4.909186661243438721e-01 -6.011217832565307617e-02
5.041977167129516602e-01 4.737929701805114746e-01 -6.361689418554306030e-02
4.202125072479248047e-01 3.305578827857971191e-01 6.149830762296915054e-03
4.811125099658966064e-01 4.291660189628601074e-01 -1.121077314019203186e-02
4.774637222290039062e-01 4.831041097640991211e-01 -3.398786857724189758e-02
4.768834710121154785e-01 4.737487435340881348e-01 -3.066115453839302063e-02
4.195277988910675049e-01 4.615585505962371826e-01 4.165728169027715921e-04
5.060600042343139648e-01 4.524815678596496582e-01 -5.688445270061492920e-02
4.504890441894531250e-01 3.132405281066894531e-01 -1.079995185136795044e-02
4.334768950939178467e-01 3.180953562259674072e-01 -3.173025790601968765e-03
4.092423915863037109e-01 2.797020673751831055e-01 4.106404632329940796e-02
4.993489682674407959e-01 3.386125862598419189e-01 -1.750275120139122009e-02
4.792061746120452881e-01 3.553736805915832520e-01 1.140900421887636185e-03
4.418160915374755859e-01 5.584129691123962402e-01 -4.060757637489587069e-04
3.827207982540130615e-01 5.403246879577636719e-01 9.344553202390670776e-02
4.850157499313354492e-01 4.940428137779235840e-01 -2.918044291436672211e-02
4.932146370410919189e-01 5.000916719436645508e-01 -2.941882051527500153e-02
4.539471268653869629e-01 5.584087967872619629e-01 -1.151181058958172798e-03
4.570178091526031494e-01 5.587104558944702148e-01 -3.977958578616380692e-03
4.282205104827880859e-01 3.062421381473541260e-01 1.985787879675626755e-03
4.758260548114776611e-01 4.906753599643707275e-01 -2.780302800238132477e-02
4.719537198543548584e-01 3.183827400207519531e-01 -1.573430746793746948e-02
4.718011021614074707e-01 3.044231235980987549e-01 -1.790833286941051483e-02
4.619522392749786377e-01 2.484257221221923828e-01 1.532796071842312813e-03
4.180025458335876465e-01 2.969709038734436035e-01 1.879094727337360382e-02
4.669895172119140625e-01 2.799424231052398682e-01 -8.599987253546714783e-03
4.136024415493011475e-01 3.222043812274932861e-01 1.557730417698621750e-02
4.027324616909027100e-01 3.190213441848754883e-01 3.748871758580207825e-02
4.911314249038696289e-01 5.494453907012939453e-01 -3.088408149778842926e-02
4.781170487403869629e-01 5.500443577766418457e-01 -2.547147497534751892e-02
4.684474170207977295e-01 5.521419048309326172e-01 -1.846706308424472809e-02
4.871276915073394775e-01 4.975199997425079346e-01 -2.644179388880729675e-02
4.555102884769439697e-01 5.585803389549255371e-01 -2.593289827927947044e-03
4.603219926357269287e-01 5.653906464576721191e-01 -8.919566869735717773e-03
4.585005939006805420e-01 5.588665008544921875e-01 -4.204670898616313934e-03
4.914070665836334229e-01 4.890220165252685547e-01 -4.465013369917869568e-02
4.725808501243591309e-01 5.559411644935607910e-01 -1.413729693740606308e-02
4.814714789390563965e-01 5.559439659118652344e-01 -1.867421902716159821e-02
4.921087324619293213e-01 5.575170516967773438e-01 -2.200003154575824738e-02
4.842404425144195557e-01 6.123281717300415039e-01 -1.346181891858577728e-02
4.860322773456573486e-01 5.943263769149780273e-01 -2.380977571010589600e-02
4.875458180904388428e-01 5.867220759391784668e-01 -2.503798343241214752e-02
4.892341494560241699e-01 5.796526670455932617e-01 -2.235391922295093536e-02
4.908728003501892090e-01 5.743197202682495117e-01 -2.066023647785186768e-02
4.720475673675537109e-01 5.667963027954101562e-01 -1.298313215374946594e-02
4.694766998291015625e-01 5.688959360122680664e-01 -1.477424334734678268e-02
4.664051234722137451e-01 5.722246170043945312e-01 -1.663052476942539215e-02
4.637951552867889404e-01 5.762834548950195312e-01 -1.482326164841651917e-02
4.584877192974090576e-01 5.319211483001708984e-01 -1.571089215576648712e-02
3.738350868225097656e-01 4.526815414428710938e-01 1.098392754793167114e-01
5.116078853607177734e-01 5.051518678665161133e-01 -3.994458168745040894e-02
4.657633900642395020e-01 5.633913874626159668e-01 -7.738950662314891815e-03
4.630953669548034668e-01 5.641301870346069336e-01 -8.911307901144027710e-03
4.960147738456726074e-01 5.070313811302185059e-01 -3.006323240697383881e-02
4.782797098159790039e-01 5.011028647422790527e-01 -1.935769803822040558e-02
4.946850538253784180e-01 5.036296248435974121e-01 -2.993570454418659210e-02
4.680303335189819336e-01 4.373238086700439453e-01 -8.327878080308437347e-03
4.481168687343597412e-01 4.458204209804534912e-01 -6.235578563064336777e-03
4.739572107791900635e-01 4.811146557331085205e-01 -2.441953495144844055e-02
4.312605261802673340e-01 2.592441439628601074e-01 1.949232816696166992e-02
4.385355114936828613e-01 2.830433547496795654e-01 3.866247367113828659e-03
4.479410946369171143e-01 2.997069358825683594e-01 -8.923475630581378937e-03
4.575565457344055176e-01 5.897569060325622559e-01 -7.296479307115077972e-03
4.988908767700195312e-01 3.148217499256134033e-01 -2.164710685610771179e-02
4.953370392322540283e-01 2.836024463176727295e-01 -1.492326520383358002e-02
4.934622645378112793e-01 2.462138682603836060e-01 -7.840049453079700470e-03
4.340625405311584473e-01 3.909790217876434326e-01 7.316376548260450363e-03
4.037085175514221191e-01 4.027678370475769043e-01 2.209445834159851074e-02
4.834189713001251221e-01 3.911598622798919678e-01 4.585238639265298843e-03
4.218183457851409912e-01 3.561539649963378906e-01 1.198758464306592941e-02
4.902619719505310059e-01 4.190430045127868652e-01 -1.460353750735521317e-02
4.851040840148925781e-01 4.773351550102233887e-01 -4.465834796428680420e-02
3.916661143302917480e-01 4.139846563339233398e-01 3.348660469055175781e-02
4.108578562736511230e-01 4.166551828384399414e-01 1.193351764231920242e-02
4.256088733673095703e-01 4.256552457809448242e-01 2.249334240332245827e-03
4.482543170452117920e-01 4.261208474636077881e-01 -1.289283041842281818e-03
4.652555286884307861e-01 4.211425185203552246e-01 -2.698924625292420387e-03
4.785444438457489014e-01 4.145428836345672607e-01 -4.689430817961692810e-03
5.080044865608215332e-01 3.985234797000885010e-01 -2.460508607327938080e-02
3.916288614273071289e-01 4.503887891769409180e-01 2.980938553810119629e-02
4.123863577842712402e-01 3.519351184368133545e-01 1.699588075280189514e-02
5.067883133888244629e-01 5.000616908073425293e-01 -5.456859618425369263e-02
4.812486469745635986e-01 4.466247558593750000e-01 -1.626466587185859680e-02
3.762350082397460938e-01 3.765044510364532471e-01 1.020232886075973511e-01
4.891026020050048828e-01 4.066198766231536865e-01 -5.532612092792987823e-03
4.721637964248657227e-01 4.817941486835479736e-01 -1.329341251403093338e-02
4.269814789295196533e-01 3.708493709564208984e-01 1.555867865681648254e-02
4.850066304206848145e-01 4.661076366901397705e-01 -4.037873446941375732e-02
3.764904439449310303e-01 4.951032400131225586e-01 1.045613363385200500e-01
4.845446348190307617e-01 3.850328922271728516e-01 7.476144004613161087e-03
4.953798055648803711e-01 4.571716189384460449e-01 -5.079906061291694641e-02
4.075704514980316162e-01 5.864083170890808105e-01 3.575420007109642029e-02
4.050027728080749512e-01 6.051847934722900391e-01 5.573959276080131531e-02
3.783659338951110840e-01 4.518499672412872314e-01 6.972214579582214355e-02
3.948625326156616211e-01 5.610783696174621582e-01 4.866202175617218018e-02
3.920009434223175049e-01 3.468177318572998047e-01 5.453501641750335693e-02
4.506822824478149414e-01 6.471722722053527832e-01 4.128550179302692413e-03
5.071541070938110352e-01 5.039357542991638184e-01 -3.941510245203971863e-02
4.696388244628906250e-01 4.578093886375427246e-01 -1.282142754644155502e-02
3.946815133094787598e-01 3.783501982688903809e-01 3.822283074259757996e-02
4.453692138195037842e-01 3.871830999851226807e-01 4.161730874329805374e-03
4.548808038234710693e-01 3.903541564941406250e-01 1.987118972465395927e-03
4.577842354774475098e-01 5.671391487121582031e-01 -7.208923343569040298e-03
3.919261395931243896e-01 4.850324690341949463e-01 3.319548815488815308e-02
4.700226783752441406e-01 6.721934676170349121e-01 8.879229426383972168e-03
4.357113838195800781e-01 6.461015939712524414e-01 2.886819653213024139e-02
4.213289022445678711e-01 6.294975280761718750e-01 4.058905690908432007e-02
5.268024802207946777e-01 2.892044782638549805e-01 -1.540805771946907043e-02
4.944722652435302734e-01 6.780130267143249512e-01 7.259360514581203461e-03
4.648832380771636963e-01 3.901677727699279785e-01 2.252422040328383446e-03
4.747008085250854492e-01 3.879089057445526123e-01 4.428752698004245758e-03
4.811957180500030518e-01 3.865564167499542236e-01 7.137510459870100021e-03
4.036257863044738770e-01 3.471585512161254883e-01 2.807880006730556488e-02
4.752205312252044678e-01 3.691827654838562012e-01 2.822123700752854347e-03
4.655711948871612549e-01 3.618196249008178711e-01 5.249606329016387463e-04
4.555625319480895996e-01 3.593242168426513672e-01 3.638519265223294497e-04
4.454182982444763184e-01 3.609260618686676025e-01 2.398444339632987976e-03
4.388694167137145996e-01 3.648538589477539062e-01 5.525663495063781738e-03
3.827572464942932129e-01 3.379100561141967773e-01 8.447218686342239380e-02
4.393278956413269043e-01 3.826333284378051758e-01 7.369602564722299576e-03
5.090627074241638184e-01 5.231094360351562500e-01 -2.966058067977428436e-02
4.709182381629943848e-01 5.244330167770385742e-01 -2.099888399243354797e-02
4.855570793151855469e-01 4.911531805992126465e-01 -3.325986117124557495e-02
4.932780265808105469e-01 5.220821499824523926e-01 -2.972999773919582367e-02
5.206256508827209473e-01 3.734496831893920898e-01 -1.943559572100639343e-02
4.213105440139770508e-01 6.103366017341613770e-01 2.609897591173648834e-02
4.351907968521118164e-01 6.288415789604187012e-01 1.582231558859348297e-02
4.707080721855163574e-01 6.615442037582397461e-01 -5.563483107835054398e-03
3.927679359912872314e-01 5.775029659271240234e-01 7.533973455429077148e-02
4.818075001239776611e-01 3.788726329803466797e-01 5.566542968153953552e-03
4.986427128314971924e-01 4.250700175762176514e-01 -2.946507558226585388e-02
4.954699277877807617e-01 6.671745181083679199e-01 -6.873245351016521454e-03
4.514195919036865234e-01 6.609068512916564941e-01 1.654948852956295013e-02
3.801215291023254395e-01 4.903775453567504883e-01 6.773678213357925415e-02
4.806010425090789795e-01 5.705131888389587402e-01 -1.739344187080860138e-02
4.780483841896057129e-01 5.743253231048583984e-01 -1.933747716248035431e-02
4.755385220050811768e-01 5.798287987709045410e-01 -2.147904224693775177e-02
4.734173119068145752e-01 5.865669250488281250e-01 -2.013603039085865021e-02
4.691021442413330078e-01 6.024420857429504395e-01 -1.204321440309286118e-02
4.632948637008666992e-01 5.562083125114440918e-01 -9.636638686060905457e-03
4.608495533466339111e-01 5.549637675285339355e-01 -9.887198917567729950e-03
4.588592648506164551e-01 5.533878803253173828e-01 -1.009979657828807831e-02
4.483281970024108887e-01 5.435762405395507812e-01 -8.423314429819583893e-03
4.078303873538970947e-01 4.968661069869995117e-01 1.155962329357862473e-02
4.993491470813751221e-01 4.075283110141754150e-01 -1.873166300356388092e-02
4.948176741600036621e-01 3.716305792331695557e-01 6.029314827173948288e-04
4.872469902038574219e-01 3.727031648159027100e-01 4.111924674361944199e-03
4.653918445110321045e-01 5.570010542869567871e-01 -8.522168733179569244e-03
4.030227363109588623e-01 5.376636385917663574e-01 2.805736288428306580e-02
5.057177543640136719e-01 3.724194169044494629e-01 -1.305695902556180954e-02
4.613412320613861084e-01 6.163548231124877930e-01 -6.124479696154594421e-03
5.176553130149841309e-01 4.330073893070220947e-01 -4.880837723612785339e-02
5.076442956924438477e-01 4.173070192337036133e-01 -3.622362390160560608e-02
5.184772610664367676e-01 4.152956008911132812e-01 -3.808881714940071106e-02
4.886874556541442871e-01 4.513003230094909668e-01 -3.015439212322235107e-02
4.969423711299896240e-01 6.512063145637512207e-01 -1.270216237753629684e-02
4.984499812126159668e-01 6.319248676300048828e-01 -1.247252523899078369e-02
4.791066646575927734e-01 6.281696557998657227e-01 -1.129899173974990845e-02
4.374390244483947754e-01 5.811175107955932617e-01 3.781165229156613350e-03
4.608107507228851318e-01 4.935942292213439941e-01 -1.118784677237272263e-02
4.477064907550811768e-01 6.008815169334411621e-01 -8.117522229440510273e-04
4.347057938575744629e-01 4.861873984336853027e-01 -8.430654183030128479e-03
4.486337900161743164e-01 5.084442496299743652e-01 -1.005530171096324921e-02
4.228178262710571289e-01 5.120973587036132812e-01 -2.224900672445073724e-04
4.738039076328277588e-01 6.462131142616271973e-01 -1.098932605236768723e-02
4.807605147361755371e-01 4.603680968284606934e-01 -2.264498360455036163e-02
4.267363548278808594e-01 5.923257470130920410e-01 1.368930842727422714e-02
4.400776922702789307e-01 6.128044128417968750e-01 7.309397682547569275e-03
4.305488765239715576e-01 5.584349036216735840e-01 4.090698435902595520e-03
3.932062387466430664e-01 5.146799683570861816e-01 3.723365440964698792e-02
4.160408675670623779e-01 5.588893890380859375e-01 1.426493842154741287e-02
3.845761418342590332e-01 5.266836285591125488e-01 6.281233578920364380e-02
4.377585053443908691e-01 5.287088155746459961e-01 -5.265073385089635849e-03
4.901486933231353760e-01 4.356146752834320068e-01 -2.235655114054679871e-02
4.882831871509552002e-01 4.856309592723846436e-01 -4.696830362081527710e-02
4.807662665843963623e-01 4.892252683639526367e-01 -3.495261445641517639e-02
4.940598011016845703e-01 4.746583104133605957e-01 -5.455815792083740234e-02
4.877624511718750000e-01 3.517503738403320312e-01 -3.390574827790260315e-03
4.702365994453430176e-01 3.358726799488067627e-01 -6.203673314303159714e-03
4.538991451263427734e-01 3.311946988105773926e-01 -6.420013494789600372e-03
4.395775496959686279e-01 3.337092995643615723e-01 -2.872748766094446182e-03
4.287567138671875000e-01 3.415998518466949463e-01 3.225887892767786980e-03
4.179090857505798340e-01 3.738807439804077148e-01 1.982860825955867767e-02
3.785749375820159912e-01 4.150350093841552734e-01 6.767144054174423218e-02
4.239545762538909912e-01 4.012758135795593262e-01 1.094666775315999985e-02
4.351479113101959229e-01 4.086467623710632324e-01 4.854512400925159454e-03
4.505564272403717041e-01 4.112077355384826660e-01 1.118171145208179951e-03
4.656871259212493896e-01 4.091510176658630371e-01 -1.999675441766157746e-04
4.778874516487121582e-01 4.044204354286193848e-01 6.180220516398549080e-04
4.866185188293457031e-01 3.996858596801757812e-01 5.005196435377001762e-04
3.741277456283569336e-01 4.138917922973632812e-01 1.096283793449401855e-01
4.801099598407745361e-01 4.938876330852508545e-01 -2.935426309704780579e-02
4.979165494441986084e-01 4.407920241355895996e-01 -3.860780596733093262e-02
4.961744248867034912e-01 4.875696897506713867e-01 -5.520182847976684570e-02
5.010033249855041504e-01 4.967245757579803467e-01 -5.021332204341888428e-02
4.957079589366912842e-01 4.904433786869049072e-01 -4.973518103361129761e-02
4.823611378669738770e-01 4.993280768394470215e-01 -2.529573999345302582e-02
5.032129287719726562e-01 4.985452890396118164e-01 -5.309992283582687378e-02
5.035461783409118652e-01 5.024604201316833496e-01 -3.966652601957321167e-02
4.884627759456634521e-01 3.857853412628173828e-01 6.235961336642503738e-03
4.941447377204895020e-01 3.907655179500579834e-01 -7.399998867185786366e-05
4.978507757186889648e-01 3.940832316875457764e-01 -7.677685003727674484e-03
4.351161718368530273e-01 3.681477308273315430e-01 9.052759967744350433e-03
4.282371997833251953e-01 3.582830727100372314e-01 9.126433171331882477e-03
5.268714427947998047e-01 4.368362426757812500e-01 -4.417268559336662292e-02
5.976564288139343262e-01 3.973835706710815430e-01 2.131455019116401672e-02
5.221710801124572754e-01 5.024650096893310547e-01 -3.875407576560974121e-02
6.367360949516296387e-01 3.427979946136474609e-01 7.822608947753906250e-02
5.640456676483154297e-01 4.092564582824707031e-01 7.499472238123416901e-03
5.750923156738281250e-01 4.125753045082092285e-01 9.070514701306819916e-03
5.856980085372924805e-01 4.134672284126281738e-01 1.290651317685842514e-02
6.006290912628173828e-01 4.037279188632965088e-01 2.319703809916973114e-02
5.550397634506225586e-01 4.036441147327423096e-01 8.259511552751064301e-03
5.860214829444885254e-01 3.565670847892761230e-01 5.303574725985527039e-03
5.723977684974670410e-01 3.579541444778442383e-01 4.411792848259210587e-03
5.977979898452758789e-01 3.610928058624267578e-01 9.567540138959884644e-03
6.045304536819458008e-01 3.699428141117095947e-01 1.433500088751316071e-02
6.071972846984863281e-01 4.168943762779235840e-01 2.921961061656475067e-02
5.397990942001342773e-01 6.414813995361328125e-01 3.248776774853467941e-03
6.020935177803039551e-01 3.913277983665466309e-01 2.529400959610939026e-02
6.382181048393249512e-01 4.159357249736785889e-01 8.177647739648818970e-02
6.196804046630859375e-01 4.046283960342407227e-01 4.156762361526489258e-02
5.672059059143066406e-01 4.848879575729370117e-01 -4.054368939250707626e-03
5.202659368515014648e-01 5.467379093170166016e-01 -3.022629395127296448e-02
5.170600414276123047e-01 5.584929585456848145e-01 -2.492553181946277618e-02
5.327948331832885742e-01 5.529453754425048828e-01 -2.243735641241073608e-02
5.402467250823974609e-01 5.597447156906127930e-01 -1.323391217738389969e-02
5.271965265274047852e-01 5.606219172477722168e-01 -1.950601488351821899e-02
5.345434546470642090e-01 5.638544559478759766e-01 -1.114451419562101364e-02
5.518482327461242676e-01 5.900531411170959473e-01 4.904726520180702209e-03
5.229446887969970703e-01 4.935060441493988037e-01 -5.908789858222007751e-02
5.260946154594421387e-01 4.768399894237518311e-01 -6.240314990282058716e-02
6.192695498466491699e-01 3.561511635780334473e-01 1.935291662812232971e-02
5.480557680130004883e-01 4.386068880558013916e-01 -6.234222557395696640e-03
5.465223789215087891e-01 4.926431477069854736e-01 -2.934129163622856140e-02
5.479738712310791016e-01 4.835504889488220215e-01 -2.587812766432762146e-02
5.996136069297790527e-01 4.870832562446594238e-01 1.268979907035827637e-02
5.267348289489746094e-01 4.553256034851074219e-01 -5.531172454357147217e-02
5.977196693420410156e-01 3.337941467761993408e-01 -1.333818188868463039e-03
6.113758683204650879e-01 3.413707017898559570e-01 8.480680175125598907e-03
6.290816664695739746e-01 3.120878338813781738e-01 5.557093769311904907e-02
5.476949810981750488e-01 3.478033542633056641e-01 -1.425190549343824387e-02
5.601792335510253906e-01 3.658871054649353027e-01 6.913064979016780853e-03
5.613325834274291992e-01 5.748886466026306152e-01 8.274026215076446533e-03
6.129671931266784668e-01 5.716319680213928223e-01 1.090204194188117981e-01
5.370288491249084473e-01 5.011791586875915527e-01 -2.585026994347572327e-02
5.284107923507690430e-01 5.048962235450744629e-01 -2.772273682057857513e-02
5.479943752288818359e-01 5.732089281082153320e-01 6.416687276214361191e-03
5.450918078422546387e-01 5.724977850914001465e-01 2.795638050884008408e-03
6.172828078269958496e-01 3.317086398601531982e-01 1.424115337431430817e-02
5.457923412322998047e-01 5.002884268760681152e-01 -2.322850748896598816e-02
5.775590538978576660e-01 3.346963524818420410e-01 -9.268683381378650665e-03
5.806170701980590820e-01 3.219953775405883789e-01 -1.133834943175315857e-02
5.910773277282714844e-01 2.680125236511230469e-01 9.834856726229190826e-03
6.220859289169311523e-01 3.261418044567108154e-01 3.209365531802177429e-02
5.834851264953613281e-01 2.970460653305053711e-01 -1.197163015604019165e-03
6.252552270889282227e-01 3.504308462142944336e-01 2.954803034663200378e-02
6.305536031723022461e-01 3.514796197414398193e-01 5.249771475791931152e-02
5.189232826232910156e-01 5.534399747848510742e-01 -2.880602329969406128e-02
5.299715399742126465e-01 5.573424696922302246e-01 -2.149245329201221466e-02
5.375351309776306152e-01 5.620223283767700195e-01 -1.316414587199687958e-02
5.341207385063171387e-01 5.039207935333251953e-01 -2.364632301032543182e-02
5.465157032012939453e-01 5.728873610496520996e-01 4.434749949723482132e-03
5.418115258216857910e-01 5.783788561820983887e-01 -2.891403855755925179e-03
5.435381531715393066e-01 5.721440911293029785e-01 2.388800261542201042e-03
5.334023833274841309e-01 4.948923289775848389e-01 -4.146700724959373474e-02
5.321170687675476074e-01 5.646958947181701660e-01 -9.408000856637954712e-03
5.248622298240661621e-01 5.622625946998596191e-01 -1.512698829174041748e-02
5.154799818992614746e-01 5.609860420227050781e-01 -1.998442783951759338e-02
5.149461627006530762e-01 6.162770390510559082e-01 -1.154190208762884140e-02
5.156201124191284180e-01 5.990694165229797363e-01 -2.168657444417476654e-02
5.156479477882385254e-01 5.911196470260620117e-01 -2.280377969145774841e-02
5.151962637901306152e-01 5.837063789367675781e-01 -2.016127668321132660e-02
5.141870975494384766e-01 5.780155658721923828e-01 -1.854739896953105927e-02
5.310766100883483887e-01 5.761328935623168945e-01 -8.221720345318317413e-03
5.334722399711608887e-01 5.791223049163818359e-01 -9.990990161895751953e-03
5.359824299812316895e-01 5.834450721740722656e-01 -1.164630893617868423e-02
5.378933548927307129e-01 5.883009433746337891e-01 -9.562136605381965637e-03
5.525571107864379883e-01 5.450120568275451660e-01 -9.185377508401870728e-03
6.309159994125366211e-01 4.889726042747497559e-01 1.269692480564117432e-01
5.366278290748596191e-01 5.745886564254760742e-01 -1.905636396259069443e-03
5.392949581146240234e-01 5.762383937835693359e-01 -3.105150535702705383e-03
5.247168540954589844e-01 5.109296441078186035e-01 -2.834951691329479218e-02
5.409557819366455078e-01 5.096756219863891602e-01 -1.567471399903297424e-02
5.265035033226013184e-01 5.080256462097167969e-01 -2.829721011221408844e-02
5.586545467376708984e-01 4.501348435878753662e-01 -1.705410191789269447e-03
5.759769678115844727e-01 4.640101790428161621e-01 2.603455446660518646e-03
5.488284230232238770e-01 4.914478063583374023e-01 -1.945332810282707214e-02
6.151256561279296875e-01 2.867174744606018066e-01 3.128411993384361267e-02
6.074333786964416504e-01 3.074713945388793945e-01 1.461673434823751450e-02
6.023870110511779785e-01 3.218286931514739990e-01 8.968101465143263340e-04
5.422623157501220703e-01 6.007000207901000977e-01 -1.323164789937436581e-03
5.534995198249816895e-01 3.264699578285217285e-01 -1.826728880405426025e-02
5.572677254676818848e-01 2.928069531917572021e-01 -1.104620192199945450e-02
5.634811520576477051e-01 2.569924890995025635e-01 -3.587549785152077675e-03
5.949580073356628418e-01 4.109234809875488281e-01 1.833941601216793060e-02
6.171084046363830566e-01 4.309170842170715332e-01 3.596683591604232788e-02
5.491664409637451172e-01 3.985354900360107422e-01 9.655649773776531219e-03
6.128100156784057617e-01 3.798054158687591553e-01 2.469578385353088379e-02
5.415483117103576660e-01 4.262534379959106445e-01 -1.065788418054580688e-02
5.414260625839233398e-01 4.852649271488189697e-01 -4.088356718420982361e-02
6.289162635803222656e-01 4.475721120834350586e-01 4.905691370368003845e-02
6.091089248657226562e-01 4.429617524147033691e-01 2.514709532260894775e-02
5.948806405067443848e-01 4.481388330459594727e-01 1.367079652845859528e-02
5.743070840835571289e-01 4.421615600585937500e-01 7.552658673375844955e-03
5.596383810043334961e-01 4.325198531150817871e-01 4.093050956726074219e-03
5.490331649780273438e-01 4.231331348419189453e-01 4.179726820439100266e-04
5.295457839965820312e-01 4.015996158123016357e-01 -2.297209016978740692e-02
6.246158480644226074e-01 4.832731485366821289e-01 4.544830322265625000e-02
6.203823685646057129e-01 3.787704110145568848e-01 3.079258464276790619e-02
5.181328654289245605e-01 5.015760064125061035e-01 -5.373463034629821777e-02
5.460584759712219238e-01 4.557338058948516846e-01 -1.142199616879224777e-02
6.392368674278259277e-01 4.141970574855804443e-01 1.198841258883476257e-01
5.412856340408325195e-01 4.132851958274841309e-01 -1.561714452691376209e-03
5.493175983428955078e-01 4.924646317958831787e-01 -8.201401680707931519e-03
6.059051156044006348e-01 3.923517763614654541e-01 2.769619226455688477e-02
5.425688028335571289e-01 4.741147756576538086e-01 -3.652561455965042114e-02
6.237416863441467285e-01 5.293987989425659180e-01 1.209685429930686951e-01
5.497426986694335938e-01 3.923722803592681885e-01 1.272754650563001633e-02
5.352786183357238770e-01 4.627223014831542969e-01 -4.801484197378158569e-02
5.883458852767944336e-01 6.095523834228515625e-01 4.731168225407600403e-02
5.861373543739318848e-01 6.275343894958496094e-01 6.763257831335067749e-02
6.328785419464111328e-01 4.874392151832580566e-01 8.642803877592086792e-02
6.032748222351074219e-01 5.887956023216247559e-01 6.221549957990646362e-02
6.348557472229003906e-01 3.814191818237304688e-01 7.051727175712585449e-02
5.406806468963623047e-01 6.572086811065673828e-01 9.696797467768192291e-03
5.160812139511108398e-01 5.051494240760803223e-01 -3.891069069504737854e-02
5.547136664390563965e-01 4.698113799095153809e-01 -6.877099629491567612e-03
6.273673772811889648e-01 4.092410206794738770e-01 5.347832292318344116e-02
5.861825346946716309e-01 4.034208059310913086e-01 1.393668353557586670e-02
5.765204429626464844e-01 4.033103883266448975e-01 1.062606181949377060e-02
5.440097451210021973e-01 5.808961987495422363e-01 -8.389510330744087696e-04
6.191262602806091309e-01 5.167837142944335938e-01 4.846701771020889282e-02
5.186599493026733398e-01 6.771525740623474121e-01 1.204780396074056625e-02
5.534814000129699707e-01 6.587736606597900391e-01 3.655638173222541809e-02
5.686451196670532227e-01 6.463243961334228516e-01 5.028332769870758057e-02
5.671139359474182129e-01 4.005243778228759766e-01 9.602067060768604279e-03
5.583208799362182617e-01 3.964693844318389893e-01 1.070558279752731323e-02
5.524908900260925293e-01 3.942933082580566406e-01 1.275119278579950333e-02
6.270403861999511719e-01 3.767792284488677979e-01 4.288464784622192383e-02
5.616666078567504883e-01 3.802851438522338867e-01 9.257516823709011078e-03
5.721770524978637695e-01 3.749998509883880615e-01 8.068469353020191193e-03
5.824601650238037109e-01 3.743925392627716064e-01 9.138496592640876770e-03
5.920341014862060547e-01 3.780847489833831787e-01 1.234471332281827927e-02
5.973488092422485352e-01 3.835471272468566895e-01 1.622002013027667999e-02
6.400079131126403809e-01 3.750069439411163330e-01 1.018154174089431763e-01
5.929154157638549805e-01 4.010212123394012451e-01 1.791767962276935577e-02
5.435302853584289551e-01 5.344702005386352539e-01 -1.598517410457134247e-02
5.374878048896789551e-01 4.983912110328674316e-01 -2.996471524238586426e-02
5.242671966552734375e-01 5.263848304748535156e-01 -2.766541764140129089e-02
5.723496675491333008e-01 6.287814378738403320e-01 3.549826890230178833e-02
5.571409463882446289e-01 6.429851055145263672e-01 2.322554215788841248e-02
5.201923251152038574e-01 6.670756340026855469e-01 -2.573509933426976204e-03
6.000719666481018066e-01 6.045941114425659180e-01 8.930136263370513916e-02
5.536082386970520020e-01 3.876693844795227051e-01 1.132022868841886520e-02
5.348130464553833008e-01 4.301655292510986328e-01 -2.680446952581405640e-02
5.374373793601989746e-01 6.696583032608032227e-01 2.220483683049678802e-02
6.259683370590209961e-01 5.244550704956054688e-01 8.388812839984893799e-02
5.235556364059448242e-01 5.772824287414550781e-01 -1.372263208031654358e-02
5.256042480468750000e-01 5.818917155265808105e-01 -1.554186362773180008e-02
5.272374153137207031e-01 5.881177783012390137e-01 -1.750264503061771393e-02
5.282130837440490723e-01 5.955066680908203125e-01 -1.603944972157478333e-02
5.301660895347595215e-01 6.100590229034423828e-01 -7.584320846945047379e-03
5.402688980102539062e-01 5.677936077117919922e-01 -3.660222282633185387e-03
5.429229140281677246e-01 5.672615170478820801e-01 -3.357148496434092522e-03
5.452948808670043945e-01 5.662271976470947266e-01 -3.227112349122762680e-03
5.587580800056457520e-01 5.589011311531066895e-01 -3.304353158455342054e-04
6.041590571403503418e-01 5.243051648139953613e-01 2.469582669436931610e-02
5.354617238044738770e-01 4.127145707607269287e-01 -1.600161567330360413e-02
5.430796742439270020e-01 3.783484697341918945e-01 4.018245730549097061e-03
5.492763519287109375e-01 3.805972039699554443e-01 9.063096717000007629e-03
5.378677845001220703e-01 5.679462552070617676e-01 -2.625817665830254555e-03
6.009175777435302734e-01 5.646022558212280273e-01 4.113786295056343079e-02
5.336697697639465332e-01 3.771812319755554199e-01 -1.091363746672868729e-02
5.354874134063720703e-01 6.252463459968566895e-01 -1.435213605873286724e-03
5.283508300781250000e-01 4.201835393905639648e-01 -3.481235355138778687e-02
5.401059985160827637e-01 4.585788249969482422e-01 -2.662549912929534912e-02
5.175532102584838867e-01 6.327362060546875000e-01 -9.122460149228572845e-03
5.622045993804931641e-01 5.975076556205749512e-01 1.197484973818063736e-02
5.573282241821289062e-01 5.069924592971801758e-01 -4.885540809482336044e-03
5.499233603477478027e-01 6.136527657508850098e-01 5.633943714201450348e-03
5.824706554412841797e-01 5.069962143898010254e-01 1.329838647507131100e-03
5.657712817192077637e-01 5.248193740844726562e-01 -2.218834822997450829e-03
5.884467363357543945e-01 5.351133942604064941e-01 1.082701794803142548e-02
5.199849605560302734e-01 6.516531109809875488e-01 -8.206621743738651276e-03
5.451993942260742188e-01 4.693252444267272949e-01 -1.821834594011306763e-02
5.706091523170471191e-01 6.105539798736572266e-01 2.278822660446166992e-02
5.554406642913818359e-01 6.267914772033691406e-01 1.432114746421575546e-02
5.724793076515197754e-01 5.777810811996459961e-01 1.396565139293670654e-02
6.130456924438476562e-01 5.449973344802856445e-01 5.181608721613883972e-02
5.859192609786987305e-01 5.815423727035522461e-01 2.542769536375999451e-02
6.170245409011840820e-01 5.584746003150939941e-01 7.830993831157684326e-02
5.715041756629943848e-01 5.473817586898803711e-01 3.943674731999635696e-03
5.401819348335266113e-01 4.427206516265869141e-01 -1.853175275027751923e-02
5.371875762939453125e-01 4.924703240394592285e-01 -4.354642331600189209e-02
5.424484610557556152e-01 4.977874755859375000e-01 -3.103500604629516602e-02
5.345583558082580566e-01 4.803369641304016113e-01 -5.196438729763031006e-02
5.541082620620727539e-01 3.612412512302398682e-01 1.265758415684103966e-03
5.740858316421508789e-01 3.496687412261962891e-01 5.857422947883605957e-04
5.907117724418640137e-01 3.485812544822692871e-01 2.524630865082144737e-03
6.032297611236572266e-01 3.541427254676818848e-01 7.935300469398498535e-03
6.107183694839477539e-01 3.641887009143829346e-01 1.527424994856119156e-02
6.115589141845703125e-01 3.982669413089752197e-01 3.270580247044563293e-02
6.372208595275878906e-01 4.514928162097930908e-01 8.484286814928054810e-02
6.010687351226806641e-01 4.240981936454772949e-01 2.289585769176483154e-02
5.895131826400756836e-01 4.284405410289764404e-01 1.534575317054986954e-02
5.750260949134826660e-01 4.260387718677520752e-01 9.831387549638748169e-03
5.615571141242980957e-01 4.197363257408142090e-01 6.735073402523994446e-03
5.513876080513000488e-01 4.126763343811035156e-01 5.873432848602533340e-03
5.444703102111816406e-01 4.064181447029113770e-01 4.774640779942274094e-03
6.354024410247802734e-01 4.511195421218872070e-01 1.274684369564056396e-01
5.414909720420837402e-01 5.022858381271362305e-01 -2.548625133931636810e-02
5.342222452163696289e-01 4.458938241004943848e-01 -3.585355728864669800e-02
5.303879976272583008e-01 4.922839403152465820e-01 -5.303584039211273193e-02
5.235010385513305664e-01 4.997519850730895996e-01 -4.895177856087684631e-02
5.295432806015014648e-01 4.951681494712829590e-01 -4.750744253396987915e-02
5.379789471626281738e-01 5.068379044532775879e-01 -2.200138755142688751e-02
5.215474367141723633e-01 5.009873509407043457e-01 -5.207112058997154236e-02
5.195713639259338379e-01 5.045582056045532227e-01 -3.881725668907165527e-02
5.456484556198120117e-01 3.925372958183288574e-01 1.064789481461048126e-02
5.395451784133911133e-01 3.964667022228240967e-01 3.320721210911870003e-03
5.359368324279785156e-01 3.994062840938568115e-01 -4.872871562838554382e-03
6.001142263412475586e-01 3.877428174018859863e-01 2.018713206052780151e-02
6.077051162719726562e-01 3.798804283142089844e-01 2.095717005431652069e-02
4.556741416454315186e-01 3.733232021331787109e-01 5.317884963005781174e-03
4.671609997749328613e-01 3.747313022613525391e-01 5.317884963005781174e-03
4.570925235748291016e-01 3.578913211822509766e-01 5.317884963005781174e-03
4.439957141876220703e-01 3.718754649162292480e-01 5.317884963005781174e-03
4.541680514812469482e-01 3.886482417583465576e-01 5.317884963005781174e-03
5.792799592018127441e-01 3.888000249862670898e-01 1.383824739605188370e-02
5.910066962242126465e-01 3.902419507503509521e-01 1.383824739605188370e-02
5.801726579666137695e-01 3.726282715797424316e-01 1.383824739605188370e-02
5.674640536308288574e-01 3.872457742691040039e-01 1.383824739605188370e-02
5.784028768539428711e-01 4.049414396286010742e-01 1.383824739605188370e-02
