5.032715797424316406e-01 5.376383662223815918e-01 -3.301235660910606384e-02
5.121972560882568359e-01 4.807172119617462158e-01 -6.017896160483360291e-02
5.090703368186950684e-01 4.977251291275024414e-01 -3.215004131197929382e-02
5.062414407730102539e-01 4.239548146724700928e-01 -4.493843391537666321e-02
5.137858390808105469e-01 4.635583162307739258e-01 -6.376814097166061401e-02
5.151548385620117188e-01 4.411903023719787598e-01 -5.887137353420257568e-02
5.178547501564025879e-01 3.874124884605407715e-01 -2.711043134331703186e-02
4.333607554435729980e-01 3.693567216396331787e-01 1.125437673181295395e-02
5.207137465476989746e-01 3.444473445415496826e-01 -1.815012283623218536e-02
5.224400758743286133e-01 3.225242495536804199e-01 -1.962701976299285889e-02
5.272246003150939941e-01 2.496529966592788696e-01 -5.504190456122159958e-03
5.031379461288452148e-01 5.433033704757690430e-01 -3.159940242767333984e-02
5.028742551803588867e-01 5.490660071372985840e-01 -2.795558609068393707e-02
5.026751756668090820e-01 5.533055663108825684e-01 -2.277863956987857819e-02
5.027010440826416016e-01 5.548145771026611328e-01 -2.186838909983634949e-02
5.023637413978576660e-01 5.639266967773437500e-01 -2.364530973136425018e-02
5.017928481101989746e-01 5.749644041061401367e-01 -2.629093825817108154e-02
5.012081861495971680e-01 5.858933329582214355e-01 -2.512684836983680725e-02
4.979729950428009033e-01 6.023993492126464844e-01 -1.512652076780796051e-02
5.109713673591613770e-01 4.894450306892395020e-01 -5.452037602663040161e-02
4.999025464057922363e-01 4.878029227256774902e-01 -3.980430960655212402e-02
3.946361541748046875e-01 3.062435984611511230e-01 6.275878101587295532e-02
4.638301730155944824e-01 3.884039521217346191e-01 1.382170594297349453e-03
4.520094990730285645e-01 3.889557719230651855e-01 1.432851422578096390e-03
4.410501420497894287e-01 3.866774737834930420e-01 3.887529484927654266e-03
4.279016852378845215e-01 3.745205402374267578e-01 1.239117328077554703e-02
4.744839668273925781e-01 3.845619559288024902e-01 3.556806826964020729e-03
4.530468583106994629e-01 3.344326019287109375e-01 -2.636634511873126030e-03
4.661473929882049561e-01 3.382008671760559082e-01 -1.491386909037828445e-03
4.404376745223999023e-01 3.361233472824096680e-01 1.559747470309957862e-04
4.316605329513549805e-01 3.425386548042297363e-01 4.128530155867338181e-03
4.166511297225952148e-01 3.847359716892242432e-01 1.731191202998161316e-02
4.531842470169067383e-01 6.218827962875366211e-01 -4.227529279887676239e-03
4.297309815883636475e-01 3.635078370571136475e-01 1.468817610293626785e-02
3.825021982192993164e-01 3.761377632617950439e-01 6.571342051029205322e-02
4.046565294265747070e-01 3.705054521560668945e-01 2.827315963804721832e-02
4.541510641574859619e-01 4.591232538223266602e-01 -1.140269078314304352e-02
4.908980727195739746e-01 5.327378511428833008e-01 -3.251145407557487488e-02
4.919959902763366699e-01 5.468910336494445801e-01 -2.721154503524303436e-02
4.786804914474487305e-01 5.370758175849914551e-01 -2.699598297476768494e-02
4.706844687461853027e-01 5.420292615890502930e-01 -1.949177682399749756e-02
4.826926589012145996e-01 5.466740131378173828e-01 -2.360041625797748566e-02
4.754174053668975830e-01 5.476342439651489258e-01 -1.663073152303695679e-02
4.481819868087768555e-01 5.645737648010253906e-01 -3.654655534774065018e-03
5.028405785560607910e-01 4.790382087230682373e-01 -5.966230854392051697e-02
5.027865171432495117e-01 4.623488187789916992e-01 -6.298414617776870728e-02
4.181024730205535889e-01 3.249773383140563965e-01 7.159820757806301117e-03
4.804688692092895508e-01 4.201090037822723389e-01 -1.051637716591358185e-02
4.766951799392700195e-01 4.720090925693511963e-01 -3.356532379984855652e-02
4.762035310268402100e-01 4.630279242992401123e-01 -3.015539050102233887e-02
4.196672141551971436e-01 4.527416825294494629e-01 5.298443138599395752e-04
5.046508908271789551e-01 4.416533112525939941e-01 -5.613284930586814880e-02
4.477408528327941895e-01 3.071399331092834473e-01 -9.733142331242561340e-03
4.309382438659667969e-01 3.125970959663391113e-01 -2.261173212900757790e-03
4.105372726917266846e-01 2.790898978710174561e-01 4.230267927050590515e-02
4.973542988300323486e-01 3.287853598594665527e-01 -1.627527363598346710e-02
4.768934845924377441e-01 3.475781679153442383e-01 2.396642696112394333e-03
4.413913488388061523e-01 5.472123622894287109e-01 -1.471317955292761326e-03
3.820507824420928955e-01 5.344110131263732910e-01 9.141898155212402344e-02
4.841543734073638916e-01 4.824777841567993164e-01 -2.884283661842346191e-02
4.922503530979156494e-01 4.884515404701232910e-01 -2.938074432313442230e-02
4.615463316440582275e-01 5.501155853271484375e-01 -2.107402076944708824e-03
4.642076790332794189e-01 5.500797033309936523e-01 -4.868582822382450104e-03
4.260076582431793213e-01 3.019583821296691895e-01 3.142403438687324524e-03
4.752854406833648682e-01 4.795604646205902100e-01 -2.750608883798122406e-02
4.692516922950744629e-01 3.107545971870422363e-01 -1.450784783810377121e-02
4.690481126308441162e-01 2.977945804595947266e-01 -1.648744568228721619e-02
4.617269337177276611e-01 2.481636554002761841e-01 3.661604132503271103e-03
4.186460375785827637e-01 2.952611148357391357e-01 2.031172066926956177e-02
4.666107892990112305e-01 2.777957320213317871e-01 -6.603965535759925842e-03
4.119883179664611816e-01 3.180010914802551270e-01 1.673100329935550690e-02
4.035246372222900391e-01 3.170992136001586914e-01 3.888090699911117554e-02
4.912276566028594971e-01 5.405332446098327637e-01 -3.116844221949577332e-02
4.806847572326660156e-01 5.422796607017517090e-01 -2.582258358597755432e-02
4.730140864849090576e-01 5.449483990669250488e-01 -1.897943019866943359e-02
4.863371849060058594e-01 4.859502911567687988e-01 -2.629075385630130768e-02
4.629340171813964844e-01 5.501441955566406250e-01 -3.539555240422487259e-03
4.671876728534698486e-01 5.536087155342102051e-01 -1.000344380736351013e-02
4.656258821487426758e-01 5.500416159629821777e-01 -5.123175214976072311e-03
4.903342723846435547e-01 4.772124290466308594e-01 -4.419244080781936646e-02
4.771222174167633057e-01 5.496192574501037598e-01 -1.467476971447467804e-02
4.841773509979248047e-01 5.496492981910705566e-01 -1.906983181834220886e-02
4.927335083484649658e-01 5.509300231933593750e-01 -2.236816100776195526e-02
4.829562306404113770e-01 5.995015501976013184e-01 -1.547961309552192688e-02
4.874131083488464355e-01 5.816988348960876465e-01 -2.524662576615810394e-02
4.888815283775329590e-01 5.711717009544372559e-01 -2.618639916181564331e-02
4.907165467739105225e-01 5.604017376899719238e-01 -2.325374819338321686e-02
4.927549660205841064e-01 5.523107051849365234e-01 -2.144596911966800690e-02
4.772779643535614014e-01 5.499362349510192871e-01 -1.388238463550806046e-02
4.744758605957031250e-01 5.535347461700439453e-01 -1.575591973960399628e-02
4.715524017810821533e-01 5.581173300743103027e-01 -1.770952343940734863e-02
4.689761698246002197e-01 5.633004903793334961e-01 -1.604467630386352539e-02
4.579964280128479004e-01 5.209410786628723145e-01 -1.617201603949069977e-02
3.735060691833496094e-01 4.484606981277465820e-01 1.087920293211936951e-01
5.100622177124023438e-01 4.933177232742309570e-01 -3.986269980669021606e-02
4.720027148723602295e-01 5.499206781387329102e-01 -8.723081089556217194e-03
4.696902036666870117e-01 5.516530871391296387e-01 -9.951839223504066467e-03
4.949432909488677979e-01 4.954540729522705078e-01 -3.011288680136203766e-02
4.778823852539062500e-01 4.899421036243438721e-01 -1.924409903585910797e-02
4.936791360378265381e-01 4.920189976692199707e-01 -2.995479293167591095e-02
4.676392078399658203e-01 4.283178746700286865e-01 -7.796619087457656860e-03
4.479870200157165527e-01 4.368436336517333984e-01 -5.931434687227010727e-03
4.734483957290649414e-01 4.703486859798431396e-01 -2.403098344802856445e-02
4.319169521331787109e-01 2.588798403739929199e-01 2.112877555191516876e-02
4.387672245502471924e-01 2.813322544097900391e-01 5.637086462229490280e-03
4.452349543571472168e-01 2.948639094829559326e-01 -7.552300579845905304e-03
4.568176269531250000e-01 5.778642892837524414e-01 -8.936949074268341064e-03
4.967672824859619141e-01 3.063554167747497559e-01 -2.016942761838436127e-02
4.943288862705230713e-01 2.809845507144927979e-01 -1.282447203993797302e-02
4.923619329929351807e-01 2.458858937025070190e-01 -5.329066887497901917e-03
4.322337508201599121e-01 3.819302022457122803e-01 8.190792053937911987e-03
4.023910760879516602e-01 3.954494595527648926e-01 2.267649397253990173e-02
4.817548096179962158e-01 3.804053366184234619e-01 5.617873277515172958e-03
4.196649789810180664e-01 3.491937220096588135e-01 1.292155869305133820e-02
4.894563555717468262e-01 4.100856781005859375e-01 -1.383942645043134689e-02
4.841531813144683838e-01 4.660850763320922852e-01 -4.410865902900695801e-02
3.917226195335388184e-01 4.081236124038696289e-01 3.385316580533981323e-02
4.092490077018737793e-01 4.082643389701843262e-01 1.246593054383993149e-02
4.239096045494079590e-01 4.163442254066467285e-01 2.818519715219736099e-03
4.466423690319061279e-01 4.158296883106231689e-01 -7.636415539309382439e-04
4.636379480361938477e-01 4.103159010410308838e-01 -2.035733778029680252e-03
4.769888520240783691e-01 4.036607742309570312e-01 -3.955311607569456100e-03
5.067180991172790527e-01 3.899439871311187744e-01 -2.362305298447608948e-02
3.916683197021484375e-01 4.433943927288055420e-01 2.985592000186443329e-02
4.106499552726745605e-01 3.459494709968566895e-01 1.796056516468524933e-02
5.053309202194213867e-01 4.880667924880981445e-01 -5.423140153288841248e-02
4.805550575256347656e-01 4.369555413722991943e-01 -1.561520714312791824e-02
3.764974474906921387e-01 3.742525279521942139e-01 1.017854958772659302e-01
4.876276254653930664e-01 3.956972360610961914e-01 -4.687276203185319901e-03
4.718135595321655273e-01 4.712688326835632324e-01 -1.291859429329633713e-02
4.246945977210998535e-01 3.630876541137695312e-01 1.642921008169651031e-02
4.841158986091613770e-01 4.553180932998657227e-01 -3.975756093859672546e-02
3.758907318115234375e-01 4.900087714195251465e-01 1.030557900667190552e-01
4.827810525894165039e-01 3.745598495006561279e-01 8.567824959754943848e-03
4.942507445812225342e-01 4.464223086833953857e-01 -5.010223761200904846e-02
4.058763980865478516e-01 5.784654617309570312e-01 3.406905382871627808e-02
4.032832980155944824e-01 5.983420610427856445e-01 5.311518907546997070e-02
3.778405189514160156e-01 4.465210437774658203e-01 6.954260170459747314e-02
3.937669694423675537e-01 5.535555481910705566e-01 4.724727198481559753e-02
3.925426304340362549e-01 3.441349864006042480e-01 5.553644523024559021e-02
4.486375451087951660e-01 6.392884254455566406e-01 1.638534246012568474e-03
5.057005882263183594e-01 4.920845329761505127e-01 -3.932047262787818909e-02
4.691754281520843506e-01 4.481196701526641846e-01 -1.229877676814794540e-02
3.938328027725219727e-01 3.730555772781372070e-01 3.892568871378898621e-02
4.435747563838958740e-01 3.773530721664428711e-01 5.227185785770416260e-03
4.531848430633544922e-01 3.800112605094909668e-01 3.070807084441184998e-03
4.647474586963653564e-01 5.559092760086059570e-01 -8.357749320566654205e-03
3.917746543884277344e-01 4.774261415004730225e-01 3.283971920609474182e-02
4.678673744201660156e-01 6.654988527297973633e-01 5.768285132944583893e-03
4.332872033119201660e-01 6.394470334053039551e-01 2.583309635519981384e-02
4.190156757831573486e-01 6.227045655250549316e-01 3.770549967885017395e-02
5.249862074851989746e-01 2.861350178718566895e-01 -1.329189073294401169e-02
4.927050769329071045e-01 6.712322235107421875e-01 4.212547093629837036e-03
4.630902707576751709e-01 3.796065449714660645e-01 3.319387091323733330e-03
4.728516638278961182e-01 3.773238062858581543e-01 5.495029501616954803e-03
4.793566465377807617e-01 3.759630024433135986e-01 8.186659775674343109e-03
4.025049507617950439e-01 3.425667583942413330e-01 2.908098511397838593e-02
4.732943177223205566e-01 3.620535135269165039e-01 3.993870690464973450e-03
4.632856845855712891e-01 3.564883172512054443e-01 1.568215666338801384e-03
4.532413184642791748e-01 3.546789586544036865e-01 1.401294721290469170e-03
4.431892037391662598e-01 3.558670878410339355e-01 3.395644482225179672e-03
4.366504848003387451e-01 3.588033914566040039e-01 6.530283018946647644e-03
3.837114274501800537e-01 3.363553881645202637e-01 8.480150252580642700e-02
4.374406337738037109e-01 3.734320402145385742e-01 8.386236615478992462e-03
5.073379278182983398e-01 5.116995573043823242e-01 -2.983757108449935913e-02
4.703297019004821777e-01 5.133236646652221680e-01 -2.131386101245880127e-02
4.846035540103912354e-01 4.795239269733428955e-01 -3.288117796182632446e-02
4.920507371425628662e-01 5.106520056724548340e-01 -2.994978800415992737e-02
5.190287828445434570e-01 3.663143515586853027e-01 -1.827007532119750977e-02
4.192550778388977051e-01 6.023538708686828613e-01 2.402893640100955963e-02
4.331398010253906250e-01 6.210747957229614258e-01 1.351274177432060242e-02
4.688302278518676758e-01 6.531347036361694336e-01 -8.294087834656238556e-03
3.917100131511688232e-01 5.709279179573059082e-01 7.296631485223770142e-02
4.800221323966979980e-01 3.695876300334930420e-01 6.682337261736392975e-03
4.975307583808898926e-01 4.155032038688659668e-01 -2.859089523553848267e-02
4.936209022998809814e-01 6.587331295013427734e-01 -9.670281782746315002e-03
4.490287601947784424e-01 6.542537212371826172e-01 1.344763766974210739e-02
3.795462548732757568e-01 4.842726290225982666e-01 6.711530685424804688e-02
4.841916859149932861e-01 5.505607724189758301e-01 -1.819838024675846100e-02
4.812320470809936523e-01 5.566210150718688965e-01 -2.024934254586696625e-02
4.786139130592346191e-01 5.643476247787475586e-01 -2.256171777844429016e-02
4.765073657035827637e-01 5.733332037925720215e-01 -2.143472991883754730e-02
4.681436717510223389e-01 5.900790691375732422e-01 -1.388049032539129257e-02
4.697959423065185547e-01 5.489037036895751953e-01 -1.039294432848691940e-02
4.673920869827270508e-01 5.476726293563842773e-01 -1.064389664679765701e-02
4.652513265609741211e-01 5.461852550506591797e-01 -1.080728415399789810e-02
4.478292465209960938e-01 5.325247049331665039e-01 -9.098171256482601166e-03
4.076718389987945557e-01 4.879480600357055664e-01 1.116756908595561981e-02
4.983241260051727295e-01 3.987719416618347168e-01 -1.785503141582012177e-02
4.931875169277191162e-01 3.618929982185363770e-01 1.814939198084175587e-03
4.854679107666015625e-01 3.632850348949432373e-01 5.270421970635652542e-03
4.719213247299194336e-01 5.499867796897888184e-01 -9.282263927161693573e-03
4.022786617279052734e-01 5.290254950523376465e-01 2.706560865044593811e-02
5.042300820350646973e-01 3.621954321861267090e-01 -1.184270903468132019e-02
4.604357182979583740e-01 6.053370833396911621e-01 -8.292083628475666046e-03
5.160676240921020508e-01 4.227113723754882812e-01 -4.794972762465476990e-02
5.062737464904785156e-01 4.077742993831634521e-01 -3.527965396642684937e-02
5.168973207473754883e-01 4.056464433670043945e-01 -3.714380785822868347e-02
4.877923130989074707e-01 4.411015212535858154e-01 -2.945118956267833710e-02
4.951056241989135742e-01 6.409740447998046875e-01 -1.533774379640817642e-02
4.966516494750976562e-01 6.202164888381958008e-01 -1.484395191073417664e-02
4.779444336891174316e-01 6.165474653244018555e-01 -1.364687457680702209e-02
4.365616738796234131e-01 5.706154704093933105e-01 2.211943268775939941e-03
4.605160057544708252e-01 4.831218123435974121e-01 -1.112610287964344025e-02
4.468051493167877197e-01 5.902633070945739746e-01 -2.746800193563103676e-03
4.344421327114105225e-01 4.763145148754119873e-01 -8.525367826223373413e-03
4.482344388961791992e-01 4.979212284088134766e-01 -1.037158630788326263e-02
4.223077893257141113e-01 5.022904276847839355e-01 -6.210827268660068512e-04
4.723817706108093262e-01 6.359888315200805664e-01 -1.353474613279104233e-02
4.800570607185363770e-01 4.502005279064178467e-01 -2.206256426870822906e-02
4.253123998641967773e-01 5.830534100532531738e-01 1.191609352827072144e-02
4.387397170066833496e-01 6.036245822906494141e-01 5.221707746386528015e-03
4.298228323459625244e-01 5.480683445930480957e-01 2.949693938717246056e-03
3.927915096282958984e-01 5.067903995513916016e-01 3.648535907268524170e-02
4.150157868862152100e-01 5.495408773422241211e-01 1.308525074273347855e-02
3.838995099067687988e-01 5.199041962623596191e-01 6.173977628350257874e-02
4.372292459011077881e-01 5.182262659072875977e-01 -5.898908711969852448e-03
4.892702102661132812e-01 4.259690046310424805e-01 -2.159962616860866547e-02
4.872471988201141357e-01 4.739769995212554932e-01 -4.646610096096992493e-02
4.799011647701263428e-01 4.778377115726470947e-01 -3.459446877241134644e-02
4.928963184356689453e-01 4.632838070392608643e-01 -5.405635759234428406e-02
4.856069087982177734e-01 3.428527414798736572e-01 -2.044406719505786896e-03
4.676560759544372559e-01 3.284009397029876709e-01 -4.991992842406034470e-03
4.511778950691223145e-01 3.244217038154602051e-01 -5.380598362535238266e-03
4.368729591369628906e-01 3.271196782588958740e-01 -1.917592133395373821e-03
4.262551665306091309e-01 3.348478674888610840e-01 4.168511833995580673e-03
4.159793853759765625e-01 3.667958974838256836e-01 2.058067917823791504e-02
3.782207369804382324e-01 4.105693697929382324e-01 6.789755076169967651e-02
4.220917224884033203e-01 3.927166461944580078e-01 1.166181638836860657e-02
4.333409368991851807e-01 3.993007540702819824e-01 5.536716431379318237e-03
4.488002657890319824e-01 4.009590446949005127e-01 1.839682227000594139e-03
4.639964699745178223e-01 3.984124660491943359e-01 7.259403355419635773e-04
4.762942790985107422e-01 3.936704695224761963e-01 1.465634093619883060e-03
4.851176738739013672e-01 3.890093863010406494e-01 1.435948070138692856e-03
3.740671277046203613e-01 4.107818007469177246e-01 1.089935451745986938e-01
4.794141948223114014e-01 4.825356006622314453e-01 -2.906835079193115234e-02
4.967834949493408203e-01 4.306267797946929932e-01 -3.781141713261604309e-02
4.949553608894348145e-01 4.757354259490966797e-01 -5.472387000918388367e-02
4.996905922889709473e-01 4.848030209541320801e-01 -4.989979416131973267e-02
4.945601820945739746e-01 4.785737991333007812e-01 -4.930518567562103271e-02
4.818039238452911377e-01 4.879638552665710449e-01 -2.512296661734580994e-02
5.018410682678222656e-01 4.865685999393463135e-01 -5.278392136096954346e-02
5.021882653236389160e-01 4.905774891376495361e-01 -3.953475877642631531e-02
4.868401587009429932e-01 3.751617074012756348e-01 7.319685071706771851e-03
4.927085041999816895e-01 3.802500665187835693e-01 9.634721209295094013e-04
4.964350163936614990e-01 3.833474218845367432e-01 -6.761219818145036697e-03
4.328116178512573242e-01 3.612497448921203613e-01 1.000923011451959610e-02
4.258217811584472656e-01 3.508557081222534180e-01 1.010149996727705002e-02
5.251405239105224609e-01 4.264494180679321289e-01 -4.334804043173789978e-02
5.932893753051757812e-01 3.882618844509124756e-01 2.220035716891288757e-02
5.205064415931701660e-01 4.906084537506103516e-01 -3.862902522087097168e-02
6.324056386947631836e-01 3.384975194931030273e-01 8.041353523731231689e-02
5.619765520095825195e-01 3.990827798843383789e-01 8.573468774557113647e-03
5.724095702171325684e-01 4.020815789699554443e-01 1.006565056741237640e-02
5.825291872024536133e-01 4.033384919166564941e-01 1.379689946770668030e-02
5.970200896263122559e-01 3.954370617866516113e-01 2.394872345030307770e-02
5.533121228218078613e-01 3.941198587417602539e-01 9.238310158252716064e-03
5.816074013710021973e-01 3.511730432510375977e-01 6.390067283064126968e-03
5.688537359237670898e-01 3.523888587951660156e-01 5.633149761706590652e-03
5.930185317993164062e-01 3.552488088607788086e-01 1.050427649170160294e-02
5.998388528823852539e-01 3.634201288223266602e-01 1.524639315903186798e-02
6.043180823326110840e-01 4.089872241020202637e-01 2.976951748132705688e-02
5.384112000465393066e-01 6.313905119895935059e-01 8.408340509049594402e-04
5.976129174232482910e-01 3.837096095085144043e-01 2.609179727733135223e-02
6.356593966484069824e-01 4.091770052909851074e-01 8.193861693143844604e-02
6.170884966850280762e-01 3.983536362648010254e-01 4.205674305558204651e-02
5.649288296699523926e-01 4.745445549488067627e-01 -3.778948681429028511e-03
5.158525705337524414e-01 5.361372828483581543e-01 -3.053744323551654816e-02
5.135375261306762695e-01 5.500258803367614746e-01 -2.533921040594577789e-02
5.276146531105041504e-01 5.437024235725402832e-01 -2.296319231390953064e-02
5.349066257476806641e-01 5.509377717971801758e-01 -1.400140300393104553e-02
5.227004885673522949e-01 5.523249506950378418e-01 -2.003620192408561707e-02
5.297327041625976562e-01 5.553026795387268066e-01 -1.186686940491199493e-02
5.498784184455871582e-01 5.783278346061706543e-01 3.253052011132240295e-03
5.212903618812561035e-01 4.814955294132232666e-01 -5.866283550858497620e-02
5.243573188781738281e-01 4.652233719825744629e-01 -6.182030588388442993e-02
6.151077747344970703e-01 3.505513966083526611e-01 2.018171548843383789e-02
5.459318161010742188e-01 4.290319085121154785e-01 -5.548398476094007492e-03
5.446054339408874512e-01 4.813402593135833740e-01 -2.909742482006549835e-02
5.459970235824584961e-01 4.725611209869384766e-01 -2.554935589432716370e-02
5.973405838012695312e-01 4.770861864089965820e-01 1.274034846574068069e-02
5.249891877174377441e-01 4.443272650241851807e-01 -5.459079146385192871e-02
5.923514366149902344e-01 3.287775516510009766e-01 -3.226828703191131353e-04
6.063586473464965820e-01 3.361715078353881836e-01 9.326610714197158813e-03
6.245688796043395996e-01 3.084690570831298828e-01 5.808568000793457031e-02
5.438582897186279297e-01 3.418781757354736328e-01 -1.299129519611597061e-02
5.575218200683593750e-01 3.594255447387695312e-01 8.177639916539192200e-03
5.594781637191772461e-01 5.637570619583129883e-01 7.000156212598085403e-03
6.128012537956237793e-01 5.640121102333068848e-01 1.081278622150421143e-01
5.352319478988647461e-01 4.896316528320312500e-01 -2.562456205487251282e-02
5.266155004501342773e-01 4.933478236198425293e-01 -2.772282809019088745e-02
5.432540774345397949e-01 5.621368885040283203e-01 5.203330889344215393e-03
5.406308174133300781e-01 5.612519979476928711e-01 1.636350294575095177e-03
6.125769019126892090e-01 3.266737759113311768e-01 1.525683607906103134e-02
5.438624620437622070e-01 4.890730381011962891e-01 -2.311489358544349670e-02
5.722829699516296387e-01 3.296436369419097900e-01 -8.039812557399272919e-03
5.751647949218750000e-01 3.170222640037536621e-01 -9.949080646038055420e-03
5.872932672500610352e-01 2.660533487796783447e-01 1.283069141209125519e-02
6.181972622871398926e-01 3.211095333099365234e-01 3.333905339241027832e-02
5.804018378257751465e-01 2.930287718772888184e-01 6.791722262278199196e-04
6.215289235115051270e-01 3.453534841537475586e-01 3.041704744100570679e-02
6.266399025917053223e-01 3.459313511848449707e-01 5.349859222769737244e-02
5.149313807487487793e-01 5.438702106475830078e-01 -2.916882000863552094e-02
5.251570940017700195e-01 5.484743118286132812e-01 -2.202691137790679932e-02
5.324164628982543945e-01 5.532463192939758301e-01 -1.392648369073867798e-02
5.323181152343750000e-01 4.924065768718719482e-01 -2.358781360089778900e-02
5.419092178344726562e-01 5.617442131042480469e-01 3.256235970184206963e-03
5.377312302589416504e-01 5.644114613533020020e-01 -4.283960908651351929e-03
5.392295718193054199e-01 5.607371926307678223e-01 1.192293711937963963e-03
5.315999388694763184e-01 4.829791486263275146e-01 -4.114095866680145264e-02
5.277385711669921875e-01 5.566765666007995605e-01 -1.017298176884651184e-02
5.208583474159240723e-01 5.548492074012756348e-01 -1.569884084165096283e-02
5.124425888061523438e-01 5.538337826728820801e-01 -2.044142223894596100e-02
5.129277110099792480e-01 6.032869815826416016e-01 -1.362163759768009186e-02
5.148277282714843750e-01 5.865047574043273926e-01 -2.327269688248634338e-02
5.144860744476318359e-01 5.754268169403076172e-01 -2.410936728119850159e-02
5.137125849723815918e-01 5.640838146209716797e-01 -2.121233940124511719e-02
5.124533176422119141e-01 5.553801059722900391e-01 -1.947955973446369171e-02
5.276899337768554688e-01 5.573403835296630859e-01 -9.350210428237915039e-03
5.303639173507690430e-01 5.621756315231323242e-01 -1.125651039183139801e-02
5.330190062522888184e-01 5.680534839630126953e-01 -1.302909385412931442e-02
5.352343916893005371e-01 5.743548870086669922e-01 -1.109834574162960052e-02
5.503728985786437988e-01 5.340403318405151367e-01 -9.931415319442749023e-03
6.296257376670837402e-01 4.823792576789855957e-01 1.271893233060836792e-01
5.327489376068115234e-01 5.587395429611206055e-01 -3.149683820083737373e-03
5.352349877357482910e-01 5.615035295486450195e-01 -4.434899892657995224e-03
5.228793025016784668e-01 4.994260966777801514e-01 -2.843237854540348053e-02
5.389750003814697266e-01 4.985597431659698486e-01 -1.570247672498226166e-02
5.246954560279846191e-01 4.964952170848846436e-01 -2.833580598235130310e-02
5.563702583312988281e-01 4.405109584331512451e-01 -1.144906738772988319e-03
5.736096501350402832e-01 4.542041420936584473e-01 2.929087728261947632e-03
5.468086004257202148e-01 4.805047512054443359e-01 -1.923057809472084045e-02
6.108093261718750000e-01 2.838084101676940918e-01 3.404372930526733398e-02
6.038547754287719727e-01 3.028760552406311035e-01 1.619765162467956543e-02
5.969685316085815430e-01 3.168462812900543213e-01 2.195173408836126328e-03
5.403192043304443359e-01 5.886305570602416992e-01 -3.214201889932155609e-03
5.491830110549926758e-01 3.210029602050781250e-01 -1.679863967001438141e-02
5.547271370887756348e-01 2.893371582031250000e-01 -8.994990959763526917e-03
5.603910684585571289e-01 2.558593750000000000e-01 -6.065794150345027447e-04
5.914638042449951172e-01 4.013912081718444824e-01 1.913706772029399872e-02
6.144713163375854492e-01 4.233145415782928467e-01 3.635708615183830261e-02
5.475468635559082031e-01 3.893677294254302979e-01 1.065525412559509277e-02
6.090511083602905273e-01 3.732633888721466064e-01 2.547204121947288513e-02
5.395207405090332031e-01 4.168444871902465820e-01 -9.892269037663936615e-03
5.395025610923767090e-01 4.737440049648284912e-01 -4.046106711030006409e-02
6.266378164291381836e-01 4.392321705818176270e-01 4.916786029934883118e-02
6.061207652091979980e-01 4.342237412929534912e-01 2.552783861756324768e-02
5.917670130729675293e-01 4.385937750339508057e-01 1.416982430964708328e-02
5.716620087623596191e-01 4.323378801345825195e-01 8.093588054180145264e-03
5.574202537536621094e-01 4.228101372718811035e-01 4.770373459905385971e-03
5.469716787338256836e-01 4.135504662990570068e-01 1.167523558251559734e-03
5.277485251426696777e-01 3.927750885486602783e-01 -2.198565006256103516e-02
6.227359175682067871e-01 4.742443859577178955e-01 4.523551091551780701e-02
6.170077919960021973e-01 3.730058670043945312e-01 3.153346106410026550e-02
5.165074467658996582e-01 4.895543754100799561e-01 -5.343352630734443665e-02
5.439829826354980469e-01 4.456808269023895264e-01 -1.081627607345581055e-02
6.365545392036437988e-01 4.089161753654479980e-01 1.210926398634910583e-01
5.393067598342895508e-01 4.036399722099304199e-01 -7.300041033886373043e-04
5.472503304481506348e-01 4.817652702331542969e-01 -7.995529100298881531e-03
6.021428704261779785e-01 3.849797248840332031e-01 2.841703779995441437e-02
5.405753254890441895e-01 4.630585908889770508e-01 -3.601008281111717224e-02
6.231584548950195312e-01 5.222696661949157715e-01 1.206739544868469238e-01
5.480899810791015625e-01 3.834111988544464111e-01 1.378849428147077560e-02
5.333493947982788086e-01 4.516872763633728027e-01 -4.736965149641036987e-02
5.888957381248474121e-01 6.005105376243591309e-01 4.543561115860939026e-02
5.870462059974670410e-01 6.198285818099975586e-01 6.600037217140197754e-02
6.316986680030822754e-01 4.795236885547637939e-01 8.580839633941650391e-02
6.034815311431884766e-01 5.797811746597290039e-01 6.050781905651092529e-02
6.313914060592651367e-01 3.753417134284973145e-01 7.112053781747817993e-02
5.400408506393432617e-01 6.488180160522460938e-01 7.036786060780286789e-03
5.144683718681335449e-01 4.933146536350250244e-01 -3.883549198508262634e-02
5.525341629981994629e-01 4.597082734107971191e-01 -6.407888140529394150e-03
6.254326701164245605e-01 4.037279486656188965e-01 5.388899892568588257e-02
5.825174450874328613e-01 3.924263715744018555e-01 1.493054907768964767e-02
5.735825896263122559e-01 3.922082483768463135e-01 1.165682356804609299e-02
5.400559306144714355e-01 5.675661563873291016e-01 -2.287249080836772919e-03
6.177229881286621094e-01 5.075139999389648438e-01 4.783895611763000488e-02
5.176694393157958984e-01 6.703381538391113281e-01 9.183850139379501343e-03
5.538655519485473633e-01 6.517400145530700684e-01 3.416553139686584473e-02
5.695598721504211426e-01 6.389895081520080566e-01 4.824195429682731628e-02
5.647971630096435547e-01 3.899334669113159180e-01 1.063231285661458969e-02
5.564987659454345703e-01 3.867719173431396484e-01 1.174078695476055145e-02
5.508908629417419434e-01 3.850869238376617432e-01 1.377958804368972778e-02
6.242884397506713867e-01 3.717621564865112305e-01 4.357450455427169800e-02
5.590102672576904297e-01 3.736096024513244629e-01 1.045234967023134232e-02
5.687537193298339844e-01 3.696691393852233887e-01 9.149993769824504852e-03
5.781519412994384766e-01 3.694104552268981934e-01 1.018927432596683502e-02
5.871446728706359863e-01 3.725631833076477051e-01 1.331465318799018860e-02
5.924355983734130859e-01 3.770744800567626953e-01 1.715484075248241425e-02
6.362839937210083008e-01 3.702218830585479736e-01 1.035605147480964661e-01
5.887753963470458984e-01 3.907933235168457031e-01 1.883159019052982330e-02
5.413482189178466797e-01 5.234088301658630371e-01 -1.650082506239414215e-02
5.357068777084350586e-01 4.867191314697265625e-01 -2.971638739109039307e-02
5.222482085227966309e-01 5.149877667427062988e-01 -2.794018015265464783e-02
5.727405548095703125e-01 6.198858618736267090e-01 3.325665369629859924e-02
5.571637153625488281e-01 6.345125436782836914e-01 2.072737179696559906e-02
5.188542604446411133e-01 6.583639383316040039e-01 -5.327932536602020264e-03
6.004501581192016602e-01 5.966782569885253906e-01 8.801153302192687988e-02
5.515972971916198730e-01 3.794620037078857422e-01 1.243020687252283096e-02
5.329107046127319336e-01 4.202699959278106689e-01 -2.594066038727760315e-02
5.371919274330139160e-01 6.628124713897705078e-01 1.957439258694648743e-02
6.252791881561279297e-01 5.161336660385131836e-01 8.284435421228408813e-02
5.208734273910522461e-01 5.560944676399230957e-01 -1.473353337496519089e-02
5.233411192893981934e-01 5.633646249771118164e-01 -1.670411229133605957e-02
5.253027677536010742e-01 5.722531080245971680e-01 -1.886221207678318024e-02
5.267076492309570312e-01 5.822002291679382324e-01 -1.762776635587215424e-02
5.281487107276916504e-01 5.975183248519897461e-01 -9.622273966670036316e-03
5.352040529251098633e-01 5.581580996513366699e-01 -4.652809351682662964e-03
5.376689434051513672e-01 5.576784610748291016e-01 -4.369448404759168625e-03
5.399487614631652832e-01 5.567762255668640137e-01 -4.206701181828975677e-03
5.567486882209777832e-01 5.479721426963806152e-01 -1.286322250962257385e-03
6.025469303131103516e-01 5.142741799354553223e-01 2.420304343104362488e-02
5.335346460342407227e-01 4.035797119140625000e-01 -1.511279772967100143e-02
5.410330295562744141e-01 3.703202605247497559e-01 5.230688955634832382e-03
5.472936630249023438e-01 3.726380765438079834e-01 1.018892694264650345e-02
5.328643321990966797e-01 5.585270524024963379e-01 -3.642260795459151268e-03
6.002653241157531738e-01 5.548584461212158203e-01 3.997553884983062744e-02
5.313972830772399902e-01 3.690379858016967773e-01 -9.697041474282741547e-03
5.337107777595520020e-01 6.138850450515747070e-01 -3.734850091859698296e-03
5.265986919403076172e-01 4.104306697845458984e-01 -3.387286141514778137e-02
5.380552411079406738e-01 4.480661749839782715e-01 -2.598515525460243225e-02
5.155274868011474609e-01 6.208700537681579590e-01 -1.153518632054328918e-02
5.609450340270996094e-01 5.864903926849365234e-01 1.021258905529975891e-02
5.551893115043640137e-01 4.962173700332641602e-01 -4.939836449921131134e-03
5.484321713447570801e-01 6.025748848915100098e-01 3.523356746882200241e-03
5.804111957550048828e-01 4.964275956153869629e-01 1.276415074244141579e-03
5.637082457542419434e-01 5.139307975769042969e-01 -2.635309472680091858e-03
5.868511795997619629e-01 5.245966911315917969e-01 1.040155161172151566e-02
5.181850790977478027e-01 6.411221027374267578e-01 -1.079490035772323608e-02
5.431413650512695312e-01 4.588758945465087891e-01 -1.774678938090801239e-02
5.701003670692443848e-01 6.004835367202758789e-01 2.085779421031475067e-02
5.545539855957031250e-01 6.169518828392028809e-01 1.207322999835014343e-02
5.712336897850036621e-01 5.669918060302734375e-01 1.266312878578901291e-02
6.121312975883483887e-01 5.356727838516235352e-01 5.082743614912033081e-02
5.853034257888793945e-01 5.713940858840942383e-01 2.411762811243534088e-02
6.167418360710144043e-01 5.498166084289550781e-01 7.681399583816528320e-02
5.697990059852600098e-01 5.366187095642089844e-01 3.186141140758991241e-03
5.381793975830078125e-01 4.327009916305541992e-01 -1.780586503446102142e-02
5.353356599807739258e-01 4.806195497512817383e-01 -4.316718876361846924e-02
5.406063199043273926e-01 4.862751662731170654e-01 -3.082254528999328613e-02
5.327216982841491699e-01 4.687098562717437744e-01 -5.151620507240295410e-02
5.511608123779296875e-01 3.546556234359741211e-01 2.628891263157129288e-03
5.699625015258789062e-01 3.440427780151367188e-01 1.829080167226493359e-03
5.859137773513793945e-01 3.429716527462005615e-01 3.571688896045088768e-03
5.983505845069885254e-01 3.482316136360168457e-01 8.815075270831584930e-03
6.062559485435485840e-01 3.578842282295227051e-01 1.611129939556121826e-02
6.084606647491455078e-01 3.914579153060913086e-01 3.330340236425399780e-02
6.354209780693054199e-01 4.440842270851135254e-01 8.463680744171142578e-02
5.980187058448791504e-01 4.153608679771423340e-01 2.351546287536621094e-02
5.866111516952514648e-01 4.189398884773254395e-01 1.599034480750560760e-02
5.725191831588745117e-01 4.161796867847442627e-01 1.053966954350471497e-02
5.595206618309020996e-01 4.100749194622039795e-01 7.660769391804933548e-03
5.495958328247070312e-01 4.033526480197906494e-01 6.719553377479314804e-03
5.427851080894470215e-01 3.971670269966125488e-01 5.692288745194673538e-03
6.334657669067382812e-01 4.452686309814453125e-01 1.282008141279220581e-01
5.396214127540588379e-01 4.908831417560577393e-01 -2.535188570618629456e-02
5.322958230972290039e-01 4.354156851768493652e-01 -3.509495779871940613e-02
5.286233425140380859e-01 4.802456796169281006e-01 -5.263212323188781738e-02
5.217925906181335449e-01 4.877837002277374268e-01 -4.867679253220558167e-02
5.277603864669799805e-01 4.831849932670593262e-01 -4.714857041835784912e-02
5.360764861106872559e-01 4.955031871795654297e-01 -2.195593528449535370e-02
5.198608636856079102e-01 4.889781177043914795e-01 -5.178891122341156006e-02
5.179175734519958496e-01 4.926954209804534912e-01 -3.870541974902153015e-02
5.440333485603332520e-01 3.835880458354949951e-01 1.167830172926187515e-02
5.378679633140563965e-01 3.873953819274902344e-01 4.325164947658777237e-03
5.340211391448974609e-01 3.900669515132904053e-01 -3.960394300520420074e-03
5.953850746154785156e-01 3.806144893169403076e-01 2.105127833783626556e-02
6.035223603248596191e-01 3.729231059551239014e-01 2.181009761989116669e-02
4.528745412826538086e-01 3.655517101287841797e-01 6.361034698784351349e-03
4.644421339035034180e-01 3.663313984870910645e-01 6.361034698784351349e-03
4.538456201553344727e-01 3.508970141410827637e-01 6.361034698784351349e-03
4.411710202693939209e-01 3.647569715976715088e-01 6.361034698784351349e-03
4.518218040466308594e-01 3.800484240055084229e-01 6.361034698784351349e-03
5.759121179580688477e-01 3.806138038635253906e-01 1.483718119561672211e-02
5.873932838439941406e-01 3.822015523910522461e-01 1.483718119561672211e-02
5.770372748374938965e-01 3.655340671539306641e-01 1.483718119561672211e-02
5.643905401229858398e-01 3.789781630039215088e-01 1.483718119561672211e-02
5.748047232627868652e-01 3.957330882549285889e-01 1.483718119561672211e-02
