5.061669349670410156e-01 5.303379893302917480e-01 -3.390287235379219055e-02
5.115509033203125000e-01 4.663312137126922607e-01 -5.808179453015327454e-02
5.086332559585571289e-01 4.851821660995483398e-01 -3.188202157616615295e-02
5.066171288490295410e-01 4.126181602478027344e-01 -4.188843071460723877e-02
5.132271647453308105e-01 4.492922425270080566e-01 -6.116594001650810242e-02
5.148542523384094238e-01 4.282670319080352783e-01 -5.595158785581588745e-02
5.182829499244689941e-01 3.785591721534729004e-01 -2.417343854904174805e-02
4.339641034603118896e-01 3.691164851188659668e-01 1.472299825400114059e-02
5.215368270874023438e-01 3.377680480480194092e-01 -1.474841218441724777e-02
5.234630703926086426e-01 3.159531950950622559e-01 -1.540297828614711761e-02
5.291548967361450195e-01 2.436276674270629883e-01 5.885318969376385212e-04
5.056985616683959961e-01 5.362410545349121094e-01 -3.283885121345520020e-02
5.049367547035217285e-01 5.421296358108520508e-01 -2.951866760849952698e-02
5.042397379875183105e-01 5.462662577629089355e-01 -2.494036033749580383e-02
5.039712190628051758e-01 5.470085740089416504e-01 -2.250525914132595062e-02
5.034580826759338379e-01 5.559426546096801758e-01 -2.453729882836341858e-02
5.025320649147033691e-01 5.667995214462280273e-01 -2.701216191053390503e-02
5.014082789421081543e-01 5.775404572486877441e-01 -2.561425231397151947e-02
4.961800575256347656e-01 5.979917645454406738e-01 -1.588636264204978943e-02
5.103823542594909668e-01 4.756838083267211914e-01 -5.288333818316459656e-02
5.002607107162475586e-01 4.748938679695129395e-01 -3.867712244391441345e-02
3.980723321437835693e-01 3.030090928077697754e-01 6.731156259775161743e-02
4.666830003261566162e-01 3.823910355567932129e-01 4.348882008343935013e-03
4.541956782341003418e-01 3.839164376258850098e-01 4.694342613220214844e-03
4.426155090332031250e-01 3.826793134212493896e-01 7.323591038584709167e-03
4.277550280094146729e-01 3.736067116260528564e-01 1.577548868954181671e-02
4.778926074504852295e-01 3.775738477706909180e-01 6.193639244884252548e-03
4.568809568881988525e-01 3.334531784057617188e-01 1.427673036232590675e-03
4.698665142059326172e-01 3.368787169456481934e-01 2.308495808392763138e-03
4.440669417381286621e-01 3.347438573837280273e-01 4.325069487094879150e-03
4.347846508026123047e-01 3.411087095737457275e-01 8.269129320979118347e-03
4.168444275856018066e-01 3.818684518337249756e-01 2.028437890112400055e-02
4.523031711578369141e-01 6.177731156349182129e-01 -5.894624628126621246e-03
4.300724267959594727e-01 3.663674890995025635e-01 1.816880889236927032e-02
3.858191967010498047e-01 3.728980720043182373e-01 6.788254529237747192e-02
4.067821204662322998e-01 3.686238229274749756e-01 3.134427964687347412e-02
4.560534656047821045e-01 4.504581689834594727e-01 -9.527307003736495972e-03
4.938717782497406006e-01 5.242313146591186523e-01 -3.295167163014411926e-02
4.940713942050933838e-01 5.394719839096069336e-01 -2.849722281098365784e-02
4.810449182987213135e-01 5.286345481872558594e-01 -2.740762941539287567e-02
4.724339842796325684e-01 5.341683626174926758e-01 -1.999963819980621338e-02
4.844545722007751465e-01 5.389635562896728516e-01 -2.469477616250514984e-02
4.767684340476989746e-01 5.400044918060302734e-01 -1.777904666960239410e-02
4.487485885620117188e-01 5.577343702316284180e-01 -4.850985016673803329e-03
5.026915669441223145e-01 4.647752642631530762e-01 -5.737692117691040039e-02
5.027753114700317383e-01 4.483321309089660645e-01 -6.016845256090164185e-02
4.217243790626525879e-01 3.198144435882568359e-01 1.193879637867212296e-02
4.819791913032531738e-01 4.121096730232238770e-01 -8.158056065440177917e-03
4.783000349998474121e-01 4.601463079452514648e-01 -3.167580813169479370e-02
4.778231680393218994e-01 4.518950879573822021e-01 -2.819515392184257507e-02
4.221934080123901367e-01 4.456662237644195557e-01 2.498089335858821869e-03
5.048464536666870117e-01 4.288686215877532959e-01 -5.307092517614364624e-02
4.520943760871887207e-01 2.999634146690368652e-01 -4.598788451403379440e-03
4.350512623786926270e-01 3.064233362674713135e-01 2.892584074288606644e-03
4.149941205978393555e-01 2.752673625946044922e-01 4.822934791445732117e-02
5.007209777832031250e-01 3.189502358436584473e-01 -1.240049581974744797e-02
4.807070493698120117e-01 3.446472883224487305e-01 5.687034223228693008e-03
4.425109028816223145e-01 5.395886301994323730e-01 -2.363260602578520775e-03
3.836789429187774658e-01 5.338386893272399902e-01 8.758290112018585205e-02
4.854424893856048584e-01 4.704286456108093262e-01 -2.758834138512611389e-02
4.930364489555358887e-01 4.764877557754516602e-01 -2.866470068693161011e-02
4.621259868144989014e-01 5.438924431800842285e-01 -3.329412080347537994e-03
4.648092985153198242e-01 5.436700582504272461e-01 -6.112670060247182846e-03
4.309274852275848389e-01 2.954317033290863037e-01 8.568603545427322388e-03
4.769553244113922119e-01 4.682483971118927002e-01 -2.609481289982795715e-02
4.732685387134552002e-01 3.024014830589294434e-01 -9.713360108435153961e-03
4.735659062862396240e-01 2.885554432868957520e-01 -1.111734751611948013e-02
4.662300646305084229e-01 2.428235709667205811e-01 1.092970184981822968e-02
4.235556721687316895e-01 2.909762859344482422e-01 2.598016150295734406e-02
4.708450138568878174e-01 2.716960310935974121e-01 -2.305251109646633267e-04
4.163759648799896240e-01 3.133367598056793213e-01 2.151370234787464142e-02
4.077269136905670166e-01 3.134771883487701416e-01 4.358207061886787415e-02
4.937667250633239746e-01 5.327152609825134277e-01 -3.198536112904548645e-02
4.827601015567779541e-01 5.342978835105895996e-01 -2.658397145569324493e-02
4.745793342590332031e-01 5.372573137283325195e-01 -1.981900259852409363e-02
4.875034689903259277e-01 4.741289317607879639e-01 -2.533631213009357452e-02
4.635165333747863770e-01 5.438553690910339355e-01 -4.779478535056114197e-03
4.676759541034698486e-01 5.466799736022949219e-01 -1.093651819974184036e-02
4.662345051765441895e-01 5.434908866882324219e-01 -6.361159030348062515e-03
4.910581707954406738e-01 4.641779065132141113e-01 -4.212500900030136108e-02
4.782456755638122559e-01 5.418096184730529785e-01 -1.621099002659320831e-02
4.856636524200439453e-01 5.418640375137329102e-01 -2.075359784066677094e-02
4.943552017211914062e-01 5.435262918472290039e-01 -2.422585710883140564e-02
4.815284311771392822e-01 5.945780873298645020e-01 -1.607557758688926697e-02
4.880441427230834961e-01 5.735157728195190430e-01 -2.546950615942478180e-02
4.899199306964874268e-01 5.629400014877319336e-01 -2.653218433260917664e-02
4.920128583908081055e-01 5.523570179939270020e-01 -2.376736328005790710e-02
4.940830171108245850e-01 5.442394018173217773e-01 -2.181229367852210999e-02
4.781578481197357178e-01 5.420046448707580566e-01 -1.430341973900794983e-02
4.753476381301879883e-01 5.458305478096008301e-01 -1.626238785684108734e-02
4.723021984100341797e-01 5.506743192672729492e-01 -1.816214807331562042e-02
4.695040583610534668e-01 5.561731457710266113e-01 -1.656979322433471680e-02
4.588544368743896484e-01 5.108613371849060059e-01 -1.614934019744396210e-02
3.756915032863616943e-01 4.477435350418090820e-01 1.069735139608383179e-01
5.095825195312500000e-01 4.801338613033294678e-01 -3.912075608968734741e-02
4.725945591926574707e-01 5.425032377243041992e-01 -9.503892622888088226e-03
4.702595174312591553e-01 5.444839000701904297e-01 -1.083180774003267288e-02
4.953410625457763672e-01 4.834753572940826416e-01 -2.959699183702468872e-02
4.792882800102233887e-01 4.789897799491882324e-01 -1.858805678784847260e-02
4.942771196365356445e-01 4.800617098808288574e-01 -2.931752987205982208e-02
4.693231582641601562e-01 4.204923808574676514e-01 -5.581776145845651627e-03
4.499981999397277832e-01 4.291363954544067383e-01 -3.695254446938633919e-03
4.751518070697784424e-01 4.596400260925292969e-01 -2.244684286415576935e-02
4.369688034057617188e-01 2.543759644031524658e-01 2.792930230498313904e-02
4.437954127788543701e-01 2.762919068336486816e-01 1.182566024363040924e-02
4.503239691257476807e-01 2.870894372463226318e-01 -1.895187073387205601e-03
4.566217958927154541e-01 5.715965628623962402e-01 -9.868206456303596497e-03
5.008472204208374023e-01 2.960930466651916504e-01 -1.539548952132463455e-02
4.972119629383087158e-01 2.742897868156433105e-01 -6.751483771950006485e-03
4.957108199596405029e-01 2.400735765695571899e-01 1.660193316638469696e-03
4.327654838562011719e-01 3.790892362594604492e-01 1.164517365396022797e-02
4.025496542453765869e-01 3.920495510101318359e-01 2.542025782167911530e-02
4.853706061840057373e-01 3.728171288967132568e-01 8.132817223668098450e-03
4.219133257865905762e-01 3.468201756477355957e-01 1.690673828125000000e-02
4.907751679420471191e-01 4.019210934638977051e-01 -1.133730635046958923e-02
4.853118062019348145e-01 4.534626603126525879e-01 -4.174076393246650696e-02
3.950076997280120850e-01 4.033506810665130615e-01 3.608636930584907532e-02
4.077894091606140137e-01 4.025577902793884277e-01 1.525944750756025314e-02
4.217263758182525635e-01 4.091961979866027832e-01 5.535419564694166183e-03
4.454638063907623291e-01 4.088350236415863037e-01 1.712190918624401093e-03
4.635959267616271973e-01 4.035758972167968750e-01 3.090605896431952715e-04
4.778216183185577393e-01 3.967181444168090820e-01 -1.552057918161153793e-03
5.075094103813171387e-01 3.811541199684143066e-01 -2.061080746352672577e-02
3.944939374923706055e-01 4.383639693260192871e-01 3.140589222311973572e-02
4.136514663696289062e-01 3.429592549800872803e-01 2.206426113843917847e-02
5.051106810569763184e-01 4.743852019309997559e-01 -5.244188010692596436e-02
4.818835854530334473e-01 4.278805255889892578e-01 -1.352308131754398346e-02
3.791410326957702637e-01 3.724191784858703613e-01 1.025845631957054138e-01
4.889966249465942383e-01 3.883467316627502441e-01 -2.245017094537615776e-03
4.734813868999481201e-01 4.612802565097808838e-01 -1.180650945752859116e-02
4.251309633255004883e-01 3.631207942962646484e-01 1.984782889485359192e-02
4.853699803352355957e-01 4.435776770114898682e-01 -3.730861470103263855e-02
3.778827786445617676e-01 4.894445836544036865e-01 1.001338735222816467e-01
4.864297807216644287e-01 3.683777749538421631e-01 1.115161459892988205e-02
4.949737191200256348e-01 4.341338574886322021e-01 -4.717994108796119690e-02
4.067982435226440430e-01 5.752699375152587891e-01 3.168949857354164124e-02
4.037702381610870361e-01 5.967298150062561035e-01 4.920742288231849670e-02
3.804040551185607910e-01 4.435433745384216309e-01 6.957042217254638672e-02
3.950583338737487793e-01 5.508680343627929688e-01 4.492302983999252319e-02
3.962164521217346191e-01 3.407005071640014648e-01 5.899125710129737854e-02
4.475589096546173096e-01 6.362112760543823242e-01 -6.853325176052749157e-04
5.055323243141174316e-01 4.789707362651824951e-01 -3.850446268916130066e-02
4.708766341209411621e-01 4.393476843833923340e-01 -1.045245397835969925e-02
3.968768715858459473e-01 3.724038302898406982e-01 4.184773564338684082e-02
4.457963705062866211e-01 3.731826245784759521e-01 8.637487888336181641e-03
4.561828374862670898e-01 3.744545280933380127e-01 6.350337062031030655e-03
4.651445746421813965e-01 5.492407083511352539e-01 -9.396845474839210510e-03
3.941411375999450684e-01 4.727970957756042480e-01 3.315500169992446899e-02
4.658152461051940918e-01 6.639214158058166504e-01 2.447025617584586143e-03
4.325377941131591797e-01 6.373790502548217773e-01 2.238469384610652924e-02
4.188398122787475586e-01 6.207145452499389648e-01 3.404109925031661987e-02
5.263997316360473633e-01 2.794474363327026367e-01 -8.006896823644638062e-03
4.901279211044311523e-01 6.702923774719238281e-01 3.416333929635584354e-04
4.664830565452575684e-01 3.733562231063842773e-01 6.332711782306432724e-03
4.765690267086029053e-01 3.704454898834228516e-01 8.215726353228092194e-03
4.830638766288757324e-01 3.689705431461334229e-01 1.079565752297639847e-02
4.062557220458984375e-01 3.404828310012817383e-01 3.297278657555580139e-02
4.771008491516113281e-01 3.685058355331420898e-01 7.180193904787302017e-03
4.668153524398803711e-01 3.707734346389770508e-01 5.024411249905824661e-03
4.568430781364440918e-01 3.713261485099792480e-01 5.134384613484144211e-03
4.464427828788757324e-01 3.701597750186920166e-01 7.227478548884391785e-03
4.389023184776306152e-01 3.687933981418609619e-01 1.027312595397233963e-02
3.865820169448852539e-01 3.336579203605651855e-01 8.747860044240951538e-02
4.388466179370880127e-01 3.710783720016479492e-01 1.180433668196201324e-02
5.067875981330871582e-01 4.993596374988555908e-01 -2.994004264473915100e-02
4.710122346878051758e-01 5.022922754287719727e-01 -2.102937735617160797e-02
4.857828617095947266e-01 4.671351611614227295e-01 -3.134338557720184326e-02
4.921759366989135742e-01 4.985507726669311523e-01 -2.964238449931144714e-02
5.196707844734191895e-01 3.589940667152404785e-01 -1.527979224920272827e-02
4.195497334003448486e-01 5.989867448806762695e-01 2.145211584866046906e-02
4.326865673065185547e-01 6.178170442581176758e-01 1.100057829171419144e-02
4.670239686965942383e-01 6.502765417098999023e-01 -1.063303090631961823e-02
3.927805125713348389e-01 5.699907541275024414e-01 6.893534958362579346e-02
4.836560487747192383e-01 3.677032887935638428e-01 9.554445743560791016e-03
4.984591305255889893e-01 4.057841897010803223e-01 -2.574375458061695099e-02
4.912295639514923096e-01 6.566289067268371582e-01 -1.246422436088323593e-02
4.476325511932373047e-01 6.522604823112487793e-01 1.029850728809833527e-02
3.815524876117706299e-01 4.816839993000030518e-01 6.605955213308334351e-02
4.853991270065307617e-01 5.423411726951599121e-01 -1.850512064993381500e-02
4.824315309524536133e-01 5.485476255416870117e-01 -2.060898765921592712e-02
4.796661734580993652e-01 5.564556121826171875e-01 -2.280365303158760071e-02
4.772476553916931152e-01 5.656741857528686523e-01 -2.169409394264221191e-02
4.672486186027526855e-01 5.844495296478271484e-01 -1.452785730361938477e-02
4.707064330577850342e-01 5.417081117630004883e-01 -1.153837982565164566e-02
4.683771431446075439e-01 5.405228137969970703e-01 -1.164972502738237381e-02
4.663687348365783691e-01 5.389435291290283203e-01 -1.161204278469085693e-02
4.488752484321594238e-01 5.234917402267456055e-01 -9.379893541336059570e-03
4.098626971244812012e-01 4.819658994674682617e-01 1.191934756934642792e-02
4.993605613708496094e-01 3.902755379676818848e-01 -1.513437740504741669e-02
4.968885183334350586e-01 3.545181155204772949e-01 4.665540996938943863e-03
4.896358251571655273e-01 3.573944866657257080e-01 8.184150792658329010e-03
4.726797938346862793e-01 5.425909757614135742e-01 -1.069576572626829147e-02
4.041559100151062012e-01 5.245288014411926270e-01 2.616651915013790131e-02
5.070550441741943359e-01 3.537669777870178223e-01 -8.776046335697174072e-03
4.595004022121429443e-01 6.004152894020080566e-01 -9.417702443897724152e-03
5.160425901412963867e-01 4.112741351127624512e-01 -4.504809901118278503e-02
5.069084763526916504e-01 3.976639509201049805e-01 -3.216588869690895081e-02
5.171135663986206055e-01 3.954581618309020996e-01 -3.417249768972396851e-02
4.888949692249298096e-01 4.306684136390686035e-01 -2.707388252019882202e-02
4.929087162017822266e-01 6.379008889198303223e-01 -1.731467619538307190e-02
4.946734011173248291e-01 6.164304018020629883e-01 -1.625186018645763397e-02
4.763265848159790039e-01 6.121395230293273926e-01 -1.478595845401287079e-02
4.372377991676330566e-01 5.645349025726318359e-01 9.192001889459788799e-04
4.623216390609741211e-01 4.735648334026336670e-01 -9.980746544897556305e-03
4.467238187789916992e-01 5.847874283790588379e-01 -3.999168518930673599e-03
4.365176558494567871e-01 4.681903719902038574e-01 -6.861886475235223770e-03
4.498953819274902344e-01 4.888673424720764160e-01 -9.432754479348659515e-03
4.245003759860992432e-01 4.951648712158203125e-01 1.655786909395828843e-04
4.707217514514923096e-01 6.321629881858825684e-01 -1.512301713228225708e-02
4.814311265945434570e-01 4.401645660400390625e-01 -2.012354135513305664e-02
4.260797202587127686e-01 5.782381892204284668e-01 1.015371736139059067e-02
4.385510683059692383e-01 5.992575883865356445e-01 3.353733802214264870e-03
4.311850368976593018e-01 5.413522720336914062e-01 2.188555663451552391e-03
3.948368728160858154e-01 5.027424097061157227e-01 3.576264157891273499e-02
4.165863990783691406e-01 5.442616343498229980e-01 1.217013504356145859e-02
3.855249285697937012e-01 5.175307393074035645e-01 5.974607914686203003e-02
4.388324618339538574e-01 5.100056529045104980e-01 -5.542376078665256500e-03
4.904190599918365479e-01 4.166210889816284180e-01 -1.914274878799915314e-02
4.881486892700195312e-01 4.608889818191528320e-01 -4.416575282812118530e-02
4.813201725482940674e-01 4.655949473381042480e-01 -3.293678164482116699e-02
4.935231804847717285e-01 4.498122036457061768e-01 -5.133576318621635437e-02
4.892817735671997070e-01 3.360573649406433105e-01 1.560796517878770828e-03
4.713268578052520752e-01 3.230314552783966064e-01 -7.431388949044048786e-04
4.548009335994720459e-01 3.194538652896881104e-01 -8.830070146359503269e-04
4.403310418128967285e-01 3.227055072784423828e-01 2.720391843467950821e-03
4.291259348392486572e-01 3.311869502067565918e-01 8.760833181440830231e-03
4.172233343124389648e-01 3.652357161045074463e-01 2.385650388896465302e-02
3.812515735626220703e-01 4.074322879314422607e-01 6.905354559421539307e-02
4.215954542160034180e-01 3.889102041721343994e-01 1.467207912355661392e-02
4.333044886589050293e-01 3.941810131072998047e-01 8.533257059752941132e-03
4.494425654411315918e-01 3.954201340675354004e-01 4.699296783655881882e-03
4.655278027057647705e-01 3.924610018730163574e-01 3.363158088177442551e-03
4.785724282264709473e-01 3.868806362152099609e-01 3.925037570297718048e-03
4.877211153507232666e-01 3.817173242568969727e-01 3.811027156189084053e-03
3.765382766723632812e-01 4.096155762672424316e-01 1.084419712424278259e-01
4.808837175369262695e-01 4.707732498645782471e-01 -2.776749059557914734e-02
4.975526928901672363e-01 4.196763634681701660e-01 -3.500000759959220886e-02
4.953781068325042725e-01 4.619425535202026367e-01 -5.234521254897117615e-02
4.999922513961791992e-01 4.715059995651245117e-01 -4.817367345094680786e-02
4.950733482837677002e-01 4.652256667613983154e-01 -4.721843451261520386e-02
4.831133484840393066e-01 4.765196144580841064e-01 -2.423584647476673126e-02
5.018723607063293457e-01 4.730169773101806641e-01 -5.101217702031135559e-02
5.022845864295959473e-01 4.776027798652648926e-01 -3.856626152992248535e-02
4.906430244445800781e-01 3.675508499145507812e-01 9.797163307666778564e-03
4.957101941108703613e-01 3.725316822528839111e-01 3.423395799472928047e-03
4.984996318817138672e-01 3.756856322288513184e-01 -4.231205675750970840e-03
4.339532554149627686e-01 3.675676286220550537e-01 1.360872946679592133e-02
4.277384281158447266e-01 3.497954905033111572e-01 1.400718372315168381e-02
5.248243808746337891e-01 4.151932597160339355e-01 -4.098423570394515991e-02
5.972908735275268555e-01 3.908172249794006348e-01 2.089941874146461487e-02
5.193490386009216309e-01 4.777339994907379150e-01 -3.802379965782165527e-02
6.352670788764953613e-01 3.374075293540954590e-01 7.654758542776107788e-02
5.643767118453979492e-01 3.957365751266479492e-01 8.488648571074008942e-03
5.750816464424133301e-01 3.995206654071807861e-01 9.649733081459999084e-03
5.856422185897827148e-01 4.014179408550262451e-01 1.295597571879625320e-02
6.010707020759582520e-01 3.967251479625701904e-01 2.230824716389179230e-02
5.558872222900390625e-01 3.896977603435516357e-01 9.467780590057373047e-03
5.842963457107543945e-01 3.514566123485565186e-01 6.467472296208143234e-03
5.717815160751342773e-01 3.521772325038909912e-01 6.309262476861476898e-03
5.959126949310302734e-01 3.552407920360565186e-01 1.008468866348266602e-02
6.030218601226806641e-01 3.634423017501831055e-01 1.444652024656534195e-02
6.078475713729858398e-01 4.079194068908691406e-01 2.740923129022121429e-02
5.361253023147583008e-01 6.283118724822998047e-01 -2.812578342854976654e-03
6.013696789741516113e-01 3.885876536369323730e-01 2.458230219781398773e-02
6.374156475067138672e-01 4.074278771877288818e-01 7.687297463417053223e-02
6.190095543861389160e-01 3.966539502143859863e-01 3.911668062210083008e-02
5.637460947036743164e-01 4.664594531059265137e-01 -4.922704305499792099e-03
5.184129476547241211e-01 5.279674530029296875e-01 -3.173720091581344604e-02
5.148788690567016602e-01 5.429365038871765137e-01 -2.729748561978340149e-02
5.286173820495605469e-01 5.354855656623840332e-01 -2.491342090070247650e-02
5.345240831375122070e-01 5.434840917587280273e-01 -1.657086052000522614e-02
5.229837298393249512e-01 5.451306104660034180e-01 -2.244518324732780457e-02
5.289458036422729492e-01 5.484166741371154785e-01 -1.473086513578891754e-02
5.473677515983581543e-01 5.723170638084411621e-01 -4.216226516291499138e-04
5.202516913414001465e-01 4.673143327236175537e-01 -5.682684108614921570e-02
5.233241915702819824e-01 4.512934684753417969e-01 -5.951841548085212708e-02
6.186711788177490234e-01 3.446271419525146484e-01 1.919037103652954102e-02
5.457606911659240723e-01 4.214131832122802734e-01 -5.279640201479196548e-03
5.426926016807556152e-01 4.699058830738067627e-01 -2.916910685598850250e-02
5.443428754806518555e-01 4.618860781192779541e-01 -2.560188435018062592e-02
5.961973071098327637e-01 4.709765911102294922e-01 9.830912575125694275e-03
5.242851972579956055e-01 4.316494166851043701e-01 -5.217607319355010986e-02
5.970237851142883301e-01 3.203001320362091064e-01 7.725356845185160637e-04
6.107110381126403809e-01 3.289331495761871338e-01 9.418517351150512695e-03
6.263557076454162598e-01 3.062687516212463379e-01 5.639308691024780273e-02
5.474957227706909180e-01 3.306165635585784912e-01 -1.045125909149646759e-02
5.605476498603820801e-01 3.577269911766052246e-01 8.914289996027946472e-03
5.568113923072814941e-01 5.568933486938476562e-01 3.043110948055982590e-03
6.125552654266357422e-01 5.649104714393615723e-01 9.669573605060577393e-02
5.334518551826477051e-01 4.778368175029754639e-01 -2.587289735674858093e-02
5.251228213310241699e-01 4.815177321434020996e-01 -2.775402739644050598e-02
5.407889485359191895e-01 5.571062564849853516e-01 1.400834415107965469e-03
5.382130742073059082e-01 5.560124516487121582e-01 -1.853229128755629063e-03
6.163661479949951172e-01 3.190069794654846191e-01 1.530115306377410889e-02
5.418222546577453613e-01 4.781382977962493896e-01 -2.361635118722915649e-02
5.771820545196533203e-01 3.196923434734344482e-01 -6.086764391511678696e-03
5.799511075019836426e-01 3.064450919628143311e-01 -7.520596031099557877e-03
5.879310965538024902e-01 2.612064480781555176e-01 1.564330235123634338e-02
6.186860203742980957e-01 3.180714845657348633e-01 3.307757154107093811e-02
5.800842046737670898e-01 2.873847484588623047e-01 3.644839627668261528e-03
6.243768930435180664e-01 3.397939205169677734e-01 2.902996912598609924e-02
6.281490325927734375e-01 3.438584208488464355e-01 5.158040300011634827e-02
5.168920755386352539e-01 5.364361405372619629e-01 -3.072900325059890747e-02
5.257843732833862305e-01 5.409100651741027832e-01 -2.423591352999210358e-02
5.318633913993835449e-01 5.461180806159973145e-01 -1.662118732929229736e-02
5.305733680725097656e-01 4.807902872562408447e-01 -2.383716590702533722e-02
5.394578576087951660e-01 5.566337108612060547e-01 -3.696627682074904442e-04
5.356301069259643555e-01 5.585657954216003418e-01 -7.205554284155368805e-03
5.368262529373168945e-01 5.553625226020812988e-01 -2.246564254164695740e-03
5.302099585533142090e-01 4.701299667358398438e-01 -4.042219743132591248e-02
5.267308354377746582e-01 5.498032569885253906e-01 -1.328889466822147369e-02
5.208240151405334473e-01 5.477330684661865234e-01 -1.858912594616413116e-02
5.132583379745483398e-01 5.467858314514160156e-01 -2.299806103110313416e-02
5.111141204833984375e-01 5.988175868988037109e-01 -1.483291108161211014e-02
5.140709280967712402e-01 5.783342123031616211e-01 -2.416607923805713654e-02
5.143377780914306641e-01 5.673066377639770508e-01 -2.514791116118431091e-02
5.140343308448791504e-01 5.562620759010314941e-01 -2.244506776332855225e-02
5.130776166915893555e-01 5.476152896881103516e-01 -2.050341479480266571e-02
5.265594124794006348e-01 5.503418445587158203e-01 -1.134275086224079132e-02
5.289722681045532227e-01 5.553433299064636230e-01 -1.329372730106115341e-02
5.312802791595458984e-01 5.613593459129333496e-01 -1.505616307258605957e-02
5.331105589866638184e-01 5.678786039352416992e-01 -1.333070080727338791e-02
5.484350919723510742e-01 5.245712995529174805e-01 -1.236584875732660294e-02
6.313517689704895020e-01 4.831949174404144287e-01 1.170556917786598206e-01
5.310128927230834961e-01 5.523987412452697754e-01 -5.865910090506076813e-03
5.333490967750549316e-01 5.554248690605163574e-01 -7.235033903270959854e-03
5.216420292854309082e-01 4.875634908676147461e-01 -2.862293273210525513e-02
5.370765924453735352e-01 4.879488348960876465e-01 -1.654743403196334839e-02
5.233123302459716797e-01 4.846783876419067383e-01 -2.842240035533905029e-02
5.560514330863952637e-01 4.331952035427093506e-01 -1.617769943550229073e-03
5.729338526725769043e-01 4.471650123596191406e-01 1.659089466556906700e-03
5.450413227081298828e-01 4.702465236186981201e-01 -1.973671093583106995e-02
6.116803884506225586e-01 2.803382277488708496e-01 3.457094728946685791e-02
6.036601066589355469e-01 2.987288832664489746e-01 1.751947030425071716e-02
6.015331745147705078e-01 3.080794811248779297e-01 3.507621353492140770e-03
5.381251573562622070e-01 5.832250714302062988e-01 -6.189381238073110580e-03
5.528365969657897949e-01 3.089592456817626953e-01 -1.348467916250228882e-02
5.550554394721984863e-01 2.828087806701660156e-01 -4.739215597510337830e-03
5.614459514617919922e-01 2.502086758613586426e-01 4.106865730136632919e-03
5.951510071754455566e-01 4.009209275245666504e-01 1.781762577593326569e-02
6.173249483108520508e-01 4.206846654415130615e-01 3.319197893142700195e-02
5.505045056343078613e-01 3.840880990028381348e-01 1.102424692362546921e-02
6.123356223106384277e-01 3.717055320739746094e-01 2.390996553003787994e-02
5.394874215126037598e-01 4.089349210262298584e-01 -9.058732539415359497e-03
5.378918051719665527e-01 4.614186882972717285e-01 -3.968916088342666626e-02
6.269318461418151855e-01 4.356872141361236572e-01 4.476976022124290466e-02
6.105051040649414062e-01 4.305681884288787842e-01 2.275847457349300385e-02
5.970625877380371094e-01 4.335729181766510010e-01 1.220298931002616882e-02
5.762404203414916992e-01 4.267712831497192383e-01 6.978543475270271301e-03
5.611735582351684570e-01 4.168480336666107178e-01 4.335324279963970184e-03
5.501073598861694336e-01 4.069555997848510742e-01 1.388752716593444347e-03
5.279696583747863770e-01 3.840809464454650879e-01 -1.967704854905605316e-02
6.225169301033020020e-01 4.704518914222717285e-01 4.020735248923301697e-02
6.196861863136291504e-01 3.700368702411651611e-01 2.952731586992740631e-02
5.156314969062805176e-01 4.758861064910888672e-01 -5.199462547898292542e-02
5.435728430747985840e-01 4.370482265949249268e-01 -1.075096148997545242e-02
6.395341157913208008e-01 4.091215133666992188e-01 1.131531968712806702e-01
5.422729849815368652e-01 3.963138163089752197e-01 2.369090725551359355e-05
5.457324981689453125e-01 4.722487926483154297e-01 -8.889828808605670929e-03
6.062827110290527344e-01 3.870076239109039307e-01 2.664278633892536163e-02
5.392484068870544434e-01 4.516686797142028809e-01 -3.520094603300094604e-02
6.238734722137451172e-01 5.231674313545227051e-01 1.097577214241027832e-01
5.509328842163085938e-01 3.792661726474761963e-01 1.410776469856500626e-02
5.323317050933837891e-01 4.395990669727325439e-01 -4.563797637820243835e-02
5.868388414382934570e-01 5.987269878387451172e-01 3.826707229018211365e-02
5.853834152221679688e-01 6.199355721473693848e-01 5.644968897104263306e-02
6.325152516365051270e-01 4.778795242309570312e-01 7.864604145288467407e-02
6.019641757011413574e-01 5.783947706222534180e-01 5.249102786183357239e-02
6.332304477691650391e-01 3.735113441944122314e-01 6.754972040653228760e-02
5.376375913619995117e-01 6.469433903694152832e-01 2.476092195138335228e-03
5.136949419975280762e-01 4.801902174949645996e-01 -3.822507709264755249e-02
5.517157912254333496e-01 4.514275789260864258e-01 -6.989886518567800522e-03
6.265169382095336914e-01 4.017876684665679932e-01 5.019037425518035889e-02
5.858643651008605957e-01 3.915932178497314453e-01 1.416473370045423508e-02
5.762458443641662598e-01 3.901617527008056641e-01 1.123746950179338455e-02
5.377150177955627441e-01 5.620024204254150391e-01 -5.489208269864320755e-03
6.170523166656494141e-01 5.040720105171203613e-01 4.186449572443962097e-02
5.149751901626586914e-01 6.696789264678955078e-01 4.362368490546941757e-03
5.516448616981506348e-01 6.513593196868896484e-01 2.703945711255073547e-02
5.675650835037231445e-01 6.387990117073059082e-01 3.997269645333290100e-02
5.672247409820556641e-01 3.873462677001953125e-01 1.052101515233516693e-02
5.590896606445312500e-01 3.833462893962860107e-01 1.180719956755638123e-02
5.538179278373718262e-01 3.808027207851409912e-01 1.397613529115915298e-02
6.261300444602966309e-01 3.689137995243072510e-01 4.099008440971374512e-02
5.595793724060058594e-01 3.795516490936279297e-01 1.075013354420661926e-02
5.686190128326416016e-01 3.823300600051879883e-01 9.258834645152091980e-03
5.775949954986572266e-01 3.844353556632995605e-01 1.004909258335828781e-02
5.870746970176696777e-01 3.860814869403839111e-01 1.277746818959712982e-02
5.936800837516784668e-01 3.873106837272644043e-01 1.627904549241065979e-02
6.395444869995117188e-01 3.698293566703796387e-01 9.755061566829681396e-02
5.925085544586181641e-01 3.915718793869018555e-01 1.771671324968338013e-02
5.396563410758972168e-01 5.128878951072692871e-01 -1.812180131673812866e-02
5.340201854705810547e-01 4.746059179306030273e-01 -2.956742979586124420e-02
5.210489034652709961e-01 5.030397772789001465e-01 -2.845166437327861786e-02
5.706129074096679688e-01 6.180136799812316895e-01 2.685851417481899261e-02
5.549378991127014160e-01 6.326955556869506836e-01 1.521004550158977509e-02
5.163893103599548340e-01 6.562745571136474609e-01 -8.883095346391201019e-03
5.993833541870117188e-01 5.972940325736999512e-01 7.717590779066085815e-02
5.537549853324890137e-01 3.786878585815429688e-01 1.277854852378368378e-02
5.327023863792419434e-01 4.107295870780944824e-01 -2.423853427171707153e-02
5.347032546997070312e-01 6.622006893157958984e-01 1.368633378297090530e-02
6.254999041557312012e-01 5.147562623023986816e-01 7.488959282636642456e-02
5.206641554832458496e-01 5.485233068466186523e-01 -1.624727807939052582e-02
5.227347016334533691e-01 5.558125972747802734e-01 -1.830387488007545471e-02
5.242400765419006348e-01 5.646915435791015625e-01 -2.035359293222427368e-02
5.250934362411499023e-01 5.747734308242797852e-01 -1.918519660830497742e-02
5.261831283569335938e-01 5.926282405853271484e-01 -1.174620352685451508e-02
5.334797501564025879e-01 5.519593358039855957e-01 -7.864591665565967560e-03
5.360639691352844238e-01 5.514444708824157715e-01 -7.621532306075096130e-03
5.384395718574523926e-01 5.503516793251037598e-01 -7.457392755895853043e-03
5.544208884239196777e-01 5.396302342414855957e-01 -4.496140405535697937e-03
6.011659502983093262e-01 5.093289613723754883e-01 1.973121985793113708e-02
5.336760878562927246e-01 3.952418565750122070e-01 -1.356233470141887665e-02
5.437000989913940430e-01 3.637278079986572266e-01 6.487763021141290665e-03
5.499061942100524902e-01 3.682400584220886230e-01 1.097466889768838882e-02
5.310356616973876953e-01 5.522444248199462891e-01 -6.999141070991754532e-03
5.984135866165161133e-01 5.515404939651489258e-01 3.378000855445861816e-02
5.337934494018554688e-01 3.599993288516998291e-01 -7.555728312581777573e-03
5.316855311393737793e-01 6.098377704620361328e-01 -6.552518811076879501e-03
5.265129804611206055e-01 4.003967642784118652e-01 -3.135243430733680725e-02
5.374233126640319824e-01 4.379694759845733643e-01 -2.511780522763729095e-02
5.135633945465087891e-01 6.169797182083129883e-01 -1.348272897303104401e-02
5.585697889328002930e-01 5.814903378486633301e-01 5.976309068500995636e-03
5.534539222717285156e-01 4.872429966926574707e-01 -6.323031149804592133e-03
5.462468266487121582e-01 5.981612801551818848e-01 -6.019220381858758628e-05
5.787721276283264160e-01 4.890989661216735840e-01 -8.434235351160168648e-04
5.618569850921630859e-01 5.055816173553466797e-01 -4.716055467724800110e-03
5.847850441932678223e-01 5.183970332145690918e-01 6.970344111323356628e-03
5.159249901771545410e-01 6.379512548446655273e-01 -1.348418463021516800e-02
5.423260331153869629e-01 4.492851495742797852e-01 -1.766821183264255524e-02
5.677225589752197266e-01 5.970267057418823242e-01 1.558402646332979202e-02
5.522977113723754883e-01 6.138349175453186035e-01 7.533230353146791458e-03
5.686775445938110352e-01 5.612635612487792969e-01 8.301106281578540802e-03
6.110158562660217285e-01 5.327941775321960449e-01 4.409610852599143982e-02
5.828801393508911133e-01 5.673095583915710449e-01 1.888034678995609283e-02
6.161907911300659180e-01 5.486264228820800781e-01 6.827169656753540039e-02
5.675835013389587402e-01 5.292531847953796387e-01 1.085957483155652881e-04
5.379168391227722168e-01 4.236562550067901611e-01 -1.697634533047676086e-02
5.338152050971984863e-01 4.677860736846923828e-01 -4.231469333171844482e-02
5.387262105941772461e-01 4.743908941745758057e-01 -3.083305992186069489e-02
5.313516259193420410e-01 4.554175734519958496e-01 -4.997873306274414062e-02
5.546412467956542969e-01 3.480517268180847168e-01 4.056570120155811310e-03
5.739182233810424805e-01 3.386081755161285400e-01 3.022522432729601860e-03
5.899443626403808594e-01 3.382211327552795410e-01 4.202804528176784515e-03
6.024056673049926758e-01 3.439725637435913086e-01 8.761678822338581085e-03
6.102273464202880859e-01 3.547309339046478271e-01 1.543363835662603378e-02
6.116339564323425293e-01 3.911064267158508301e-01 3.102690540254116058e-02
6.367853879928588867e-01 4.423379898071289062e-01 7.838342338800430298e-02
6.023037433624267578e-01 4.136887490749359131e-01 2.150693722069263458e-02
5.907908678054809570e-01 4.156476259231567383e-01 1.460295543074607849e-02
5.762041211128234863e-01 4.123005270957946777e-01 9.750679135322570801e-03
5.625723600387573242e-01 4.057030081748962402e-01 7.396713364869356155e-03
5.523971915245056152e-01 3.979132771492004395e-01 6.948649883270263672e-03
5.455005764961242676e-01 3.909426629543304443e-01 6.250438746064901352e-03
6.358928680419921875e-01 4.458391070365905762e-01 1.189808771014213562e-01
5.376583337783813477e-01 4.794337749481201172e-01 -2.567164599895477295e-02
5.318090319633483887e-01 4.246685206890106201e-01 -3.345698863267898560e-02
5.272610187530517578e-01 4.665658771991729736e-01 -5.118599906563758850e-02
5.206171274185180664e-01 4.745117425918579102e-01 -4.747024178504943848e-02
5.264584422111511230e-01 4.699534773826599121e-01 -4.601474106311798096e-02
5.342068672180175781e-01 4.843428134918212891e-01 -2.241603471338748932e-02
5.188180208206176758e-01 4.754565358161926270e-01 -5.044442042708396912e-02
5.169360637664794922e-01 4.797364771366119385e-01 -3.810415789484977722e-02
5.469142198562622070e-01 3.778453469276428223e-01 1.226812228560447693e-02
5.404152274131774902e-01 3.805360794067382812e-01 5.336866714060306549e-03
5.366860628128051758e-01 3.821801841259002686e-01 -2.631098730489611626e-03
5.980059504508972168e-01 3.880621790885925293e-01 1.985070295631885529e-02
6.072356104850769043e-01 3.734513521194458008e-01 2.054617740213871002e-02
4.588584601879119873e-01 3.679887652397155762e-01 9.636403061449527740e-03
4.697069525718688965e-01 3.683943450450897217e-01 9.636403061449527740e-03
4.598775804042816162e-01 3.552368283271789551e-01 9.636403061449527740e-03
4.479256570339202881e-01 3.674762845039367676e-01 9.636403061449527740e-03
4.577727019786834717e-01 3.803725838661193848e-01 9.636403061449527740e-03
5.761793851852416992e-01 3.848314285278320312e-01 1.442228537052869797e-02
5.877276659011840820e-01 3.869815170764923096e-01 1.442228537052869797e-02
5.776489973068237305e-01 3.715589642524719238e-01 1.442228537052869797e-02
5.645256042480468750e-01 3.825863599777221680e-01 1.442228537052869797e-02
5.747566223144531250e-01 3.978009521961212158e-01 1.442228537052869797e-02
