5.062037110328674316e-01 5.351386070251464844e-01 -3.281611949205398560e-02
5.123624205589294434e-01 4.734540581703186035e-01 -5.905253440141677856e-02
5.095748305320739746e-01 4.916036128997802734e-01 -3.162124752998352051e-02
5.059171319007873535e-01 4.183273911476135254e-01 -4.404056817293167114e-02
5.137996077537536621e-01 4.565495848655700684e-01 -6.254889816045761108e-02
5.149813294410705566e-01 4.348039627075195312e-01 -5.772370100021362305e-02
5.172002315521240234e-01 3.821510076522827148e-01 -2.642608433961868286e-02
4.355378746986389160e-01 3.683631718158721924e-01 1.069559995085000992e-02
5.197179913520812988e-01 3.376139402389526367e-01 -1.777431927621364594e-02
5.212668776512145996e-01 3.154179453849792480e-01 -1.920089498162269592e-02
5.251545310020446777e-01 2.459028661251068115e-01 -5.699398461729288101e-03
5.059429407119750977e-01 5.409088730812072754e-01 -3.145318478345870972e-02
5.054338574409484863e-01 5.468263030052185059e-01 -2.785335294902324677e-02
5.049633383750915527e-01 5.508840084075927734e-01 -2.262718789279460907e-02
5.045288205146789551e-01 5.549428462982177734e-01 -2.064177766442298889e-02
5.042556524276733398e-01 5.639865994453430176e-01 -2.213337831199169159e-02
5.036947131156921387e-01 5.749136209487915039e-01 -2.443209104239940643e-02
5.030236244201660156e-01 5.853896141052246094e-01 -2.274707518517971039e-02
4.992236793041229248e-01 6.009597182273864746e-01 -1.246580202132463455e-02
5.112481117248535156e-01 4.823491275310516357e-01 -5.352589488029479980e-02
5.006140470504760742e-01 4.814196825027465820e-01 -3.910787776112556458e-02
3.923262953758239746e-01 3.059187233448028564e-01 6.155331432819366455e-02
4.661429226398468018e-01 3.863975405693054199e-01 9.436793043278157711e-04
4.544497728347778320e-01 3.876354992389678955e-01 1.073701889254152775e-03
4.435377717018127441e-01 3.855358958244323730e-01 3.548110835254192352e-03
4.301425218582153320e-01 3.732806444168090820e-01 1.189318299293518066e-02
4.765859544277191162e-01 3.817366957664489746e-01 3.130090190097689629e-03
4.537053108215332031e-01 3.310898542404174805e-01 -3.018783172592520714e-03
4.666480123996734619e-01 3.341360092163085938e-01 -1.912377076223492622e-03
4.413319528102874756e-01 3.336321115493774414e-01 -1.715443650027737021e-04
4.328661561012268066e-01 3.406643271446228027e-01 3.746604779735207558e-03
4.189781546592712402e-01 3.832936286926269531e-01 1.669540256261825562e-02
4.546883106231689453e-01 6.179383993148803711e-01 -2.040810650214552879e-03
4.318339228630065918e-01 3.621779680252075195e-01 1.410686224699020386e-02
3.813311159610748291e-01 3.750209808349609375e-01 6.438987702131271362e-02
4.057528972625732422e-01 3.684146702289581299e-01 2.753088809549808502e-02
4.546090066432952881e-01 4.558335840702056885e-01 -1.121253333985805511e-02
4.933334887027740479e-01 5.298951864242553711e-01 -3.213776648044586182e-02
4.940510690212249756e-01 5.445106029510498047e-01 -2.703432366251945496e-02
4.801233112812042236e-01 5.337602496147155762e-01 -2.660616673529148102e-02
4.712196290493011475e-01 5.386918783187866211e-01 -1.913373358547687531e-02
4.840454459190368652e-01 5.440272688865661621e-01 -2.341811917722225189e-02
4.760510921478271484e-01 5.449289083480834961e-01 -1.650076545774936676e-02
4.501851201057434082e-01 5.632880926132202148e-01 -2.875696634873747826e-03
5.031035542488098145e-01 4.720091223716735840e-01 -5.851771309971809387e-02
5.027980208396911621e-01 4.557076692581176758e-01 -6.174459680914878845e-02
4.173182845115661621e-01 3.223746418952941895e-01 7.096974644809961319e-03
4.801783561706542969e-01 4.162493646144866943e-01 -1.045178063213825226e-02
4.773636460304260254e-01 4.672617614269256592e-01 -3.297809138894081116e-02
4.766899943351745605e-01 4.586517214775085449e-01 -2.966737933456897736e-02
4.201532006263732910e-01 4.505446553230285645e-01 3.965745272580534220e-04
5.045120716094970703e-01 4.355483651161193848e-01 -5.500896647572517395e-02
4.464119374752044678e-01 3.038252294063568115e-01 -9.376772679388523102e-03
4.298760592937469482e-01 3.096562325954437256e-01 -1.959565328434109688e-03
4.077571630477905273e-01 2.782506942749023438e-01 4.141847789287567139e-02
4.960330724716186523e-01 3.242655396461486816e-01 -1.599828712642192841e-02
4.774954617023468018e-01 3.432800173759460449e-01 1.832049107179045677e-03
4.436906278133392334e-01 5.460366606712341309e-01 -9.523754706606268883e-04
3.836047053337097168e-01 5.321971178054809570e-01 9.023521095514297485e-02
4.850206673145294189e-01 4.773474931716918945e-01 -2.839107252657413483e-02
4.930674135684967041e-01 4.831110239028930664e-01 -2.884230390191078186e-02
4.604214429855346680e-01 5.478487014770507812e-01 -1.898129004985094070e-03
4.632280766963958740e-01 5.478791594505310059e-01 -4.678769037127494812e-03
4.238925278186798096e-01 2.983843684196472168e-01 3.313045715913176537e-03
4.761690795421600342e-01 4.752595424652099609e-01 -2.704075165092945099e-02
4.678217768669128418e-01 3.069083392620086670e-01 -1.416433602571487427e-02
4.669686555862426758e-01 2.936523854732513428e-01 -1.605544239282608032e-02
4.587774574756622314e-01 2.457493841648101807e-01 3.303666831925511360e-03
4.163865447044372559e-01 2.930932939052581787e-01 2.007757686078548431e-02
4.640964269638061523e-01 2.739422619342803955e-01 -6.447442807257175446e-03
4.101149141788482666e-01 3.147064447402954102e-01 1.648673415184020996e-02
4.017322957515716553e-01 3.155739903450012207e-01 3.819569945335388184e-02
4.934872388839721680e-01 5.379275679588317871e-01 -3.090161085128784180e-02
4.820981919765472412e-01 5.393355488777160645e-01 -2.554809860885143280e-02
4.735920131206512451e-01 5.419577360153198242e-01 -1.874042302370071411e-02
4.872444570064544678e-01 4.809302985668182373e-01 -2.580962143838405609e-02
4.618861675262451172e-01 5.479273200035095215e-01 -3.356543369591236115e-03
4.663936197757720947e-01 5.521798133850097656e-01 -9.326018393039703369e-03
4.647116959095001221e-01 5.478631258010864258e-01 -4.891076590865850449e-03
4.909264743328094482e-01 4.710318744182586670e-01 -4.336549341678619385e-02
4.777465760707855225e-01 5.469424128532409668e-01 -1.454737875610589981e-02
4.854850769042968750e-01 5.470154285430908203e-01 -1.893019676208496094e-02
4.946241974830627441e-01 5.484594702720642090e-01 -2.217122726142406464e-02
4.841678738594055176e-01 5.981915593147277832e-01 -1.288022100925445557e-02
4.886648654937744141e-01 5.815387964248657227e-01 -2.291690930724143982e-02
4.902155101299285889e-01 5.712634921073913574e-01 -2.422755770385265350e-02
4.921443462371826172e-01 5.604915022850036621e-01 -2.167609333992004395e-02
4.941261410713195801e-01 5.523899197578430176e-01 -2.016323432326316833e-02
4.775038957595825195e-01 5.488020777702331543e-01 -1.296794507652521133e-02
4.745800793170928955e-01 5.526156425476074219e-01 -1.461101043969392776e-02
4.713526070117950439e-01 5.575273036956787109e-01 -1.641614176332950592e-02
4.685266017913818359e-01 5.629189014434814453e-01 -1.472635474056005478e-02
4.597917795181274414e-01 5.181921720504760742e-01 -1.584167964756488800e-02
3.736937642097473145e-01 4.472256302833557129e-01 1.069844216108322144e-01
5.104228258132934570e-01 4.865539968013763428e-01 -3.920247778296470642e-02
4.717007279396057129e-01 5.481928586959838867e-01 -8.146781474351882935e-03
4.691491425037384033e-01 5.500674247741699219e-01 -9.280049242079257965e-03
4.956574141979217529e-01 4.900979399681091309e-01 -2.952956780791282654e-02
4.788533747196197510e-01 4.858493506908416748e-01 -1.890632696449756622e-02
4.944487214088439941e-01 4.866470992565155029e-01 -2.938109077513217926e-02
4.674423635005950928e-01 4.248786866664886475e-01 -7.785420864820480347e-03
4.479740858078002930e-01 4.339025020599365234e-01 -5.859448108822107315e-03
4.741315245628356934e-01 4.663103818893432617e-01 -2.366087399423122406e-02
4.288644790649414062e-01 2.572687864303588867e-01 2.051560953259468079e-02
4.362058341503143311e-01 2.783438563346862793e-01 5.632590502500534058e-03
4.430443644523620605e-01 2.910468578338623047e-01 -7.265508174896240234e-03
4.584991931915283203e-01 5.763360261917114258e-01 -7.568150758743286133e-03
4.944216907024383545e-01 3.015972077846527100e-01 -1.970406807959079742e-02
4.921064376831054688e-01 2.767865061759948730e-01 -1.260566245764493942e-02
4.897305667400360107e-01 2.428595572710037231e-01 -5.543491803109645844e-03
4.346781969070434570e-01 3.809400796890258789e-01 7.789315190166234970e-03
4.049762189388275146e-01 3.941721320152282715e-01 2.194548025727272034e-02
4.836671352386474609e-01 3.771292269229888916e-01 5.119715351611375809e-03
4.204570651054382324e-01 3.474020361900329590e-01 1.250756811350584030e-02
4.890242218971252441e-01 4.058603048324584961e-01 -1.366874203085899353e-02
4.845025539398193359e-01 4.604846835136413574e-01 -4.328041151165962219e-02
3.913009166717529297e-01 4.066101312637329102e-01 3.299041464924812317e-02
4.130809605121612549e-01 4.075562953948974609e-01 1.191821787506341934e-02
4.283843934535980225e-01 4.155680537223815918e-01 2.452651038765907288e-03
4.506634473800659180e-01 4.142697155475616455e-01 -9.378290851600468159e-04
4.670864641666412354e-01 4.080507755279541016e-01 -2.216574735939502716e-03
4.798339605331420898e-01 4.007680416107177734e-01 -4.055970814079046249e-03
5.060871243476867676e-01 3.849247694015502930e-01 -2.305113524198532104e-02
3.919201195240020752e-01 4.418643712997436523e-01 2.911480329930782318e-02
4.106726646423339844e-01 3.436086773872375488e-01 1.751289889216423035e-02
5.057563185691833496e-01 4.811228811740875244e-01 -5.321906879544258118e-02
4.805404543876647949e-01 4.328802525997161865e-01 -1.551087107509374619e-02
3.751401305198669434e-01 3.737037181854248047e-01 9.992701560258865356e-02
4.899097383022308350e-01 3.924584686756134033e-01 -4.792687017470598221e-03
4.725496470928192139e-01 4.675394892692565918e-01 -1.282887067645788193e-02
4.265895485877990723e-01 3.617024123668670654e-01 1.584703288972377777e-02
4.843158125877380371e-01 4.501905441284179688e-01 -3.905380889773368835e-02
3.767727017402648926e-01 4.882135689258575439e-01 1.015349030494689941e-01
4.844535887241363525e-01 3.710812032222747803e-01 7.929462008178234100e-03
4.942127466201782227e-01 4.407410919666290283e-01 -4.911541938781738281e-02
4.078764617443084717e-01 5.754680037498474121e-01 3.425117209553718567e-02
4.051318764686584473e-01 5.946579575538635254e-01 5.314709618687629700e-02
3.780937194824218750e-01 4.450487494468688965e-01 6.816957145929336548e-02
3.957515060901641846e-01 5.511623620986938477e-01 4.683596268296241760e-02
3.910336494445800781e-01 3.429196178913116455e-01 5.449498817324638367e-02
4.500469565391540527e-01 6.348016262054443359e-01 3.784801345318555832e-03
5.061984658241271973e-01 4.854603409767150879e-01 -3.866161778569221497e-02
4.694003760814666748e-01 4.444921314716339111e-01 -1.223246753215789795e-02
3.943219184875488281e-01 3.704759478569030762e-01 3.802962973713874817e-02
4.457297325134277344e-01 3.766043782234191895e-01 4.737765528261661530e-03
4.552698433399200439e-01 3.789715766906738281e-01 2.605524146929383278e-03
4.637538790702819824e-01 5.545480847358703613e-01 -7.719723507761955261e-03
3.927724957466125488e-01 4.756826162338256836e-01 3.215031698346138000e-02
4.688787460327148438e-01 6.607381105422973633e-01 8.371612057089805603e-03
4.346033334732055664e-01 6.345660686492919922e-01 2.731650695204734802e-02
4.205768704414367676e-01 6.181691288948059082e-01 3.849709033966064453e-02
5.232562422752380371e-01 2.814463675022125244e-01 -1.313164737075567245e-02
4.938473701477050781e-01 6.664164662361145020e-01 6.832295097410678864e-03
4.650884270668029785e-01 3.778960704803466797e-01 2.843299647793173790e-03
4.747386574745178223e-01 3.747346103191375732e-01 4.946443252265453339e-03
4.811448752880096436e-01 3.728072047233581543e-01 7.593657821416854858e-03
4.014652371406555176e-01 3.394799232482910156e-01 2.845032699406147003e-02
4.745206236839294434e-01 3.578878045082092285e-01 3.360827919095754623e-03
4.644676446914672852e-01 3.523142337799072266e-01 9.964706841856241226e-04
4.545129835605621338e-01 3.510312139987945557e-01 8.998773992061614990e-04
4.446610212326049805e-01 3.530310392379760742e-01 2.935485681518912315e-03
4.384206235408782959e-01 3.566227555274963379e-01 5.986209958791732788e-03
3.817811906337738037e-01 3.360809385776519775e-01 8.320390433073043823e-02
4.396217465400695801e-01 3.726425170898437500e-01 7.862308062613010406e-03
5.080170631408691406e-01 5.061445236206054688e-01 -2.940515987575054169e-02
4.715649187564849854e-01 5.097683072090148926e-01 -2.087762951850891113e-02
4.853785336017608643e-01 4.741010665893554688e-01 -3.233012184500694275e-02
4.928997755050659180e-01 5.058017969131469727e-01 -2.934660203754901886e-02
5.181849002838134766e-01 3.607015907764434814e-01 -1.789831370115280151e-02
4.209975004196166992e-01 5.986589193344116211e-01 2.486799098551273346e-02
4.346927106380462646e-01 6.168191432952880859e-01 1.502030249685049057e-02
4.701497852802276611e-01 6.487232446670532227e-01 -5.605126265436410904e-03
3.935591876506805420e-01 5.681539177894592285e-01 7.233180105686187744e-02
4.815390110015869141e-01 3.658318519592285156e-01 6.072135176509618759e-03
4.971348643302917480e-01 4.105685949325561523e-01 -2.807180210947990417e-02
4.950077533721923828e-01 6.542134284973144531e-01 -6.954592652618885040e-03
4.501331448554992676e-01 6.493487358093261719e-01 1.561911217868328094e-02
3.803700208663940430e-01 4.825710058212280273e-01 6.590549647808074951e-02
4.850532114505767822e-01 5.501040220260620117e-01 -1.706637442111968994e-02
4.820775091648101807e-01 5.562999248504638672e-01 -1.880496740341186523e-02
4.792514443397521973e-01 5.643107295036315918e-01 -2.089898847043514252e-02
4.769955575466156006e-01 5.733687877655029297e-01 -1.959094591438770294e-02
4.694871604442596436e-01 5.886409282684326172e-01 -1.188119407743215561e-02
4.695228636264801025e-01 5.463481545448303223e-01 -1.021235063672065735e-02
4.669915139675140381e-01 5.449255704879760742e-01 -1.041900645941495895e-02
4.647987484931945801e-01 5.432085394859313965e-01 -1.054468005895614624e-02
4.501360058784484863e-01 5.306343436241149902e-01 -8.749254979193210602e-03
4.091181159019470215e-01 4.858336746692657471e-01 1.103846542537212372e-02
4.977607727050781250e-01 3.941340446472167969e-01 -1.753669790923595428e-02
4.935851693153381348e-01 3.576531112194061279e-01 1.367970486171543598e-03
4.864099323749542236e-01 3.592689633369445801e-01 4.708521999418735504e-03
4.716767668724060059e-01 5.474791526794433594e-01 -9.155785664916038513e-03
4.043703377246856689e-01 5.268385410308837891e-01 2.693036384880542755e-02
5.043354034423828125e-01 3.578716516494750977e-01 -1.178609859198331833e-02
4.618917107582092285e-01 6.024187803268432617e-01 -6.151820532977581024e-03
5.157333612442016602e-01 4.168256521224975586e-01 -4.699912294745445251e-02
5.057877302169799805e-01 4.024893045425415039e-01 -3.451311588287353516e-02
5.164127945899963379e-01 4.001263976097106934e-01 -3.633636236190795898e-02
4.877812266349792480e-01 4.363190531730651855e-01 -2.901020832359790802e-02
4.964836239814758301e-01 6.369071006774902344e-01 -1.238152757287025452e-02
4.979701936244964600e-01 6.173002719879150391e-01 -1.196583919227123260e-02
4.792910814285278320e-01 6.137324571609497070e-01 -1.083670929074287415e-02
4.383682608604431152e-01 5.682971477508544922e-01 3.167372662574052811e-03
4.615354239940643311e-01 4.797803461551666260e-01 -1.087684649974107742e-02
4.483634531497955322e-01 5.874496698379516602e-01 -1.214323332533240318e-03
4.355750083923339844e-01 4.735619425773620605e-01 -8.175411261618137360e-03
4.497340023517608643e-01 4.950003623962402344e-01 -1.002888567745685577e-02
4.242413043975830078e-01 4.998680651187896729e-01 -3.437406849116086960e-04
4.737903177738189697e-01 6.320370435714721680e-01 -1.065712608397006989e-02
4.802837371826171875e-01 4.459384977817535400e-01 -2.179661206901073456e-02
4.270730912685394287e-01 5.799931287765502930e-01 1.285650674253702164e-02
4.402669966220855713e-01 5.999475717544555664e-01 6.787553895264863968e-03
4.319289624691009521e-01 5.461222529411315918e-01 3.570107277482748032e-03
3.943605422973632812e-01 5.048389434814453125e-01 3.591037169098854065e-02
4.170837402343750000e-01 5.472036004066467285e-01 1.349192485213279724e-02
3.853080272674560547e-01 5.179401040077209473e-01 6.078489124774932861e-02
4.394239485263824463e-01 5.160188674926757812e-01 -5.439724307507276535e-03
4.890661537647247314e-01 4.214396178722381592e-01 -2.132449299097061157e-02
4.877687692642211914e-01 4.679568111896514893e-01 -4.558012634515762329e-02
4.806687831878662109e-01 4.727455377578735352e-01 -3.398200497031211853e-02
4.930731356143951416e-01 4.570050537586212158e-01 -5.291775614023208618e-02
4.854337573051452637e-01 3.384830355644226074e-01 -2.390022622421383858e-03
4.673013687133789062e-01 3.245093822479248047e-01 -5.101606715470552444e-03
4.510552883148193359e-01 3.213710188865661621e-01 -5.399856716394424438e-03
4.370581209659576416e-01 3.248145580291748047e-01 -1.925637945532798767e-03
4.267154633998870850e-01 3.329702615737915039e-01 4.088156856596469879e-03
4.174115657806396484e-01 3.649600446224212646e-01 1.996492780745029449e-02
3.778009712696075439e-01 4.092684090137481689e-01 6.652121990919113159e-02
4.250941276550292969e-01 3.915917575359344482e-01 1.113876793533563614e-02
4.365662932395935059e-01 3.980789482593536377e-01 5.190604832023382187e-03
4.519234597682952881e-01 3.993680179119110107e-01 1.592888263985514641e-03
4.667417109012603760e-01 3.961245417594909668e-01 3.620114293880760670e-04
4.786265194416046143e-01 3.906483650207519531e-01 1.180932740680873394e-03
4.870493710041046143e-01 3.855507373809814453e-01 1.086911535821855068e-03
3.734132647514343262e-01 4.098996222019195557e-01 1.070891767740249634e-01
4.803221821784973145e-01 4.778048694133758545e-01 -2.857443504035472870e-02
4.965656995773315430e-01 4.253390133380889893e-01 -3.712706640362739563e-02
4.953776895999908447e-01 4.690528810024261475e-01 -5.365867540240287781e-02
5.003530979156494141e-01 4.781388342380523682e-01 -4.897034913301467896e-02
4.951654672622680664e-01 4.720374345779418945e-01 -4.837296158075332642e-02
4.827488660812377930e-01 4.834164083003997803e-01 -2.469451352953910828e-02
5.023899674415588379e-01 4.797742962837219238e-01 -5.178726464509963989e-02
5.028156042098999023e-01 4.841013550758361816e-01 -3.885245695710182190e-02
4.883863925933837891e-01 3.715470135211944580e-01 6.735443137586116791e-03
4.940281510353088379e-01 3.764130473136901855e-01 6.116300937719643116e-04
4.978937804698944092e-01 3.797118067741394043e-01 -6.769693456590175629e-03
4.348151683807373047e-01 3.595008552074432373e-01 9.454176761209964752e-03
4.272314906120300293e-01 3.493335545063018799e-01 9.638109244406223297e-03
5.248074531555175781e-01 4.204596281051635742e-01 -4.257365316152572632e-02
5.962599515914916992e-01 3.864397406578063965e-01 2.093411795794963837e-02
5.204147100448608398e-01 4.838465154170989990e-01 -3.801953792572021484e-02
6.326366066932678223e-01 3.338469862937927246e-01 7.777874916791915894e-02
5.635114312171936035e-01 3.975498974323272705e-01 7.706024218350648880e-03
5.743057727813720703e-01 4.006865024566650391e-01 9.188640862703323364e-03
5.847111344337463379e-01 4.014598727226257324e-01 1.283825561404228210e-02
5.995190739631652832e-01 3.924943506717681885e-01 2.270607836544513702e-02
5.545083880424499512e-01 3.921601176261901855e-01 8.484262041747570038e-03
5.832024216651916504e-01 3.464490771293640137e-01 5.369919817894697189e-03
5.699031352996826172e-01 3.480198979377746582e-01 4.717610310763120651e-03
5.951313376426696777e-01 3.504546582698822021e-01 9.452965110540390015e-03
6.023085117340087891e-01 3.588939309120178223e-01 1.409302465617656708e-02
6.060149669647216797e-01 4.047693312168121338e-01 2.840878628194332123e-02
5.394813418388366699e-01 6.259157657623291016e-01 2.500620670616626740e-03
6.005558967590332031e-01 3.807900547981262207e-01 2.476693876087665558e-02
6.359366774559020996e-01 4.038072526454925537e-01 7.954954355955123901e-02
6.178516745567321777e-01 3.930898010730743408e-01 4.042857140302658081e-02
5.645359754562377930e-01 4.687635898590087891e-01 -4.209725186228752136e-03
5.188878774642944336e-01 5.331737995147705078e-01 -3.038104809820652008e-02
5.160593390464782715e-01 5.475069880485534668e-01 -2.538404613733291626e-02
5.302796363830566406e-01 5.398905873298645020e-01 -2.301055751740932465e-02
5.371634364128112793e-01 5.468426346778869629e-01 -1.424702256917953491e-02
5.249147415161132812e-01 5.493573546409606934e-01 -2.026708051562309265e-02
5.315673351287841797e-01 5.520466566085815430e-01 -1.227173116058111191e-02
5.504329800605773926e-01 5.746722221374511719e-01 3.261052072048187256e-03
5.213571190834045410e-01 4.741487205028533936e-01 -5.759451910853385925e-02
5.243045091629028320e-01 4.581930041313171387e-01 -6.068097427487373352e-02
6.157302856445312500e-01 3.451042175292968750e-01 1.919796131551265717e-02
5.455576777458190918e-01 4.238600432872772217e-01 -5.828561261296272278e-03
5.442744493484497070e-01 4.750695824623107910e-01 -2.887036651372909546e-02
5.456478595733642578e-01 4.665717184543609619e-01 -2.542303875088691711e-02
5.966703891754150391e-01 4.710941612720489502e-01 1.170386932790279388e-02
5.247946381568908691e-01 4.378437995910644531e-01 -5.360515043139457703e-02
5.930317044258117676e-01 3.237329125404357910e-01 -6.578352185897529125e-04
6.071085333824157715e-01 3.308432102203369141e-01 8.753054775297641754e-03
6.246918439865112305e-01 3.036960065364837646e-01 5.590246245265007019e-02
5.440289974212646484e-01 3.362186551094055176e-01 -1.291613653302192688e-02
5.581662654876708984e-01 3.557484149932861328e-01 7.223512046039104462e-03
5.593974590301513672e-01 5.596309304237365723e-01 6.562856491655111313e-03
6.128644943237304688e-01 5.572804808616638184e-01 1.056156456470489502e-01
5.349097251892089844e-01 4.833202362060546875e-01 -2.549003064632415771e-02
5.264170765876770020e-01 4.871663153171539307e-01 -2.735447138547897339e-02
5.447621345520019531e-01 5.586245656013488770e-01 4.582264926284551620e-03
5.420223474502563477e-01 5.579416155815124512e-01 1.079151174053549767e-03
6.125013232231140137e-01 3.215475678443908691e-01 1.450476795434951782e-02
5.434668064117431641e-01 4.831418395042419434e-01 -2.301603928208351135e-02
5.730542540550231934e-01 3.243191242218017578e-01 -8.190847001969814301e-03
5.754814147949218750e-01 3.119788467884063721e-01 -1.001448649913072586e-02
5.864215493202209473e-01 2.613025605678558350e-01 1.175377331674098969e-02
6.181880235671997070e-01 3.154112100601196289e-01 3.214208036661148071e-02
5.797482728958129883e-01 2.871441245079040527e-01 2.647803339641541243e-04
6.214588880538940430e-01 3.396649360656738281e-01 2.920238487422466278e-02
6.266112923622131348e-01 3.404470682144165039e-01 5.177258700132369995e-02
5.177571177482604980e-01 5.411389470100402832e-01 -2.911675721406936646e-02
5.276319384574890137e-01 5.451222658157348633e-01 -2.216831035912036896e-02
5.345330238342285156e-01 5.495747923851013184e-01 -1.424756646156311035e-02
5.319666862487792969e-01 4.862659871578216553e-01 -2.335875295102596283e-02
5.433558821678161621e-01 5.583466291427612305e-01 2.667197491973638535e-03
5.392966270446777344e-01 5.618678331375122070e-01 -4.231830127537250519e-03
5.405086278915405273e-01 5.575237274169921875e-01 7.049788255244493484e-04
5.314410924911499023e-01 4.759965240955352783e-01 -4.057902470231056213e-02
5.293279290199279785e-01 5.535289049148559570e-01 -1.055523008108139038e-02
5.228106975555419922e-01 5.519498586654663086e-01 -1.594476774334907532e-02
5.146346092224121094e-01 5.512451529502868652e-01 -2.046489343047142029e-02
5.142758488655090332e-01 6.014164686203002930e-01 -1.124074589461088181e-02
5.168215632438659668e-01 5.855662226676940918e-01 -2.115668542683124542e-02
5.165244936943054199e-01 5.749317407608032227e-01 -2.237784676253795624e-02
5.156872272491455078e-01 5.637701749801635742e-01 -1.986234821379184723e-02
5.143594741821289062e-01 5.552477836608886719e-01 -1.842237450182437897e-02
5.291604995727539062e-01 5.557302832603454590e-01 -8.937786333262920380e-03
5.318623185157775879e-01 5.604252219200134277e-01 -1.060193311423063278e-02
5.346340537071228027e-01 5.662844777107238770e-01 -1.222364511340856552e-02
5.369042158126831055e-01 5.724458098411560059e-01 -1.029984466731548309e-02
5.503480434417724609e-01 5.288538336753845215e-01 -1.024930644780397415e-02
6.300188899040222168e-01 4.765626788139343262e-01 1.241025477647781372e-01
5.341283082962036133e-01 5.563108921051025391e-01 -3.204689128324389458e-03
5.367038249969482422e-01 5.590209960937500000e-01 -4.368999507278203964e-03
5.229942202568054199e-01 4.933511614799499512e-01 -2.802743576467037201e-02
5.386295318603515625e-01 4.929011464118957520e-01 -1.567215099930763245e-02
5.246352553367614746e-01 4.903583228588104248e-01 -2.793143689632415771e-02
5.560333132743835449e-01 4.352506101131439209e-01 -1.577574410475790501e-03
5.731772184371948242e-01 4.486397206783294678e-01 2.399568445980548859e-03
5.464393496513366699e-01 4.747192263603210449e-01 -1.924611628055572510e-02
6.106742620468139648e-01 2.789199352264404297e-01 3.240986913442611694e-02
6.037644743919372559e-01 2.969958484172821045e-01 1.539332978427410126e-02
5.971069931983947754e-01 3.120997548103332520e-01 1.737926853820681572e-03
5.412129759788513184e-01 5.852701663970947266e-01 -2.481289207935333252e-03
5.489243268966674805e-01 3.154318332672119141e-01 -1.657427661120891571e-02
5.535065531730651855e-01 2.840472757816314697e-01 -9.095622226595878601e-03
5.588610768318176270e-01 2.515128850936889648e-01 -1.212320057675242424e-03
5.939432382583618164e-01 3.991709947586059570e-01 1.803051494061946869e-02
6.158230304718017578e-01 4.182513654232025146e-01 3.476066142320632935e-02
5.485174655914306641e-01 3.871735334396362305e-01 9.863050654530525208e-03
6.107208728790283203e-01 3.685233592987060547e-01 2.422214671969413757e-02
5.390891432762145996e-01 4.116666018962860107e-01 -9.988990612328052521e-03
5.392686128616333008e-01 4.669775962829589844e-01 -3.993969783186912537e-02
6.264640688896179199e-01 4.334729313850402832e-01 4.730100929737091064e-02
6.081709265708923340e-01 4.295882880687713623e-01 2.414195798337459564e-02
5.941688418388366699e-01 4.342769384384155273e-01 1.308167912065982819e-02
5.737295150756835938e-01 4.283575117588043213e-01 7.380244322121143341e-03
5.591155886650085449e-01 4.191093444824218750e-01 4.185841884464025497e-03
5.482456684112548828e-01 4.100030958652496338e-01 7.314592949114739895e-04
5.271401405334472656e-01 3.873987197875976562e-01 -2.153403498232364655e-02
6.222197413444519043e-01 4.681660830974578857e-01 4.343134164810180664e-02
6.178520321846008301e-01 3.675786554813385010e-01 3.015895187854766846e-02
5.166327953338623047e-01 4.824264049530029297e-01 -5.248120799660682678e-02
5.436191558837890625e-01 4.401957094669342041e-01 -1.107122749090194702e-02
6.370091438293457031e-01 4.039031267166137695e-01 1.178189143538475037e-01
5.402355790138244629e-01 4.002190232276916504e-01 -1.092958962544798851e-03
5.468616485595703125e-01 4.762102365493774414e-01 -8.283564820885658264e-03
6.046077609062194824e-01 3.814947307109832764e-01 2.708220668137073517e-02
5.402812361717224121e-01 4.566988646984100342e-01 -3.559588640928268433e-02
6.234608888626098633e-01 5.158516764640808105e-01 1.178398430347442627e-01
5.487574934959411621e-01 3.812793493270874023e-01 1.286196988075971603e-02
5.331178903579711914e-01 4.452165663242340088e-01 -4.662066325545310974e-02
5.885359048843383789e-01 5.936869978904724121e-01 4.459277540445327759e-02
5.870872139930725098e-01 6.124933958053588867e-01 6.487414985895156860e-02
6.315506100654602051e-01 4.734155833721160889e-01 8.331113308668136597e-02
6.027396917343139648e-01 5.729204416275024414e-01 5.896292999386787415e-02
6.315380930900573730e-01 3.700172007083892822e-01 6.899286806583404541e-02
5.411197543144226074e-01 6.428020000457763672e-01 8.653682656586170197e-03
5.146624445915222168e-01 4.865141510963439941e-01 -3.821465745568275452e-02
5.521649122238159180e-01 4.542010724544525146e-01 -6.793527863919734955e-03
6.257222294807434082e-01 3.978092968463897705e-01 5.199576541781425476e-02
5.850355029106140137e-01 3.920190334320068359e-01 1.385684404522180557e-02
5.755553245544433594e-01 3.918434977531433105e-01 1.068770326673984528e-02
5.416968464851379395e-01 5.648927688598632812e-01 -2.340364037081599236e-03
6.169565320014953613e-01 5.009885430335998535e-01 4.603214561939239502e-02
5.189443826675415039e-01 6.649196743965148926e-01 1.141852606087923050e-02
5.548441410064697266e-01 6.448314785957336426e-01 3.481762483716011047e-02
5.701382756233215332e-01 6.317153573036193848e-01 4.802742227911949158e-02
5.663056373596191406e-01 3.892209827899932861e-01 9.727256372570991516e-03
5.576223134994506836e-01 3.854395449161529541e-01 1.085531897842884064e-02
5.517145991325378418e-01 3.832969665527343750e-01 1.287592016160488129e-02
6.243998408317565918e-01 3.658748269081115723e-01 4.197487980127334595e-02
5.599434971809387207e-01 3.703782558441162109e-01 9.398628957569599152e-03
5.700865983963012695e-01 3.656989336013793945e-01 8.082841522991657257e-03
5.801013112068176270e-01 3.651328682899475098e-01 9.092438966035842896e-03
5.896916389465332031e-01 3.683788776397705078e-01 1.217269431799650192e-02
5.953015089035034180e-01 3.733199238777160645e-01 1.592165231704711914e-02
6.366194486618041992e-01 3.654822707176208496e-01 1.005296632647514343e-01
5.916138887405395508e-01 3.897902965545654297e-01 1.764888316392898560e-02
5.415158271789550781e-01 5.179914832115173340e-01 -1.657018437981605530e-02
5.354416966438293457e-01 4.801643192768096924e-01 -2.942961081862449646e-02
5.227086544036865234e-01 5.093789696693420410e-01 -2.754752524197101593e-02
5.731173157691955566e-01 6.132495403289794922e-01 3.323013707995414734e-02
5.578348040580749512e-01 6.279574632644653320e-01 2.152823098003864288e-02
5.202740430831909180e-01 6.532213091850280762e-01 -2.960823709145188332e-03
6.003317832946777344e-01 5.896942615509033203e-01 8.607592433691024780e-02
5.523245930671691895e-01 3.769787549972534180e-01 1.147668063640594482e-02
5.324892997741699219e-01 4.146414399147033691e-01 -2.561105601489543915e-02
5.383828878402709961e-01 6.565517187118530273e-01 2.110273577272891998e-02
6.249889135360717773e-01 5.096752047538757324e-01 8.047206699848175049e-02
5.225884914398193359e-01 5.552912950515747070e-01 -1.399229094386100769e-02
5.250352621078491211e-01 5.623218417167663574e-01 -1.564633101224899292e-02
5.271068811416625977e-01 5.710926651954650879e-01 -1.757464557886123657e-02
5.285162925720214844e-01 5.808118581771850586e-01 -1.619471050798892975e-02
5.293537378311157227e-01 5.948474407196044922e-01 -8.103261701762676239e-03
5.367607474327087402e-01 5.548169612884521484e-01 -5.164991598576307297e-03
5.394541025161743164e-01 5.540385842323303223e-01 -4.881581291556358337e-03
5.418659448623657227e-01 5.527974367141723633e-01 -4.728139843791723251e-03
5.565032958984375000e-01 5.432293415069580078e-01 -1.779049052856862545e-03
6.015315055847167969e-01 5.077357888221740723e-01 2.300512418150901794e-02
5.330305695533752441e-01 3.982885479927062988e-01 -1.497440226376056671e-02
5.413836240768432617e-01 3.669822216033935547e-01 4.534609615802764893e-03
5.479013323783874512e-01 3.697269558906555176e-01 9.338207542896270752e-03
5.342764854431152344e-01 5.553469061851501465e-01 -4.141937941312789917e-03
5.992826819419860840e-01 5.481490492820739746e-01 3.872075304388999939e-02
5.312880277633666992e-01 3.647620677947998047e-01 -9.783211164176464081e-03
5.347816944122314453e-01 6.094976663589477539e-01 -2.092898590490221977e-03
5.261327028274536133e-01 4.047797620296478271e-01 -3.320948407053947449e-02
5.377585887908935547e-01 4.421774148941040039e-01 -2.579993382096290588e-02
5.168245434761047363e-01 6.173556447029113770e-01 -8.964184671640396118e-03
5.614885091781616211e-01 5.815830230712890625e-01 1.029351074248552322e-02
5.548438429832458496e-01 4.906469583511352539e-01 -5.245785694569349289e-03
5.493938922882080078e-01 5.977451205253601074e-01 4.374938085675239563e-03
5.796544551849365234e-01 4.903405606746673584e-01 7.419324829243123531e-04
5.633090734481811523e-01 5.082479119300842285e-01 -3.073883242905139923e-03
5.858675837516784668e-01 5.183018445968627930e-01 9.639255702495574951e-03
5.195727944374084473e-01 6.364378929138183594e-01 -8.221424184739589691e-03
5.428063273429870605e-01 4.531357586383819580e-01 -1.780154556035995483e-02
5.705295801162719727e-01 5.945891141891479492e-01 2.087655104696750641e-02
5.553423762321472168e-01 6.110795736312866211e-01 1.292294915765523911e-02
5.710966587066650391e-01 5.618271827697753906e-01 1.225193310528993607e-02
6.112976670265197754e-01 5.289186239242553711e-01 4.910032451152801514e-02
5.848032832145690918e-01 5.652624964714050293e-01 2.345342934131622314e-02
6.162285804748535156e-01 5.431182384490966797e-01 7.468137145042419434e-02
5.691801309585571289e-01 5.311388373374938965e-01 2.686504274606704712e-03
5.378013849258422852e-01 4.271474480628967285e-01 -1.779151894152164459e-02
5.351512432098388672e-01 4.736332297325134277e-01 -4.255948588252067566e-02
5.402953028678894043e-01 4.798144102096557617e-01 -3.053608909249305725e-02
5.325571894645690918e-01 4.616720676422119141e-01 -5.063085258007049561e-02
5.517254471778869629e-01 3.505591452121734619e-01 1.919161411933600903e-03
5.709320902824401855e-01 3.394972681999206543e-01 1.225629821419715881e-03
5.872655510902404785e-01 3.381300568580627441e-01 2.965152496472001076e-03
5.999907255172729492e-01 3.431763052940368652e-01 8.077292703092098236e-03
6.080457568168640137e-01 3.529863953590393066e-01 1.520712953060865402e-02
6.101025342941284180e-01 3.870119452476501465e-01 3.187385946512222290e-02
6.355139017105102539e-01 4.383555948734283447e-01 8.211886882781982422e-02
6.001785397529602051e-01 4.115898609161376953e-01 2.227154374122619629e-02
5.886635184288024902e-01 4.155143499374389648e-01 1.501532737165689468e-02
5.743814706802368164e-01 4.132402539253234863e-01 9.763637557625770569e-03
5.610429644584655762e-01 4.073047339916229248e-01 6.874879356473684311e-03
5.508183240890502930e-01 4.004622399806976318e-01 6.100126076489686966e-03
5.437040328979492188e-01 3.942335546016693115e-01 5.079939030110836029e-03
6.339684724807739258e-01 4.399375021457672119e-01 1.248965039849281311e-01
5.392665266990661621e-01 4.847415387630462646e-01 -2.517234347760677338e-02
5.319952964782714844e-01 4.294070303440093994e-01 -3.462166711688041687e-02
5.285190939903259277e-01 4.729793369770050049e-01 -5.173934996128082275e-02
5.216834545135498047e-01 4.807523190975189209e-01 -4.784133285284042358e-02
5.276257991790771484e-01 4.760625064373016357e-01 -4.639450088143348694e-02
5.357050895690917969e-01 4.895966053009033203e-01 -2.180554345250129700e-02
5.198556184768676758e-01 4.818761348724365234e-01 -5.088432133197784424e-02
5.179520845413208008e-01 4.859293997287750244e-01 -3.809307515621185303e-02
5.447641611099243164e-01 3.811870813369750977e-01 1.085209194570779800e-02
5.384274125099182129e-01 3.844116926193237305e-01 3.768048482015728951e-03
5.344823598861694336e-01 3.866456449031829834e-01 -4.157631192356348038e-03
5.983235836029052734e-01 3.772408664226531982e-01 1.977490261197090149e-02
6.059644222259521484e-01 3.687422275543212891e-01 2.054683119058609009e-02
4.543258249759674072e-01 3.636836409568786621e-01 5.814131349325180054e-03
4.659143090248107910e-01 3.642003536224365234e-01 5.814131349325180054e-03
4.550019204616546631e-01 3.489316701889038086e-01 5.814131349325180054e-03
4.425331950187683105e-01 3.631326258182525635e-01 5.814131349325180054e-03
4.535551369190216064e-01 3.782600164413452148e-01 5.814131349325180054e-03
5.777829885482788086e-01 3.779602050781250000e-01 1.375842373818159103e-02
5.892659425735473633e-01 3.791879415512084961e-01 1.375842373818159103e-02
5.786426663398742676e-01 3.632699251174926758e-01 1.375842373818159103e-02
5.662604570388793945e-01 3.766709864139556885e-01 1.375842373818159103e-02
5.769478678703308105e-01 3.926197886466979980e-01 1.375842373818159103e-02
