5.014352798461914062e-01 5.422230362892150879e-01 -3.443939611315727234e-02
5.097796916961669922e-01 4.832459986209869385e-01 -6.107912957668304443e-02
5.072575211524963379e-01 5.006058216094970703e-01 -3.311134129762649536e-02
5.032433271408081055e-01 4.266695678234100342e-01 -4.476082324981689453e-02
5.111662149429321289e-01 4.657580852508544922e-01 -6.451986730098724365e-02
5.123652219772338867e-01 4.434024691581726074e-01 -5.927525088191032410e-02
5.147145390510559082e-01 3.901601731777191162e-01 -2.627399563789367676e-02
4.322963356971740723e-01 3.794613778591156006e-01 1.372976414859294891e-02
5.172973871231079102e-01 3.455277085304260254e-01 -1.660398766398429871e-02
5.188123583793640137e-01 3.226792812347412109e-01 -1.782364770770072937e-02
5.228784680366516113e-01 2.482095211744308472e-01 -2.747892402112483978e-03
5.010886788368225098e-01 5.475308299064636230e-01 -3.312408179044723511e-02
5.007197260856628418e-01 5.524262189865112305e-01 -2.955841831862926483e-02
5.005217790603637695e-01 5.556635260581970215e-01 -2.452758885920047760e-02
5.001833438873291016e-01 5.560707449913024902e-01 -2.356802485883235931e-02
4.997860193252563477e-01 5.636713504791259766e-01 -2.556184306740760803e-02
4.992157816886901855e-01 5.730440616607666016e-01 -2.839517034590244293e-02
4.986454546451568604e-01 5.826803445816040039e-01 -2.741215191781520844e-02
4.980289638042449951e-01 6.047660112380981445e-01 -1.762478984892368317e-02
5.087346434593200684e-01 4.922564625740051270e-01 -5.546101182699203491e-02
4.976708292961120605e-01 4.909453690052032471e-01 -4.053412750363349915e-02
3.901820480823516846e-01 3.124243021011352539e-01 6.867688894271850586e-02
4.623469710350036621e-01 3.972906768321990967e-01 2.879470353946089745e-03
4.505633115768432617e-01 3.980374932289123535e-01 3.205979010090231895e-03
4.397294521331787109e-01 3.956712782382965088e-01 5.999646149575710297e-03
4.268167018890380859e-01 3.843682706356048584e-01 1.501801051199436188e-02
4.728915691375732422e-01 3.931798338890075684e-01 5.096391309052705765e-03
4.507740437984466553e-01 3.427867293357849121e-01 -3.533597046043723822e-04
4.636580646038055420e-01 3.460297286510467529e-01 5.444376147352159023e-04
4.383288621902465820e-01 3.452401161193847656e-01 2.757172100245952606e-03
4.297426939010620117e-01 3.522406816482543945e-01 6.863603834062814713e-03
4.154658317565917969e-01 3.934807181358337402e-01 2.007611095905303955e-02
4.531186819076538086e-01 6.253261566162109375e-01 -6.337909493595361710e-03
4.288111925125122070e-01 3.738899827003479004e-01 1.742848008871078491e-02
3.801884055137634277e-01 3.831285238265991211e-01 6.968451291322708130e-02
4.031278491020202637e-01 3.791022598743438721e-01 3.160908073186874390e-02
4.509488940238952637e-01 4.636503458023071289e-01 -1.079081930220127106e-02
4.884036481380462646e-01 5.367954969406127930e-01 -3.366575390100479126e-02
4.891736805438995361e-01 5.497540831565856934e-01 -2.859077230095863342e-02
4.755937457084655762e-01 5.401815772056579590e-01 -2.784409001469612122e-02
4.667522013187408447e-01 5.444406867027282715e-01 -2.007916383445262909e-02
4.791157841682434082e-01 5.489227771759033203e-01 -2.466719225049018860e-02
4.709892570972442627e-01 5.493465065956115723e-01 -1.743485406041145325e-02
4.473878741264343262e-01 5.684484839439392090e-01 -4.253059625625610352e-03
5.002728104591369629e-01 4.817564785480499268e-01 -6.043783947825431824e-02
5.000491738319396973e-01 4.647768437862396240e-01 -6.360640376806259155e-02
4.149431586265563965e-01 3.330870568752288818e-01 1.092218421399593353e-02
4.771197438240051270e-01 4.245227277278900146e-01 -9.533265605568885803e-03
4.736168980598449707e-01 4.755033552646636963e-01 -3.380650654435157776e-02
4.730762839317321777e-01 4.666284918785095215e-01 -3.027411364018917084e-02
4.160462915897369385e-01 4.580484628677368164e-01 2.274870406836271286e-03
5.017663240432739258e-01 4.441612958908081055e-01 -5.634692683815956116e-02
4.440290331840515137e-01 3.149607777595520020e-01 -6.472410634160041809e-03
4.274686574935913086e-01 3.203315734863281250e-01 1.535088522359728813e-03
4.048300981521606445e-01 2.836529612541198730e-01 4.808516055345535278e-02
4.933876693248748779e-01 3.358094692230224609e-01 -1.436537504196166992e-02
4.743995368480682373e-01 3.552511930465698242e-01 4.163827281445264816e-03
4.400299489498138428e-01 5.512650609016418457e-01 -1.630612881854176521e-03
3.825640976428985596e-01 5.425900816917419434e-01 9.400638937950134277e-02
4.813264906406402588e-01 4.859604239463806152e-01 -2.932076528668403625e-02
4.897947907447814941e-01 4.918397367000579834e-01 -2.993599697947502136e-02
4.554941058158874512e-01 5.514928698539733887e-01 -2.333894604817032814e-03
4.581695795059204102e-01 5.513752698898315430e-01 -5.249411799013614655e-03
4.219991862773895264e-01 3.089244365692138672e-01 7.165639195591211319e-03
4.722029566764831543e-01 4.831639826297760010e-01 -2.779576554894447327e-02
4.653654694557189941e-01 3.182987570762634277e-01 -1.190756354480981827e-02
4.648527204990386963e-01 3.047340512275695801e-01 -1.372994016855955124e-02
4.555287659168243408e-01 2.490681111812591553e-01 7.978564128279685974e-03
4.131060540676116943e-01 2.985518574714660645e-01 2.477378584444522858e-02
4.607251286506652832e-01 2.787490487098693848e-01 -3.260975005105137825e-03
4.083585739135742188e-01 3.250287473201751709e-01 2.075957320630550385e-02
3.989800810813903809e-01 3.217817246913909912e-01 4.331621900200843811e-02
4.885216951370239258e-01 5.441977381706237793e-01 -3.241855278611183167e-02
4.773249626159667969e-01 5.450319051742553711e-01 -2.679763548076152802e-02
4.688098728656768799e-01 5.470387339591979980e-01 -1.970334723591804504e-02
4.835905134677886963e-01 4.894015789031982422e-01 -2.669021487236022949e-02
4.568746685981750488e-01 5.514601469039916992e-01 -3.830627538263797760e-03
4.617968797683715820e-01 5.546954274177551270e-01 -1.066713687032461166e-02
4.595889449119567871e-01 5.513311624526977539e-01 -5.496697500348091125e-03
4.875404536724090576e-01 4.805473387241363525e-01 -4.466091841459274292e-02
4.726047515869140625e-01 5.509670376777648926e-01 -1.561284530907869339e-02
4.805766642093658447e-01 5.513476133346557617e-01 -2.028633467853069305e-02
4.899167418479919434e-01 5.530718564987182617e-01 -2.387179620563983917e-02
4.828412532806396484e-01 6.022608280181884766e-01 -1.770346425473690033e-02
4.851213097572326660e-01 5.793004035949707031e-01 -2.727152034640312195e-02
4.863132536411285400e-01 5.697248578071594238e-01 -2.801086194813251495e-02
4.878879785537719727e-01 5.606055259704589844e-01 -2.489019185304641724e-02
4.896674156188964844e-01 5.536119937896728516e-01 -2.288886904716491699e-02
4.725301861763000488e-01 5.510728955268859863e-01 -1.473102997988462448e-02
4.699944555759429932e-01 5.543643832206726074e-01 -1.679306849837303162e-02
4.673218131065368652e-01 5.587219595909118652e-01 -1.894881576299667358e-02
4.649255871772766113e-01 5.639040470123291016e-01 -1.728426851332187653e-02
4.558666646480560303e-01 5.244413018226623535e-01 -1.636260934174060822e-02
3.733296990394592285e-01 4.573527276515960693e-01 1.130555793642997742e-01
5.079940557479858398e-01 4.961757957935333252e-01 -4.075924307107925415e-02
4.665410518646240234e-01 5.511295199394226074e-01 -9.248347021639347076e-03
4.642735421657562256e-01 5.527437925338745117e-01 -1.059761084616184235e-02
4.926877915859222412e-01 4.986661970615386963e-01 -3.086736239492893219e-02
4.749753475189208984e-01 4.935565590858459473e-01 -1.969982497394084930e-02
4.913201034069061279e-01 4.953365325927734375e-01 -3.055955842137336731e-02
4.640525877475738525e-01 4.329715967178344727e-01 -6.705864798277616501e-03
4.442888498306274414e-01 4.416634738445281982e-01 -4.460960160940885544e-03
4.703226387500762939e-01 4.741042852401733398e-01 -2.416895888745784760e-02
4.256321191787719727e-01 2.616519927978515625e-01 2.635463140904903412e-02
4.327444434165954590e-01 2.832936048507690430e-01 9.607164189219474792e-03
4.411499500274658203e-01 3.017684817314147949e-01 -4.114562179893255234e-03
4.562587738037109375e-01 5.812262296676635742e-01 -1.003835164010524750e-02
4.922135770320892334e-01 3.129588067531585693e-01 -1.800896227359771729e-02
4.890603423118591309e-01 2.813102304935455322e-01 -1.007089484483003616e-02
4.868202805519104004e-01 2.454483062028884888e-01 -1.907245954498648643e-03
4.311058521270751953e-01 3.913484513759613037e-01 1.062242500483989716e-02
4.014610946178436279e-01 4.037896692752838135e-01 2.552855946123600006e-02
4.800938963890075684e-01 3.889991939067840576e-01 7.144773844629526138e-03
4.176545143127441406e-01 3.587576746940612793e-01 1.617497950792312622e-02
4.861599802970886230e-01 4.141733050346374512e-01 -1.283482275903224945e-02
4.811686575412750244e-01 4.693839251995086670e-01 -4.442076385021209717e-02
3.889771103858947754e-01 4.146613180637359619e-01 3.695219755172729492e-02
4.085491597652435303e-01 4.161435663700103760e-01 1.492045819759368896e-02
4.230714142322540283e-01 4.235866069793701172e-01 4.790006205439567566e-03
4.454169273376464844e-01 4.232011735439300537e-01 8.991458453238010406e-04
4.623489975929260254e-01 4.180130660533905029e-01 -7.094226893968880177e-04
4.754839241504669189e-01 4.112465083599090576e-01 -2.683516358956694603e-03
5.034317970275878906e-01 3.930593132972717285e-01 -2.262185327708721161e-02
3.890400528907775879e-01 4.498909711837768555e-01 3.244325518608093262e-02
4.083720147609710693e-01 3.545448482036590576e-01 2.152964286506175995e-02
5.030207037925720215e-01 4.909899532794952393e-01 -5.509668216109275818e-02
4.773718118667602539e-01 4.410612881183624268e-01 -1.511767785996198654e-02
3.748133182525634766e-01 3.823744058609008789e-01 1.072819158434867859e-01
4.857794940471649170e-01 4.031786024570465088e-01 -3.451940836384892464e-03
4.686894416809082031e-01 4.751802384853363037e-01 -1.306554675102233887e-02
4.234670102596282959e-01 3.734463155269622803e-01 1.934095472097396851e-02
4.810797870159149170e-01 4.587181508541107178e-01 -3.990164399147033691e-02
3.762183785438537598e-01 4.988129436969757080e-01 1.065751165151596069e-01
4.811985790729522705e-01 3.832229375839233398e-01 1.018499489873647690e-02
4.912882149219512939e-01 4.493674635887145996e-01 -5.025626718997955322e-02
4.058179855346679688e-01 5.838193893432617188e-01 3.415269404649734497e-02
4.042295217514038086e-01 6.039847731590270996e-01 5.388440191745758057e-02
3.769758641719818115e-01 4.540277421474456787e-01 7.257665693759918213e-02
3.933076262474060059e-01 5.599462985992431641e-01 4.813470318913459778e-02
3.891229927539825439e-01 3.501216173171997070e-01 5.986507982015609741e-02
4.491648077964782715e-01 6.423969268798828125e-01 -6.545122014358639717e-04
5.035580992698669434e-01 4.950830042362213135e-01 -4.016424342989921570e-02
4.659005105495452881e-01 4.524155855178833008e-01 -1.183496415615081787e-02
3.921164572238922119e-01 3.811111450195312500e-01 4.249176383018493652e-02
4.422089159488677979e-01 3.870145380496978760e-01 7.260714657604694366e-03
4.516700208187103271e-01 3.894276320934295654e-01 4.895317368209362030e-03
4.594706296920776367e-01 5.571857094764709473e-01 -8.972399868071079254e-03
3.894723653793334961e-01 4.841608703136444092e-01 3.484902530908584595e-02
4.686718583106994629e-01 6.675704717636108398e-01 3.343803575262427330e-03
4.344203770160675049e-01 6.430459022521972656e-01 2.495967224240303040e-02
4.201907515525817871e-01 6.271694898605346680e-01 3.760246932506561279e-02
5.207839608192443848e-01 2.858304977416992188e-01 -1.104620192199945450e-02
4.931679368019104004e-01 6.728491783142089844e-01 1.216373755596578121e-03
4.615646600723266602e-01 3.887165784835815430e-01 5.038696341216564178e-03
4.712874591350555420e-01 3.861568868160247803e-01 7.165718823671340942e-03
4.778148531913757324e-01 3.846930563449859619e-01 9.890409186482429504e-03
3.997673690319061279e-01 3.500530421733856201e-01 3.288108855485916138e-02
4.711008667945861816e-01 3.694678544998168945e-01 5.740630440413951874e-03
4.611168503761291504e-01 3.635256886482238770e-01 3.546147840097546577e-03
4.512609243392944336e-01 3.620137870311737061e-01 3.547786269336938858e-03
4.414857923984527588e-01 3.640893995761871338e-01 5.765499547123908997e-03
4.352620840072631836e-01 3.679344058036804199e-01 8.980079554021358490e-03
3.806622028350830078e-01 3.436415791511535645e-01 9.063506871461868286e-02
4.362082481384277344e-01 3.833401501178741455e-01 1.067194156348705292e-02
5.059612393379211426e-01 5.139447450637817383e-01 -3.092022240161895752e-02
4.680402278900146484e-01 5.165328383445739746e-01 -2.170169353485107422e-02
4.817214608192443848e-01 4.829878211021423340e-01 -3.327977284789085388e-02
4.902511239051818848e-01 5.132216811180114746e-01 -3.078389540314674377e-02
5.157691836357116699e-01 3.686193525791168213e-01 -1.713719032704830170e-02
4.196557700634002686e-01 6.068777441978454590e-01 2.329877950251102448e-02
4.336330294609069824e-01 6.248466372489929199e-01 1.197610702365636826e-02
4.693649411201477051e-01 6.556534767150878906e-01 -1.119505986571311951e-02
3.924678266048431396e-01 5.779227018356323242e-01 7.473346590995788574e-02
4.781649708747863770e-01 3.777743279933929443e-01 8.419353514909744263e-03
4.943567216396331787e-01 4.188484847545623779e-01 -2.800677902996540070e-02
4.940797686576843262e-01 6.607539653778076172e-01 -1.302727777510881424e-02
4.500415325164794922e-01 6.570392847061157227e-01 1.178102474659681320e-02
3.789569139480590820e-01 4.918520450592041016e-01 6.952879577875137329e-02
4.803610742092132568e-01 5.517109036445617676e-01 -1.933915168046951294e-02
4.777473509311676025e-01 5.571039915084838867e-01 -2.157654799520969391e-02
4.755303263664245605e-01 5.640386343002319336e-01 -2.411280386149883270e-02
4.736982583999633789e-01 5.724507570266723633e-01 -2.307751961052417755e-02
4.678127765655517578e-01 5.931495428085327148e-01 -1.548793725669384003e-02
4.643913507461547852e-01 5.502979755401611328e-01 -1.084281131625175476e-02
4.621510207653045654e-01 5.492681860923767090e-01 -1.099296845495700836e-02
4.602501094341278076e-01 5.479788780212402344e-01 -1.108935102820396423e-02
4.459886252880096436e-01 5.362894535064697266e-01 -9.119068272411823273e-03
4.047674834728240967e-01 4.938606321811676025e-01 1.261588558554649353e-02
4.950191080570220947e-01 4.023625850677490234e-01 -1.684196665883064270e-02
4.903690516948699951e-01 3.693144023418426514e-01 3.311822190880775452e-03
4.831578433513641357e-01 3.712572157382965088e-01 6.987245753407478333e-03
4.665243327617645264e-01 5.511749386787414551e-01 -9.874395094811916351e-03
4.005826711654663086e-01 5.350812077522277832e-01 2.803199924528598785e-02
5.009967088699340820e-01 3.688881993293762207e-01 -1.060863211750984192e-02
4.600901007652282715e-01 6.087141633033752441e-01 -1.017383858561515808e-02
5.131649374961853027e-01 4.251759350299835205e-01 -4.794392362236976624e-02
5.031695365905761719e-01 4.107204079627990723e-01 -3.469460830092430115e-02
5.138955712318420410e-01 4.083359837532043457e-01 -3.670137375593185425e-02
4.847188591957092285e-01 4.446578323841094971e-01 -2.926452457904815674e-02
4.954139590263366699e-01 6.433889865875244141e-01 -1.846530847251415253e-02
4.968127310276031494e-01 6.227681636810302734e-01 -1.774989999830722809e-02
4.778074920177459717e-01 6.195335984230041504e-01 -1.621934957802295685e-02
4.360019266605377197e-01 5.746667385101318359e-01 1.650212216190993786e-03
4.577042460441589355e-01 4.872168898582458496e-01 -1.104984059929847717e-02
4.464620053768157959e-01 5.939768552780151367e-01 -3.993601538240909576e-03
4.312691688537597656e-01 4.811576604843139648e-01 -7.726500742137432098e-03
4.456639885902404785e-01 5.021461844444274902e-01 -1.011058874428272247e-02
4.196601808071136475e-01 5.073997974395751953e-01 7.610232387378346175e-06
4.725033044815063477e-01 6.389286518096923828e-01 -1.625953428447246552e-02
4.769477248191833496e-01 4.540602564811706543e-01 -2.191988937556743622e-02
4.250624179840087891e-01 5.873813033103942871e-01 1.135317608714103699e-02
4.386341869831085205e-01 6.074185967445373535e-01 3.789151553064584732e-03
4.286043047904968262e-01 5.524358749389648438e-01 2.949680434539914131e-03
3.909373581409454346e-01 5.135481357574462891e-01 3.803118318319320679e-02
4.138322174549102783e-01 5.545408725738525391e-01 1.336584240198135376e-02
3.833995461463928223e-01 5.272217988967895508e-01 6.349422782659530640e-02
4.350084066390991211e-01 5.224685072898864746e-01 -5.564548540860414505e-03
4.861017167568206787e-01 4.297465682029724121e-01 -2.104654535651206970e-02
4.843580722808837891e-01 4.772757589817047119e-01 -4.687102138996124268e-02
4.769234359264373779e-01 4.812889695167541504e-01 -3.497214242815971375e-02
4.900340437889099121e-01 4.661962091922760010e-01 -5.433337762951850891e-02
4.825060367584228516e-01 3.503068387508392334e-01 -2.388049470027908683e-04
4.645527601242065430e-01 3.361634612083435059e-01 -2.626590430736541748e-03
4.483232200145721436e-01 3.326871395111083984e-01 -2.612556098029017448e-03
4.342035353183746338e-01 3.359000682830810547e-01 1.190728740766644478e-03
4.238240122795104980e-01 3.441943824291229248e-01 7.503205444663763046e-03
4.145893156528472900e-01 3.761140704154968262e-01 2.372741140425205231e-02
3.767995238304138184e-01 4.179312884807586670e-01 7.143709063529968262e-02
4.211558401584625244e-01 4.013195633888244629e-01 1.409224700182676315e-02
4.323005080223083496e-01 4.074019491672515869e-01 7.713809609413146973e-03
4.475873112678527832e-01 4.091663956642150879e-01 3.670682199299335480e-03
4.626007974147796631e-01 4.066985845565795898e-01 2.090121386572718620e-03
4.747028350830078125e-01 4.017453491687774658e-01 2.914914395660161972e-03
4.832631349563598633e-01 3.968338370323181152e-01 2.731085987761616707e-03
3.731966912746429443e-01 4.193370938301086426e-01 1.139639243483543396e-01
4.764688909053802490e-01 4.860337376594543457e-01 -2.945663966238498688e-02
4.937261939048767090e-01 4.337369203567504883e-01 -3.758936002850532532e-02
4.922536611557006836e-01 4.787306785583496094e-01 -5.532364547252655029e-02
4.973446130752563477e-01 4.878889620304107666e-01 -5.064325034618377686e-02
4.918961822986602783e-01 4.817443192005157471e-01 -4.989351332187652588e-02
4.789272844791412354e-01 4.914696514606475830e-01 -2.558858692646026611e-02
4.994753003120422363e-01 4.895690083503723145e-01 -5.359268188476562500e-02
4.999913573265075684e-01 4.936686754226684570e-01 -4.031861573457717896e-02
4.849717020988464355e-01 3.836520314216613770e-01 8.812002837657928467e-03
4.904293715953826904e-01 3.878785669803619385e-01 2.248344942927360535e-03
4.940317273139953613e-01 3.906539678573608398e-01 -5.491687916219234467e-03
4.316990375518798828e-01 3.710260391235351562e-01 1.261832378804683685e-02
4.241402745246887207e-01 3.610169291496276855e-01 1.293423958122730255e-02
5.224307775497436523e-01 4.288435876369476318e-01 -4.352229088544845581e-02
5.940313339233398438e-01 3.937880396842956543e-01 2.226405777037143707e-02
5.185242891311645508e-01 4.933031499385833740e-01 -3.960452601313591003e-02
6.327514648437500000e-01 3.400036096572875977e-01 8.122565597295761108e-02
5.610584020614624023e-01 4.068984091281890869e-01 8.474142290651798248e-03
5.721902847290039062e-01 4.096632599830627441e-01 9.915758855640888214e-03
5.826897025108337402e-01 4.098545014858245850e-01 1.367058325558900833e-02
5.973070859909057617e-01 3.998056650161743164e-01 2.397825941443443298e-02
5.516918897628784180e-01 4.015625715255737305e-01 9.535838849842548370e-03
5.810995697975158691e-01 3.533236384391784668e-01 6.657847668975591660e-03
5.675958991050720215e-01 3.552765846252441406e-01 6.090691313147544861e-03
5.931347608566284180e-01 3.572733998298645020e-01 1.081387326121330261e-02
6.002768874168395996e-01 3.658531308174133301e-01 1.551102474331855774e-02
6.041760444641113281e-01 4.124514758586883545e-01 2.979143522679805756e-02
5.384930372238159180e-01 6.338461041450500488e-01 -2.494081156328320503e-03
5.982043743133544922e-01 3.877061903476715088e-01 2.633782662451267242e-02
6.351482868194580078e-01 4.121904075145721436e-01 8.237635344266891479e-02
6.162124276161193848e-01 4.003094732761383057e-01 4.234174638986587524e-02
5.641602873802185059e-01 4.767647981643676758e-01 -4.927307832986116409e-03
5.147377252578735352e-01 5.404306650161743164e-01 -3.214719146490097046e-02
5.121310949325561523e-01 5.531717538833618164e-01 -2.713786810636520386e-02
5.266423821449279785e-01 5.473185181617736816e-01 -2.473538741469383240e-02
5.341768264770507812e-01 5.541138648986816406e-01 -1.584082469344139099e-02
5.217895507812500000e-01 5.552816390991210938e-01 -2.193495817482471466e-02
5.292531251907348633e-01 5.580963492393493652e-01 -1.378797646611928940e-02
5.504559874534606934e-01 5.800386071205139160e-01 9.992443956434726715e-04
5.190550684928894043e-01 4.839517772197723389e-01 -5.964982509613037109e-02
5.218872427940368652e-01 4.673036932945251465e-01 -6.268268823623657227e-02
6.145346760749816895e-01 3.512701690196990967e-01 2.106212265789508820e-02
5.441859960556030273e-01 4.321856200695037842e-01 -5.682714283466339111e-03
5.434114933013916016e-01 4.833809733390808105e-01 -3.028018213808536530e-02
5.447217226028442383e-01 4.746356308460235596e-01 -2.664905041456222534e-02
5.970090031623840332e-01 4.790214002132415771e-01 1.167661137878894806e-02
5.223700404167175293e-01 4.464656710624694824e-01 -5.514095723628997803e-02
5.921825170516967773e-01 3.286710977554321289e-01 9.687275160104036331e-04
6.061280369758605957e-01 3.363019824028015137e-01 1.057652197778224945e-02
6.249502897262573242e-01 3.087695538997650146e-01 5.926699191331863403e-02
5.423880815505981445e-01 3.419168591499328613e-01 -1.171637233346700668e-02
5.555682182312011719e-01 3.637023568153381348e-01 8.672108873724937439e-03
5.601214170455932617e-01 5.650985240936279297e-01 4.764223936945199966e-03
6.122410893440246582e-01 5.683780312538146973e-01 1.058749482035636902e-01
5.340175032615661621e-01 4.919509887695312500e-01 -2.687861397862434387e-02
5.251017808914184570e-01 4.957974255084991455e-01 -2.868024073541164398e-02
5.434577465057373047e-01 5.649955272674560547e-01 3.214058699086308479e-03
5.407847166061401367e-01 5.640887618064880371e-01 -2.912160416599363089e-04
6.118562817573547363e-01 3.270210027694702148e-01 1.663167215883731842e-02
5.428953170776367188e-01 4.911279976367950439e-01 -2.432043105363845825e-02
5.720670819282531738e-01 3.291720151901245117e-01 -6.830663420259952545e-03
5.746636986732482910e-01 3.168475031852722168e-01 -8.600451983511447906e-03
5.856691002845764160e-01 2.644248604774475098e-01 1.450499147176742554e-02
6.182271838188171387e-01 3.210432827472686768e-01 3.494292125105857849e-02
5.784267187118530273e-01 2.920196056365966797e-01 2.471162239089608192e-03
6.205029487609863281e-01 3.460167646408081055e-01 3.142311424016952515e-02
6.267604231834411621e-01 3.469577431678771973e-01 5.473399907350540161e-02
5.135818719863891602e-01 5.477842092514038086e-01 -3.087257407605648041e-02
5.241557955741882324e-01 5.518381595611572266e-01 -2.386398427188396454e-02
5.318057537078857422e-01 5.562615394592285156e-01 -1.580757088959217072e-02
5.310543179512023926e-01 4.947328567504882812e-01 -2.458223886787891388e-02
5.421080589294433594e-01 5.645763278007507324e-01 1.326383906416594982e-03
5.370823144912719727e-01 5.661622881889343262e-01 -6.246304139494895935e-03
5.393503904342651367e-01 5.635774731636047363e-01 -6.582461646758019924e-04
5.299921631813049316e-01 4.855265021324157715e-01 -4.225471988320350647e-02
5.273143053054809570e-01 5.591889023780822754e-01 -1.211902126669883728e-02
5.199800133705139160e-01 5.572504997253417969e-01 -1.768190599977970123e-02
5.109923481941223145e-01 5.562450885772705078e-01 -2.236690558493137360e-02
5.131358504295349121e-01 6.055350899696350098e-01 -1.626632362604141235e-02
5.122711062431335449e-01 5.832566022872924805e-01 -2.568624541163444519e-02
5.120819211006164551e-01 5.733902454376220703e-01 -2.635754458606243134e-02
5.116070508956909180e-01 5.639702081680297852e-01 -2.326663583517074585e-02
5.106963515281677246e-01 5.566338896751403809e-01 -2.131512016057968140e-02
5.270950198173522949e-01 5.591632723808288574e-01 -1.121632102876901627e-02
5.293506979942321777e-01 5.631886124610900879e-01 -1.325980387628078461e-02
5.315513014793395996e-01 5.683174133300781250e-01 -1.522083673626184464e-02
5.333808660507202148e-01 5.740790367126464844e-01 -1.336524635553359985e-02
5.507171154022216797e-01 5.353992581367492676e-01 -1.153289526700973511e-02
6.290560960769653320e-01 4.868462681770324707e-01 1.261946260929107666e-01
5.326036810874938965e-01 5.610689520835876465e-01 -4.972115159034729004e-03
5.348049402236938477e-01 5.634769797325134277e-01 -6.349520757794380188e-03
5.214620828628540039e-01 5.018782019615173340e-01 -2.958505973219871521e-02
5.380944609642028809e-01 5.006374716758728027e-01 -1.690121553838253021e-02
5.232034921646118164e-01 4.989496171474456787e-01 -2.934816107153892517e-02
5.551617741584777832e-01 4.434607326984405518e-01 -1.573241665028035641e-03
5.728074312210083008e-01 4.566252231597900391e-01 2.352170879021286964e-03
5.458137392997741699e-01 4.825900793075561523e-01 -2.038926258683204651e-02
6.105680465698242188e-01 2.830528616905212402e-01 3.550590947270393372e-02
6.032459735870361328e-01 3.021221756935119629e-01 1.788539439439773560e-02
5.965373516082763672e-01 3.171571493148803711e-01 3.530359361320734024e-03
5.407351255416870117e-01 5.903962254524230957e-01 -5.619358271360397339e-03
5.475210547447204590e-01 3.208283185958862305e-01 -1.531503349542617798e-02
5.516063570976257324e-01 2.885491251945495605e-01 -7.042794022709131241e-03
5.573792457580566406e-01 2.539559602737426758e-01 1.454448443837463856e-03
5.918470025062561035e-01 4.069539308547973633e-01 1.906798407435417175e-02
6.144267916679382324e-01 4.257192909717559814e-01 3.616595268249511719e-02
5.453843474388122559e-01 3.965170085430145264e-01 1.107145659625530243e-02
6.088019013404846191e-01 3.756300508975982666e-01 2.595522068440914154e-02
5.373789668083190918e-01 4.199970364570617676e-01 -9.788429364562034607e-03
5.378333330154418945e-01 4.759391844272613525e-01 -4.156571254134178162e-02
6.257515549659729004e-01 4.418705105781555176e-01 4.884210228919982910e-02
6.065969467163085938e-01 4.371745586395263672e-01 2.506534382700920105e-02
5.923779010772705078e-01 4.421766102313995361e-01 1.359023991972208023e-02
5.717219114303588867e-01 4.368993639945983887e-01 7.758594118058681488e-03
5.568278431892395020e-01 4.280976653099060059e-01 4.594325087964534760e-03
5.456979870796203613e-01 4.191088080406188965e-01 1.279048388823866844e-03
5.249518752098083496e-01 3.955298960208892822e-01 -2.135568670928478241e-02
6.218459606170654297e-01 4.766959249973297119e-01 4.435332491993904114e-02
6.162273287773132324e-01 3.744491636753082275e-01 3.206210583448410034e-02
5.143705010414123535e-01 4.922825992107391357e-01 -5.444979667663574219e-02
5.423608422279357910e-01 4.484331905841827393e-01 -1.138375233858823776e-02
6.363134980201721191e-01 4.123218357563018799e-01 1.211403384804725647e-01
5.374861955642700195e-01 4.092954695224761963e-01 -3.619795897975564003e-04
5.463635921478271484e-01 4.839568734169006348e-01 -9.122370742261409760e-03
6.022880673408508301e-01 3.884646594524383545e-01 2.871849387884140015e-02
5.388380885124206543e-01 4.652485251426696777e-01 -3.697160631418228149e-02
6.224594116210937500e-01 5.268337130546569824e-01 1.190990805625915527e-01
5.454515814781188965e-01 3.905155658721923828e-01 1.428512949496507645e-02
5.311095118522644043e-01 4.538806378841400146e-01 -4.813447967171669006e-02
5.881283283233642578e-01 6.033486127853393555e-01 4.276235774159431458e-02
5.860675573348999023e-01 6.228709220886230469e-01 6.288031488656997681e-02
6.303420066833496094e-01 4.828865528106689453e-01 8.516614884138107300e-02
6.027457118034362793e-01 5.830256938934326172e-01 5.823612585663795471e-02
6.312649250030517578e-01 3.773876726627349854e-01 7.198576629161834717e-02
5.397721529006958008e-01 6.510391235351562500e-01 3.465801477432250977e-03
5.124375820159912109e-01 4.960873126983642578e-01 -3.978515416383743286e-02
5.514140725135803223e-01 4.622319936752319336e-01 -7.265511434525251389e-03
6.242555975914001465e-01 4.049291908740997314e-01 5.412037670612335205e-02
5.830079317092895508e-01 4.003829658031463623e-01 1.483095809817314148e-02
5.734653472900390625e-01 4.009557962417602539e-01 1.158877834677696228e-02
5.392097830772399902e-01 5.692449808120727539e-01 -4.320929758250713348e-03
6.170914173126220703e-01 5.101536512374877930e-01 4.644017294049263000e-02
5.176234245300292969e-01 6.718909740447998047e-01 5.767571274191141129e-03
5.530970692634582520e-01 6.539605259895324707e-01 3.070398233830928802e-02
5.685544013977050781e-01 6.416082978248596191e-01 4.489102959632873535e-02
5.638893842697143555e-01 3.987076580524444580e-01 1.073069870471954346e-02
5.547921657562255859e-01 3.949673473834991455e-01 1.202562451362609863e-02
5.485837459564208984e-01 3.927143216133117676e-01 1.424955762922763824e-02
6.230441331863403320e-01 3.727373778820037842e-01 4.418929293751716614e-02
5.573761463165283203e-01 3.791382312774658203e-01 1.073147542774677277e-02
5.678139328956604004e-01 3.739637732505798340e-01 9.420393966138362885e-03
5.779276490211486816e-01 3.729104697704315186e-01 1.037382334470748901e-02
5.875351428985595703e-01 3.757491707801818848e-01 1.346764713525772095e-02
5.930912494659423828e-01 3.805041611194610596e-01 1.727672666311264038e-02
6.363188624382019043e-01 3.726705908775329590e-01 1.040660515427589417e-01
5.895279049873352051e-01 3.975765407085418701e-01 1.881271228194236755e-02
5.412030220031738281e-01 5.248870253562927246e-01 -1.797246560454368591e-02
5.344311594963073730e-01 4.890978932380676270e-01 -3.077976405620574951e-02
5.212984085083007812e-01 5.168355107307434082e-01 -2.924848534166812897e-02
5.720744729042053223e-01 6.226506233215332031e-01 3.026170469820499420e-02
5.565350651741027832e-01 6.369870901107788086e-01 1.742619276046752930e-02
5.190292596817016602e-01 6.604292988777160645e-01 -8.979315869510173798e-03
5.997162461280822754e-01 6.004571914672851562e-01 8.528212457895278931e-02
5.492662191390991211e-01 3.860737681388854980e-01 1.288566086441278458e-02
5.304729938507080078e-01 4.229557514190673828e-01 -2.595654875040054321e-02
5.367025136947631836e-01 6.645941734313964844e-01 1.601242274045944214e-02
6.240057945251464844e-01 5.196759104728698730e-01 8.167290687561035156e-02
5.197312235832214355e-01 5.574435591697692871e-01 -1.662231050431728363e-02
5.216941237449645996e-01 5.635059475898742676e-01 -1.876173540949821472e-02
5.231651067733764648e-01 5.710200667381286621e-01 -2.114497870206832886e-02
5.242365598678588867e-01 5.798851847648620605e-01 -2.000985108315944672e-02
5.284379124641418457e-01 5.994809865951538086e-01 -1.215998921543359756e-02
5.350976586341857910e-01 5.609585046768188477e-01 -6.520372349768877029e-03
5.374895930290222168e-01 5.605381727218627930e-01 -6.261273287236690521e-03
5.396148562431335449e-01 5.597239136695861816e-01 -6.121027283370494843e-03
5.574225187301635742e-01 5.491680502891540527e-01 -3.157762112095952034e-03
6.024097204208374023e-01 5.164636373519897461e-01 2.254805900156497955e-02
5.310440063476562500e-01 4.065482914447784424e-01 -1.474392041563987732e-02
5.386639833450317383e-01 3.753347992897033691e-01 5.945639219135046005e-03
5.449367165565490723e-01 3.784765303134918213e-01 1.087509747594594955e-02
5.327242016792297363e-01 5.612297058105468750e-01 -5.546709988266229630e-03
6.001244783401489258e-01 5.574328899383544922e-01 3.783985227346420288e-02
5.287895798683166504e-01 3.728002309799194336e-01 -8.892716839909553528e-03
5.338993668556213379e-01 6.161969900131225586e-01 -6.691734306514263153e-03
5.238141417503356934e-01 4.130421876907348633e-01 -3.360818699002265930e-02
5.361964106559753418e-01 4.505781829357147217e-01 -2.656704373657703400e-02
5.158374905586242676e-01 6.233698725700378418e-01 -1.461637951433658600e-02
5.609398484230041504e-01 5.884822010993957520e-01 7.701045833528041840e-03
5.546159744262695312e-01 4.982686340808868408e-01 -6.256615743041038513e-03
5.484850406646728516e-01 6.047704219818115234e-01 7.922959048300981522e-04
5.801531672477722168e-01 4.983327388763427734e-01 -2.899609098676592112e-04
5.636405348777770996e-01 5.157345533370971680e-01 -4.219893831759691238e-03
5.869433879852294922e-01 5.264695882797241211e-01 8.368910290300846100e-03
5.185344815254211426e-01 6.435602307319641113e-01 -1.421763468533754349e-02
5.416926741600036621e-01 4.613122344017028809e-01 -1.854360848665237427e-02
5.697971582412719727e-01 6.028189063072204590e-01 1.807877793908119202e-02
5.543103218078613281e-01 6.193275451660156250e-01 8.966277353465557098e-03
5.713111162185668945e-01 5.686774849891662598e-01 1.026685256510972977e-02
6.117460727691650391e-01 5.385119915008544922e-01 4.902724549174308777e-02
5.850951075553894043e-01 5.735150575637817383e-01 2.168644219636917114e-02
6.157564520835876465e-01 5.533941388130187988e-01 7.512622326612472534e-02
5.701286792755126953e-01 5.380516052246093750e-01 1.257524359971284866e-03
5.361152887344360352e-01 4.354820251464843750e-01 -1.808903925120830536e-02
5.337188839912414551e-01 4.830103814601898193e-01 -4.428977146744728088e-02
5.394129157066345215e-01 4.884219169616699219e-01 -3.200566023588180542e-02
5.305849313735961914e-01 4.709060490131378174e-01 -5.244239792227745056e-02
5.494852066040039062e-01 3.576250374317169189e-01 3.373708110302686691e-03
5.691536068916320801e-01 3.456695079803466797e-01 2.684920793399214745e-03
5.856600403785705566e-01 3.442670702934265137e-01 4.416405223309993744e-03
5.983454585075378418e-01 3.496505618095397949e-01 9.613258764147758484e-03
6.062470078468322754e-01 3.597150444984436035e-01 1.684386283159255981e-02
6.080721616744995117e-01 3.942472338676452637e-01 3.365357220172882080e-02
6.343673467636108398e-01 4.473613798618316650e-01 8.446921408176422119e-02
5.982155203819274902e-01 4.193695485591888428e-01 2.332017570734024048e-02
5.867033600807189941e-01 4.238073527812957764e-01 1.582335680723190308e-02
5.722995400428771973e-01 4.220356643199920654e-01 1.043276209384202957e-02
5.586848855018615723e-01 4.165182709693908691e-01 7.492997683584690094e-03
5.480961799621582031e-01 4.097228944301605225e-01 6.996399722993373871e-03
5.408151149749755859e-01 4.034303128719329834e-01 6.068153306841850281e-03
6.330820918083190918e-01 4.493271112442016602e-01 1.277233809232711792e-01
5.385617017745971680e-01 4.930223822593688965e-01 -2.652712352573871613e-02
5.299583673477172852e-01 4.378602206707000732e-01 -3.548335283994674683e-02
5.266159772872924805e-01 4.827277362346649170e-01 -5.366984754800796509e-02
5.197613835334777832e-01 4.904804825782775879e-01 -4.967987909913063049e-02
5.259296298027038574e-01 4.857790172100067139e-01 -4.819479212164878845e-02
5.350085496902465820e-01 4.976703524589538574e-01 -2.309305220842361450e-02
5.178037285804748535e-01 4.916627407073974609e-01 -5.280830711126327515e-02
5.159236788749694824e-01 4.954189956188201904e-01 -3.966601565480232239e-02
5.415201187133789062e-01 3.903524875640869141e-01 1.225982327014207840e-02
5.354843139648437500e-01 3.934130966663360596e-01 4.921318031847476959e-03
5.316982269287109375e-01 3.955461382865905762e-01 -3.301882650703191757e-03
5.960327386856079102e-01 3.842579722404479980e-01 2.123447693884372711e-02
6.037796735763549805e-01 3.757690191268920898e-01 2.208193019032478333e-02
4.524949491024017334e-01 3.752501606941223145e-01 8.430241607129573822e-03
4.639639854431152344e-01 3.760641813278198242e-01 8.430241607129573822e-03
4.534076452255249023e-01 3.605798780918121338e-01 8.430241607129573822e-03
4.408060312271118164e-01 3.744547367095947266e-01 8.430241607129573822e-03
4.515178799629211426e-01 3.897701799869537354e-01 8.430241607129573822e-03
5.754323005676269531e-01 3.880074024200439453e-01 1.503222156316041946e-02
5.870049595832824707e-01 3.890500068664550781e-01 1.503222156316041946e-02
5.762884616851806641e-01 3.729940652847290039e-01 1.503222156316041946e-02
5.638315677642822266e-01 3.869066238403320312e-01 1.503222156316041946e-02
5.746065974235534668e-01 4.029733240604400635e-01 1.503222156316041946e-02
