5.053626298904418945e-01 5.482171177864074707e-01 -3.311217576265335083e-02
5.138913393020629883e-01 4.932116568088531494e-01 -6.123140454292297363e-02
5.106794238090515137e-01 5.097263455390930176e-01 -3.261911869049072266e-02
5.075347423553466797e-01 4.354524016380310059e-01 -4.631206393241882324e-02
5.154961943626403809e-01 4.758527278900146484e-01 -6.497931480407714844e-02
5.167622566223144531e-01 4.531414508819580078e-01 -6.017486751079559326e-02
5.191077589988708496e-01 3.980433344841003418e-01 -2.839770168066024780e-02
4.337859749794006348e-01 3.798510432243347168e-01 9.607989341020584106e-03
5.220465660095214844e-01 3.528398275375366211e-01 -1.954068057239055634e-02
5.238668918609619141e-01 3.302482664585113525e-01 -2.124713547527790070e-02
5.287051200866699219e-01 2.558153271675109863e-01 -8.231509476900100708e-03
5.049631595611572266e-01 5.528924465179443359e-01 -3.164995461702346802e-02
5.043860673904418945e-01 5.572181344032287598e-01 -2.797613106667995453e-02
5.039827227592468262e-01 5.596058964729309082e-01 -2.285184897482395172e-02
5.028796195983886719e-01 5.786963701248168945e-01 -2.075159177184104919e-02
5.026482343673706055e-01 5.847107768058776855e-01 -2.254989184439182281e-02
5.021003484725952148e-01 5.922215580940246582e-01 -2.499862574040889740e-02
5.014225840568542480e-01 5.999792814254760742e-01 -2.344687655568122864e-02
4.997601509094238281e-01 6.170146465301513672e-01 -1.293427031487226486e-02
5.126074552536010742e-01 5.019381642341613770e-01 -5.543316155672073364e-02
5.011954307556152344e-01 5.001308917999267578e-01 -4.061735421419143677e-02
3.929461836814880371e-01 3.115929365158081055e-01 6.126025319099426270e-02
4.642997384071350098e-01 4.011465013027191162e-01 -9.932003740686923265e-05
4.523027539253234863e-01 4.012303352355957031e-01 -8.556058310205116868e-05
4.413323104381561279e-01 3.981514573097229004e-01 2.357460558414459229e-03
4.284423589706420898e-01 3.846454322338104248e-01 1.084477268159389496e-02
4.750879704952239990e-01 3.975066840648651123e-01 2.218490932136774063e-03
4.541752040386199951e-01 3.435696959495544434e-01 -4.283131100237369537e-03
4.673500061035156250e-01 3.481449484825134277e-01 -3.109442768618464470e-03
4.413180053234100342e-01 3.449125885963439941e-01 -1.474988996051251888e-03
4.323521256446838379e-01 3.513644933700561523e-01 2.477090572938323021e-03
4.173293113708496094e-01 3.943473994731903076e-01 1.588819362223148346e-02
4.538646042346954346e-01 6.329731941223144531e-01 -1.942525617778301239e-03
4.304931163787841797e-01 3.732544481754302979e-01 1.308488566428422928e-02
3.821848034858703613e-01 3.823874592781066895e-01 6.424487382173538208e-02
4.054381847381591797e-01 3.789969086647033691e-01 2.674800902605056763e-02
4.539459049701690674e-01 4.695667326450347900e-01 -1.235338859260082245e-02
4.905191063880920410e-01 5.432181358337402344e-01 -3.276389837265014648e-02
4.908621013164520264e-01 5.546908974647521973e-01 -2.732354588806629181e-02
4.753012359142303467e-01 5.460019111633300781e-01 -2.712297067046165466e-02
4.648725986480712891e-01 5.501331686973571777e-01 -1.921104826033115387e-02
4.790328741073608398e-01 5.541737675666809082e-01 -2.358852140605449677e-02
4.696507155895233154e-01 5.552017688751220703e-01 -1.623402535915374756e-02
4.479956626892089844e-01 5.760561823844909668e-01 -2.016355050727725029e-03
5.043467283248901367e-01 4.914517104625701904e-01 -6.078289076685905457e-02
5.042979121208190918e-01 4.745134413242340088e-01 -6.429503858089447021e-02
4.184216260910034180e-01 3.320760130882263184e-01 5.304424557834863663e-03
4.807685613632202148e-01 4.305320680141448975e-01 -1.164415478706359863e-02
4.771108031272888184e-01 4.834691882133483887e-01 -3.481973335146903992e-02
4.765153825283050537e-01 4.742051661014556885e-01 -3.144234046339988708e-02
4.188765883445739746e-01 4.621545970439910889e-01 -3.911995736416429281e-04
5.060657262802124023e-01 4.534977972507476807e-01 -5.752832442522048950e-02
4.481266140937805176e-01 3.146910965442657471e-01 -1.147647481411695480e-02
4.312982559204101562e-01 3.195728361606597900e-01 -3.982655704021453857e-03
4.089122414588928223e-01 2.843385338783264160e-01 4.041340202093124390e-02
4.980016350746154785e-01 3.395252227783203125e-01 -1.784144341945648193e-02
4.780166745185852051e-01 3.585864305496215820e-01 8.280155598185956478e-04
4.410897791385650635e-01 5.578091740608215332e-01 -3.918196016456931829e-04
3.820550739765167236e-01 5.410881042480468750e-01 9.271110594272613525e-02
4.846657216548919678e-01 4.943498075008392334e-01 -2.987432852387428284e-02
4.930556416511535645e-01 5.004587173461914062e-01 -3.004653379321098328e-02
4.521727263927459717e-01 5.593425035476684570e-01 -9.387104655615985394e-04
4.553819894790649414e-01 5.596532225608825684e-01 -3.686608513817191124e-03
4.260836541652679443e-01 3.079558014869689941e-01 1.159482169896364212e-03
4.754377007484436035e-01 4.909067451953887939e-01 -2.860243804752826691e-02
4.697832167148590088e-01 3.195293545722961426e-01 -1.624169759452342987e-02
4.695300459861755371e-01 3.056737184524536133e-01 -1.846094243228435516e-02
4.616130590438842773e-01 2.536338567733764648e-01 1.131441094912588596e-03
4.176481068134307861e-01 3.006674945354461670e-01 1.806769520044326782e-02
4.666841924190521240e-01 2.839628458023071289e-01 -9.078253991901874542e-03
4.120230972766876221e-01 3.242768049240112305e-01 1.472641155123710632e-02
4.024535119533538818e-01 3.225501179695129395e-01 3.672236204147338867e-02
4.903930425643920898e-01 5.496541857719421387e-01 -3.133370354771614075e-02
4.770948290824890137e-01 5.505441427230834961e-01 -2.586185745894908905e-02
4.671597182750701904e-01 5.528748035430908203e-01 -1.863358169794082642e-02
4.868358373641967773e-01 4.978109598159790039e-01 -2.712119184434413910e-02
4.538118243217468262e-01 5.595188736915588379e-01 -2.329726936295628548e-03
4.590280652046203613e-01 5.664653182029724121e-01 -8.519938215613365173e-03
4.569244384765625000e-01 5.598143935203552246e-01 -3.898115828633308411e-03
4.912455976009368896e-01 4.894970655441284180e-01 -4.541497677564620972e-02
4.716435074806213379e-01 5.565264821052551270e-01 -1.433068979531526566e-02
4.807288050651550293e-01 5.561231970787048340e-01 -1.909629441797733307e-02
4.915993213653564453e-01 5.572590827941894531e-01 -2.253000251948833466e-02
4.838071763515472412e-01 6.137601137161254883e-01 -1.336397416889667511e-02
4.857802391052246094e-01 5.958401560783386230e-01 -2.371008507907390594e-02
4.872089326381683350e-01 5.882247686386108398e-01 -2.496095001697540283e-02
4.888858795166015625e-01 5.809855461120605469e-01 -2.225818485021591187e-02
4.905095994472503662e-01 5.756842494010925293e-01 -2.045188471674919128e-02
4.712481498718261719e-01 5.680514574050903320e-01 -1.265214104205369949e-02
4.686309099197387695e-01 5.700829625129699707e-01 -1.448354683816432953e-02
4.654362797737121582e-01 5.734237432479858398e-01 -1.631337217986583710e-02
4.627596735954284668e-01 5.774586200714111328e-01 -1.449839305132627487e-02
4.579287469387054443e-01 5.316559076309204102e-01 -1.603499241173267365e-02
3.735387325286865234e-01 4.546003341674804688e-01 1.091277748346328735e-01
5.116664767265319824e-01 5.056431889533996582e-01 -4.050951451063156128e-02
4.647162258625030518e-01 5.645301342010498047e-01 -7.352925371378660202e-03
4.619257152080535889e-01 5.652298331260681152e-01 -8.529470302164554596e-03
4.959109425544738770e-01 5.073677301406860352e-01 -3.066654503345489502e-02
4.779547452926635742e-01 5.012710690498352051e-01 -2.002250030636787415e-02
4.945642054080963135e-01 5.039890408515930176e-01 -3.056111931800842285e-02
4.676352143287658691e-01 4.384878873825073242e-01 -8.850066922605037689e-03
4.476472437381744385e-01 4.467445015907287598e-01 -6.899167317897081375e-03
4.735335409641265869e-01 4.814627766609191895e-01 -2.518525533378124237e-02
4.308748841285705566e-01 2.641670405864715576e-01 1.894726231694221497e-02
4.381288886070251465e-01 2.868758440017700195e-01 3.219062229618430138e-03
4.454521536827087402e-01 3.013711571693420410e-01 -9.611528366804122925e-03
4.568048119544982910e-01 5.901966691017150879e-01 -7.041153497993946075e-03
4.972971379756927490e-01 3.159112334251403809e-01 -2.198999933898448944e-02
4.950163364410400391e-01 2.878014445304870605e-01 -1.518950797617435455e-02
4.930447936058044434e-01 2.516326308250427246e-01 -8.037962950766086578e-03
4.326209723949432373e-01 3.927675783634185791e-01 6.664618384093046188e-03
4.031346738338470459e-01 4.045925438404083252e-01 2.127313055098056793e-02
4.825310111045837402e-01 3.934897184371948242e-01 4.271531477570533752e-03
4.202328920364379883e-01 3.578717708587646484e-01 1.126837637275457382e-02
4.899754822254180908e-01 4.206343293190002441e-01 -1.499280612915754318e-02
4.849476516246795654e-01 4.778924882411956787e-01 -4.545450955629348755e-02
3.913125097751617432e-01 4.156789779663085938e-01 3.259517252445220947e-02
4.099358916282653809e-01 4.179981052875518799e-01 1.111989933997392654e-02
4.245358407497406006e-01 4.266925156116485596e-01 1.562403747811913490e-03
4.472405314445495605e-01 4.272487163543701172e-01 -1.849967055022716522e-03
4.643824100494384766e-01 4.225022792816162109e-01 -3.138639964163303375e-03
4.778796434402465820e-01 4.161186814308166504e-01 -5.064859986305236816e-03
5.077672004699707031e-01 4.004464149475097656e-01 -2.495375461876392365e-02
3.910495340824127197e-01 4.513306319713592529e-01 2.888684906065464020e-02
4.111664593219757080e-01 3.537717759609222412e-01 1.620282046496868134e-02
5.068389773368835449e-01 5.005511641502380371e-01 -5.523272976279258728e-02
4.808689355850219727e-01 4.476518630981445312e-01 -1.680188067257404327e-02
3.759431242942810059e-01 3.797988295555114746e-01 1.013248488306999207e-01
4.885747730731964111e-01 4.082574248313903809e-01 -5.867330823093652725e-03
4.716957211494445801e-01 4.821423590183258057e-01 -1.393866259604692459e-02
4.253883361816406250e-01 3.726705312728881836e-01 1.486892905086278915e-02
4.848188459873199463e-01 4.667825400829315186e-01 -4.112723469734191895e-02
3.759614825248718262e-01 4.963678419589996338e-01 1.038349941372871399e-01
4.837916195392608643e-01 3.875209391117095947e-01 7.175154518336057663e-03
4.953270256519317627e-01 4.580862820148468018e-01 -5.150498449802398682e-02
4.066235125064849854e-01 5.867457985877990723e-01 3.544105961918830872e-02
4.040954411029815674e-01 6.057180166244506836e-01 5.530130118131637573e-02
3.778451681137084961e-01 4.532420337200164795e-01 6.882307678461074829e-02
3.939179778099060059e-01 5.614228844642639160e-01 4.806566610932350159e-02
3.917604088783264160e-01 3.500482738018035889e-01 5.373875796794891357e-02
4.500387907028198242e-01 6.492146849632263184e-01 4.036982078105211258e-03
5.071886777877807617e-01 5.044245719909667969e-01 -4.001254215836524963e-02
4.691660404205322266e-01 4.585836231708526611e-01 -1.342697627842426300e-02
3.946048915386199951e-01 3.809284567832946777e-01 3.736646845936775208e-02
4.436882734298706055e-01 3.891304731369018555e-01 3.602937795221805573e-03
4.533519744873046875e-01 3.924109935760498047e-01 1.489556394517421722e-03
4.563812613487243652e-01 5.681676268577575684e-01 -6.852960214018821716e-03
3.910862803459167480e-01 4.855798780918121338e-01 3.232847899198532104e-02
4.695252478122711182e-01 6.753001213073730469e-01 8.719732984900474548e-03
4.348507225513458252e-01 6.476815938949584961e-01 2.864094637334346771e-02
4.204151630401611328e-01 6.304461359977722168e-01 4.031853377819061279e-02
5.263202190399169922e-01 2.935261726379394531e-01 -1.543141901493072510e-02
4.943443238735198975e-01 6.814380288124084473e-01 7.278051227331161499e-03
4.634957909584045410e-01 3.923522233963012695e-01 1.842116354964673519e-03
4.734575748443603516e-01 3.902959525585174561e-01 4.083937499672174454e-03
4.801786243915557861e-01 3.890162408351898193e-01 6.823521107435226440e-03
4.028662145137786865e-01 3.496131896972656250e-01 2.724577672779560089e-02
4.742013812065124512e-01 3.729370832443237305e-01 2.478358102962374687e-03
4.643057584762573242e-01 3.660595715045928955e-01 5.925316509092226624e-05
4.542139768600463867e-01 3.634114265441894531e-01 -1.937855558935552835e-04
4.440184831619262695e-01 3.643990159034729004e-01 1.776574412360787392e-03
4.374183416366577148e-01 3.676388561725616455e-01 4.888937808573246002e-03
3.824491500854492188e-01 3.418132662773132324e-01 8.379735052585601807e-02
4.376392066478729248e-01 3.845694065093994141e-01 6.744684185832738876e-03
5.091369152069091797e-01 5.232917666435241699e-01 -3.009752742946147919e-02
4.705145359039306641e-01 5.243335366249084473e-01 -2.153465524315834045e-02
4.852235913276672363e-01 4.915141761302947998e-01 -3.398327529430389404e-02
4.931386411190032959e-01 5.222035050392150879e-01 -3.026628680527210236e-02
5.202328562736511230e-01 3.757569193840026855e-01 -1.963147521018981934e-02
4.204201102256774902e-01 6.109824180603027344e-01 2.598981186747550964e-02
4.344643950462341309e-01 6.300910115242004395e-01 1.574029773473739624e-02
4.703198969364166260e-01 6.641110181808471680e-01 -5.598281044512987137e-03
3.920013308525085449e-01 5.779975652694702148e-01 7.467222958803176880e-02
4.809495806694030762e-01 3.817717730998992920e-01 5.256493110209703445e-03
4.984161257743835449e-01 4.265381693840026855e-01 -2.989664115011692047e-02
4.954554438591003418e-01 6.702146530151367188e-01 -6.738127209246158600e-03
4.506638050079345703e-01 6.633018851280212402e-01 1.631926931440830231e-02
3.794234693050384521e-01 4.912759363651275635e-01 6.685168296098709106e-02
4.800152778625488281e-01 5.718798637390136719e-01 -1.715982891619205475e-02
4.774466753005981445e-01 5.756012201309204102e-01 -1.916321925818920135e-02
4.748590290546417236e-01 5.811541080474853516e-01 -2.127203904092311859e-02
4.727608561515808105e-01 5.878626108169555664e-01 -1.989798247814178467e-02
4.684248268604278564e-01 6.034680604934692383e-01 -1.185433380305767059e-02
4.619090259075164795e-01 5.571078062057495117e-01 -9.546194225549697876e-03
4.593114554882049561e-01 5.558525323867797852e-01 -9.806611575186252594e-03
4.572111368179321289e-01 5.542757511138916016e-01 -1.005938462913036346e-02
4.476428627967834473e-01 5.430560111999511719e-01 -8.542294614017009735e-03
4.069645106792449951e-01 4.971528351306915283e-01 1.079046353697776794e-02
4.991078078746795654e-01 4.093258082866668701e-01 -1.908798329532146454e-02
4.939679503440856934e-01 3.739946484565734863e-01 3.689872683025896549e-04
4.863955080509185791e-01 3.755279183387756348e-01 3.813656978309154510e-03
4.641697108745574951e-01 5.578644871711730957e-01 -8.459127508103847504e-03
4.019744098186492920e-01 5.378023386001586914e-01 2.745895273983478546e-02
5.051169395446777344e-01 3.741855025291442871e-01 -1.333515159785747528e-02
4.607178866863250732e-01 6.174221038818359375e-01 -6.035930942744016647e-03
5.175451040267944336e-01 4.343495368957519531e-01 -4.925312101840972900e-02
5.074623823165893555e-01 4.189045429229736328e-01 -3.662608191370964050e-02
5.182665586471557617e-01 4.169472754001617432e-01 -3.842544183135032654e-02
4.884218573570251465e-01 4.522481858730316162e-01 -3.074179217219352722e-02
4.969352483749389648e-01 6.537169814109802246e-01 -1.254797913134098053e-02
4.984366893768310547e-01 6.339792013168334961e-01 -1.236121449619531631e-02
4.787400662899017334e-01 6.297738552093505859e-01 -1.124007068574428558e-02
4.367475509643554688e-01 5.809984207153320312e-01 3.877080045640468597e-03
4.603738188743591309e-01 4.938399493694305420e-01 -1.179914828389883041e-02
4.470115900039672852e-01 6.013382077217102051e-01 -6.641305517405271530e-04
4.340460002422332764e-01 4.865708351135253906e-01 -9.119019843637943268e-03
4.480899274349212646e-01 5.085191130638122559e-01 -1.055104751139879227e-02
4.220386743545532227e-01 5.121499896049499512e-01 -7.869073306210339069e-04
4.734179079532623291e-01 6.482080221176147461e-01 -1.097613573074340820e-02
4.803757667541503906e-01 4.611123800277709961e-01 -2.327295206487178802e-02
4.259108901023864746e-01 5.926033258438110352e-01 1.364932861179113388e-02
4.394037425518035889e-01 6.136853694915771484e-01 7.338226772844791412e-03
4.298352897167205811e-01 5.580193996429443359e-01 3.949852660298347473e-03
3.921934962272644043e-01 5.150157809257507324e-01 3.645842894911766052e-02
4.151298403739929199e-01 5.588520765304565430e-01 1.398414373397827148e-02
3.837521672248840332e-01 5.272572040557861328e-01 6.198829039931297302e-02
4.370920956134796143e-01 5.283748507499694824e-01 -5.632539745420217514e-03
4.898575842380523682e-01 4.368741810321807861e-01 -2.284028939902782440e-02
4.881155192852020264e-01 4.861195087432861328e-01 -4.776103049516677856e-02
4.804161787033081055e-01 4.895646274089813232e-01 -3.575713559985160828e-02
4.940564334392547607e-01 4.753562211990356445e-01 -5.531474947929382324e-02
4.864452779293060303e-01 3.538920879364013672e-01 -3.650686005130410194e-03
4.684848487377166748e-01 3.378938436508178711e-01 -6.602476816624403000e-03
4.519218206405639648e-01 3.330433964729309082e-01 -6.958364043384790421e-03
4.375100433826446533e-01 3.353638350963592529e-01 -3.533388487994670868e-03
4.267618358135223389e-01 3.431321978569030762e-01 2.515598665922880173e-03
4.167520999908447266e-01 3.758034408092498779e-01 1.908829994499683380e-02
3.782215118408203125e-01 4.170815348625183105e-01 6.677570194005966187e-02
4.227701723575592041e-01 4.028797447681427002e-01 1.024562027305364609e-02
4.339427649974822998e-01 4.101679325103759766e-01 4.242804367095232010e-03
4.493780136108398438e-01 4.127931594848632812e-01 6.074608536437153816e-04
4.646611809730529785e-01 4.109167456626892090e-01 -5.821973318234086037e-04
4.770590960979461670e-01 4.064208567142486572e-01 2.842545509338378906e-04
4.859615564346313477e-01 4.017868041992187500e-01 1.919930218718945980e-04
3.739244341850280762e-01 4.165475964546203613e-01 1.089510768651962280e-01
4.797484874725341797e-01 4.941348135471343994e-01 -3.012342192232608795e-02
4.977630674839019775e-01 4.419731795787811279e-01 -3.917180001735687256e-02
4.961444437503814697e-01 4.881232678890228271e-01 -5.593450739979743958e-02
5.009932518005371094e-01 4.972316026687622070e-01 -5.088359117507934570e-02
4.956249892711639404e-01 4.909551739692687988e-01 -5.045304819941520691e-02
4.820543825626373291e-01 4.995490610599517822e-01 -2.598661370575428009e-02
5.032261610031127930e-01 4.990441203117370605e-01 -5.376838147640228271e-02
5.035554170608520508e-01 5.029370188713073730e-01 -4.027885198593139648e-02
4.877337217330932617e-01 3.881665468215942383e-01 5.932757630944252014e-03
4.935694932937622070e-01 3.929482102394104004e-01 -3.683418908622115850e-04
4.973680973052978516e-01 3.958544135093688965e-01 -7.984716445207595825e-03
4.336145818233489990e-01 3.704912960529327393e-01 8.401813916862010956e-03
4.264625906944274902e-01 3.600047230720520020e-01 8.448968641459941864e-03
5.267178416252136230e-01 4.381665587425231934e-01 -4.449838027358055115e-02
5.971633791923522949e-01 4.010849893093109131e-01 2.204640023410320282e-02
5.222635269165039062e-01 5.029086470603942871e-01 -3.921836614608764648e-02
6.353721618652343750e-01 3.476441204547882080e-01 7.972495257854461670e-02
5.634958148002624512e-01 4.125612378120422363e-01 7.976830936968326569e-03
5.747602581977844238e-01 4.157256484031677246e-01 9.619762189686298370e-03
5.854427814483642578e-01 4.163924455642700195e-01 1.352651603519916534e-02
6.002679467201232910e-01 4.075210690498352051e-01 2.394522912800312042e-02
5.541850924491882324e-01 4.068154692649841309e-01 8.604312315583229065e-03
5.851811170578002930e-01 3.594607114791870117e-01 5.870467517524957657e-03
5.713505148887634277e-01 3.607721924781799316e-01 4.908383823931217194e-03
5.972225666046142578e-01 3.641296327114105225e-01 1.021709479391574860e-02
6.041982173919677734e-01 3.732427656650543213e-01 1.507512107491493225e-02
6.069987416267395020e-01 4.202845394611358643e-01 2.998516522347927094e-02
5.399854183197021484e-01 6.432830095291137695e-01 3.872926346957683563e-03
6.015187501907348633e-01 3.955368995666503906e-01 2.607145719230175018e-02
6.370937824249267578e-01 4.193231761455535889e-01 8.303939551115036011e-02
6.191529035568237305e-01 4.087145626544952393e-01 4.250194877386093140e-02
5.670766830444335938e-01 4.856739640235900879e-01 -3.860013792291283607e-03
5.199361443519592285e-01 5.471609830856323242e-01 -3.044583648443222046e-02
5.169892907142639160e-01 5.583447217941284180e-01 -2.515863068401813507e-02
5.328227877616882324e-01 5.536033511161804199e-01 -2.238725125789642334e-02
5.406953692436218262e-01 5.604103803634643555e-01 -1.275140698999166489e-02
5.273592472076416016e-01 5.608217716217041016e-01 -1.944744400680065155e-02
5.349829196929931641e-01 5.643314123153686523e-01 -1.071146503090858459e-02
5.525494813919067383e-01 5.898457765579223633e-01 5.983996205031871796e-03
5.230863690376281738e-01 4.940436780452728271e-01 -5.962540581822395325e-02
5.261729359626770020e-01 4.775677025318145752e-01 -6.291417032480239868e-02
6.187997460365295410e-01 3.588501214981079102e-01 2.016735263168811798e-02
5.475664734840393066e-01 4.400302469730377197e-01 -6.086369045078754425e-03
5.467306971549987793e-01 4.929798543453216553e-01 -2.953827567398548126e-02
5.480870604515075684e-01 4.840027093887329102e-01 -2.601823769509792328e-02
5.993809103965759277e-01 4.880059659481048584e-01 1.320690475404262543e-02
5.267005562782287598e-01 4.563527703285217285e-01 -5.574809759855270386e-02
5.973814129829406738e-01 3.347501158714294434e-01 -8.691002731211483479e-04
6.109924912452697754e-01 3.432716727256774902e-01 9.078838862478733063e-03
6.278235912322998047e-01 3.172904253005981445e-01 5.692446604371070862e-02
5.471826791763305664e-01 3.472503423690795898e-01 -1.422936562448740005e-02
5.589302778244018555e-01 3.686829805374145508e-01 7.354965433478355408e-03
5.620976090431213379e-01 5.741881728172302246e-01 9.293203242123126984e-03
6.120590567588806152e-01 5.730181932449340820e-01 1.103075742721557617e-01
5.373140573501586914e-01 5.014302730560302734e-01 -2.611606195569038391e-02
5.285881161689758301e-01 5.052049160003662109e-01 -2.813257649540901184e-02
5.492088198661804199e-01 5.736814141273498535e-01 7.509791292250156403e-03
5.461635589599609375e-01 5.730382800102233887e-01 3.884167643263936043e-03
6.167339086532592773e-01 3.341090679168701172e-01 1.494501065462827682e-02
5.460495352745056152e-01 5.004791021347045898e-01 -2.341824024915695190e-02
5.772454142570495605e-01 3.346445560455322266e-01 -9.001799859106540680e-03
5.802790522575378418e-01 3.222173452377319336e-01 -1.106190774589776993e-02
5.902835130691528320e-01 2.736253738403320312e-01 1.061356067657470703e-02
6.210361123085021973e-01 3.307771682739257812e-01 3.307189419865608215e-02
5.828723907470703125e-01 3.016775846481323242e-01 -6.760900723747909069e-04
6.245073080062866211e-01 3.538432717323303223e-01 3.046187199652194977e-02
6.293827295303344727e-01 3.559021353721618652e-01 5.367270484566688538e-02
5.187235474586486816e-01 5.535624623298645020e-01 -2.901193127036094666e-02
5.300905108451843262e-01 5.577367544174194336e-01 -2.140983007848262787e-02
5.379996299743652344e-01 5.625864267349243164e-01 -1.270276214927434921e-02
5.343953967094421387e-01 5.041465759277343750e-01 -2.394822612404823303e-02
5.476626157760620117e-01 5.733948349952697754e-01 5.526285152882337570e-03
5.428119301795959473e-01 5.791164636611938477e-01 -1.781874452717602253e-03
5.445666909217834473e-01 5.727188587188720703e-01 3.473041579127311707e-03
5.335727334022521973e-01 4.953485727310180664e-01 -4.180668294429779053e-02
5.325058698654174805e-01 5.650537014007568359e-01 -9.048750624060630798e-03
5.250397324562072754e-01 5.622575879096984863e-01 -1.513816788792610168e-02
5.154840350151062012e-01 5.606297850608825684e-01 -2.028229273855686188e-02
5.151867866516113281e-01 6.177867650985717773e-01 -1.124808099120855331e-02
5.163704156875610352e-01 6.005941033363342285e-01 -2.134848386049270630e-02
5.162390470504760742e-01 5.926083326339721680e-01 -2.247526682913303375e-02
5.155888199806213379e-01 5.849902629852294922e-01 -1.980959251523017883e-02
5.144237875938415527e-01 5.793132185935974121e-01 -1.810700446367263794e-02
5.316389799118041992e-01 5.771888494491577148e-01 -7.333777379244565964e-03
5.341644883155822754e-01 5.800883769989013672e-01 -9.137893095612525940e-03
5.368959903717041016e-01 5.844447612762451172e-01 -1.073644403368234634e-02
5.389950275421142578e-01 5.893012285232543945e-01 -8.599825203418731689e-03
5.531017184257507324e-01 5.447323918342590332e-01 -8.669700473546981812e-03
6.296716332435607910e-01 4.914524555206298828e-01 1.284739673137664795e-01
5.373374819755554199e-01 5.754533410072326660e-01 -8.325148955918848515e-04
5.401382446289062500e-01 5.770153999328613281e-01 -2.028335351496934891e-03
5.248850584030151367e-01 5.112318992614746094e-01 -2.873719856142997742e-02
5.412339568138122559e-01 5.097503066062927246e-01 -1.585738919675350189e-02
5.266724228858947754e-01 5.083393454551696777e-01 -2.871593832969665527e-02
5.582253336906433105e-01 4.513870477676391602e-01 -1.501256134361028671e-03
5.756325125694274902e-01 4.651252031326293945e-01 2.857701620087027550e-03
5.489773750305175781e-01 4.917884767055511475e-01 -1.955995894968509674e-02
6.141116023063659668e-01 2.921911776065826416e-01 3.239502385258674622e-02
6.065951585769653320e-01 3.122074604034423828e-01 1.538838166743516922e-02
6.019486188888549805e-01 3.232986927032470703e-01 1.450871583074331284e-03
5.428474545478820801e-01 6.012891530990600586e-01 -3.512238617986440659e-04
5.530244708061218262e-01 3.258499205112457275e-01 -1.821784861385822296e-02
5.567697286605834961e-01 2.972944378852844238e-01 -1.076978258788585663e-02
5.628137588500976562e-01 2.626174688339233398e-01 -3.194019431248307228e-03
5.946689248085021973e-01 4.141094386577606201e-01 1.902503520250320435e-02
6.170940995216369629e-01 4.342164397239685059e-01 3.682789951562881470e-02
5.480623245239257812e-01 4.014596939086914062e-01 9.944098070263862610e-03
6.124254465103149414e-01 3.834040164947509766e-01 2.558616176247596741e-02
5.410209894180297852e-01 4.278899133205413818e-01 -1.058942358940839767e-02
5.415233373641967773e-01 4.858040213584899902e-01 -4.116703942418098450e-02
6.280516982078552246e-01 4.498309493064880371e-01 5.005125328898429871e-02
6.093883514404296875e-01 4.453343749046325684e-01 2.591389603912830353e-02
5.952536463737487793e-01 4.498607516288757324e-01 1.429088786244392395e-02
5.744512677192687988e-01 4.440065920352935791e-01 7.963252253830432892e-03
5.594307184219360352e-01 4.346839487552642822e-01 4.418021999299526215e-03
5.484584569931030273e-01 4.252425730228424072e-01 6.439029821194708347e-04
5.291267037391662598e-01 4.035554826259613037e-01 -2.312994934618473053e-02
6.240475773811340332e-01 4.847756624221801758e-01 4.638485983014106750e-02
6.198030114173889160e-01 3.824629187583923340e-01 3.175985068082809448e-02
5.182362794876098633e-01 5.020653605461120605e-01 -5.428386107087135315e-02
5.458050370216369629e-01 4.568034112453460693e-01 -1.135650370270013809e-02
6.378783583641052246e-01 4.179353117942810059e-01 1.214519739151000977e-01
5.405519604682922363e-01 4.151340126991271973e-01 -1.414453610777854919e-03
5.494322180747985840e-01 4.928155243396759033e-01 -8.186019025743007660e-03
6.054484844207763672e-01 3.965389728546142578e-01 2.850737608969211578e-02
5.425630807876586914e-01 4.747919142246246338e-01 -3.675886988639831543e-02
6.227573156356811523e-01 5.313105583190917969e-01 1.223585382103919983e-01
5.483627915382385254e-01 3.953605890274047852e-01 1.305663306266069412e-02
5.352027416229248047e-01 4.636504054069519043e-01 -4.835990816354751587e-02
5.882594585418701172e-01 6.104988455772399902e-01 4.840959608554840088e-02
5.855993628501892090e-01 6.287073493003845215e-01 6.865861266851425171e-02
6.320372819900512695e-01 4.895712733268737793e-01 8.759434521198272705e-02
6.029694676399230957e-01 5.897961854934692383e-01 6.327858567237854004e-02
6.337160468101501465e-01 3.853613138198852539e-01 7.174742966890335083e-02
5.408800840377807617e-01 6.596474647521972656e-01 1.028163358569145203e-02
5.161562561988830566e-01 5.056221485137939453e-01 -3.943965956568717957e-02
5.545387268066406250e-01 4.706720113754272461e-01 -6.768261082470417023e-03
6.267800331115722656e-01 4.141519963741302490e-01 5.453622713685035706e-02
5.858659148216247559e-01 4.065539836883544922e-01 1.456664595752954483e-02
5.761563181877136230e-01 4.066166579723358154e-01 1.116850227117538452e-02
5.451486706733703613e-01 5.815648436546325684e-01 2.888474555220454931e-04
6.188319921493530273e-01 5.179409980773925781e-01 4.939256608486175537e-02
5.187112092971801758e-01 6.804168224334716797e-01 1.228644885122776031e-02
5.533991456031799316e-01 6.609197854995727539e-01 3.730393946170806885e-02
5.683795213699340820e-01 6.478943228721618652e-01 5.120648071169853210e-02
5.665212869644165039e-01 4.040541648864746094e-01 1.005775667726993561e-02
5.574381351470947266e-01 4.000214338302612305e-01 1.108307763934135437e-02
5.513317584991455078e-01 3.975826501846313477e-01 1.308926846832036972e-02
6.261660456657409668e-01 3.811950981616973877e-01 4.394682496786117554e-02
5.603705644607543945e-01 3.842262029647827148e-01 9.702854789793491364e-03
5.709818005561828613e-01 3.794122636318206787e-01 8.526155725121498108e-03
5.813408493995666504e-01 3.788419365882873535e-01 9.674839675426483154e-03
5.911017656326293945e-01 3.824398219585418701e-01 1.297122891992330551e-02
5.965958833694458008e-01 3.878105878829956055e-01 1.691792532801628113e-02
6.386770606040954590e-01 3.793703019618988037e-01 1.033645644783973694e-01
5.925331115722656250e-01 4.043177664279937744e-01 1.859230175614356995e-02
5.439900159835815430e-01 5.343266725540161133e-01 -1.587275788187980652e-02
5.377585291862487793e-01 4.987092614173889160e-01 -3.024025075137615204e-02
5.245220065116882324e-01 5.264756083488464355e-01 -2.792902477085590363e-02
5.723671913146972656e-01 6.299939751625061035e-01 3.653210401535034180e-02
5.572520494461059570e-01 6.447814702987670898e-01 2.405832707881927490e-02
5.203070044517517090e-01 6.697968840599060059e-01 -2.254098653793334961e-03
5.992409586906433105e-01 6.057124137878417969e-01 9.040629118680953979e-02
5.522648096084594727e-01 3.909347951412200928e-01 1.170128211379051208e-02
5.344924330711364746e-01 4.316803216934204102e-01 -2.691204287111759186e-02
5.375007390975952148e-01 6.724464893341064453e-01 2.271522581577301025e-02
6.253635883331298828e-01 5.261356830596923828e-01 8.499763160943984985e-02
5.239580869674682617e-01 5.785094499588012695e-01 -1.306208223104476929e-02
5.261778831481933594e-01 5.830360054969787598e-01 -1.492454949766397476e-02
5.280469059944152832e-01 5.893598198890686035e-01 -1.683214493095874786e-02
5.292223691940307617e-01 5.967817306518554688e-01 -1.530678290873765945e-02
5.306219458580017090e-01 6.112505197525024414e-01 -6.881109438836574554e-03
5.410241484642028809e-01 5.683926343917846680e-01 -2.883864799514412880e-03
5.437568426132202148e-01 5.678519606590270996e-01 -2.529349178075790405e-03
5.461552143096923828e-01 5.668344497680664062e-01 -2.376435091719031334e-03
5.594707131385803223e-01 5.583481788635253906e-01 5.410017911344766617e-04
6.041225790977478027e-01 5.250549316406250000e-01 2.537078969180583954e-02
5.349657535552978516e-01 4.145615696907043457e-01 -1.605471782386302948e-02
5.419517755508422852e-01 3.803238868713378906e-01 4.258890170603990555e-03
5.479232668876647949e-01 3.832280039787292480e-01 9.418393485248088837e-03
5.385516881942749023e-01 5.685210824012756348e-01 -1.884701894596219063e-03
6.009314060211181641e-01 5.652819871902465820e-01 4.205035418272018433e-02
5.328615307807922363e-01 3.783313632011413574e-01 -1.089294720441102982e-02
5.357305407524108887e-01 6.265702247619628906e-01 -7.930279243737459183e-04
5.280759930610656738e-01 4.218184351921081543e-01 -3.504940867424011230e-02
5.399246811866760254e-01 4.595697224140167236e-01 -2.675373852252960205e-02
5.176739692687988281e-01 6.344721317291259766e-01 -8.820173330605030060e-03
5.624905228614807129e-01 5.975648760795593262e-01 1.303409505635499954e-02
5.573976039886474609e-01 5.072773694992065430e-01 -4.717311356216669083e-03
5.502141714096069336e-01 6.143633723258972168e-01 6.554522551596164703e-03
5.824624896049499512e-01 5.076430439949035645e-01 1.690710778348147869e-03
5.658953785896301270e-01 5.250017046928405762e-01 -1.763333682902157307e-03
5.885205268859863281e-01 5.354872941970825195e-01 1.148093957453966141e-02
5.200737714767456055e-01 6.537854671478271484e-01 -7.873711176216602325e-03
5.451155900955200195e-01 4.700927734375000000e-01 -1.827092841267585754e-02
5.707303881645202637e-01 6.112012863159179688e-01 2.383027411997318268e-02
5.555951595306396484e-01 6.280646324157714844e-01 1.517993398010730743e-02
5.727956891059875488e-01 5.774799585342407227e-01 1.495258510112762451e-02
6.128607988357543945e-01 5.459517240524291992e-01 5.275737494230270386e-02
5.860688686370849609e-01 5.819075703620910645e-01 2.642423100769519806e-02
6.165044307708740234e-01 5.597859621047973633e-01 7.939837127923965454e-02
5.718132853507995605e-01 5.471580028533935547e-01 4.626040812581777573e-03
5.398599505424499512e-01 4.440180361270904541e-01 -1.853744313120841980e-02
5.373432040214538574e-01 4.929378926753997803e-01 -4.387476667761802673e-02
5.427084565162658691e-01 4.980769157409667969e-01 -3.129155933856964111e-02
5.346276760101318359e-01 4.810274839401245117e-01 -5.239246040582656860e-02
5.531468391418457031e-01 3.625962436199188232e-01 1.644685515202581882e-03
5.734257698059082031e-01 3.512426018714904785e-01 1.048660255037248135e-03
5.902311801910400391e-01 3.505673408508300781e-01 3.069337224587798119e-03
6.028320193290710449e-01 3.566254377365112305e-01 8.612187579274177551e-03
6.104187965393066406e-01 3.671237826347351074e-01 1.609339006245136261e-02
6.111268401145935059e-01 4.023025631904602051e-01 3.355701267719268799e-02
6.361653804779052734e-01 4.542254805564880371e-01 8.608747273683547974e-02
6.010480523109436035e-01 4.269982576370239258e-01 2.361917123198509216e-02
5.895177125930786133e-01 4.309132695198059082e-01 1.595680601894855499e-02
5.749146938323974609e-01 4.286713898181915283e-01 1.033458206802606583e-02
5.611497163772583008e-01 4.225845932960510254e-01 7.175927050411701202e-03
5.506279468536376953e-01 4.153884649276733398e-01 6.165898870676755905e-03
5.435071587562561035e-01 4.088619649410247803e-01 5.002462305128574371e-03
6.340179443359375000e-01 4.542581439018249512e-01 1.290374994277954102e-01
5.417728424072265625e-01 5.024738907814025879e-01 -2.573568001389503479e-02
5.340214967727661133e-01 4.471124112606048584e-01 -3.606396168470382690e-02
5.305264592170715332e-01 4.928340017795562744e-01 -5.347417294979095459e-02
5.235992670059204102e-01 5.002537965774536133e-01 -4.944806918501853943e-02
5.296819210052490234e-01 4.956747591495513916e-01 -4.791792109608650208e-02
5.382566452026367188e-01 5.069752931594848633e-01 -2.226439677178859711e-02
5.216562747955322266e-01 5.014864802360534668e-01 -5.259814113378524780e-02
5.196532011032104492e-01 5.050076246261596680e-01 -3.930944204330444336e-02
5.443000793457031250e-01 3.951662778854370117e-01 1.090388000011444092e-02
5.384213328361511230e-01 3.986400067806243896e-01 3.476112615317106247e-03
5.350611805915832520e-01 4.010517001152038574e-01 -4.848103038966655731e-03
5.994547605514526367e-01 3.919235467910766602e-01 2.091946452856063843e-02
6.073882579803466797e-01 3.836007118225097656e-01 2.176924236118793488e-02
4.538112580776214600e-01 3.772506713867187500e-01 4.820151720196008682e-03
4.654109477996826172e-01 3.787153661251068115e-01 4.820151720196008682e-03
4.552314877510070801e-01 3.624412715435028076e-01 4.820151720196008682e-03
4.420213401317596436e-01 3.757484555244445801e-01 4.820151720196008682e-03
4.523181319236755371e-01 3.918941020965576172e-01 4.820151720196008682e-03
5.775849819183349609e-01 3.938201069831848145e-01 1.438411232084035873e-02
5.896752476692199707e-01 3.952776491641998291e-01 1.438411232084035873e-02
5.785334706306457520e-01 3.783087134361267090e-01 1.438411232084035873e-02
5.654413104057312012e-01 3.922783136367797852e-01 1.438411232084035873e-02
5.766837596893310547e-01 4.093349575996398926e-01 1.438411232084035873e-02
