5.060916543006896973e-01 5.342181921005249023e-01 -3.270777687430381775e-02
5.119448304176330566e-01 4.751676619052886963e-01 -5.929115787148475647e-02
5.091570615768432617e-01 4.928236305713653564e-01 -3.142508491873741150e-02
5.057936310768127441e-01 4.192600250244140625e-01 -4.440473765134811401e-02
5.134922266006469727e-01 4.581705331802368164e-01 -6.290891021490097046e-02
5.148261785507202148e-01 4.361390173435211182e-01 -5.811136588454246521e-02
5.173846483230590820e-01 3.827426433563232422e-01 -2.678767032921314240e-02
4.350110292434692383e-01 3.667476177215576172e-01 1.050996500998735428e-02
5.199893712997436523e-01 3.381415009498596191e-01 -1.825805567204952240e-02
5.216087102890014648e-01 3.157861828804016113e-01 -1.988286525011062622e-02
5.257602334022521973e-01 2.444711029529571533e-01 -6.195668131113052368e-03
5.058748126029968262e-01 5.397217273712158203e-01 -3.130847588181495667e-02
5.054339170455932617e-01 5.452021956443786621e-01 -2.759463153779506683e-02
5.050173997879028320e-01 5.489904880523681641e-01 -2.224564179778099060e-02
5.046731233596801758e-01 5.533204078674316406e-01 -2.135748043656349182e-02
5.044171214103698730e-01 5.622805953025817871e-01 -2.283790893852710724e-02
5.038538575172424316e-01 5.730738639831542969e-01 -2.522098273038864136e-02
5.031670928001403809e-01 5.834689140319824219e-01 -2.369315549731254578e-02
4.985702633857727051e-01 5.979524850845336914e-01 -1.328250300139188766e-02
5.107942819595336914e-01 4.839580059051513672e-01 -5.365534499287605286e-02
5.000386238098144531e-01 4.827015101909637451e-01 -3.907135128974914551e-02
3.910670876502990723e-01 3.032214641571044922e-01 6.173247098922729492e-02
4.653148055076599121e-01 3.857637643814086914e-01 7.119503570720553398e-04
4.534265398979187012e-01 3.865925669670104980e-01 8.441525278612971306e-04
4.424659907817840576e-01 3.842508792877197266e-01 3.334816079586744308e-03
4.293690323829650879e-01 3.720169663429260254e-01 1.173444744199514389e-02
4.761445522308349609e-01 3.813785314559936523e-01 2.979018026962876320e-03
4.534229040145874023e-01 3.314296603202819824e-01 -3.461942309513688087e-03
4.664402604103088379e-01 3.345922827720642090e-01 -2.323909197002649307e-03
4.409706890583038330e-01 3.335380554199218750e-01 -5.930308834649622440e-04
4.324616789817810059e-01 3.400681018829345703e-01 3.363384166732430458e-03
4.176922738552093506e-01 3.823345303535461426e-01 1.665556244552135468e-02
4.533888697624206543e-01 6.166929006576538086e-01 -2.819918794557452202e-03
4.314538240432739258e-01 3.608100712299346924e-01 1.391572318971157074e-02
3.803545236587524414e-01 3.731536865234375000e-01 6.476728618144989014e-02
4.045493602752685547e-01 3.676076829433441162e-01 2.750218100845813751e-02
4.539714455604553223e-01 4.562229514122009277e-01 -1.120979152619838715e-02
4.933111667633056641e-01 5.291471481323242188e-01 -3.207741305232048035e-02
4.941594004631042480e-01 5.429571270942687988e-01 -2.683444507420063019e-02
4.802556633949279785e-01 5.329070091247558594e-01 -2.664878591895103455e-02
4.714554250240325928e-01 5.375629067420959473e-01 -1.945587247610092163e-02
4.842145740985870361e-01 5.425290465354919434e-01 -2.338348329067230225e-02
4.762926399707794189e-01 5.433563590049743652e-01 -1.668804697692394257e-02
4.500492811203002930e-01 5.626628398895263672e-01 -3.647972829639911652e-03
5.025827288627624512e-01 4.735946953296661377e-01 -5.878810212016105652e-02
5.024260282516479492e-01 4.571569263935089111e-01 -6.213308125734329224e-02
4.166033267974853516e-01 3.225562274456024170e-01 6.588665302842855453e-03
4.797991514205932617e-01 4.165359139442443848e-01 -1.058209408074617386e-02
4.768217504024505615e-01 4.680625796318054199e-01 -3.301630914211273193e-02
4.762293100357055664e-01 4.593497514724731445e-01 -2.971675619482994080e-02
4.191017150878906250e-01 4.506195485591888428e-01 4.472916480153799057e-04
5.042544603347778320e-01 4.367602467536926270e-01 -5.539805069565773010e-02
4.458603560924530029e-01 3.048625588417053223e-01 -1.007257215678691864e-02
4.292334318161010742e-01 3.103307187557220459e-01 -2.579794498160481453e-03
4.064204096794128418e-01 2.755657136440277100e-01 4.123212024569511414e-02
4.961843192577362061e-01 3.248369097709655762e-01 -1.651776395738124847e-02
4.774936139583587646e-01 3.436351120471954346e-01 1.517619006335735321e-03
4.434360861778259277e-01 5.460726022720336914e-01 -1.514793490059673786e-03
3.816806674003601074e-01 5.312207937240600586e-01 9.126319736242294312e-02
4.845179021358489990e-01 4.782685041427612305e-01 -2.833465486764907837e-02
4.925886392593383789e-01 4.840619862079620361e-01 -2.866194583475589752e-02
4.606955349445343018e-01 5.457578301429748535e-01 -2.498514950275421143e-03
4.635729193687438965e-01 5.458387732505798340e-01 -5.340218078345060349e-03
4.233238995075225830e-01 2.994738817214965820e-01 2.656786935403943062e-03
4.756311178207397461e-01 4.759565889835357666e-01 -2.695998176932334900e-02
4.674644768238067627e-01 3.077188730239868164e-01 -1.481984648853540421e-02
4.666147828102111816e-01 2.948585152626037598e-01 -1.683067157864570618e-02
4.583322703838348389e-01 2.435479760169982910e-01 2.659225603565573692e-03
4.150801002979278564e-01 2.910107970237731934e-01 1.940149627625942230e-02
4.637050628662109375e-01 2.726082801818847656e-01 -7.423683535307645798e-03
4.095349907875061035e-01 3.152374625205993652e-01 1.603072322905063629e-02
4.003729224205017090e-01 3.133763074874877930e-01 3.783772513270378113e-02
4.935284256935119629e-01 5.367851853370666504e-01 -3.080346994102001190e-02
4.822373688220977783e-01 5.381599068641662598e-01 -2.558435127139091492e-02
4.738178551197052002e-01 5.406169295310974121e-01 -1.901023089885711670e-02
4.867700338363647461e-01 4.818015992641448975e-01 -2.565089799463748932e-02
4.621880948543548584e-01 5.458576679229736328e-01 -3.980377223342657089e-03
4.667029976844787598e-01 5.500103235244750977e-01 -1.026620343327522278e-02
4.650944769382476807e-01 5.458638072013854980e-01 -5.565950646996498108e-03
4.903522729873657227e-01 4.722835421562194824e-01 -4.350113868713378906e-02
4.780382215976715088e-01 5.452533960342407227e-01 -1.464450266212224960e-02
4.856861531734466553e-01 5.453265309333801270e-01 -1.876668073236942291e-02
4.947697818279266357e-01 5.466758608818054199e-01 -2.186573483049869537e-02
4.838136136531829834e-01 5.953108668327331543e-01 -1.372845284640789032e-02
4.888021349906921387e-01 5.795215964317321777e-01 -2.390447258949279785e-02
4.904255867004394531e-01 5.693803429603576660e-01 -2.512204088270664215e-02
4.923602044582366943e-01 5.587770938873291016e-01 -2.247365750372409821e-02
4.943310022354125977e-01 5.508090853691101074e-01 -2.094405889511108398e-02
4.778169989585876465e-01 5.469968318939208984e-01 -1.387355569750070572e-02
4.748853445053100586e-01 5.506229400634765625e-01 -1.557841245085000992e-02
4.716415107250213623e-01 5.553668141365051270e-01 -1.748083718121051788e-02
4.687799215316772461e-01 5.605926513671875000e-01 -1.579753868281841278e-02
4.595077931880950928e-01 5.185801982879638672e-01 -1.612406224012374878e-02
3.726488649845123291e-01 4.457274079322814941e-01 1.081730201840400696e-01
5.099726915359497070e-01 4.880160093307495117e-01 -3.909596428275108337e-02
4.720940589904785156e-01 5.462376475334167480e-01 -9.027341380715370178e-03
4.695028662681579590e-01 5.479965806007385254e-01 -1.019493862986564636e-02
4.952294528484344482e-01 4.910481274127960205e-01 -2.936199866235256195e-02
4.783957004547119141e-01 4.865024089813232422e-01 -1.868398301303386688e-02
4.939864277839660645e-01 4.876061975955963135e-01 -2.920679748058319092e-02
4.669325649738311768e-01 4.251289963722229004e-01 -7.850895635783672333e-03
4.472610652446746826e-01 4.341312646865844727e-01 -5.863809958100318909e-03
4.736506342887878418e-01 4.669423401355743408e-01 -2.360969595611095428e-02
4.278522133827209473e-01 2.547463774681091309e-01 2.001801133155822754e-02
4.352508187294006348e-01 2.765336632728576660e-01 4.759110976010560989e-03
4.425410032272338867e-01 2.923866510391235352e-01 -8.049112744629383087e-03
4.583333134651184082e-01 5.749424695968627930e-01 -8.514517918229103088e-03
4.945650100708007812e-01 3.027357459068298340e-01 -2.045896276831626892e-02
4.921889603137969971e-01 2.758196890354156494e-01 -1.358254160732030869e-02
4.898351430892944336e-01 2.410027980804443359e-01 -6.170877721160650253e-03
4.337514340877532959e-01 3.795464932918548584e-01 7.613774854689836502e-03
4.033838808536529541e-01 3.932604193687438965e-01 2.196678705513477325e-02
4.835534095764160156e-01 3.768517673015594482e-01 5.004237871617078781e-03
4.197676777839660645e-01 3.465933203697204590e-01 1.215770188719034195e-02
4.887740314006805420e-01 4.061817526817321777e-01 -1.384964305907487869e-02
4.839907884597778320e-01 4.615634977817535400e-01 -4.346790909767150879e-02
3.901537954807281494e-01 4.055625796318054199e-01 3.315930441021919250e-02
4.111205935478210449e-01 4.067198634147644043e-01 1.187835726886987686e-02
4.263989329338073730e-01 4.149050712585449219e-01 2.348315436393022537e-03
4.491053223609924316e-01 4.138330221176147461e-01 -1.003716723062098026e-03
4.659230113029479980e-01 4.077872037887573242e-01 -2.317321952432394028e-03
4.791583418846130371e-01 4.006052613258361816e-01 -4.179436247795820236e-03
5.061169862747192383e-01 3.853862881660461426e-01 -2.339298464357852936e-02
3.906964659690856934e-01 4.412750899791717529e-01 2.937683463096618652e-02
4.097947478294372559e-01 3.430989682674407959e-01 1.716876961290836334e-02
5.052267313003540039e-01 4.826608896255493164e-01 -5.337574332952499390e-02
4.801846146583557129e-01 4.333634078502655029e-01 -1.554957870393991470e-02
3.744132518768310547e-01 3.715741038322448730e-01 1.009605675935745239e-01
4.896094202995300293e-01 3.922479748725891113e-01 -4.925642162561416626e-03
4.720702767372131348e-01 4.680864214897155762e-01 -1.266649179160594940e-02
4.260189235210418701e-01 3.604884147644042969e-01 1.567418500781059265e-02
4.839029908180236816e-01 4.511128962039947510e-01 -3.923468291759490967e-02
3.753718137741088867e-01 4.870618283748626709e-01 1.026585474610328674e-01
4.845564961433410645e-01 3.707267940044403076e-01 7.808410096913576126e-03
4.938797652721405029e-01 4.418082535266876221e-01 -4.944279789924621582e-02
4.057636559009552002e-01 5.748058557510375977e-01 3.437020257115364075e-02
4.030243754386901855e-01 5.938276052474975586e-01 5.347819626331329346e-02
3.769271969795227051e-01 4.438815414905548096e-01 6.895618885755538940e-02
3.935712575912475586e-01 5.504233837127685547e-01 4.737188667058944702e-02
3.899493813514709473e-01 3.408490419387817383e-01 5.452617257833480835e-02
4.484650790691375732e-01 6.334432363510131836e-01 3.240964375436306000e-03
5.056875348091125488e-01 4.868608415126800537e-01 -3.856688737869262695e-02
4.689086675643920898e-01 4.449213743209838867e-01 -1.220811996608972549e-02
3.930691778659820557e-01 3.699713349342346191e-01 3.810201585292816162e-02
4.449289143085479736e-01 3.749431669712066650e-01 4.506694152951240540e-03
4.544258415699005127e-01 3.776938617229461670e-01 2.371264621615409851e-03
4.640032947063446045e-01 5.522961020469665527e-01 -8.617564104497432709e-03
3.913490474224090576e-01 4.752570688724517822e-01 3.255997970700263977e-02
4.673914611339569092e-01 6.590245962142944336e-01 7.792130578309297562e-03
4.328050911426544189e-01 6.334570646286010742e-01 2.703103050589561462e-02
4.186052381992340088e-01 6.172683238983154297e-01 3.844826668500900269e-02
5.237622261047363281e-01 2.808493971824645996e-01 -1.396389398723840714e-02
4.924484193325042725e-01 6.647471189498901367e-01 6.294488906860351562e-03
4.644024670124053955e-01 3.770950734615325928e-01 2.616981510072946548e-03
4.743153154850006104e-01 3.742705583572387695e-01 4.779463168233633041e-03
4.810006320476531982e-01 3.724470436573028564e-01 7.467941381037235260e-03
4.006467759609222412e-01 3.393654227256774902e-01 2.822230756282806396e-02
4.747233688831329346e-01 3.577666878700256348e-01 3.099007532000541687e-03
4.645431041717529297e-01 3.523579239845275879e-01 6.999541074037551880e-04
4.544720053672790527e-01 3.509243428707122803e-01 5.616389680653810501e-04
4.445447921752929688e-01 3.525863587856292725e-01 2.593656303361058235e-03
4.382372200489044189e-01 3.557618260383605957e-01 5.690257530659437180e-03
3.808791041374206543e-01 3.335962295532226562e-01 8.385803550481796265e-02
4.389561414718627930e-01 3.708848357200622559e-01 7.661869749426841736e-03
5.076399445533752441e-01 5.071367621421813965e-01 -2.921067364513874054e-02
4.713211059570312500e-01 5.102834701538085938e-01 -2.090454474091529846e-02
4.848776161670684814e-01 4.751108586788177490e-01 -3.231658786535263062e-02
4.926560223102569580e-01 5.065739750862121582e-01 -2.925745584070682526e-02
5.184057950973510742e-01 3.611810207366943359e-01 -1.824969612061977386e-02
4.190350770950317383e-01 5.978672504425048828e-01 2.466108463704586029e-02
4.329156875610351562e-01 6.158435344696044922e-01 1.463902089744806290e-02
4.687142968177795410e-01 6.470818519592285156e-01 -6.245451048016548157e-03
3.913820087909698486e-01 5.672503709793090820e-01 7.310023903846740723e-02
4.817060232162475586e-01 3.654926121234893799e-01 5.882127676159143448e-03
4.969837963581085205e-01 4.111738801002502441e-01 -2.836195938289165497e-02
4.937366247177124023e-01 6.525665521621704102e-01 -7.581043522804975510e-03
4.485239386558532715e-01 6.479115486145019531e-01 1.512184273451566696e-02
3.789096176624298096e-01 4.815990626811981201e-01 6.679280847311019897e-02
4.853139817714691162e-01 5.484856367111206055e-01 -1.789500564336776733e-02
4.823422133922576904e-01 5.544815063476562500e-01 -1.971925608813762665e-02
4.794823527336120605e-01 5.622829198837280273e-01 -2.193432301282882690e-02
4.771499037742614746e-01 5.711439251899719238e-01 -2.069929614663124084e-02
4.693422019481658936e-01 5.863927602767944336e-01 -1.284587290138006210e-02
4.698373973369598389e-01 5.445975661277770996e-01 -1.065479218959808350e-02
4.672972261905670166e-01 5.432622432708740234e-01 -1.092188060283660889e-02
4.650863409042358398e-01 5.416405200958251953e-01 -1.105979178100824356e-02
4.498355686664581299e-01 5.308984518051147461e-01 -9.250086732208728790e-03
4.077802598476409912e-01 4.858067631721496582e-01 1.120305620133876801e-02
4.976617693901062012e-01 3.945093154907226562e-01 -1.778293587267398834e-02
4.938630759716033936e-01 3.577543497085571289e-01 1.153035322204232216e-03
4.866108298301696777e-01 3.592921495437622070e-01 4.513395018875598907e-03
4.720465242862701416e-01 5.456905364990234375e-01 -9.523154236376285553e-03
4.025769531726837158e-01 5.264984369277954102e-01 2.716384269297122955e-02
5.045208334922790527e-01 3.579630255699157715e-01 -1.210385467857122421e-02
4.611022472381591797e-01 6.009642481803894043e-01 -7.025118451565504074e-03
5.157169699668884277e-01 4.178726971149444580e-01 -4.736437276005744934e-02
5.057601332664489746e-01 4.031654000282287598e-01 -3.490554168820381165e-02
5.165101289749145508e-01 4.009203314781188965e-01 -3.672176226973533630e-02
4.874784052371978760e-01 4.370611608028411865e-01 -2.915661782026290894e-02
4.954128861427307129e-01 6.352350115776062012e-01 -1.329390145838260651e-02
4.971218705177307129e-01 6.151162385940551758e-01 -1.288491953164339066e-02
4.784842431545257568e-01 6.116845011711120605e-01 -1.178580615669488907e-02
4.374665021896362305e-01 5.678987503051757812e-01 2.486239420250058174e-03
4.609572291374206543e-01 4.802192449569702148e-01 -1.081474777311086655e-02
4.475524127483367920e-01 5.866016745567321777e-01 -2.047963673248887062e-03
4.346172809600830078e-01 4.738435149192810059e-01 -8.210400119423866272e-03
4.490351676940917969e-01 4.953780770301818848e-01 -1.016814354807138443e-02
4.229546785354614258e-01 5.000519156455993652e-01 -4.368599329609423876e-04
4.725969433784484863e-01 6.304254531860351562e-01 -1.156873442232608795e-02
4.799034595489501953e-01 4.465714395046234131e-01 -2.182777039706707001e-02
4.255392551422119141e-01 5.794240236282348633e-01 1.238318905234336853e-02
4.389032423496246338e-01 5.991210937500000000e-01 6.159012671560049057e-03
4.309431314468383789e-01 5.461321473121643066e-01 3.127973061054944992e-03
3.926474452018737793e-01 5.043885111808776855e-01 3.637986630201339722e-02
4.155226349830627441e-01 5.469195246696472168e-01 1.327111572027206421e-02
3.834105730056762695e-01 5.170798301696777344e-01 6.165110692381858826e-02
4.385581612586975098e-01 5.163519382476806641e-01 -5.718433298170566559e-03
4.887916445732116699e-01 4.219794869422912598e-01 -2.148560993373394012e-02
4.871985912322998047e-01 4.691696465015411377e-01 -4.576547816395759583e-02
4.801252484321594238e-01 4.736480116844177246e-01 -3.398726880550384521e-02
4.925926327705383301e-01 4.583019316196441650e-01 -5.321661382913589478e-02
4.855502545833587646e-01 3.387562036514282227e-01 -2.800176851451396942e-03
4.670610129833221436e-01 3.248801529407501221e-01 -5.630591884255409241e-03
4.506253004074096680e-01 3.215954303741455078e-01 -5.955913569778203964e-03
4.365049898624420166e-01 3.246880173683166504e-01 -2.481972798705101013e-03
4.261282384395599365e-01 3.325369358062744141e-01 3.583799349144101143e-03
4.165435433387756348e-01 3.638792932033538818e-01 1.983580365777015686e-02
3.767538070678710938e-01 4.077747762203216553e-01 6.710670143365859985e-02
4.236703515052795410e-01 3.905521035194396973e-01 1.106397807598114014e-02
4.350478053092956543e-01 3.971872031688690186e-01 5.077349022030830383e-03
4.506017267704010010e-01 3.987000584602355957e-01 1.467644353397190571e-03
4.657856822013854980e-01 3.957365751266479492e-01 2.105691964970901608e-04
4.781439602375030518e-01 3.904862999916076660e-01 1.074784202501177788e-03
4.869224429130554199e-01 3.854368627071380615e-01 9.832802461460232735e-04
3.725948929786682129e-01 4.080999195575714111e-01 1.082600578665733337e-01
4.797849357128143311e-01 4.786250591278076172e-01 -2.848908118903636932e-02
4.963347017765045166e-01 4.261764883995056152e-01 -3.740264847874641418e-02
4.948084652423858643e-01 4.704586565494537354e-01 -5.391632020473480225e-02
4.997573494911193848e-01 4.795193374156951904e-01 -4.909262433648109436e-02
4.945754706859588623e-01 4.733861982822418213e-01 -4.855546727776527405e-02
4.822710156440734863e-01 4.841626882553100586e-01 -2.453221753239631653e-02
5.018156170845031738e-01 4.812267422676086426e-01 -5.193371698260307312e-02
5.022677183151245117e-01 4.854220747947692871e-01 -3.878733888268470764e-02
4.885213673114776611e-01 3.713506758213043213e-01 6.647238507866859436e-03
4.941912889480590820e-01 3.763654828071594238e-01 4.893174627795815468e-04
4.979006946086883545e-01 3.795363008975982666e-01 -6.926569622009992599e-03
4.345320463180541992e-01 3.583455085754394531e-01 9.209523908793926239e-03
4.267401397228240967e-01 3.483099341392517090e-01 9.319652803242206573e-03
5.248762369155883789e-01 4.216071665287017822e-01 -4.281096160411834717e-02
5.967447757720947266e-01 3.874062001705169678e-01 2.158746495842933655e-02
5.201466679573059082e-01 4.853575825691223145e-01 -3.788516297936439514e-02
6.346919536590576172e-01 3.340538442134857178e-01 7.945040613412857056e-02
5.634592175483703613e-01 3.980008959770202637e-01 8.023619651794433594e-03
5.743702054023742676e-01 4.012252390384674072e-01 9.591759182512760162e-03
5.849049091339111328e-01 4.022757411003112793e-01 1.337333116680383682e-02
6.000357866287231445e-01 3.937747776508331299e-01 2.344246581196784973e-02
5.544340014457702637e-01 3.926310539245605469e-01 8.760459721088409424e-03
5.842102766036987305e-01 3.468479514122009277e-01 5.634105298668146133e-03
5.707572698593139648e-01 3.481550514698028564e-01 4.849696531891822815e-03
5.961567759513854980e-01 3.512330353260040283e-01 9.845818392932415009e-03
6.032369136810302734e-01 3.599911928176879883e-01 1.458548754453659058e-02
6.067057847976684570e-01 4.063963294029235840e-01 2.929834090173244476e-02
5.387054085731506348e-01 6.256075501441955566e-01 2.053873147815465927e-03
6.012219190597534180e-01 3.819845318794250488e-01 2.547352202236652374e-02
6.376019716262817383e-01 4.050810635089874268e-01 8.128923922777175903e-02
6.191339492797851562e-01 3.949994742870330811e-01 4.149125143885612488e-02
5.647352337837219238e-01 4.702371954917907715e-01 -3.724897978827357292e-03
5.186623930931091309e-01 5.323623418807983398e-01 -3.021980635821819305e-02
5.159286856651306152e-01 5.458679199218750000e-01 -2.511873841285705566e-02
5.299849510192871094e-01 5.389426350593566895e-01 -2.282173559069633484e-02
5.368342995643615723e-01 5.456740856170654297e-01 -1.427698507905006409e-02
5.247303843498229980e-01 5.477406382560729980e-01 -2.008030377328395844e-02
5.313127040863037109e-01 5.503716468811035156e-01 -1.226784661412239075e-02
5.497801899909973145e-01 5.749483704566955566e-01 2.827550284564495087e-03
5.210589170455932617e-01 4.759271442890167236e-01 -5.777535215020179749e-02
5.241344571113586426e-01 4.598948955535888672e-01 -6.097377091646194458e-02
6.175137162208557129e-01 3.463428020477294922e-01 1.974013261497020721e-02
5.457706451416015625e-01 4.247827529907226562e-01 -5.592710804194211960e-03
5.442225337028503418e-01 4.765975177288055420e-01 -2.854027785360813141e-02
5.456264615058898926e-01 4.679996371269226074e-01 -2.509206533432006836e-02
5.973131060600280762e-01 4.729608893394470215e-01 1.255065854638814926e-02
5.247343182563781738e-01 4.392748475074768066e-01 -5.387106910347938538e-02
5.948205590248107910e-01 3.238605856895446777e-01 -6.999722099862992764e-04
6.089587807655334473e-01 3.315605521202087402e-01 8.992494083940982819e-03
6.266627311706542969e-01 3.036528229713439941e-01 5.706143751740455627e-02
5.448964238166809082e-01 3.358400166034698486e-01 -1.327081862837076187e-02
5.587979555130004883e-01 3.558431863784790039e-01 7.371834013611078262e-03
5.591097474098205566e-01 5.608294010162353516e-01 6.416223943233489990e-03
6.137844324111938477e-01 5.595038533210754395e-01 1.079515889286994934e-01
5.347275733947753906e-01 4.847905635833740234e-01 -2.511976845562458038e-02
5.261643528938293457e-01 4.885057210922241211e-01 -2.702731639146804810e-02
5.444079041481018066e-01 5.566610097885131836e-01 4.309016745537519455e-03
5.416088700294494629e-01 5.559529066085815430e-01 6.827945471741259098e-04
6.147266626358032227e-01 3.223265409469604492e-01 1.478714589029550552e-02
5.433662533760070801e-01 4.845420122146606445e-01 -2.257716469466686249e-02
5.745258331298828125e-01 3.239601254463195801e-01 -8.394083008170127869e-03
5.772047042846679688e-01 3.115712702274322510e-01 -1.029617059975862503e-02
5.878755450248718262e-01 2.606358826160430908e-01 1.187718380242586136e-02
6.198841333389282227e-01 3.160155415534973145e-01 3.255496174097061157e-02
5.809596180915832520e-01 2.873167693614959717e-01 -8.777659240877255797e-05
6.235521435737609863e-01 3.410621285438537598e-01 2.987474016845226288e-02
6.284298896789550781e-01 3.412158489227294922e-01 5.267438292503356934e-02
5.175740718841552734e-01 5.399354696273803711e-01 -2.893693745136260986e-02
5.273866057395935059e-01 5.438578724861145020e-01 -2.201043441891670227e-02
5.342301130294799805e-01 5.481898784637451172e-01 -1.427504885941743851e-02
5.317593812942504883e-01 4.876376092433929443e-01 -2.297573909163475037e-02
5.429726839065551758e-01 5.563642978668212891e-01 2.322462620213627815e-03
5.390594005584716797e-01 5.597578287124633789e-01 -4.930138587951660156e-03
5.400621294975280762e-01 5.555344223976135254e-01 2.890785108320415020e-04
5.312938094139099121e-01 4.776587486267089844e-01 -4.044359922409057617e-02
5.290719270706176758e-01 5.516810417175292969e-01 -1.046522893011569977e-02
5.226473212242126465e-01 5.500769615173339844e-01 -1.564192585647106171e-02
5.145570039749145508e-01 5.493315458297729492e-01 -2.007685787975788116e-02
5.133369565010070801e-01 5.987856388092041016e-01 -1.205504871904850006e-02
5.168532729148864746e-01 5.836933851242065430e-01 -2.209431305527687073e-02
5.165655016899108887e-01 5.731109380722045898e-01 -2.322113886475563049e-02
5.157113075256347656e-01 5.620264410972595215e-01 -2.060167491436004639e-02
5.143714547157287598e-01 5.535658597946166992e-01 -1.914729364216327667e-02
5.289784669876098633e-01 5.537657737731933594e-01 -9.671960957348346710e-03
5.317310690879821777e-01 5.584015846252441406e-01 -1.138267852365970612e-02
5.345574617385864258e-01 5.642317533493041992e-01 -1.310684811323881149e-02
5.368673801422119141e-01 5.703842043876647949e-01 -1.118817180395126343e-02
5.501415133476257324e-01 5.301830768585205078e-01 -1.014884468168020248e-02
6.313063502311706543e-01 4.782639145851135254e-01 1.267332583665847778e-01
5.337831974029541016e-01 5.542654395103454590e-01 -3.847522661089897156e-03
5.364176630973815918e-01 5.569191575050354004e-01 -5.056681577116250992e-03
5.226276516914367676e-01 4.946351647377014160e-01 -2.773213386535644531e-02
5.383979678153991699e-01 4.941765964031219482e-01 -1.518534217029809952e-02
5.243223905563354492e-01 4.916660487651824951e-01 -2.761245518922805786e-02
5.562665462493896484e-01 4.363557994365692139e-01 -1.207685680128633976e-03
5.735847949981689453e-01 4.500836730003356934e-01 2.949975430965423584e-03
5.463792681694030762e-01 4.760855138301849365e-01 -1.881167665123939514e-02
6.124109625816345215e-01 2.786399126052856445e-01 3.302521258592605591e-02
6.052277088165283203e-01 2.974447607994079590e-01 1.539635565131902695e-02
5.992082953453063965e-01 3.122296333312988281e-01 1.681842724792659283e-03
5.404277443885803223e-01 5.845749974250793457e-01 -3.159432439133524895e-03
5.501601696014404297e-01 3.147974014282226562e-01 -1.710766367614269257e-02
5.544270873069763184e-01 2.838220596313476562e-01 -9.735922329127788544e-03
5.599606037139892578e-01 2.504512071609497070e-01 -1.448288559913635254e-03
5.942744612693786621e-01 4.002155959606170654e-01 1.870462857186794281e-02
6.167752146720886230e-01 4.203616380691528320e-01 3.584210947155952454e-02
5.484924912452697754e-01 3.876276910305023193e-01 1.013808324933052063e-02
6.118241548538208008e-01 3.699777722358703613e-01 2.487194351851940155e-02
5.393184423446655273e-01 4.124741554260253906e-01 -9.870795533061027527e-03
5.391942262649536133e-01 4.686520993709564209e-01 -3.980883955955505371e-02
6.277173161506652832e-01 4.351310729980468750e-01 4.869419708847999573e-02
6.087203621864318848e-01 4.314020574092864990e-01 2.507518045604228973e-02
5.943430662155151367e-01 4.357959330081939697e-01 1.375660207122564316e-02
5.736033916473388672e-01 4.296112358570098877e-01 7.872715592384338379e-03
5.588431358337402344e-01 4.201644361019134521e-01 4.531875718384981155e-03
5.479804873466491699e-01 4.108661413192749023e-01 9.831682546064257622e-04
5.274141430854797363e-01 3.880829811096191406e-01 -2.175179496407508850e-02
6.232289671897888184e-01 4.702100157737731934e-01 4.489428922533988953e-02
6.193385720252990723e-01 3.691734671592712402e-01 3.095044195652008057e-02
5.162795782089233398e-01 4.840765595436096191e-01 -5.257103964686393738e-02
5.437030196189880371e-01 4.413179159164428711e-01 -1.076321303844451904e-02
6.387357711791992188e-01 4.048788249492645264e-01 1.203086078166961670e-01
5.399930477142333984e-01 4.008983969688415527e-01 -9.189944248646497726e-04
5.467616319656372070e-01 4.774997830390930176e-01 -7.780222687870264053e-03
6.053410172462463379e-01 3.828746080398559570e-01 2.783106453716754913e-02
5.402261614799499512e-01 4.582124352455139160e-01 -3.546003997325897217e-02
6.245012879371643066e-01 5.179874300956726074e-01 1.203942447900772095e-01
5.489013791084289551e-01 3.817285299301147461e-01 1.314409077167510986e-02
5.330930352210998535e-01 4.467098116874694824e-01 -4.671056568622589111e-02
5.891075134277343750e-01 5.955725312232971191e-01 4.556135833263397217e-02
5.873416066169738770e-01 6.142576932907104492e-01 6.620505452156066895e-02
6.326979398727416992e-01 4.754382073879241943e-01 8.547788858413696289e-02
6.037486195564270020e-01 5.751982927322387695e-01 6.054840981960296631e-02
6.333431005477905273e-01 3.709360361099243164e-01 7.037054002285003662e-02
5.402182936668395996e-01 6.425487995147705078e-01 8.522211574018001556e-03
5.142826437950134277e-01 4.880090653896331787e-01 -3.807816281914710999e-02
5.522432923316955566e-01 4.554542005062103271e-01 -6.363093852996826172e-03
6.272912025451660156e-01 4.003221988677978516e-01 5.330158397555351257e-02
5.852730274200439453e-01 3.924750089645385742e-01 1.435661036521196365e-02
5.756996870040893555e-01 3.921271860599517822e-01 1.109001785516738892e-02
5.414997339248657227e-01 5.628006458282470703e-01 -2.947865985333919525e-03
6.178634166717529297e-01 5.032981634140014648e-01 4.757739976048469543e-02
5.175852775573730469e-01 6.637848615646362305e-01 1.108023244887590408e-02
5.539064407348632812e-01 6.451405286788940430e-01 3.517384827136993408e-02
5.697039961814880371e-01 6.327669620513916016e-01 4.878607019782066345e-02
5.664039850234985352e-01 3.894694745540618896e-01 1.006453018635511398e-02
5.576916933059692383e-01 3.857437968254089355e-01 1.116037461906671524e-02
5.518018603324890137e-01 3.836709558963775635e-01 1.317500881850719452e-02
6.261809468269348145e-01 3.677418828010559082e-01 4.295273870229721069e-02
5.604176521301269531e-01 3.707107007503509521e-01 9.656197391450405121e-03
5.707102417945861816e-01 3.660055398941040039e-01 8.382217027246952057e-03
5.807861685752868652e-01 3.655886650085449219e-01 9.448587894439697266e-03
5.903860926628112793e-01 3.691150844097137451e-01 1.261951215565204620e-02
5.959874391555786133e-01 3.743269741535186768e-01 1.644930429756641388e-02
6.385756134986877441e-01 3.660240769386291504e-01 1.026821807026863098e-01
5.919671654701232910e-01 3.905103504657745361e-01 1.824322156608104706e-02
5.411843657493591309e-01 5.192312002182006836e-01 -1.627716235816478729e-02
5.352756977081298828e-01 4.817089140415191650e-01 -2.914671227335929871e-02
5.222988724708557129e-01 5.104610919952392578e-01 -2.732507325708866119e-02
5.730497837066650391e-01 6.144714355468750000e-01 3.370873257517814636e-02
5.573581457138061523e-01 6.285428404808044434e-01 2.169957198202610016e-02
5.191122293472290039e-01 6.521968245506286621e-01 -3.413155209273099899e-03
6.010394692420959473e-01 5.917584896087646484e-01 8.806695789098739624e-02
5.526027679443359375e-01 3.774089813232421875e-01 1.174113526940345764e-02
5.326694846153259277e-01 4.156177341938018799e-01 -2.569166943430900574e-02
5.371759533882141113e-01 6.561231613159179688e-01 2.107308991253376007e-02
6.260147690773010254e-01 5.119583010673522949e-01 8.267066627740859985e-02
5.225074291229248047e-01 5.535120368003845215e-01 -1.470574922859668732e-02
5.250076651573181152e-01 5.604704022407531738e-01 -1.643051765859127045e-02
5.271201133728027344e-01 5.692063570022583008e-01 -1.849110051989555359e-02
5.285524725914001465e-01 5.788700580596923828e-01 -1.717706583440303802e-02
5.283705592155456543e-01 5.930882692337036133e-01 -8.927622810006141663e-03
5.363928079605102539e-01 5.530231595039367676e-01 -5.344185512512922287e-03
5.390833020210266113e-01 5.523895621299743652e-01 -5.089330021291971207e-03
5.414972901344299316e-01 5.512961745262145996e-01 -4.908556118607521057e-03
5.563654303550720215e-01 5.445995926856994629e-01 -1.852898858487606049e-03
6.023104190826416016e-01 5.099284052848815918e-01 2.403508871793746948e-02
5.332812666893005371e-01 3.990163207054138184e-01 -1.500953547656536102e-02
5.416508316993713379e-01 3.672147095203399658e-01 4.621627274900674820e-03
5.481777191162109375e-01 3.700496554374694824e-01 9.519967250525951385e-03
5.338804125785827637e-01 5.534541606903076172e-01 -4.289416596293449402e-03
6.001303791999816895e-01 5.503838062286376953e-01 3.985115140676498413e-02
5.315744280815124512e-01 3.649514317512512207e-01 -9.959364309906959534e-03
5.340003371238708496e-01 6.087789535522460938e-01 -2.733440138399600983e-03
5.263206958770751953e-01 4.056923985481262207e-01 -3.349093720316886902e-02
5.377604961395263672e-01 4.434312582015991211e-01 -2.566592209041118622e-02
5.159299373626708984e-01 6.156949400901794434e-01 -9.793411940336227417e-03
5.612447857856750488e-01 5.825034976005554199e-01 1.003686618059873581e-02
5.548354983329772949e-01 4.920115768909454346e-01 -4.768875427544116974e-03
5.487780570983886719e-01 5.979112386703491211e-01 3.886293619871139526e-03
5.801558494567871094e-01 4.920977652072906494e-01 1.276562456041574478e-03
5.635220408439636230e-01 5.097683668136596680e-01 -2.731121843680739403e-03
5.864942073822021484e-01 5.202865004539489746e-01 1.016174536198377609e-02
5.185842514038085938e-01 6.353487968444824219e-01 -8.963676169514656067e-03
5.427884459495544434e-01 4.544077515602111816e-01 -1.749039068818092346e-02
5.704537630081176758e-01 5.957233905792236328e-01 2.097415179014205933e-02
5.549088716506958008e-01 6.115679740905761719e-01 1.274267770349979401e-02
5.712412595748901367e-01 5.634250640869140625e-01 1.232275925576686859e-02
6.122279167175292969e-01 5.313186049461364746e-01 5.061881989240646362e-02
5.852885246276855469e-01 5.670952796936035156e-01 2.392127364873886108e-02
6.173095703125000000e-01 5.454836487770080566e-01 7.677315175533294678e-02
5.695360302925109863e-01 5.328527688980102539e-01 2.910502487793564796e-03
5.379230380058288574e-01 4.281806349754333496e-01 -1.766492612659931183e-02
5.350301861763000488e-01 4.753379225730895996e-01 -4.245830699801445007e-02
5.401950478553771973e-01 4.813761413097381592e-01 -3.021918609738349915e-02
5.324634909629821777e-01 4.634055197238922119e-01 -5.067021772265434265e-02
5.523516535758972168e-01 3.504627346992492676e-01 1.891224412247538567e-03
5.719964504241943359e-01 3.394170403480529785e-01 1.203162129968404770e-03
5.885459184646606445e-01 3.384609818458557129e-01 3.042607801035046577e-03
6.013123989105224609e-01 3.439646959304809570e-01 8.329894393682479858e-03
6.092844009399414062e-01 3.541364073753356934e-01 1.561763230711221695e-02
6.109874844551086426e-01 3.885725140571594238e-01 3.274972736835479736e-02
6.369174718856811523e-01 4.400146007537841797e-01 8.410256356000900269e-02
6.006065607070922852e-01 4.130460321903228760e-01 2.306848205626010895e-02
5.888799428939819336e-01 4.167376756668090820e-01 1.562431268393993378e-02
5.743796825408935547e-01 4.141842722892761230e-01 1.022736914455890656e-02
5.609108209609985352e-01 4.080638587474822998e-01 7.208638824522495270e-03
5.506356954574584961e-01 4.011482894420623779e-01 6.381781306117773056e-03
5.435420870780944824e-01 3.948305547237396240e-01 5.310493987053632736e-03
6.354399919509887695e-01 4.412443935871124268e-01 1.275144517421722412e-01
5.391346216201782227e-01 4.861974716186523438e-01 -2.478287927806377411e-02
5.320515632629394531e-01 4.306183755397796631e-01 -3.467159345746040344e-02
5.283491015434265137e-01 4.747596383094787598e-01 -5.180986225605010986e-02
5.214481353759765625e-01 4.823767840862274170e-01 -4.785780236124992371e-02
5.274461507797241211e-01 4.777568280696868896e-01 -4.638310149312019348e-02
5.354949235916137695e-01 4.909226000308990479e-01 -2.138545736670494080e-02
5.195769667625427246e-01 4.835216104984283447e-01 -5.094259977340698242e-02
5.176323056221008301e-01 4.874364435672760010e-01 -3.795901685953140259e-02
5.448037981986999512e-01 3.816226422786712646e-01 1.111489906907081604e-02
5.383725166320800781e-01 3.848721385002136230e-01 3.921168390661478043e-03
5.343864560127258301e-01 3.871075212955474854e-01 -4.095626063644886017e-03
5.990079641342163086e-01 3.783980906009674072e-01 2.038276009261608124e-02
6.068226695060729980e-01 3.700769245624542236e-01 2.116862684488296509e-02
4.546055197715759277e-01 3.630467653274536133e-01 5.585905164480209351e-03
4.663201272487640381e-01 3.638167083263397217e-01 5.585905164480209351e-03
4.554411768913269043e-01 3.480778932571411133e-01 5.585905164480209351e-03
4.426902830600738525e-01 3.622291684150695801e-01 5.585905164480209351e-03
4.536762535572052002e-01 3.778559267520904541e-01 5.585905164480209351e-03
5.773615837097167969e-01 3.781891167163848877e-01 1.418591011315584183e-02
5.890671014785766602e-01 3.794575631618499756e-01 1.418591011315584183e-02
5.783169269561767578e-01 3.635038137435913086e-01 1.418591011315584183e-02
5.656013488769531250e-01 3.768334388732910156e-01 1.418591011315584183e-02
5.764520168304443359e-01 3.928115367889404297e-01 1.418591011315584183e-02
