5.033743977546691895e-01 4.915084838867187500e-01 -4.426267743110656738e-02
5.044463872909545898e-01 4.302448034286499023e-01 -6.225354596972465515e-02
5.028141736984252930e-01 4.525103569030761719e-01 -3.801034763455390930e-02
4.985325932502746582e-01 3.822132945060729980e-01 -3.909868001937866211e-02
5.056158900260925293e-01 4.137251377105712891e-01 -6.378027796745300293e-02
5.070047974586486816e-01 3.950139284133911133e-01 -5.610407888889312744e-02
5.103206634521484375e-01 3.521642684936523438e-01 -1.617456041276454926e-02
4.318766295909881592e-01 3.463986515998840332e-01 2.691932953894138336e-02
5.129742026329040527e-01 3.130300641059875488e-01 -1.724080881103873253e-03
5.143773555755615234e-01 2.915678024291992188e-01 4.880655324086546898e-04
5.182580947875976562e-01 2.266550809144973755e-01 2.688918821513652802e-02
5.031285285949707031e-01 4.951139986515045166e-01 -4.400042816996574402e-02
5.027555823326110840e-01 4.990990757942199707e-01 -4.123952239751815796e-02
5.024964213371276855e-01 5.016737580299377441e-01 -3.726561740040779114e-02
5.006346106529235840e-01 5.481126308441162109e-01 -3.332836553454399109e-02
5.005655288696289062e-01 5.527037978172302246e-01 -3.638173267245292664e-02
5.001718997955322266e-01 5.586584806442260742e-01 -3.961359336972236633e-02
4.995623528957366943e-01 5.650683045387268066e-01 -3.861568123102188110e-02
4.940847754478454590e-01 5.744294524192810059e-01 -3.002205863595008850e-02
5.036985278129577637e-01 4.404739737510681152e-01 -5.776231363415718079e-02
4.939612746238708496e-01 4.416936933994293213e-01 -4.328030347824096680e-02
3.910173475742340088e-01 2.992526590824127197e-01 9.176801890134811401e-02
4.611658453941345215e-01 3.624954819679260254e-01 1.385167427361011505e-02
4.496397376060485840e-01 3.633290529251098633e-01 1.438103523105382919e-02
4.389375448226928711e-01 3.617505431175231934e-01 1.749580539762973785e-02
4.259259104728698730e-01 3.522767126560211182e-01 2.739526331424713135e-02
4.715861380100250244e-01 3.584295809268951416e-01 1.576954871416091919e-02
4.498281478881835938e-01 3.105795979499816895e-01 1.486615836620330811e-02
4.625762104988098145e-01 3.133836388587951660e-01 1.557058002799749374e-02
4.374514818191528320e-01 3.132719099521636963e-01 1.790389791131019592e-02
4.289393424987792969e-01 3.204929828643798828e-01 2.180899120867252350e-02
4.142754673957824707e-01 3.630366325378417969e-01 3.126045316457748413e-02
4.488863050937652588e-01 5.921447873115539551e-01 -2.190843597054481506e-02
4.282265901565551758e-01 3.418535292148590088e-01 3.110545314848423004e-02
3.794413208961486816e-01 3.654319047927856445e-01 8.286212384700775146e-02
4.017990529537200928e-01 3.513349890708923340e-01 4.468796402215957642e-02
4.481083750724792480e-01 4.255136251449584961e-01 -9.369835257530212402e-03
4.875798225402832031e-01 4.873680174350738525e-01 -4.240613803267478943e-02
4.888540506362915039e-01 4.979768395423889160e-01 -3.960399702191352844e-02
4.718208611011505127e-01 4.935894608497619629e-01 -3.639718517661094666e-02
4.617416858673095703e-01 5.023003816604614258e-01 -2.829622663557529449e-02
4.770166277885437012e-01 5.010139346122741699e-01 -3.492758795619010925e-02
4.681891202926635742e-01 5.066579580307006836e-01 -2.719420753419399261e-02
4.436353445053100586e-01 5.351560711860656738e-01 -1.456748042255640030e-02
4.952659606933593750e-01 4.293104112148284912e-01 -6.123497337102890015e-02
4.948166608810424805e-01 4.135590791702270508e-01 -6.243986636400222778e-02
4.136961102485656738e-01 3.033921420574188232e-01 2.922051586210727692e-02
4.739714264869689941e-01 3.882248997688293457e-01 -3.355567110702395439e-03
4.697877466678619385e-01 4.298612177371978760e-01 -3.387122601270675659e-02
4.692320823669433594e-01 4.227288365364074707e-01 -2.942748740315437317e-02
4.137895703315734863e-01 4.239752590656280518e-01 4.752743523567914963e-03
4.966815114021301270e-01 3.962413072586059570e-01 -5.280651152133941650e-02
4.424307644367218018e-01 2.818552255630493164e-01 1.270949002355337143e-02
4.261010885238647461e-01 2.891327738761901855e-01 2.063800208270549774e-02
4.053259491920471191e-01 2.687254548072814941e-01 7.498180121183395386e-02
4.912170767784118652e-01 2.988803386688232422e-01 1.782874576747417450e-03
4.732735753059387207e-01 3.219149410724639893e-01 1.827605813741683960e-02
4.372931718826293945e-01 5.164211988449096680e-01 -1.036996114999055862e-02
3.817616701126098633e-01 5.242665410041809082e-01 8.253961056470870972e-02
4.778894484043121338e-01 4.395950436592102051e-01 -3.084377013146877289e-02
4.863895177841186523e-01 4.451916813850402832e-01 -3.330596536397933960e-02
4.519344568252563477e-01 5.239835381507873535e-01 -1.146179344505071640e-02
4.555621147155761719e-01 5.240140557289123535e-01 -1.443203911185264587e-02
4.205158352851867676e-01 2.797672748565673828e-01 2.829873561859130859e-02
4.687854051589965820e-01 4.388241469860076904e-01 -2.901655808091163635e-02
4.633799195289611816e-01 2.831920087337493896e-01 6.354267708957195282e-03
4.624808132648468018e-01 2.708709239959716797e-01 6.696140859276056290e-03
4.535492360591888428e-01 2.298223823308944702e-01 3.853760287165641785e-02
4.127933084964752197e-01 2.786962389945983887e-01 4.927056282758712769e-02
4.584870040416717529e-01 2.542933821678161621e-01 2.300877496600151062e-02
4.069887995719909668e-01 2.980420589447021484e-01 4.059795662760734558e-02
3.989309966564178467e-01 3.036322593688964844e-01 6.559144705533981323e-02
4.878254830837249756e-01 4.929541051387786865e-01 -4.227719455957412720e-02
4.742560386657714844e-01 4.975343346595764160e-01 -3.629986569285392761e-02
4.647343158721923828e-01 5.044909119606018066e-01 -2.878026664257049561e-02
4.803041815757751465e-01 4.434020817279815674e-01 -2.897473983466625214e-02
4.537712335586547852e-01 5.240964293479919434e-01 -1.301803439855575562e-02
4.571685791015625000e-01 5.324749946594238281e-01 -1.991179399192333221e-02
4.571752548217773438e-01 5.238037705421447754e-01 -1.470042206346988678e-02
4.835358262062072754e-01 4.314200878143310547e-01 -4.492834582924842834e-02
4.708453118801116943e-01 5.073110461235046387e-01 -2.602803707122802734e-02
4.793848693370819092e-01 5.025791525840759277e-01 -3.150141611695289612e-02
4.900425672531127930e-01 5.006765723228454590e-01 -3.585160151124000549e-02
4.780332148075103760e-01 5.713444352149963379e-01 -2.968590147793292999e-02
4.820838272571563721e-01 5.606424212455749512e-01 -3.771956264972686768e-02
4.836543202400207520e-01 5.545712709426879883e-01 -3.812649846076965332e-02
4.854376614093780518e-01 5.489128828048706055e-01 -3.466244041919708252e-02
4.872664213180541992e-01 5.448628067970275879e-01 -3.182201087474822998e-02
4.690221548080444336e-01 5.364333987236022949e-01 -2.298770286142826080e-02
4.660737216472625732e-01 5.376687049865722656e-01 -2.546345442533493042e-02
4.623913466930389404e-01 5.397775173187255859e-01 -2.793692611157894135e-02
4.592932164669036865e-01 5.424143671989440918e-01 -2.661147899925708771e-02
4.523135125637054443e-01 4.835603535175323486e-01 -2.248794957995414734e-02
3.728236258029937744e-01 4.429299533367156982e-01 1.136419475078582764e-01
5.032552480697631836e-01 4.461269974708557129e-01 -4.458258301019668579e-02
4.632280170917510986e-01 5.317267179489135742e-01 -1.776376739144325256e-02
4.602019786834716797e-01 5.319250226020812988e-01 -1.953472755849361420e-02
4.887866377830505371e-01 4.518626034259796143e-01 -3.531103953719139099e-02
4.716801047325134277e-01 4.499177932739257812e-01 -2.266542427241802216e-02
4.876919388771057129e-01 4.486006498336791992e-01 -3.442420810461044312e-02
4.609761238098144531e-01 3.970719277858734131e-01 -1.692801015451550484e-03
4.415376782417297363e-01 4.060116708278656006e-01 -3.452819655649363995e-04
4.668234884738922119e-01 4.312251806259155273e-01 -2.434138022363185883e-02
4.251743257045745850e-01 2.446276992559432983e-01 5.550744011998176575e-02
4.317524433135986328e-01 2.614955306053161621e-01 3.538879379630088806e-02
4.392373263835906982e-01 2.705993354320526123e-01 1.746994443237781525e-02
4.516028463840484619e-01 5.487251281738281250e-01 -2.084372006356716156e-02
4.895939230918884277e-01 2.771478295326232910e-01 1.338115660473704338e-03
4.856316149234771729e-01 2.551602125167846680e-01 1.567941531538963318e-02
4.833963513374328613e-01 2.249113023281097412e-01 2.853763289749622345e-02
4.303836822509765625e-01 3.581940829753875732e-01 2.248059399425983429e-02
4.002138078212738037e-01 3.746392130851745605e-01 3.564810380339622498e-02
4.787631630897521973e-01 3.538562357425689697e-01 1.809343323111534119e-02
4.165153801441192627e-01 3.284504413604736328e-01 3.154474124312400818e-02
4.829715490341186523e-01 3.776084780693054199e-01 -5.690183956176042557e-03
4.769763946533203125e-01 4.216210246086120605e-01 -4.359900951385498047e-02
3.871774375438690186e-01 3.897022008895874023e-01 4.551047086715698242e-02
4.074006378650665283e-01 3.849369585514068604e-01 2.328974008560180664e-02
4.220811128616333008e-01 3.906494081020355225e-01 1.209848746657371521e-02
4.446364045143127441e-01 3.886789083480834961e-01 7.668202277272939682e-03
4.613746404647827148e-01 3.826757967472076416e-01 6.424499209970235825e-03
4.745270311832427979e-01 3.753273785114288330e-01 5.025516264140605927e-03
4.994637370109558105e-01 3.554854393005371094e-01 -1.255262922495603561e-02
3.867855966091156006e-01 4.223109483718872070e-01 3.629383072257041931e-02
4.069862663745880127e-01 3.262175023555755615e-01 3.785243630409240723e-02
4.984004795551300049e-01 4.394762217998504639e-01 -5.710884183645248413e-02
4.738182425498962402e-01 4.020408987998962402e-01 -1.124907378107309341e-02
3.749371170997619629e-01 3.706960976123809814e-01 1.193739026784896851e-01
4.846851229667663574e-01 3.665073513984680176e-01 5.228620488196611404e-03
4.654614627361297607e-01 4.340069293975830078e-01 -1.345659513026475906e-02
4.225622415542602539e-01 3.419706821441650391e-01 3.295770287513732910e-02
4.769179821014404297e-01 4.131886661052703857e-01 -3.795734047889709473e-02
3.753489851951599121e-01 4.822737574577331543e-01 1.012214571237564087e-01
4.801046252250671387e-01 3.483000099658966064e-01 2.218365669250488281e-02
4.867578148841857910e-01 4.026415646076202393e-01 -4.725107923150062561e-02
4.034289121627807617e-01 5.557141900062561035e-01 2.088549360632896423e-02
4.016531705856323242e-01 5.798026323318481445e-01 3.637658432126045227e-02
3.747299909591674805e-01 4.327726066112518311e-01 7.525348663330078125e-02
3.916081190109252930e-01 5.342959165573120117e-01 3.675155714154243469e-02
3.888930678367614746e-01 3.326564431190490723e-01 7.803784310817718506e-02
4.445923268795013428e-01 6.105126142501831055e-01 -1.903866976499557495e-02
4.991565048694610596e-01 4.452053904533386230e-01 -4.381405934691429138e-02
4.627450704574584961e-01 4.139689505100250244e-01 -9.357603266835212708e-03
3.910475969314575195e-01 3.556136488914489746e-01 5.567561835050582886e-02
4.416930675506591797e-01 3.523563444614410400e-01 1.974509097635746002e-02
4.508756697177886963e-01 3.545204401016235352e-01 1.703798025846481323e-02
4.543092548847198486e-01 5.333310961723327637e-01 -1.856253296136856079e-02
3.872525691986083984e-01 4.558649063110351562e-01 3.346971422433853149e-02
4.639347493648529053e-01 6.380310058593750000e-01 -1.910603605210781097e-02
4.297235608100891113e-01 6.144807934761047363e-01 5.229630507528781891e-03
4.162362813949584961e-01 6.001781821250915527e-01 1.896454952657222748e-02
5.162889957427978516e-01 2.588652968406677246e-01 1.350860204547643661e-02
4.897601008415222168e-01 6.440351009368896484e-01 -2.225507423281669617e-02
4.604710638523101807e-01 3.541088104248046875e-01 1.691283844411373138e-02
4.699613451957702637e-01 3.518339693546295166e-01 1.892299577593803406e-02
4.765191972255706787e-01 3.500980734825134277e-01 2.177439630031585693e-02
3.983597159385681152e-01 3.246061801910400391e-01 4.997344687581062317e-02
4.704464673995971680e-01 3.371612131595611572e-01 1.918175071477890015e-02
4.606104791164398193e-01 3.325388431549072266e-01 1.746344752609729767e-02
4.509267210960388184e-01 3.313393294811248779e-01 1.783919148147106171e-02
4.412240087985992432e-01 3.331988751888275146e-01 2.012333273887634277e-02
4.349159598350524902e-01 3.366323709487915039e-01 2.319130860269069672e-02
3.812656700611114502e-01 3.315507173538208008e-01 1.087338924407958984e-01
4.358176589012145996e-01 3.494120240211486816e-01 2.348916791379451752e-02
5.017211437225341797e-01 4.659935235977172852e-01 -3.733117505908012390e-02
4.639236330986022949e-01 4.730016887187957764e-01 -2.730301953852176666e-02
4.780054390430450439e-01 4.357711076736450195e-01 -3.402332589030265808e-02
4.860184490680694580e-01 4.660205543041229248e-01 -3.659262880682945251e-02
5.115936398506164551e-01 3.346261680126190186e-01 -4.583953879773616791e-03
4.161812663078308105e-01 5.771127343177795410e-01 7.848174311220645905e-03
4.295388460159301758e-01 5.938337445259094238e-01 -5.140711553394794464e-03
4.649610221385955811e-01 6.235775947570800781e-01 -3.092248924076557159e-02
3.910477161407470703e-01 5.571018457412719727e-01 5.925518274307250977e-02
4.772336483001708984e-01 3.437840640544891357e-01 2.110931091010570526e-02
4.904510676860809326e-01 3.783738911151885986e-01 -2.113969251513481140e-02
4.905724525451660156e-01 6.294050216674804688e-01 -3.380845859646797180e-02
4.449683129787445068e-01 6.273740530014038086e-01 -9.156752377748489380e-03
3.764669895172119141e-01 4.694887697696685791e-01 6.672550737857818604e-02
4.769640266895294189e-01 5.408244132995605469e-01 -2.781077474355697632e-02
4.739983975887298584e-01 5.434291958808898926e-01 -3.049345128238201141e-02
4.709425568580627441e-01 5.476416945457458496e-01 -3.322666510939598083e-02
4.685351550579071045e-01 5.526378750801086426e-01 -3.259292617440223694e-02
4.626679420471191406e-01 5.615279078483581543e-01 -2.672651410102844238e-02
4.610215425491333008e-01 5.142967700958251953e-01 -2.017680183053016663e-02
4.577794671058654785e-01 5.132353901863098145e-01 -1.990371756255626678e-02
4.550795853137969971e-01 5.117465257644653320e-01 -1.950108259916305542e-02
4.430848360061645508e-01 4.982165396213531494e-01 -1.584787108004093170e-02
4.030057489871978760e-01 4.612633287906646729e-01 1.032568514347076416e-02
4.915127754211425781e-01 3.653028905391693115e-01 -8.198525756597518921e-03
4.889753460884094238e-01 3.340549767017364502e-01 1.614555716514587402e-02
4.820102751255035400e-01 3.367058038711547852e-01 2.010226994752883911e-02
4.636260271072387695e-01 5.140926241874694824e-01 -1.960883475840091705e-02
3.990448415279388428e-01 5.052762031555175781e-01 2.044902928173542023e-02
4.991018176078796387e-01 3.324050605297088623e-01 2.181494841352105141e-03
4.556764066219329834e-01 5.758909583091735840e-01 -2.345073781907558441e-02
5.081636905670166016e-01 3.803263604640960693e-01 -4.245191067457199097e-02
4.988195002079010010e-01 3.694557547569274902e-01 -2.649860456585884094e-02
5.091873407363891602e-01 3.666900396347045898e-01 -2.863961644470691681e-02
4.807608127593994141e-01 4.022570252418518066e-01 -2.560225501656532288e-02
4.917778372764587402e-01 6.107357740402221680e-01 -3.625036031007766724e-02
4.930892586708068848e-01 5.908427834510803223e-01 -3.273454308509826660e-02
4.734757840633392334e-01 5.870439410209655762e-01 -3.054180555045604706e-02
4.326730966567993164e-01 5.413609743118286133e-01 -9.255767799913883209e-03
4.549077153205871582e-01 4.473092555999755859e-01 -1.245092879980802536e-02
4.423170685768127441e-01 5.608640313148498535e-01 -1.633536815643310547e-02
4.291748702526092529e-01 4.441347420215606689e-01 -8.175719529390335083e-03
4.432404637336730957e-01 4.634740352630615234e-01 -1.309207547456026077e-02
4.182716310024261475e-01 4.720948040485382080e-01 -3.246839158236980438e-03
4.682921171188354492e-01 6.056073904037475586e-01 -3.306386619806289673e-02
4.731658697128295898e-01 4.126874208450317383e-01 -1.959668286144733429e-02
4.218378365039825439e-01 5.554093122482299805e-01 -1.408653333783149719e-03
4.346876144409179688e-01 5.748074054718017578e-01 -1.086921431124210358e-02
4.262422323226928711e-01 5.183794498443603516e-01 -5.729081574827432632e-03
3.890074789524078369e-01 4.855719208717346191e-01 3.256526961922645569e-02
4.116789102554321289e-01 5.226753950119018555e-01 4.390763584524393082e-03
3.813891410827636719e-01 5.038136839866638184e-01 5.561019107699394226e-02
4.331828653812408447e-01 4.857099354267120361e-01 -1.051829382777214050e-02
4.824555218219757080e-01 3.900638520717620850e-01 -1.574037969112396240e-02
4.802339375019073486e-01 4.282137453556060791e-01 -4.658347368240356445e-02
4.731394052505493164e-01 4.346413314342498779e-01 -3.586779907345771790e-02
4.854351878166198730e-01 4.163914918899536133e-01 -5.327613279223442078e-02
4.809929132461547852e-01 3.152000010013580322e-01 1.481894403696060181e-02
4.631165266036987305e-01 3.021317124366760254e-01 1.381313893944025040e-02
4.469689130783081055e-01 2.995471358299255371e-01 1.417172607034444809e-02
4.329773783683776855e-01 3.037382364273071289e-01 1.792579144239425659e-02
4.227068722248077393e-01 3.128226399421691895e-01 2.406494319438934326e-02
4.134030044078826904e-01 3.464876413345336914e-01 3.706732019782066345e-02
3.752810359001159668e-01 3.983929753303527832e-01 7.949756085872650146e-02
4.200221300125122070e-01 3.694628477096557617e-01 2.443507686257362366e-02
4.312418997287750244e-01 3.743594288825988770e-01 1.727473549544811249e-02
4.465555250644683838e-01 3.750061094760894775e-01 1.266067940741777420e-02
4.615093469619750977e-01 3.719642460346221924e-01 1.117810793220996857e-02
4.736047387123107910e-01 3.666983246803283691e-01 1.205891370773315430e-02
4.821785092353820801e-01 3.613356351852416992e-01 1.223562192171812057e-02
3.730681240558624268e-01 4.068470001220703125e-01 1.205594241619110107e-01
4.730423986911773682e-01 4.404837489128112793e-01 -3.099834360182285309e-02
4.894182384014129639e-01 3.902206718921661377e-01 -3.270432353019714355e-02
4.878712892532348633e-01 4.276264011859893799e-01 -5.547835677862167358e-02
4.934700131416320801e-01 4.375973939895629883e-01 -5.242491886019706726e-02
4.879738688468933105e-01 4.316580295562744141e-01 -5.046956241130828857e-02
4.756070971488952637e-01 4.465557634830474854e-01 -2.809925004839897156e-02
4.952148497104644775e-01 4.385378956794738770e-01 -5.557471141219139099e-02
4.959823787212371826e-01 4.441129565238952637e-01 -4.351717606186866760e-02
4.837328195571899414e-01 3.482288718223571777e-01 2.030098438262939453e-02
4.892692565917968750e-01 3.519813418388366699e-01 1.292664743959903717e-02
4.926843047142028809e-01 3.537786602973937988e-01 4.435152746737003326e-03
4.312247335910797119e-01 3.393507301807403564e-01 2.655634097754955292e-02
4.232662916183471680e-01 3.295585811138153076e-01 2.747792750597000122e-02
5.174847245216369629e-01 3.842949867248535156e-01 -3.890645876526832581e-02
5.919480919837951660e-01 3.644965291023254395e-01 2.818006090819835663e-02
5.130441784858703613e-01 4.440959095954895020e-01 -4.316702485084533691e-02
6.325590610504150391e-01 3.237838149070739746e-01 9.482429176568984985e-02
5.586531758308410645e-01 3.731266260147094727e-01 1.479877531528472900e-02
5.698150396347045898e-01 3.769209980964660645e-01 1.552731823176145554e-02
5.805647969245910645e-01 3.779264390468597412e-01 1.872232928872108459e-02
5.958577394485473633e-01 3.704945445060729980e-01 2.871076203882694244e-02
5.493371486663818359e-01 3.666989803314208984e-01 1.653499156236648560e-02
5.789508819580078125e-01 3.224106431007385254e-01 1.591942459344863892e-02
5.654183030128479004e-01 3.230949640274047852e-01 1.640304550528526306e-02
5.912542343139648438e-01 3.272908031940460205e-01 1.909836009144783020e-02
5.988857746124267578e-01 3.364109694957733154e-01 2.305950596928596497e-02
6.032596230506896973e-01 3.823764026165008545e-01 3.276414796710014343e-02
5.380776524543762207e-01 6.016705632209777832e-01 -2.143223583698272705e-02
5.965151786804199219e-01 3.597196340560913086e-01 3.239886462688446045e-02
6.370737552642822266e-01 3.923491537570953369e-01 8.430165052413940430e-02
6.163866519927978516e-01 3.714942634105682373e-01 4.614109545946121216e-02
5.617527961730957031e-01 4.385948479175567627e-01 -8.225612342357635498e-03
5.189407467842102051e-01 4.909165799617767334e-01 -4.221169278025627136e-02
5.158497095108032227e-01 5.011903047561645508e-01 -3.938833996653556824e-02
5.329297780990600586e-01 5.001937150955200195e-01 -3.604337945580482483e-02
5.409070253372192383e-01 5.113639831542968750e-01 -2.779057435691356659e-02
5.263601541519165039e-01 5.068379044532775879e-01 -3.459506854414939880e-02
5.336812138557434082e-01 5.146896839141845703e-01 -2.670163661241531372e-02
5.499423742294311523e-01 5.475534200668334961e-01 -1.394764333963394165e-02
5.136305093765258789e-01 4.314752221107482910e-01 -6.109988316893577576e-02
5.163477659225463867e-01 4.160262942314147949e-01 -6.233767420053482056e-02
6.138519644737243652e-01 3.207077980041503906e-01 3.060199879109859467e-02
5.412927865982055664e-01 3.957518041133880615e-01 -2.631884766742587090e-03
5.394941568374633789e-01 4.381634891033172607e-01 -3.341696038842201233e-02
5.412165522575378418e-01 4.310955405235290527e-01 -2.893271297216415405e-02
5.963553190231323242e-01 4.446373581886291504e-01 6.456088274717330933e-03
5.170465707778930664e-01 3.984801471233367920e-01 -5.263423919677734375e-02
5.898977518081665039e-01 2.947916984558105469e-01 1.406036224216222763e-02
6.045161485671997070e-01 3.044548928737640381e-01 2.212067320942878723e-02
6.228880286216735840e-01 2.906023263931274414e-01 7.757917046546936035e-02
5.389020442962646484e-01 3.044221401214599609e-01 2.438438823446631432e-03
5.533143281936645508e-01 3.299776911735534668e-01 1.895770058035850525e-02
5.590535998344421387e-01 5.310502052307128906e-01 -9.470936842262744904e-03
6.177641153335571289e-01 5.504584312438964844e-01 8.565279096364974976e-02
5.296602845191955566e-01 4.460424184799194336e-01 -3.059145994484424591e-02
5.202549695968627930e-01 4.494395852088928223e-01 -3.316124901175498962e-02
5.467045307159423828e-01 5.368764400482177734e-01 -1.076330430805683136e-02
5.432192683219909668e-01 5.359555482864379883e-01 -1.383030693978071213e-02
6.110329627990722656e-01 2.954226136207580566e-01 2.962461672723293304e-02
5.392194986343383789e-01 4.473012685775756836e-01 -2.855081297457218170e-02
5.690288543701171875e-01 2.933540642261505127e-01 7.277170661836862564e-03
5.716891884803771973e-01 2.808752059936523438e-01 7.536490913480520248e-03
5.805789828300476074e-01 2.428471744060516357e-01 4.021472111344337463e-02
6.151247024536132812e-01 2.981939017772674561e-01 5.046176537871360779e-02
5.732732415199279785e-01 2.655146718025207520e-01 2.377099171280860901e-02
6.206225752830505371e-01 3.161735534667968750e-01 4.186505451798439026e-02
6.251812577247619629e-01 3.259061574935913086e-01 6.678551435470581055e-02
5.177795886993408203e-01 4.964483380317687988e-01 -4.205691441893577576e-02
5.297086238861083984e-01 5.039052367210388184e-01 -3.595295920968055725e-02
5.376089811325073242e-01 5.130872130393981934e-01 -2.831382304430007935e-02
5.265883803367614746e-01 4.491768181324005127e-01 -2.869415469467639923e-02
5.449536442756652832e-01 5.365055799484252930e-01 -1.239005755633115768e-02
5.418826341629028320e-01 5.447020530700683594e-01 -1.942341215908527374e-02
5.417191386222839355e-01 5.352927446365356445e-01 -1.412560231983661652e-02
5.250315666198730469e-01 4.366172254085540771e-01 -4.460947588086128235e-02
5.308482646942138672e-01 5.147733688354492188e-01 -2.558448351919651031e-02
5.235992670059204102e-01 5.079811811447143555e-01 -3.118666820228099823e-02
5.141010284423828125e-01 5.036319494247436523e-01 -3.564444556832313538e-02
5.109702348709106445e-01 5.750368237495422363e-01 -2.947651222348213196e-02
5.163351893424987793e-01 5.660093426704406738e-01 -3.752896189689636230e-02
5.159505009651184082e-01 5.594359040260314941e-01 -3.794093057513237000e-02
5.148476958274841309e-01 5.533168315887451172e-01 -3.445585072040557861e-02
5.131314992904663086e-01 5.488446354866027832e-01 -3.161381930112838745e-02
5.302412509918212891e-01 5.457580089569091797e-01 -2.253001183271408081e-02
5.332859158515930176e-01 5.479897260665893555e-01 -2.503380738198757172e-02
5.367962718009948730e-01 5.511974096298217773e-01 -2.744890935719013214e-02
5.394335985183715820e-01 5.547983646392822266e-01 -2.614410035312175751e-02
5.487501025199890137e-01 4.951209723949432373e-01 -2.194510214030742645e-02
6.344970464706420898e-01 4.714155197143554688e-01 1.170194819569587708e-01
5.355929732322692871e-01 5.422052145004272461e-01 -1.723782345652580261e-02
5.388824343681335449e-01 5.433118939399719238e-01 -1.906863413751125336e-02
5.170016288757324219e-01 4.553084969520568848e-01 -3.513666987419128418e-02
5.345873832702636719e-01 4.576314389705657959e-01 -2.227187156677246094e-02
5.185257196426391602e-01 4.524536132812500000e-01 -3.425997123122215271e-02
5.527958273887634277e-01 4.074209630489349365e-01 -6.246705306693911552e-04
5.709121227264404297e-01 4.206927418708801270e-01 1.029884209856390953e-03
5.425425171852111816e-01 4.401686489582061768e-01 -2.378337271511554718e-02
6.067816615104675293e-01 2.629548907279968262e-01 5.771654844284057617e-02
5.989471673965454102e-01 2.774657607078552246e-01 3.640673309564590454e-02
5.945562124252319336e-01 2.834826707839965820e-01 1.865998655557632446e-02
5.403457283973693848e-01 5.587121844291687012e-01 -2.031097188591957092e-02
5.440067052841186523e-01 2.831550836563110352e-01 1.893920591101050377e-03
5.464773774147033691e-01 2.613310217857360840e-01 1.610473543405532837e-02
5.520386099815368652e-01 2.321309745311737061e-01 2.944274805486202240e-02
5.900288224220275879e-01 3.762753307819366455e-01 2.373570203781127930e-02
6.141281127929687500e-01 3.959355354309082031e-01 3.713848814368247986e-02
5.429913401603698730e-01 3.608900606632232666e-01 1.873599365353584290e-02
6.080872416496276855e-01 3.463981151580810547e-01 3.290138766169548035e-02
5.339481234550476074e-01 3.832585215568542480e-01 -5.128430202603340149e-03
5.331988334655761719e-01 4.283627569675445557e-01 -4.320095106959342957e-02
6.270332336425781250e-01 4.156419038772583008e-01 4.711721092462539673e-02
6.054222583770751953e-01 4.058731496334075928e-01 2.484894916415214539e-02
5.903731584548950195e-01 4.090597927570343018e-01 1.359879598021507263e-02
5.690752267837524414e-01 4.024384021759033203e-01 9.023659862577915192e-03
5.539512634277343750e-01 3.927816748619079590e-01 7.495168130844831467e-03
5.425543189048767090e-01 3.829558193683624268e-01 5.782363004982471466e-03
5.206182599067687988e-01 3.578066527843475342e-01 -1.231537666171789169e-02
6.238391995429992676e-01 4.485622346401214600e-01 3.794316947460174561e-02
6.161421537399291992e-01 3.451743125915527344e-01 3.914215415716171265e-02
5.090855360031127930e-01 4.407772123813629150e-01 -5.701377987861633301e-02
5.394261479377746582e-01 4.094621539115905762e-01 -1.057383883744478226e-02
6.396782398223876953e-01 3.983268737792968750e-01 1.230810135602951050e-01
5.341094136238098145e-01 3.724391460418701172e-01 5.804288666695356369e-03
5.434613823890686035e-01 4.432244300842285156e-01 -1.278492622077465057e-02
6.012288331985473633e-01 3.602476716041564941e-01 3.437051922082901001e-02
5.345912575721740723e-01 4.198999106884002686e-01 -3.751251474022865295e-02
6.284632682800292969e-01 5.101689696311950684e-01 1.044345945119857788e-01
5.434684753417968750e-01 3.552398383617401123e-01 2.286838926374912262e-02
5.261127352714538574e-01 4.071148931980133057e-01 -4.691065475344657898e-02
5.906798243522644043e-01 5.762320160865783691e-01 2.194003574550151825e-02
5.900471210479736328e-01 6.000978350639343262e-01 3.873137012124061584e-02
6.347302198410034180e-01 4.608735144138336182e-01 7.669377326965332031e-02
6.059925556182861328e-01 5.579068660736083984e-01 3.796174004673957825e-02
6.312776803970336914e-01 3.573814034461975098e-01 7.932992279529571533e-02
5.399203896522521973e-01 6.204294562339782715e-01 -1.857506670057773590e-02
5.073853731155395508e-01 4.462046027183532715e-01 -4.376544058322906494e-02
5.487818121910095215e-01 4.238618612289428711e-01 -8.515111170709133148e-03
6.255584359169006348e-01 3.770089149475097656e-01 5.712828040122985840e-02
5.805112719535827637e-01 3.689234852790832520e-01 2.096689119935035706e-02
5.708854198455810547e-01 3.684136271476745605e-01 1.811391301453113556e-02
5.444789528846740723e-01 5.463380217552185059e-01 -1.808508671820163727e-02
6.196717619895935059e-01 4.818463325500488281e-01 3.514692932367324829e-02
5.165327191352844238e-01 6.434784531593322754e-01 -1.843911036849021912e-02
5.553314089775085449e-01 6.272643804550170898e-01 6.674373056739568710e-03
5.717943906784057617e-01 6.164406538009643555e-01 2.083431184291839600e-02
5.614202022552490234e-01 3.653029203414916992e-01 1.785494759678840637e-02
5.525906085968017578e-01 3.607025444507598877e-01 1.972552388906478882e-02
5.465802550315856934e-01 3.577390313148498535e-01 2.248935215175151825e-02
6.237620115280151367e-01 3.442427515983581543e-01 5.129570886492729187e-02
5.551003217697143555e-01 3.467853665351867676e-01 1.997683569788932800e-02
5.653462409973144531e-01 3.438144624233245850e-01 1.844284497201442719e-02
5.751485228538513184e-01 3.440567255020141602e-01 1.894338056445121765e-02
5.847802162170410156e-01 3.474918007850646973e-01 2.127580530941486359e-02
5.906696319580078125e-01 3.522500693798065186e-01 2.447277307510375977e-02
6.377688050270080566e-01 3.578542470932006836e-01 1.122400239109992981e-01
5.871955752372741699e-01 3.671552836894989014e-01 2.472698502242565155e-02
5.388395786285400391e-01 4.820128083229064941e-01 -2.685857750475406647e-02
5.300310850143432617e-01 4.422634541988372803e-01 -3.369254246354103088e-02
5.175971984863281250e-01 4.699730873107910156e-01 -3.641329705715179443e-02
5.742462873458862305e-01 5.941570997238159180e-01 8.672825992107391357e-03
5.579556226730346680e-01 6.073665618896484375e-01 -4.574049729853868484e-03
5.175028443336486816e-01 6.291554570198059082e-01 -3.063026256859302521e-02
6.043436527252197266e-01 5.804085135459899902e-01 6.200277805328369141e-02
5.472207665443420410e-01 3.516979217529296875e-01 2.183845266699790955e-02
5.262354612350463867e-01 3.823226988315582275e-01 -2.079722844064235687e-02
5.375154018402099609e-01 6.366811990737915039e-01 -8.126727305352687836e-03
6.290566325187683105e-01 4.971904158592224121e-01 6.821204721927642822e-02
5.228871107101440430e-01 5.479520559310913086e-01 -2.742246165871620178e-02
5.257722139358520508e-01 5.514927506446838379e-01 -3.012654185295104980e-02
5.283339023590087891e-01 5.565584301948547363e-01 -3.286548331379890442e-02
5.300595760345458984e-01 5.625725388526916504e-01 -3.223380446434020996e-02
5.275710225105285645e-01 5.685675144195556641e-01 -2.630496583878993988e-02
5.393926501274108887e-01 5.243339538574218750e-01 -1.969029568135738373e-02
5.427169203758239746e-01 5.239757299423217773e-01 -1.936169713735580444e-02
5.457263588905334473e-01 5.229773521423339844e-01 -1.897573098540306091e-02
5.557908415794372559e-01 5.117582082748413086e-01 -1.509742904454469681e-02
6.028555035591125488e-01 4.839270412921905518e-01 1.194111350923776627e-02
5.270837545394897461e-01 3.692760169506072998e-01 -7.810046896338462830e-03
5.357714891433715820e-01 3.390516042709350586e-01 1.648780703544616699e-02
5.424572229385375977e-01 3.431107401847839355e-01 2.071234770119190216e-02
5.368258357048034668e-01 5.235033631324768066e-01 -1.906532049179077148e-02
6.014963984489440918e-01 5.279948115348815918e-01 2.187714353203773499e-02
5.250001549720764160e-01 3.356131315231323242e-01 2.498691901564598083e-03
5.333552360534667969e-01 5.842465162277221680e-01 -2.302337810397148132e-02
5.191460251808166504e-01 3.716452419757843018e-01 -2.632439509034156799e-02
5.323469638824462891e-01 4.081940352916717529e-01 -2.515632100403308868e-02
5.138093829154968262e-01 5.913908481597900391e-01 -3.038860484957695007e-02
5.610643029212951660e-01 5.559954047203063965e-01 -8.473040536046028137e-03
5.517899394035339355e-01 4.586169719696044922e-01 -1.166326645761728287e-02
5.487193465232849121e-01 5.726174712181091309e-01 -1.577425003051757812e-02
5.782635807991027832e-01 4.612554013729095459e-01 -6.742409896105527878e-03
5.612048506736755371e-01 4.772243201732635498e-01 -1.216241344809532166e-02
5.856224298477172852e-01 4.912936687469482422e-01 -1.805699663236737251e-03
5.165976881980895996e-01 6.108735799789428711e-01 -3.283791989088058472e-02
5.385792851448059082e-01 4.201447665691375732e-01 -1.905644498765468597e-02
5.707931518554687500e-01 5.718451738357543945e-01 -5.448178271763026714e-04
5.549261569976806641e-01 5.878181457519531250e-01 -1.024887245148420334e-02
5.708113908767700195e-01 5.352461338043212891e-01 -4.657678771764039993e-03
6.144787073135375977e-01 5.108373761177062988e-01 3.416988253593444824e-02
5.857494473457336426e-01 5.423166155815124512e-01 5.594007205218076706e-03
6.203279495239257812e-01 5.302391648292541504e-01 5.706461891531944275e-02
5.682083368301391602e-01 5.015391707420349121e-01 -9.510041214525699615e-03
5.325058102607727051e-01 3.957285881042480469e-01 -1.520282868295907974e-02
5.288335084915161133e-01 4.341898560523986816e-01 -4.623250663280487061e-02
5.352510213851928711e-01 4.422233104705810547e-01 -3.550856560468673706e-02
5.252897143363952637e-01 4.211308360099792480e-01 -5.309103429317474365e-02
5.467000603675842285e-01 3.220451772212982178e-01 1.531629450619220734e-02
5.665640830993652344e-01 3.121929764747619629e-01 1.467858627438545227e-02
5.833179354667663574e-01 3.122400045394897461e-01 1.541948504745960236e-02
5.963557958602905273e-01 3.186518251895904541e-01 1.928270794451236725e-02
6.049571633338928223e-01 3.295876085758209229e-01 2.546809986233711243e-02
6.076513528823852539e-01 3.655363619327545166e-01 3.853443637490272522e-02
6.376703977584838867e-01 4.263223707675933838e-01 8.101948350667953491e-02
5.968471765518188477e-01 3.883979022502899170e-01 2.591641433537006378e-02
5.848003029823303223e-01 3.912625312805175781e-01 1.867631636559963226e-02
5.699825286865234375e-01 3.885371983051300049e-01 1.388610340654850006e-02
5.561103224754333496e-01 3.820551335811614990e-01 1.219455711543560028e-02
5.454438328742980957e-01 3.742635250091552734e-01 1.281486358493566513e-02
5.379711985588073730e-01 3.672399520874023438e-01 1.282347086817026138e-02
6.377236247062683105e-01 4.350404441356658936e-01 1.242087632417678833e-01
5.344983935356140137e-01 4.479747414588928223e-01 -3.061342611908912659e-02
5.253868103027343750e-01 3.942265808582305908e-01 -3.237206116318702698e-02
5.211865901947021484e-01 4.316751658916473389e-01 -5.523992329835891724e-02
5.141659379005432129e-01 4.402325451374053955e-01 -5.227884650230407715e-02
5.205234885215759277e-01 4.358123540878295898e-01 -5.021962150931358337e-02
5.310325622558593750e-01 4.533185660839080811e-01 -2.775052376091480255e-02
5.123330950736999512e-01 4.406528174877166748e-01 -5.546525865793228149e-02
5.106509327888488770e-01 4.459161162376403809e-01 -4.343152791261672974e-02
5.390508770942687988e-01 3.543965518474578857e-01 2.084116451442241669e-02
5.324559211730957031e-01 3.567567467689514160e-01 1.339350454509258270e-02
5.281550288200378418e-01 3.582904636859893799e-01 4.842428490519523621e-03
5.939958095550537109e-01 3.561022281646728516e-01 2.787456288933753967e-02
6.027199625968933105e-01 3.469541370868682861e-01 2.882369235157966614e-02
4.501935839653015137e-01 3.413619101047515869e-01 2.147222496569156647e-02
4.613326191902160645e-01 3.415596485137939453e-01 2.147222496569156647e-02
4.505579769611358643e-01 3.272322416305541992e-01 2.147222496569156647e-02
4.388351142406463623e-01 3.410770297050476074e-01 2.147222496569156647e-02
4.496985673904418945e-01 3.552658557891845703e-01 2.147222496569156647e-02
5.740320682525634766e-01 3.564226031303405762e-01 2.250934951007366180e-02
5.856768488883972168e-01 3.583324551582336426e-01 2.250934951007366180e-02
5.755048990249633789e-01 3.417586088180541992e-01 2.250934951007366180e-02
5.624978542327880859e-01 3.545439243316650391e-01 2.250934951007366180e-02
5.726225376129150391e-01 3.711444735527038574e-01 2.250934951007366180e-02
