5.085062384605407715e-01 5.365350246429443359e-01 -3.685460239648818970e-02
5.165351033210754395e-01 4.814791083335876465e-01 -6.274269521236419678e-02
5.132447481155395508e-01 4.998565018177032471e-01 -3.509288653731346130e-02
5.100722312927246094e-01 4.255707859992980957e-01 -4.554144665598869324e-02
5.181218385696411133e-01 4.641066193580627441e-01 -6.580601632595062256e-02
5.193594098091125488e-01 4.422051012516021729e-01 -6.019224599003791809e-02
5.215790271759033203e-01 3.895015418529510498e-01 -2.606618218123912811e-02
4.392173886299133301e-01 3.738619089126586914e-01 1.235671713948249817e-02
5.245023369789123535e-01 3.451922535896301270e-01 -1.571139693260192871e-02
5.262405276298522949e-01 3.227509260177612305e-01 -1.624337770044803619e-02
5.305297374725341797e-01 2.503873109817504883e-01 3.770224866457283497e-04
5.082254409790039062e-01 5.404077768325805664e-01 -3.585519269108772278e-02
5.077745318412780762e-01 5.440577268600463867e-01 -3.257872909307479858e-02
5.074158310890197754e-01 5.462256073951721191e-01 -2.780464291572570801e-02
5.039608478546142578e-01 5.936936736106872559e-01 -2.115810289978981018e-02
5.037423372268676758e-01 5.991352200508117676e-01 -2.312628924846649170e-02
5.032006502151489258e-01 6.059691905975341797e-01 -2.534306049346923828e-02
5.025987625122070312e-01 6.130194664001464844e-01 -2.288703992962837219e-02
5.003032684326171875e-01 6.270089745521545410e-01 -1.204994507133960724e-02
5.152599215507507324e-01 4.907448589801788330e-01 -5.733024328947067261e-02
5.039061903953552246e-01 4.896903634071350098e-01 -4.263394325971603394e-02
3.956348001956939697e-01 3.109508156776428223e-01 6.719031184911727905e-02
4.694240987300872803e-01 3.926053643226623535e-01 2.288339659571647644e-03
4.575330913066864014e-01 3.933477997779846191e-01 2.202205592766404152e-03
4.465754628181457520e-01 3.909364342689514160e-01 4.612084943801164627e-03
4.333145618438720703e-01 3.790819942951202393e-01 1.325894147157669067e-02
4.801975488662719727e-01 3.882986903190612793e-01 4.506974015384912491e-03
4.581787586212158203e-01 3.374328017234802246e-01 -7.560422527603805065e-04
4.711899757385253906e-01 3.409287929534912109e-01 5.389990401454269886e-04
4.456267952919006348e-01 3.395448923110961914e-01 1.919781672768294811e-03
4.368937015533447266e-01 3.463913798332214355e-01 5.801602732390165329e-03
4.213812947273254395e-01 3.891962766647338867e-01 1.767148822546005249e-02
4.547354876995086670e-01 6.369409561157226562e-01 -2.719930373132228851e-03
4.355735778808593750e-01 3.681939244270324707e-01 1.597445644438266754e-02
3.840813338756561279e-01 3.810946941375732422e-01 6.639018654823303223e-02
4.083196818828582764e-01 3.749157786369323730e-01 2.909373678267002106e-02
4.563632309436798096e-01 4.622282385826110840e-01 -1.288511790335178375e-02
4.930290579795837402e-01 5.319797396659851074e-01 -3.609628602862358093e-02
4.936991631984710693e-01 5.417845249176025391e-01 -3.167943283915519714e-02
4.775457978248596191e-01 5.355587005615234375e-01 -3.031091205775737762e-02
4.672090411186218262e-01 5.415101647377014160e-01 -2.176782861351966858e-02
4.816775023937225342e-01 5.424753427505493164e-01 -2.750471420586109161e-02
4.723276197910308838e-01 5.456525683403015137e-01 -1.953121088445186615e-02
4.491054117679595947e-01 5.768334865570068359e-01 -3.374029416590929031e-03
5.069866180419921875e-01 4.798976182937622070e-01 -6.219695135951042175e-02
5.068203806877136230e-01 4.630727171897888184e-01 -6.503557413816452026e-02
4.215676188468933105e-01 3.276841044425964355e-01 9.600970894098281860e-03
4.831583499908447266e-01 4.228830337524414062e-01 -1.075924001634120941e-02
4.793299734592437744e-01 4.740299284458160400e-01 -3.605794906616210938e-02
4.786136746406555176e-01 4.651346206665039062e-01 -3.236767649650573730e-02
4.215447306632995605e-01 4.562875926494598389e-01 -1.276800292544066906e-03
5.086498856544494629e-01 4.427919983863830566e-01 -5.747698992490768433e-02
4.511329233646392822e-01 3.078772127628326416e-01 -6.745981052517890930e-03
4.344300925731658936e-01 3.142393231391906738e-01 5.663784104399383068e-04
4.116197228431701660e-01 2.827127575874328613e-01 4.780319333076477051e-02
5.008347630500793457e-01 3.293505311012268066e-01 -1.384639926254749298e-02
4.820501506328582764e-01 3.502703309059143066e-01 4.281736910343170166e-03
4.433209300041198730e-01 5.558891296386718750e-01 -2.126252511516213417e-03
3.850499093532562256e-01 5.425709486007690430e-01 8.788474649190902710e-02
4.870952963829040527e-01 4.848102033138275146e-01 -3.141226246953010559e-02
4.956194162368774414e-01 4.908984899520874023e-01 -3.222166746854782104e-02
4.557720422744750977e-01 5.587798953056335449e-01 -2.867311937734484673e-03
4.591374397277832031e-01 5.588955879211425781e-01 -5.537279881536960602e-03
4.287129938602447510e-01 3.033579885959625244e-01 6.453745998442173004e-03
4.777728915214538574e-01 4.820337295532226562e-01 -3.018351830542087555e-02
4.726160466670989990e-01 3.110535442829132080e-01 -1.166355796158313751e-02
4.719426035881042480e-01 2.976718544960021973e-01 -1.315695047378540039e-02
4.635649919509887695e-01 2.495549023151397705e-01 9.829290211200714111e-03
4.205791354179382324e-01 2.982431054115295410e-01 2.460707724094390869e-02
4.689087569713592529e-01 2.789888978004455566e-01 -1.754979952238500118e-03
4.145743548870086670e-01 3.207201361656188965e-01 1.951806060969829559e-02
4.054211974143981934e-01 3.209697306156158447e-01 4.232767596840858459e-02
4.930455386638641357e-01 5.373116731643676758e-01 -3.515755757689476013e-02
4.795321822166442871e-01 5.394361019134521484e-01 -2.939994446933269501e-02
4.696683287620544434e-01 5.438189506530761719e-01 -2.159148454666137695e-02
4.893249571323394775e-01 4.884425401687622070e-01 -2.898575365543365479e-02
4.574602544307708740e-01 5.588897466659545898e-01 -4.278183449059724808e-03
4.611051678657531738e-01 5.707110166549682617e-01 -9.434765204787254333e-03
4.605803489685058594e-01 5.588191747665405273e-01 -5.710363388061523438e-03
4.936963319778442383e-01 4.789466857910156250e-01 -4.669135063886642456e-02
4.744583964347839355e-01 5.463720560073852539e-01 -1.788456365466117859e-02
4.835567474365234375e-01 5.439317822456359863e-01 -2.334695681929588318e-02
4.945811629295349121e-01 5.441151857376098633e-01 -2.721283212304115295e-02
4.833787083625793457e-01 6.227482557296752930e-01 -1.256322860717773438e-02
4.861048460006713867e-01 6.081143617630004883e-01 -2.309189364314079285e-02
4.875404536724090576e-01 6.013541221618652344e-01 -2.482725679874420166e-02
4.892875254154205322e-01 5.948083400726318359e-01 -2.241908386349678040e-02
4.910964071750640869e-01 5.900411605834960938e-01 -2.057606540620326996e-02
4.726235270500183105e-01 5.772688984870910645e-01 -1.291579008102416992e-02
4.699160158634185791e-01 5.787123441696166992e-01 -1.460255216807126999e-02
4.665362238883972168e-01 5.813637375831604004e-01 -1.626151241362094879e-02
4.638046324253082275e-01 5.846960544586181641e-01 -1.450645923614501953e-02
4.600132703781127930e-01 5.255110859870910645e-01 -1.814974285662174225e-02
3.752231597900390625e-01 4.549847245216369629e-01 1.073166057467460632e-01
5.142888426780700684e-01 4.950745701789855957e-01 -4.284952208399772644e-02
4.668080210685729980e-01 5.699864625930786133e-01 -8.163802325725555420e-03
4.639394283294677734e-01 5.700595378875732422e-01 -9.358875453472137451e-03
4.982793629169464111e-01 4.978666007518768311e-01 -3.294791653752326965e-02
4.802041947841644287e-01 4.927403032779693604e-01 -2.193366177380084991e-02
4.970492720603942871e-01 4.944609105587005615e-01 -3.282925486564636230e-02
4.699699282646179199e-01 4.310537874698638916e-01 -8.501554839313030243e-03
4.500725269317626953e-01 4.396780133247375488e-01 -7.070280611515045166e-03
4.757113456726074219e-01 4.728547930717468262e-01 -2.640035003423690796e-02
4.332545399665832520e-01 2.613016963005065918e-01 2.718796767294406891e-02
4.407777190208435059e-01 2.833985388278961182e-01 1.030651666224002838e-02
4.479965269565582275e-01 2.953186035156250000e-01 -4.008726682513952255e-03
4.569597840309143066e-01 5.936979055404663086e-01 -7.547526154667139053e-03
4.995618462562561035e-01 3.063160777091979980e-01 -1.686082407832145691e-02
4.969961345195770264e-01 2.818204760551452637e-01 -7.829908281564712524e-03
4.947790205478668213e-01 2.467834949493408203e-01 7.456702296622097492e-04
4.377824068069458008e-01 3.863382339477539062e-01 8.931173011660575867e-03
4.067228436470031738e-01 3.999593555927276611e-01 2.265222184360027313e-02
4.875962436199188232e-01 3.837769925594329834e-01 6.679404526948928833e-03
4.239920675754547119e-01 3.532430827617645264e-01 1.469834893941879272e-02
4.924266934394836426e-01 4.128009080886840820e-01 -1.376446615904569626e-02
4.871875941753387451e-01 4.675824642181396484e-01 -4.638762399554252625e-02
3.933862447738647461e-01 4.123159945011138916e-01 3.329065069556236267e-02
4.144573807716369629e-01 4.126721322536468506e-01 1.205275207757949829e-02
4.297679662704467773e-01 4.205023646354675293e-01 2.351581119000911713e-03
4.526634812355041504e-01 4.198378324508666992e-01 -1.154711586423218250e-03
4.696492254734039307e-01 4.141989946365356445e-01 -2.117233118042349815e-03
4.829936325550079346e-01 4.071387052536010742e-01 -3.710076212882995605e-03
5.102162957191467285e-01 3.921256661415100098e-01 -2.273001521825790405e-02
3.932075500488281250e-01 4.476280212402343750e-01 2.808597125113010406e-02
4.141189455986022949e-01 3.496951162815093994e-01 1.986256428062915802e-02
5.094953775405883789e-01 4.894157946109771729e-01 -5.705013126134872437e-02
4.830457568168640137e-01 4.394652247428894043e-01 -1.669711619615554810e-02
3.775864839553833008e-01 3.801727890968322754e-01 1.031309962272644043e-01
4.934597611427307129e-01 3.987390100955963135e-01 -4.187399055808782578e-03
4.739224612712860107e-01 4.740212261676788330e-01 -1.509291399270296097e-02
4.299968481063842773e-01 3.677314519882202148e-01 1.767188869416713715e-02
4.869716167449951172e-01 4.569380581378936768e-01 -4.168537259101867676e-02
3.779770731925964355e-01 4.967769384384155273e-01 1.005318313837051392e-01
4.887859523296356201e-01 3.778443932533264160e-01 9.923954494297504425e-03
4.977382421493530273e-01 4.477604329586029053e-01 -5.168069154024124146e-02
4.095489978790283203e-01 5.880092978477478027e-01 3.224081173539161682e-02
4.064350426197052002e-01 6.085909605026245117e-01 5.044446140527725220e-02
3.793930411338806152e-01 4.516391456127166748e-01 6.748641282320022583e-02
3.975211679935455322e-01 5.621907711029052734e-01 4.421447589993476868e-02
3.941880762577056885e-01 3.486264646053314209e-01 5.776112899184226990e-02
4.504394531250000000e-01 6.544731855392456055e-01 2.191228559240698814e-03
5.098337531089782715e-01 4.939115941524505615e-01 -4.230077564716339111e-02
4.714196920394897461e-01 4.507648050785064697e-01 -1.374750304967164993e-02
3.969780504703521729e-01 3.775700628757476807e-01 3.966889902949333191e-02
4.492270648479461670e-01 3.816799223423004150e-01 6.212228909134864807e-03
4.586929380893707275e-01 3.843878805637359619e-01 4.067190457135438919e-03
4.585250616073608398e-01 5.718026161193847656e-01 -8.008223026990890503e-03
3.936679065227508545e-01 4.824520349502563477e-01 3.013426065444946289e-02
4.692758917808532715e-01 6.833412051200866699e-01 6.497396156191825867e-03
4.348013401031494141e-01 6.526608467102050781e-01 2.555139362812042236e-02
4.213059544563293457e-01 6.341520547866821289e-01 3.641504421830177307e-02
5.283141136169433594e-01 2.869241535663604736e-01 -8.342099376022815704e-03
4.951469004154205322e-01 6.902595758438110352e-01 5.040468182414770126e-03
4.686830639839172363e-01 3.838593363761901855e-01 4.412149079144001007e-03
4.785587191581726074e-01 3.812177181243896484e-01 6.660962011665105820e-03
4.852135479450225830e-01 3.795060217380523682e-01 9.489799849689006805e-03
4.050275385379791260e-01 3.463799357414245605e-01 3.104168362915515900e-02
4.788181781768798828e-01 3.658628165721893311e-01 5.643273238092660904e-03
4.687144160270690918e-01 3.607796430587768555e-01 3.182212356477975845e-03
4.588149189949035645e-01 3.592017590999603271e-01 2.999067073687911034e-03
4.489206373691558838e-01 3.605441451072692871e-01 4.965979140251874924e-03
4.425112903118133545e-01 3.634815216064453125e-01 7.997641339898109436e-03
3.846007585525512695e-01 3.417221307754516602e-01 8.776754140853881836e-02
4.432333409786224365e-01 3.778022527694702148e-01 9.377584792673587799e-03
5.116277933120727539e-01 5.134877562522888184e-01 -3.279859945178031921e-02
4.722764194011688232e-01 5.166685581207275391e-01 -2.385050617158412933e-02
4.875622391700744629e-01 4.816366136074066162e-01 -3.539720550179481506e-02
4.951094388961791992e-01 5.127180814743041992e-01 -3.260562941431999207e-02
5.227252244949340820e-01 3.681032061576843262e-01 -1.655010320246219635e-02
4.221663177013397217e-01 6.132452487945556641e-01 2.331773377954959869e-02
4.354047477245330811e-01 6.336714029312133789e-01 1.348361279815435410e-02
4.708346128463745117e-01 6.707950830459594727e-01 -7.143092807382345200e-03
3.952094316482543945e-01 5.805471539497375488e-01 6.919904053211212158e-02
4.858731031417846680e-01 3.729760944843292236e-01 8.205813355743885040e-03
5.008571743965148926e-01 4.177184700965881348e-01 -2.873208746314048767e-02
4.964793920516967773e-01 6.778482794761657715e-01 -8.271363563835620880e-03
4.501512348651885986e-01 6.698365807533264160e-01 1.387360505759716034e-02
3.812984824180603027e-01 4.902252256870269775e-01 6.408837437629699707e-02
4.808133840560913086e-01 5.843057632446289062e-01 -1.730660535395145416e-02
4.779893755912780762e-01 5.873942971229553223e-01 -1.908848993480205536e-02
4.752456247806549072e-01 5.923205018043518066e-01 -2.089478634297847748e-02
4.730815589427947998e-01 5.982877612113952637e-01 -1.933712884783744812e-02
4.677642583847045898e-01 6.100266575813293457e-01 -1.163580175489187241e-02
4.647405445575714111e-01 5.510542988777160645e-01 -1.212573237717151642e-02
4.620984196662902832e-01 5.501421093940734863e-01 -1.220245845615863800e-02
4.598820507526397705e-01 5.486453771591186523e-01 -1.227008551359176636e-02
4.501000642776489258e-01 5.387985110282897949e-01 -1.029726210981607437e-02
4.102564454078674316e-01 4.928999245166778564e-01 8.794669061899185181e-03
5.015555620193481445e-01 4.012418389320373535e-01 -1.736926101148128510e-02
4.980880618095397949e-01 3.641701936721801758e-01 3.470267867669463158e-03
4.909170866012573242e-01 3.660704791545867920e-01 6.899150088429450989e-03
4.668175280094146729e-01 5.510371923446655273e-01 -1.122444588690996170e-02
4.057289361953735352e-01 5.361908078193664551e-01 2.468129992485046387e-02
5.086242556571960449e-01 3.640794157981872559e-01 -1.023735478520393372e-02
4.612047076225280762e-01 6.217091083526611328e-01 -6.137336138635873795e-03
5.201051831245422363e-01 4.242523312568664551e-01 -4.846351221203804016e-02
5.099552273750305176e-01 4.097652435302734375e-01 -3.496950864791870117e-02
5.207692980766296387e-01 4.075779616832733154e-01 -3.673159703612327576e-02
4.906426370143890381e-01 4.431210756301879883e-01 -3.070851974189281464e-02
4.979870915412902832e-01 6.603183150291442871e-01 -1.270219869911670685e-02
4.993191063404083252e-01 6.415923237800598145e-01 -1.175407972186803818e-02
4.791922271251678467e-01 6.363416314125061035e-01 -1.063803397119045258e-02
4.386259019374847412e-01 5.807988047599792480e-01 2.523860428482294083e-03
4.628714025020599365e-01 4.865043461322784424e-01 -1.298742368817329407e-02
4.479030370712280273e-01 6.031295061111450195e-01 -1.373487873934209347e-03
4.371545910835266113e-01 4.804786443710327148e-01 -1.001867186278104782e-02
4.510536789894104004e-01 5.023598670959472656e-01 -1.189337018877267838e-02
4.259525537490844727e-01 5.075813531875610352e-01 -2.155657624825835228e-03
4.742880165576934814e-01 6.537933349609375000e-01 -1.121433731168508530e-02
4.824556112289428711e-01 4.524520039558410645e-01 -2.365753799676895142e-02
4.279168248176574707e-01 5.932829976081848145e-01 1.176021806895732880e-02
4.405571222305297852e-01 6.159034967422485352e-01 5.974966101348400116e-03
4.327796101570129395e-01 5.558853149414062500e-01 2.227576915174722672e-03
3.953780829906463623e-01 5.129832625389099121e-01 3.349941968917846680e-02
4.183356165885925293e-01 5.576844811439514160e-01 1.189188752323389053e-02
3.866450190544128418e-01 5.271909236907958984e-01 5.817162990570068359e-02
4.406929612159729004e-01 5.237293839454650879e-01 -7.188534364104270935e-03
4.922009408473968506e-01 4.283622503280639648e-01 -2.223560772836208344e-02
4.904961884021759033e-01 4.755728542804718018e-01 -4.886506125330924988e-02
4.827022850513458252e-01 4.798789918422698975e-01 -3.723908588290214539e-02
4.964992403984069824e-01 4.643528759479522705e-01 -5.618076026439666748e-02
4.901036322116851807e-01 3.444962203502655029e-01 2.161444717785343528e-04
4.719439744949340820e-01 3.300085067749023438e-01 -2.468555467203259468e-03
4.555527269840240479e-01 3.264526128768920898e-01 -2.893328666687011719e-03
4.413123130798339844e-01 3.299149274826049805e-01 4.139177617616951466e-04
4.307210445404052734e-01 3.382359147071838379e-01 6.414495408535003662e-03
4.203858077526092529e-01 3.713281154632568359e-01 2.166601270437240601e-02
3.799103498458862305e-01 4.154878854751586914e-01 6.713514775037765503e-02
4.273834824562072754e-01 3.971174061298370361e-01 1.189593318849802017e-02
4.388809800148010254e-01 4.034823775291442871e-01 5.777637008577585220e-03
4.544937610626220703e-01 4.051858186721801758e-01 2.095964038744568825e-03
4.697259962558746338e-01 4.024802744388580322e-01 1.168490736745297909e-03
4.821074008941650391e-01 3.972950875759124756e-01 2.050512935966253281e-03
4.908733069896697998e-01 3.922300338745117188e-01 2.163673052564263344e-03
3.754847645759582520e-01 4.170436263084411621e-01 1.089665293693542480e-01
4.821554422378540039e-01 4.849015474319458008e-01 -3.179216012358665466e-02
5.002310872077941895e-01 4.324328899383544922e-01 -3.870681300759315491e-02
4.987393617630004883e-01 4.769356846809387207e-01 -5.717165395617485046e-02
5.037242174148559570e-01 4.864002764225006104e-01 -5.261845141649246216e-02
4.982731342315673828e-01 4.800874590873718262e-01 -5.181273445487022400e-02
4.844210147857666016e-01 4.905870556831359863e-01 -2.787891216576099396e-02
5.059165358543395996e-01 4.880311787128448486e-01 -5.556934326887130737e-02
5.062335729598999023e-01 4.924830496311187744e-01 -4.243021458387374878e-02
4.926537871360778809e-01 3.782030344009399414e-01 8.524372242391109467e-03
4.981953501701354980e-01 3.830131292343139648e-01 1.992679666727781296e-03
5.018104910850524902e-01 3.859435021877288818e-01 -5.917293950915336609e-03
4.387223124504089355e-01 3.658942878246307373e-01 1.137184444814920425e-02
4.309235513210296631e-01 3.550720512866973877e-01 1.166204269975423813e-02
5.292636156082153320e-01 4.280394315719604492e-01 -4.395740479230880737e-02
5.996903777122497559e-01 3.949116468429565430e-01 2.358734235167503357e-02
5.247697830200195312e-01 4.924891591072082520e-01 -4.144727066159248352e-02
6.373872756958007812e-01 3.436734676361083984e-01 8.344664424657821655e-02
5.672366619110107422e-01 4.043928384780883789e-01 9.632753208279609680e-03
5.780082345008850098e-01 4.078738093376159668e-01 1.103623118251562119e-02
5.883802771568298340e-01 4.091807007789611816e-01 1.468973327428102493e-02
6.031714677810668945e-01 4.014988243579864502e-01 2.505157887935638428e-02
5.582578778266906738e-01 3.988580107688903809e-01 1.036014035344123840e-02
5.879794955253601074e-01 3.542822301387786865e-01 8.405522443354129791e-03
5.746899843215942383e-01 3.551906645298004150e-01 7.774400524795055389e-03
5.997259020805358887e-01 3.590042591094970703e-01 1.243245508521795273e-02
6.067024469375610352e-01 3.679706156253814697e-01 1.710791885852813721e-02
6.100646257400512695e-01 4.139003157615661621e-01 3.045946359634399414e-02
5.427272319793701172e-01 6.465309858322143555e-01 2.313307253643870354e-03
6.040822267532348633e-01 3.900147974491119385e-01 2.766752801835536957e-02
6.403906345367431641e-01 4.151594638824462891e-01 8.320444077253341675e-02
6.225325465202331543e-01 4.022655487060546875e-01 4.323844239115715027e-02
5.699275135993957520e-01 4.773227572441101074e-01 -5.315945018082857132e-03
5.237397551536560059e-01 5.360811948776245117e-01 -3.417436406016349792e-02
5.210285782814025879e-01 5.457618236541748047e-01 -2.988784201443195343e-02
5.373642444610595703e-01 5.431668162345886230e-01 -2.638661488890647888e-02
5.454557538032531738e-01 5.521116256713867188e-01 -1.633466035127639771e-02
5.317525863647460938e-01 5.495672225952148438e-01 -2.406176365911960602e-02
5.393502116203308105e-01 5.554926991462707520e-01 -1.485640555620193481e-02
5.554225444793701172e-01 5.900794267654418945e-01 3.542323363944888115e-03
5.256990194320678711e-01 4.823755621910095215e-01 -6.120628118515014648e-02
5.287461280822753906e-01 4.659453630447387695e-01 -6.386695057153701782e-02
6.213125586509704590e-01 3.530864715576171875e-01 2.285104244947433472e-02
5.505527257919311523e-01 4.317665696144104004e-01 -5.828555673360824585e-03
5.497781038284301758e-01 4.829800128936767578e-01 -3.160075843334197998e-02
5.512045025825500488e-01 4.743658602237701416e-01 -2.775493450462818146e-02
6.022146940231323242e-01 4.803176820278167725e-01 1.097668614238500595e-02
5.293116569519042969e-01 4.454388618469238281e-01 -5.594125762581825256e-02
5.989233851432800293e-01 3.299781084060668945e-01 2.876089420169591904e-03
6.128924489021301270e-01 3.379696011543273926e-01 1.232370175421237946e-02
6.298228502273559570e-01 3.124115467071533203e-01 6.229692697525024414e-02
5.493806600570678711e-01 3.422658443450927734e-01 -1.040241308510303497e-02
5.628124475479125977e-01 3.624165058135986328e-01 1.017601694911718369e-02
5.644139051437377930e-01 5.713180303573608398e-01 6.315094418823719025e-03
6.154391765594482422e-01 5.713347792625427246e-01 1.033368557691574097e-01
5.401710271835327148e-01 4.915595650672912598e-01 -2.836366742849349976e-02
5.311897993087768555e-01 4.955513477325439453e-01 -3.066926635801792145e-02
5.521464347839355469e-01 5.740453004837036133e-01 4.470222163945436478e-03
5.488289594650268555e-01 5.730841159820556641e-01 1.008476130664348602e-03
6.187751293182373047e-01 3.281363844871520996e-01 1.877503842115402222e-02
5.490677356719970703e-01 4.911279082298278809e-01 -2.581300772726535797e-02
5.787881016731262207e-01 3.302258849143981934e-01 -5.075456574559211731e-03
5.815317034721374512e-01 3.173577189445495605e-01 -6.498951930552721024e-03
5.923144817352294922e-01 2.677699625492095947e-01 1.837087795138359070e-02
6.233950853347778320e-01 3.239955902099609375e-01 3.790680319070816040e-02
5.850647687911987305e-01 2.942150235176086426e-01 5.678258836269378662e-03
6.274424791336059570e-01 3.473713397979736328e-01 3.351414576172828674e-02
6.317613124847412109e-01 3.499166369438171387e-01 5.732979997992515564e-02
5.226892232894897461e-01 5.415133833885192871e-01 -3.323760256171226501e-02
5.345718860626220703e-01 5.469262003898620605e-01 -2.572119608521461487e-02
5.425630211830139160e-01 5.541301369667053223e-01 -1.660128869116306305e-02
5.371464490890502930e-01 4.944916069507598877e-01 -2.633349597454071045e-02
5.504593253135681152e-01 5.736471414566040039e-01 2.551125129684805870e-03
5.459384918212890625e-01 5.840803384780883789e-01 -3.622915130108594894e-03
5.473269820213317871e-01 5.724895596504211426e-01 6.757942028343677521e-04
5.363936424255371094e-01 4.845611453056335449e-01 -4.366735368967056274e-02
5.368099212646484375e-01 5.556022524833679199e-01 -1.341209933161735535e-02
5.293322801589965820e-01 5.505707263946533203e-01 -2.006304077804088593e-02
5.195084214210510254e-01 5.477501153945922852e-01 -2.535995095968246460e-02
5.172656178474426270e-01 6.269667148590087891e-01 -1.074384432286024094e-02
5.187122821807861328e-01 6.129636764526367188e-01 -2.109544537961483002e-02
5.185152888298034668e-01 6.058787107467651367e-01 -2.278748713433742523e-02
5.176846981048583984e-01 5.989937186241149902e-01 -2.039944194257259369e-02
5.162937641143798828e-01 5.938355326652526855e-01 -1.865050755441188812e-02
5.343029499053955078e-01 5.869336128234863281e-01 -8.400481194257736206e-03
5.369782447814941406e-01 5.891532301902770996e-01 -1.006083097308874130e-02
5.399625301361083984e-01 5.927712917327880859e-01 -1.148431841284036636e-02
5.421724319458007812e-01 5.968710780143737793e-01 -9.407820180058479309e-03
5.559706687927246094e-01 5.379332900047302246e-01 -1.193007547408342361e-02
6.338012814521789551e-01 4.893100857734680176e-01 1.247310042381286621e-01
5.402452349662780762e-01 5.815734863281250000e-01 -2.567817689850926399e-03
5.432149171829223633e-01 5.825631618499755859e-01 -3.755942452698945999e-03
5.277186632156372070e-01 5.017082691192626953e-01 -3.134065493941307068e-02
5.442851781845092773e-01 5.009857416152954102e-01 -1.840930990874767303e-02
5.293881297111511230e-01 4.987658858299255371e-01 -3.132002800703048706e-02
5.613206624984741211e-01 4.431786537170410156e-01 -1.848100335337221622e-03
5.786019563674926758e-01 4.569003880023956299e-01 1.825680024921894073e-03
5.521167516708374023e-01 4.827002882957458496e-01 -2.162206918001174927e-02
6.163051128387451172e-01 2.866418361663818359e-01 3.909959271550178528e-02
6.090671420097351074e-01 3.048790693283081055e-01 2.107673324644565582e-02
6.033927202224731445e-01 3.178542852401733398e-01 5.921934731304645538e-03
5.459073781967163086e-01 6.045258641242980957e-01 -1.742787077091634274e-03
5.547382831573486328e-01 3.208913803100585938e-01 -1.336505077779293060e-02
5.587741136550903320e-01 2.902245521545410156e-01 -3.931033890694379807e-03
5.646580457687377930e-01 2.568967342376708984e-01 5.104471929371356964e-03
5.975093245506286621e-01 4.074763059616088867e-01 2.002947963774204254e-02
6.201045513153076172e-01 4.276058077812194824e-01 3.663899004459381104e-02
5.523128509521484375e-01 3.937699198722839355e-01 1.188035402446985245e-02
6.152952313423156738e-01 3.776571750640869141e-01 2.755355276167392731e-02
5.438403487205505371e-01 4.195472002029418945e-01 -9.851292707026004791e-03
5.444114208221435547e-01 4.750255644321441650e-01 -4.277637228369712830e-02
6.316841840744018555e-01 4.439995884895324707e-01 4.899832233786582947e-02
6.121771931648254395e-01 4.387032389640808105e-01 2.536224760115146637e-02
5.979747176170349121e-01 4.429507851600646973e-01 1.387426164001226425e-02
5.774103403091430664e-01 4.367315769195556641e-01 7.831207476556301117e-03
5.627229213714599609e-01 4.271638989448547363e-01 4.781661555171012878e-03
5.519610643386840820e-01 4.176883101463317871e-01 1.389496261253952980e-03
5.316456556320190430e-01 3.949974477291107178e-01 -2.107221819460391998e-02
6.276948451995849609e-01 4.786565601825714111e-01 4.375161603093147278e-02
6.228904724121093750e-01 3.763644695281982422e-01 3.368174657225608826e-02
5.208449959754943848e-01 4.909445643424987793e-01 -5.623829364776611328e-02
5.488656163215637207e-01 4.480414688587188721e-01 -1.191258430480957031e-02
6.409944891929626465e-01 4.157706201076507568e-01 1.212768480181694031e-01
5.440706610679626465e-01 4.075586795806884766e-01 -1.919939677463844419e-04
5.526222586631774902e-01 4.842280745506286621e-01 -1.010746229439973831e-02
6.084200143814086914e-01 3.909248113632202148e-01 3.001434355974197388e-02
5.455206036567687988e-01 4.644882977008819580e-01 -3.797420114278793335e-02
6.270112991333007812e-01 5.289137959480285645e-01 1.169488653540611267e-01
5.527920126914978027e-01 3.877966701984405518e-01 1.536757685244083405e-02
5.379006862640380859e-01 4.529594779014587402e-01 -4.898735880851745605e-02
5.907397270202636719e-01 6.090666055679321289e-01 4.362146183848381042e-02
5.888947248458862305e-01 6.290430426597595215e-01 6.210559606552124023e-02
6.364127993583679199e-01 4.853047132492065430e-01 8.418302983045578003e-02
6.050966382026672363e-01 5.872051715850830078e-01 5.751043185591697693e-02
6.363909244537353516e-01 3.805257081985473633e-01 7.374174892902374268e-02
5.439040660858154297e-01 6.641221642494201660e-01 7.533930707722902298e-03
5.187343358993530273e-01 4.951176941394805908e-01 -4.182622209191322327e-02
5.576446056365966797e-01 4.621817469596862793e-01 -7.885242812335491180e-03
6.303272843360900879e-01 4.070657789707183838e-01 5.501129105687141418e-02
5.885974764823913574e-01 3.991639614105224609e-01 1.617776229977607727e-02
5.793115496635437012e-01 3.985278010368347168e-01 1.288632862269878387e-02
5.483384728431701660e-01 5.859566926956176758e-01 -1.863861107267439365e-03
6.221608519554138184e-01 5.120746493339538574e-01 4.530006274580955505e-02
5.211998820304870605e-01 6.885269284248352051e-01 9.523612447082996368e-03
5.576262474060058594e-01 6.650767326354980469e-01 3.294599801301956177e-02
5.724595785140991211e-01 6.501049399375915527e-01 4.584361240267753601e-02
5.701613426208496094e-01 3.956452608108520508e-01 1.191441901028156281e-02
5.615039467811584473e-01 3.917732834815979004e-01 1.311484258621931076e-02
5.556383728981018066e-01 3.897129595279693604e-01 1.528842002153396606e-02
6.297534108161926270e-01 3.744480609893798828e-01 4.590602964162826538e-02
5.645209550857543945e-01 3.774507641792297363e-01 1.219249516725540161e-02
5.746816396713256836e-01 3.733319044113159180e-01 1.085231173783540726e-02
5.844646096229553223e-01 3.733153641223907471e-01 1.191356685012578964e-02
5.937305688858032227e-01 3.771682679653167725e-01 1.503336336463689804e-02
5.990912914276123047e-01 3.824765980243682861e-01 1.887290552258491516e-02
6.410630941390991211e-01 3.763894438743591309e-01 1.052074953913688660e-01
5.950844883918762207e-01 3.975848555564880371e-01 2.009708434343338013e-02
5.471994876861572266e-01 5.263959169387817383e-01 -1.910186186432838440e-02
5.407066345214843750e-01 4.884626269340515137e-01 -3.226469457149505615e-02
5.274972915649414062e-01 5.170252323150634766e-01 -3.067052550613880157e-02
5.756674408912658691e-01 6.304025650024414062e-01 3.250539675354957581e-02
5.605561137199401855e-01 6.469442844390869141e-01 2.064833976328372955e-02
5.225805640220642090e-01 6.762457489967346191e-01 -4.277710802853107452e-03
6.021077632904052734e-01 6.050140857696533203e-01 8.283465355634689331e-02
5.565969944000244141e-01 3.836597502231597900e-01 1.411124784499406815e-02
5.371007323265075684e-01 4.224221408367156982e-01 -2.609415166079998016e-02
5.411590933799743652e-01 6.787025332450866699e-01 1.928776130080223083e-02
6.295071244239807129e-01 5.221995115280151367e-01 8.010450005531311035e-02
5.263398885726928711e-01 5.912633538246154785e-01 -1.389974169433116913e-02
5.288234949111938477e-01 5.950797200202941895e-01 -1.555063109844923019e-02
5.309141874313354492e-01 6.006993651390075684e-01 -1.713543757796287537e-02
5.321762561798095703e-01 6.073309183120727539e-01 -1.540456153452396393e-02
5.336127281188964844e-01 6.178783178329467773e-01 -7.310414686799049377e-03
5.450474619865417480e-01 5.632319450378417969e-01 -6.482176017016172409e-03
5.478666424751281738e-01 5.630026459693908691e-01 -6.009337957948446274e-03
5.505430102348327637e-01 5.619778633117675781e-01 -5.751399323344230652e-03
5.617957115173339844e-01 5.531664490699768066e-01 -2.515754662454128265e-03
6.063903570175170898e-01 5.182759761810302734e-01 2.178017422556877136e-02
5.376282930374145508e-01 4.060649871826171875e-01 -1.466499455273151398e-02
5.458229780197143555e-01 3.733483552932739258e-01 6.874394603073596954e-03
5.521708130836486816e-01 3.761920630931854248e-01 1.200632657855749130e-02
5.428084135055541992e-01 5.625599622726440430e-01 -5.553893744945526123e-03
6.028208136558532715e-01 5.606359243392944336e-01 3.757848590612411499e-02
5.359773635864257812e-01 3.712400496006011963e-01 -7.994575425982475281e-03
5.385286211967468262e-01 6.303942203521728516e-01 -1.580662908963859081e-03
5.305562019348144531e-01 4.124106466770172119e-01 -3.356925025582313538e-02
5.428665876388549805e-01 4.499414265155792236e-01 -2.726279199123382568e-02
5.196587443351745605e-01 6.409075260162353516e-01 -8.567477576434612274e-03
5.653607845306396484e-01 5.962756276130676270e-01 1.049533020704984665e-02
5.602620244026184082e-01 4.992483854293823242e-01 -6.893686018884181976e-03
5.534548759460449219e-01 6.154816150665283203e-01 4.897856619209051132e-03
5.845786929130554199e-01 4.998594224452972412e-01 -3.588755207601934671e-04
5.681688189506530762e-01 5.176368951797485352e-01 -4.296019673347473145e-03
5.900328755378723145e-01 5.286235213279724121e-01 8.767205290496349335e-03
5.221468806266784668e-01 6.591119170188903809e-01 -8.532952517271041870e-03
5.482637286186218262e-01 4.609057009220123291e-01 -1.934029720723628998e-02
5.737124681472778320e-01 6.103476881980895996e-01 2.064311131834983826e-02
5.586777925491333008e-01 6.291394233703613281e-01 1.277953945100307465e-02
5.749819874763488770e-01 5.737783908843994141e-01 1.184969581663608551e-02
6.156370639801025391e-01 5.408791303634643555e-01 4.791278019547462463e-02
5.881245136260986328e-01 5.783967375755310059e-01 2.285343967378139496e-02
6.195981502532958984e-01 5.564574599266052246e-01 7.339844852685928345e-02
5.734722018241882324e-01 5.408832430839538574e-01 1.706256414763629436e-03
5.427110195159912109e-01 4.349959194660186768e-01 -1.844860985875129700e-02
5.401948690414428711e-01 4.820228815078735352e-01 -4.559225589036941528e-02
5.456933379173278809e-01 4.879182279109954834e-01 -3.351215645670890808e-02
5.372897386550903320e-01 4.697166979312896729e-01 -5.380224063992500305e-02
5.564786195755004883e-01 3.568797707557678223e-01 4.897075705230236053e-03
5.760313868522644043e-01 3.461880087852478027e-01 4.450461827218532562e-03
5.924392938613891602e-01 3.455621600151062012e-01 6.290999706834554672e-03
6.050080657005310059e-01 3.513558804988861084e-01 1.141192391514778137e-02
6.128683090209960938e-01 3.617005646228790283e-01 1.864056847989559174e-02
6.143015623092651367e-01 3.962779343128204346e-01 3.471769392490386963e-02
6.401439905166625977e-01 4.499960839748382568e-01 8.438380062580108643e-02
6.039536595344543457e-01 4.204974472522735596e-01 2.399843372404575348e-02
5.924143195152282715e-01 4.238485693931579590e-01 1.642890460789203644e-02
5.780839920043945312e-01 4.210941493511199951e-01 1.095485314726829529e-02
5.647574663162231445e-01 4.147793948650360107e-01 8.226942270994186401e-03
5.545471906661987305e-01 4.076544046401977539e-01 7.392924744635820389e-03
5.475288033485412598e-01 4.011849164962768555e-01 6.520286668092012405e-03
6.377812623977661133e-01 4.523620903491973877e-01 1.270577758550643921e-01
5.446879863739013672e-01 4.928188323974609375e-01 -2.810035645961761475e-02
5.367118716239929199e-01 4.371632039546966553e-01 -3.601542115211486816e-02
5.331542491912841797e-01 4.814627766609191895e-01 -5.508049204945564270e-02
5.260942578315734863e-01 4.894262850284576416e-01 -5.140636116266250610e-02
5.323570966720581055e-01 4.846831858158111572e-01 -4.967357218265533447e-02
5.411654710769653320e-01 4.977288246154785156e-01 -2.474920637905597687e-02
5.241936445236206055e-01 4.904876053333282471e-01 -5.457707867026329041e-02
5.221853852272033691e-01 4.945725500583648682e-01 -4.160932451486587524e-02
5.487160682678222656e-01 3.877064585685729980e-01 1.308134291321039200e-02
5.424742698669433594e-01 3.910818994045257568e-01 5.467123817652463913e-03
5.386076569557189941e-01 3.935667872428894043e-01 -3.078897949308156967e-03
6.019713282585144043e-01 3.865278661251068115e-01 2.268980816006660461e-02
6.101381182670593262e-01 3.781234622001647949e-01 2.361702546477317810e-02
4.578961431980133057e-01 3.701111376285552979e-01 7.677554618567228317e-03
4.695894718170166016e-01 3.707480132579803467e-01 7.677554618567228317e-03
4.584436118602752686e-01 3.552973270416259766e-01 7.677554618567228317e-03
4.459888041019439697e-01 3.694384098052978516e-01 7.677554618567228317e-03
4.572515189647674561e-01 3.847666084766387939e-01 7.677554618567228317e-03
5.815816521644592285e-01 3.857004046440124512e-01 1.636043749749660492e-02
5.927760601043701172e-01 3.873436450958251953e-01 1.636043749749660492e-02
5.825670361518859863e-01 3.706263303756713867e-01 1.636043749749660492e-02
5.703790187835693359e-01 3.840265572071075439e-01 1.636043749749660492e-02
5.806365013122558594e-01 4.007940292358398438e-01 1.636043749749660492e-02
