5.051643848419189453e-01 4.940894842147827148e-01 -4.268673062324523926e-02
5.103130340576171875e-01 4.389023184776306152e-01 -6.148342415690422058e-02
5.076606273651123047e-01 4.598193764686584473e-01 -3.690670803189277649e-02
5.042896270751953125e-01 3.889892101287841797e-01 -3.978054225444793701e-02
5.117056965827941895e-01 4.223080277442932129e-01 -6.324382126331329346e-02
5.130532979965209961e-01 4.029029011726379395e-01 -5.594383552670478821e-02
5.159375071525573730e-01 3.579666018486022949e-01 -1.727635972201824188e-02
4.336587190628051758e-01 3.494727313518524170e-01 2.246798574924468994e-02
5.187330245971679688e-01 3.176324367523193359e-01 -3.488677553832530975e-03
5.203759670257568359e-01 2.959904074668884277e-01 -1.688305754214525223e-03
5.247823596000671387e-01 2.298743128776550293e-01 2.259643748402595520e-02
5.050561428070068359e-01 4.974421560764312744e-01 -4.232103377580642700e-02
5.047600865364074707e-01 5.011160969734191895e-01 -3.948455676436424255e-02
5.045678615570068359e-01 5.038259625434875488e-01 -3.542590886354446411e-02
5.019357204437255859e-01 5.407361984252929688e-01 -3.165590763092041016e-02
5.018224120140075684e-01 5.469959974288940430e-01 -3.452115878462791443e-02
5.013468861579895020e-01 5.553068518638610840e-01 -3.752963244915008545e-02
5.007931590080261230e-01 5.639328360557556152e-01 -3.632318228483200073e-02
4.974690377712249756e-01 5.804886817932128906e-01 -2.736957743763923645e-02
5.092029571533203125e-01 4.488405287265777588e-01 -5.688635632395744324e-02
4.987481832504272461e-01 4.492693245410919189e-01 -4.271119832992553711e-02
3.935175538063049316e-01 2.952083945274353027e-01 8.396860212087631226e-02
4.629915952682495117e-01 3.656082451343536377e-01 1.065692678093910217e-02
4.517973363399505615e-01 3.661927580833435059e-01 1.085921097546815872e-02
4.412752389907836914e-01 3.645321428775787354e-01 1.360275037586688995e-02
4.279325008392333984e-01 3.548534512519836426e-01 2.285462990403175354e-02
4.730625152587890625e-01 3.620849847793579102e-01 1.294883713126182556e-02
4.530873298645019531e-01 3.139900863170623779e-01 1.080602873116731644e-02
4.655196666717529297e-01 3.176187574863433838e-01 1.192258577793836594e-02
4.406273961067199707e-01 3.157712519168853760e-01 1.348325889557600021e-02
4.317150712013244629e-01 3.224730491638183594e-01 1.714857667684555054e-02
4.168836176395416260e-01 3.647342920303344727e-01 2.663143910467624664e-02
4.515520334243774414e-01 5.963200330734252930e-01 -2.020584233105182648e-02
4.299764335155487061e-01 3.447233438491821289e-01 2.641177363693714142e-02
3.813617229461669922e-01 3.625374436378479004e-01 7.638143002986907959e-02
4.047424197196960449e-01 3.521099090576171875e-01 3.930477797985076904e-02
4.522264599800109863e-01 4.291560351848602295e-01 -1.111412048339843750e-02
4.903994202613830566e-01 4.897157847881317139e-01 -4.140834882855415344e-02
4.917657077312469482e-01 4.995354115962982178e-01 -3.839809820055961609e-02
4.756980538368225098e-01 4.948074221611022949e-01 -3.602509573101997375e-02
4.660613238811492920e-01 5.024612545967102051e-01 -2.845644950866699219e-02
4.805047214031219482e-01 5.016954541206359863e-01 -3.430960699915885925e-02
4.719141423702239990e-01 5.065973401069641113e-01 -2.701878920197486877e-02
4.465546607971191406e-01 5.390971302986145020e-01 -1.476249843835830688e-02
5.009878873825073242e-01 4.376645684242248535e-01 -6.074957922101020813e-02
5.007876157760620117e-01 4.216961562633514404e-01 -6.222301721572875977e-02
4.177514910697937012e-01 3.043476343154907227e-01 2.354891970753669739e-02
4.784259200096130371e-01 3.921440839767456055e-01 -5.232429597526788712e-03
4.743595421314239502e-01 4.358074665069580078e-01 -3.450196981430053711e-02
4.737714827060699463e-01 4.282595515251159668e-01 -3.025823272764682770e-02
4.176211953163146973e-01 4.260225296020507812e-01 1.548755448311567307e-03
5.025805234909057617e-01 4.037291407585144043e-01 -5.307176336646080017e-02
4.474467039108276367e-01 2.850134372711181641e-01 8.099909871816635132e-03
4.307481944561004639e-01 2.909502685070037842e-01 1.541408244520425797e-02
4.089245200157165527e-01 2.657468914985656738e-01 6.727761775255203247e-02
4.956145584583282471e-01 3.046989440917968750e-01 -8.485668222419917583e-04
4.756128489971160889e-01 3.265749216079711914e-01 1.497145835310220718e-02
4.402683377265930176e-01 5.201624631881713867e-01 -1.129557192325592041e-02
3.799140453338623047e-01 5.218911170959472656e-01 7.946250587701797485e-02
4.823108315467834473e-01 4.459128379821777344e-01 -3.105377033352851868e-02
4.908324182033538818e-01 4.517538547515869141e-01 -3.285078331828117371e-02
4.560374021530151367e-01 5.217117071151733398e-01 -1.218822039663791656e-02
4.595138132572174072e-01 5.213416218757629395e-01 -1.494317501783370972e-02
4.254379868507385254e-01 2.811487317085266113e-01 2.250143699347972870e-02
4.730906188488006592e-01 4.443841576576232910e-01 -2.951415628194808960e-02
4.683433771133422852e-01 2.878967821598052979e-01 2.598834689706563950e-03
4.680240154266357422e-01 2.754594087600708008e-01 2.616346115246415138e-03
4.593545198440551758e-01 2.301356047391891479e-01 3.215799853205680847e-02
4.169248342514038086e-01 2.771965563297271729e-01 4.250137135386466980e-02
4.641990959644317627e-01 2.556476593017578125e-01 1.773562282323837280e-02
4.111415445804595947e-01 2.986427545547485352e-01 3.440604358911514282e-02
4.022387564182281494e-01 3.012516498565673828e-01 5.853877216577529907e-02
4.907639622688293457e-01 4.948318302631378174e-01 -4.119769856333732605e-02
4.780078828334808350e-01 4.986227452754974365e-01 -3.580019623041152954e-02
4.688461124897003174e-01 5.047397017478942871e-01 -2.874783053994178772e-02
4.846483469009399414e-01 4.496633708477020264e-01 -2.894517034292221069e-02
4.577888846397399902e-01 5.216073393821716309e-01 -1.361608318984508514e-02
4.614704549312591553e-01 5.290147066116333008e-01 -2.002596668899059296e-02
4.610459804534912109e-01 5.209611058235168457e-01 -1.516192127019166946e-02
4.884515702724456787e-01 4.386876821517944336e-01 -4.511110484600067139e-02
4.743791818618774414e-01 5.072625279426574707e-01 -2.572589553892612457e-02
4.826506972312927246e-01 5.032800436019897461e-01 -3.075584582984447479e-02
4.928040504455566406e-01 5.022646188735961914e-01 -3.458337113261222839e-02
4.812421798706054688e-01 5.770082473754882812e-01 -2.755470201373100281e-02
4.850764274597167969e-01 5.595549941062927246e-01 -3.603606671094894409e-02
4.865917563438415527e-01 5.513042211532592773e-01 -3.667676821351051331e-02
4.883503317832946777e-01 5.432550907135009766e-01 -3.342839702963829041e-02
4.900778830051422119e-01 5.377441048622131348e-01 -3.075606748461723328e-02
4.728782773017883301e-01 5.302739143371582031e-01 -2.281652949750423431e-02
4.700735211372375488e-01 5.325608253479003906e-01 -2.514772117137908936e-02
4.665554165840148926e-01 5.360705256462097168e-01 -2.751796692609786987e-02
4.635931551456451416e-01 5.401235222816467285e-01 -2.619862556457519531e-02
4.559716582298278809e-01 4.881535172462463379e-01 -2.309018000960350037e-02
3.717986941337585449e-01 4.388233125209808350e-01 1.082635670900344849e-01
5.084504485130310059e-01 4.541042447090148926e-01 -4.360568523406982422e-02
4.673451185226440430e-01 5.267309546470642090e-01 -1.799323596060276031e-02
4.644448161125183105e-01 5.276464223861694336e-01 -1.965820603072643280e-02
4.933167099952697754e-01 4.585099220275878906e-01 -3.466062247753143311e-02
4.757839739322662354e-01 4.553082883358001709e-01 -2.277111820876598358e-02
4.921644926071166992e-01 4.552155733108520508e-01 -3.387220948934555054e-02
4.653496742248535156e-01 4.005114734172821045e-01 -3.781148698180913925e-03
4.458526372909545898e-01 4.089810848236083984e-01 -2.846693387255072594e-03
4.711199700832366943e-01 4.364306926727294922e-01 -2.511820942163467407e-02
4.298943579196929932e-01 2.431218177080154419e-01 4.834645986557006836e-02
4.366534948348999023e-01 2.612419128417968750e-01 2.922524325549602509e-02
4.446755647659301758e-01 2.734731435775756836e-01 1.231448538601398468e-02
4.545271396636962891e-01 5.532326698303222656e-01 -2.041890658438205719e-02
4.947659373283386230e-01 2.831778526306152344e-01 -1.748355105519294739e-03
4.917947649955749512e-01 2.579754292964935303e-01 1.139537710696458817e-02
4.897877275943756104e-01 2.267246544361114502e-01 2.319603599607944489e-02
4.325196146965026855e-01 3.609076142311096191e-01 1.822421886026859283e-02
4.030801057815551758e-01 3.755728304386138916e-01 3.076189570128917694e-02
4.800723493099212646e-01 3.580236136913299561e-01 1.536153629422187805e-02
4.194730520248413086e-01 3.298217654228210449e-01 2.629652060568332672e-02
4.876257777214050293e-01 3.819544911384582520e-01 -7.442736066877841949e-03
4.820097684860229492e-01 4.283452630043029785e-01 -4.406898096203804016e-02
3.899289965629577637e-01 3.889539837837219238e-01 4.027587547898292542e-02
4.102932214736938477e-01 3.863903880119323730e-01 1.891493797302246094e-02
4.250833988189697266e-01 3.926050066947937012e-01 8.394340984523296356e-03
4.474965929985046387e-01 3.911768794059753418e-01 4.711609333753585815e-03
4.640249013900756836e-01 3.857487142086029053e-01 3.908999264240264893e-03
4.770475924015045166e-01 3.789758980274200439e-01 2.819241024553775787e-03
5.048542022705078125e-01 3.608285188674926758e-01 -1.405590306967496872e-02
3.893469572067260742e-01 4.221884608268737793e-01 3.171608969569206238e-02
4.104523062705993652e-01 3.270052075386047363e-01 3.212784603238105774e-02
5.037491917610168457e-01 4.476701319217681885e-01 -5.645097047090530396e-02
4.782696068286895752e-01 4.065400958061218262e-01 -1.271432638168334961e-02
3.756313323974609375e-01 3.658770620822906494e-01 1.124069243669509888e-01
4.873196482658386230e-01 3.706949055194854736e-01 3.158424282446503639e-03
4.695171713829040527e-01 4.387495219707489014e-01 -1.432571932673454285e-02
4.245114922523498535e-01 3.442882299423217773e-01 2.809360064566135406e-02
4.818693697452545166e-01 4.193823933601379395e-01 -3.864575177431106567e-02
3.736426830291748047e-01 4.788025617599487305e-01 9.688685089349746704e-02
4.810805916786193848e-01 3.527147769927978516e-01 1.924058794975280762e-02
4.922378063201904297e-01 4.095017611980438232e-01 -4.776410758495330811e-02
4.041039943695068359e-01 5.571134090423583984e-01 1.971217989921569824e-02
4.010500311851501465e-01 5.805335640907287598e-01 3.564038500189781189e-02
3.754491209983825684e-01 4.307299554347991943e-01 7.011763751506805420e-02
3.918096423149108887e-01 5.344961881637573242e-01 3.459733724594116211e-02
3.914967179298400879e-01 3.299049735069274902e-01 7.114043086767196655e-02
4.469449520111083984e-01 6.145130991935729980e-01 -1.705513894557952881e-02
5.042294859886169434e-01 4.530389010906219482e-01 -4.297025129199028015e-02
4.669825434684753418e-01 4.180182814598083496e-01 -1.087565813213586807e-02
3.937941193580627441e-01 3.559238314628601074e-01 4.984121769666671753e-02
4.436957836151123047e-01 3.555041253566741943e-01 1.577985845506191254e-02
4.528112411499023438e-01 3.575495779514312744e-01 1.339336205273866653e-02
4.586462080478668213e-01 5.306292176246643066e-01 -1.876557245850563049e-02
3.892323672771453857e-01 4.559031128883361816e-01 2.967024780809879303e-02
4.665030837059020996e-01 6.427416205406188965e-01 -1.572106219828128815e-02
4.308708310127258301e-01 6.175230741500854492e-01 6.559965666383504868e-03
4.165672063827514648e-01 6.022248268127441406e-01 1.932230032980442047e-02
5.226308703422546387e-01 2.628338336944580078e-01 1.031019352376461029e-02
4.926198124885559082e-01 6.491210460662841797e-01 -1.793538220226764679e-02
4.621122777462005615e-01 3.572685122489929199e-01 1.358870230615139008e-02
4.711909294128417969e-01 3.554467856884002686e-01 1.582595333456993103e-02
4.775228500366210938e-01 3.541749119758605957e-01 1.877586729824542999e-02
4.017748832702636719e-01 3.249763846397399902e-01 4.381169006228446960e-02
4.719510972499847412e-01 3.415614962577819824e-01 1.582638360559940338e-02
4.626103937625885010e-01 3.365180492401123047e-01 1.388862077146768570e-02
4.532640874385833740e-01 3.347794711589813232e-01 1.394087076187133789e-02
4.435389339923858643e-01 3.361298739910125732e-01 1.589356549084186554e-02
4.370443820953369141e-01 3.393397927284240723e-01 1.877176761627197266e-02
3.828644454479217529e-01 3.269124329090118408e-01 1.012015715241432190e-01
4.377255439758300781e-01 3.525782525539398193e-01 1.923701912164688110e-02
5.063019990921020508e-01 4.730011820793151855e-01 -3.606291860342025757e-02
4.679181873798370361e-01 4.782284200191497803e-01 -2.742264978587627411e-02
4.826213121414184570e-01 4.423259198665618896e-01 -3.426109626889228821e-02
4.904263615608215332e-01 4.724749028682708740e-01 -3.584428131580352783e-02
5.171018242835998535e-01 3.395363092422485352e-01 -6.076291203498840332e-03
4.173551499843597412e-01 5.793488621711730957e-01 7.803471293300390244e-03
4.312462806701660156e-01 5.969310402870178223e-01 -4.146661609411239624e-03
4.677161276340484619e-01 6.283407211303710938e-01 -2.792123518884181976e-02
3.896454274654388428e-01 5.562341809272766113e-01 5.737874656915664673e-02
4.783604741096496582e-01 3.482538163661956787e-01 1.798471808433532715e-02
4.956676959991455078e-01 3.839591443538665771e-01 -2.241998910903930664e-02
4.935455918312072754e-01 6.346626877784729004e-01 -2.988458238542079926e-02
4.469144642353057861e-01 6.313840150833129883e-01 -6.834676023572683334e-03
3.766158223152160645e-01 4.678566753864288330e-01 6.249741837382316589e-02
4.804397821426391602e-01 5.339814424514770508e-01 -2.724732086062431335e-02
4.776607155799865723e-01 5.379564762115478516e-01 -2.979228086769580841e-02
4.747622609138488770e-01 5.440778136253356934e-01 -3.240956738591194153e-02
4.724192619323730469e-01 5.511487722396850586e-01 -3.166083246469497681e-02
4.657314717769622803e-01 5.666523575782775879e-01 -2.556922473013401031e-02
4.649679362773895264e-01 5.132274031639099121e-01 -2.045097574591636658e-02
4.619775414466857910e-01 5.124570131301879883e-01 -2.035544253885746002e-02
4.594581723213195801e-01 5.109716057777404785e-01 -2.011023648083209991e-02
4.464442133903503418e-01 5.023282766342163086e-01 -1.688810624182224274e-02
4.058392643928527832e-01 4.627216160297393799e-01 7.424154784530401230e-03
4.965206980705261230e-01 3.701517879962921143e-01 -9.839587844908237457e-03
4.913675785064697266e-01 3.391407430171966553e-01 1.348891016095876694e-02
4.837573170661926270e-01 3.414666652679443359e-01 1.710888929665088654e-02
4.673690795898437500e-01 5.130033493041992188e-01 -1.975683867931365967e-02
4.005671143531799316e-01 5.063364505767822266e-01 1.809355616569519043e-02
5.028095245361328125e-01 3.377192020416259766e-01 8.899389649741351604e-05
4.584710597991943359e-01 5.804225802421569824e-01 -2.197676710784435272e-02
5.140691995620727539e-01 3.874844908714294434e-01 -4.271957278251647949e-02
5.044057369232177734e-01 3.755749464035034180e-01 -2.759647183120250702e-02
5.149529576301574707e-01 3.732174038887023926e-01 -2.936752513051033020e-02
4.856151044368743896e-01 4.078216552734375000e-01 -2.660427987575531006e-02
4.949513375759124756e-01 6.162378787994384766e-01 -3.266638889908790588e-02
4.963538944721221924e-01 5.965828895568847656e-01 -2.956021204590797424e-02
4.765975475311279297e-01 5.922996401786804199e-01 -2.803700789809226990e-02
4.350363314151763916e-01 5.447261333465576172e-01 -9.578841738402843475e-03
4.586758911609649658e-01 4.515047371387481689e-01 -1.348206121474504471e-02
4.448066949844360352e-01 5.647022724151611328e-01 -1.572909578680992126e-02
4.330033957958221436e-01 4.472121298313140869e-01 -1.020643487572669983e-02
4.468321502208709717e-01 4.672749936580657959e-01 -1.437018904834985733e-02
4.213882684707641602e-01 4.746552705764770508e-01 -5.349925253540277481e-03
4.713051617145538330e-01 6.105625033378601074e-01 -3.034273162484169006e-02
4.776167571544647217e-01 4.176836311817169189e-01 -2.065678127110004425e-02
4.236852526664733887e-01 5.581853389739990234e-01 -1.726798829622566700e-03
4.368791282176971436e-01 5.782793760299682617e-01 -1.007760036736726761e-02
4.287407994270324707e-01 5.214937329292297363e-01 -6.898726802319288254e-03
3.903586566448211670e-01 4.856903851032257080e-01 2.944443561136722565e-02
4.135669469833374023e-01 5.249188542366027832e-01 2.871566219255328178e-03
3.812845349311828613e-01 5.027731060981750488e-01 5.233100056648254395e-02
4.363884925842285156e-01 4.891055226325988770e-01 -1.199208479374647141e-02
4.872458279132843018e-01 3.950824141502380371e-01 -1.712415739893913269e-02
4.852331280708312988e-01 4.353466629981994629e-01 -4.688211902976036072e-02
4.777225255966186523e-01 4.409166574478149414e-01 -3.620768338441848755e-02
4.909722208976745605e-01 4.239252209663391113e-01 -5.346390604972839355e-02
4.839844703674316406e-01 3.204601407051086426e-01 1.163766626268625259e-02
4.668610692024230957e-01 3.065221905708312988e-01 1.003179326653480530e-02
4.510104656219482422e-01 3.027504682540893555e-01 9.926022030413150787e-03
4.368973970413208008e-01 3.057973384857177734e-01 1.320258714258670807e-02
4.261048436164855957e-01 3.143794536590576172e-01 1.894849166274070740e-02
4.159454405307769775e-01 3.479167222976684570e-01 3.200392052531242371e-02
3.766279220581054688e-01 3.959036469459533691e-01 7.356972992420196533e-02
4.225128889083862305e-01 3.715071976184844971e-01 2.012407407164573669e-02
4.338946044445037842e-01 3.766506612300872803e-01 1.347485557198524475e-02
4.490333795547485352e-01 3.775888085365295410e-01 9.407246485352516174e-03
4.636700749397277832e-01 3.750343620777130127e-01 8.306241594254970551e-03
4.755026400089263916e-01 3.703422546386718750e-01 9.562926366925239563e-03
4.840585291385650635e-01 3.654576539993286133e-01 9.901845827698707581e-03
3.729306459426879883e-01 4.022817611694335938e-01 1.142599433660507202e-01
4.774005711078643799e-01 4.464530348777770996e-01 -3.128157183527946472e-02
4.947934448719024658e-01 3.964399695396423340e-01 -3.362355381250381470e-02
4.932449460029602051e-01 4.355573952198028564e-01 -5.536863952875137329e-02
4.984527826309204102e-01 4.454492628574371338e-01 -5.193407833576202393e-02
4.930272996425628662e-01 4.393586814403533936e-01 -5.036249011754989624e-02
4.798434674739837646e-01 4.523949623107910156e-01 -2.813309058547019958e-02
5.004062652587890625e-01 4.465825259685516357e-01 -5.498542264103889465e-02
5.008963942527770996e-01 4.518135190010070801e-01 -4.282021522521972656e-02
4.851070642471313477e-01 3.527812957763671875e-01 1.763035915791988373e-02
4.913260936737060547e-01 3.566539287567138672e-01 1.065088808536529541e-02
4.955766797065734863e-01 3.584957718849182129e-01 2.493016188964247704e-03
4.331765472888946533e-01 3.420906364917755127e-01 2.200451306998729706e-02
4.256594777107238770e-01 3.315234482288360596e-01 2.264455333352088928e-02
5.233265161514282227e-01 3.915472030639648438e-01 -3.876959532499313354e-02
5.939033627510070801e-01 3.678388297557830811e-01 2.947899512946605682e-02
5.183717608451843262e-01 4.520931243896484375e-01 -4.197203740477561951e-02
6.346547603607177734e-01 3.273267745971679688e-01 9.540500491857528687e-02
5.618652105331420898e-01 3.771562576293945312e-01 1.527739781886339188e-02
5.727176070213317871e-01 3.805589973926544189e-01 1.642587780952453613e-02
5.831568241119384766e-01 3.815836310386657715e-01 1.996644586324691772e-02
5.978747606277465820e-01 3.745924234390258789e-01 3.024830110371112823e-02
5.527685880661010742e-01 3.711579144001007080e-01 1.661021634936332703e-02
5.818703174591064453e-01 3.267332911491394043e-01 1.654766872525215149e-02
5.687720775604248047e-01 3.274621367454528809e-01 1.645947620272636414e-02
5.936746001243591309e-01 3.314711749553680420e-01 2.011281996965408325e-02
6.008764505386352539e-01 3.405388593673706055e-01 2.427267096936702728e-02
6.054490804672241211e-01 3.874278366565704346e-01 3.460246324539184570e-02
5.402617454528808594e-01 6.071462631225585938e-01 -1.687620952725410461e-02
5.983399152755737305e-01 3.634577393531799316e-01 3.372463583946228027e-02
6.383152604103088379e-01 3.959870338439941406e-01 8.678545802831649780e-02
6.180894970893859863e-01 3.773565590381622314e-01 4.811526834964752197e-02
5.655322074890136719e-01 4.450268447399139404e-01 -6.147905718535184860e-03
5.198584794998168945e-01 4.931310117244720459e-01 -4.012722894549369812e-02
5.170589089393615723e-01 5.025634169578552246e-01 -3.715787082910537720e-02
5.328311920166015625e-01 5.012704730033874512e-01 -3.341878205537796021e-02
5.402117371559143066e-01 5.112379789352416992e-01 -2.488029561936855316e-02
5.269743800163269043e-01 5.070191621780395508e-01 -3.199492022395133972e-02
5.337237715721130371e-01 5.139835476875305176e-01 -2.391143515706062317e-02
5.517699718475341797e-01 5.535789728164672852e-01 -1.026676315814256668e-02
5.194323062896728516e-01 4.402266740798950195e-01 -6.009104102849960327e-02
5.224037170410156250e-01 4.246538579463958740e-01 -6.149527058005332947e-02
6.157959699630737305e-01 3.257968425750732422e-01 3.191532567143440247e-02
5.457844138145446777e-01 4.013689756393432617e-01 -2.041631843894720078e-03
5.442675948143005371e-01 4.456972777843475342e-01 -3.164689615368843079e-02
5.459429621696472168e-01 4.383292496204376221e-01 -2.730351872742176056e-02
5.991297364234924316e-01 4.510706961154937744e-01 9.495818987488746643e-03
5.230476856231689453e-01 4.064655900001525879e-01 -5.208131670951843262e-02
5.930022597312927246e-01 2.997256517410278320e-01 1.424552313983440399e-02
6.070359349250793457e-01 3.093860149383544922e-01 2.294493839144706726e-02
6.259530186653137207e-01 2.948548197746276855e-01 7.740113139152526855e-02
5.435005426406860352e-01 3.093249499797821045e-01 1.343192765489220619e-03
5.569561719894409180e-01 3.343248367309570312e-01 1.867141574621200562e-02
5.608483552932739258e-01 5.373226404190063477e-01 -5.735428072512149811e-03
6.170688867568969727e-01 5.529581308364868164e-01 9.061308205127716064e-02
5.343552231788635254e-01 4.535130858421325684e-01 -2.900079824030399323e-02
5.251409411430358887e-01 4.568149149417877197e-01 -3.179681673645973206e-02
5.453321337699890137e-01 5.337397456169128418e-01 -7.418723311275243759e-03
5.420168638229370117e-01 5.323160290718078613e-01 -1.072189304977655411e-02
6.133443713188171387e-01 3.004868924617767334e-01 3.031316213309764862e-02
5.436749458312988281e-01 4.544624090194702148e-01 -2.669244259595870972e-02
5.728109478950500488e-01 2.983023524284362793e-01 6.821456830948591232e-03
5.756117105484008789e-01 2.857176959514617920e-01 6.882695481181144714e-03
5.861681103706359863e-01 2.476152181625366211e-01 3.808508068323135376e-02
6.187015175819396973e-01 3.032464981079101562e-01 5.083866789937019348e-02
5.790114402770996094e-01 2.709052860736846924e-01 2.244892530143260956e-02
6.221916675567626953e-01 3.217189908027648926e-01 4.315878450870513916e-02
6.278751492500305176e-01 3.303798437118530273e-01 6.784237176179885864e-02
5.187817811965942383e-01 4.982684254646301270e-01 -3.988535329699516296e-02
5.298855304718017578e-01 5.046455860137939453e-01 -3.333831578493118286e-02
5.371436476707458496e-01 5.128723978996276855e-01 -2.545280754566192627e-02
5.312978625297546387e-01 4.564827978610992432e-01 -2.720067463815212250e-02
5.436141490936279297e-01 5.331377387046813965e-01 -9.185385890305042267e-03
5.399719476699829102e-01 5.399619340896606445e-01 -1.633761823177337646e-02
5.404462218284606934e-01 5.314345359802246094e-01 -1.106975227594375610e-02
5.302357673645019531e-01 4.447991847991943359e-01 -4.314297437667846680e-02
5.311087965965270996e-01 5.138632059097290039e-01 -2.279792353510856628e-02
5.244864225387573242e-01 5.079630017280578613e-01 -2.856508642435073853e-02
5.155383944511413574e-01 5.048899650573730469e-01 -3.332810848951339722e-02
5.139366388320922852e-01 5.812287330627441406e-01 -2.632008120417594910e-02
5.159004926681518555e-01 5.643196702003479004e-01 -3.472054749727249146e-02
5.155321955680847168e-01 5.555633306503295898e-01 -3.531256318092346191e-02
5.145775675773620605e-01 5.469717979431152344e-01 -3.207394480705261230e-02
5.131396651268005371e-01 5.409474372863769531e-01 -2.944604866206645966e-02
5.291234850883483887e-01 5.381093025207519531e-01 -1.985946856439113617e-02
5.318816304206848145e-01 5.414034128189086914e-01 -2.221227064728736877e-02
5.350218415260314941e-01 5.461127758026123047e-01 -2.444850280880928040e-02
5.375213027000427246e-01 5.512369275093078613e-01 -2.298463508486747742e-02
5.516467094421386719e-01 5.018254518508911133e-01 -1.908087357878684998e-02
6.337676644325256348e-01 4.735306203365325928e-01 1.203209087252616882e-01
5.341920852661132812e-01 5.358419418334960938e-01 -1.436689309775829315e-02
5.371253490447998047e-01 5.376462340354919434e-01 -1.608389802277088165e-02
5.217332839965820312e-01 4.626027047634124756e-01 -3.359355032444000244e-02
5.388214588165283203e-01 4.644203484058380127e-01 -2.048054896295070648e-02
5.233612656593322754e-01 4.598121345043182373e-01 -3.282899037003517151e-02
5.568671226501464844e-01 4.131255447864532471e-01 5.279107717797160149e-04
5.745388269424438477e-01 4.268264770507812500e-01 2.889841329306364059e-03
5.469485521316528320e-01 4.471504986286163330e-01 -2.201935462653636932e-02
6.110242605209350586e-01 2.676707506179809570e-01 5.664450302720069885e-02
6.034625768661499023e-01 2.829059362411499023e-01 3.600937500596046448e-02
5.976316332817077637e-01 2.883707284927368164e-01 1.863419823348522186e-02
5.424932837486267090e-01 5.648857951164245605e-01 -1.666712947189807892e-02
5.488148927688598633e-01 2.877515554428100586e-01 4.928981652483344078e-04
5.527484416961669922e-01 2.662315666675567627e-01 1.389833725988864899e-02
5.584262013435363770e-01 2.363737970590591431e-01 2.626453712582588196e-02
5.922701954841613770e-01 3.801012039184570312e-01 2.520969882607460022e-02
6.161356568336486816e-01 4.017831683158874512e-01 3.949502110481262207e-02
5.466176271438598633e-01 3.655273616313934326e-01 1.859760098159313202e-02
6.098889708518981934e-01 3.510495126247406006e-01 3.432620689272880554e-02
5.387880802154541016e-01 3.889041543006896973e-01 -4.916066769510507584e-03
5.384970307350158691e-01 4.363839328289031982e-01 -4.171622171998023987e-02
6.289713382720947266e-01 4.207251071929931641e-01 5.010610073804855347e-02
6.079776883125305176e-01 4.113714694976806641e-01 2.730671875178813934e-02
5.934948921203613281e-01 4.142500758171081543e-01 1.568586938083171844e-02
5.726445913314819336e-01 4.074702262878417969e-01 1.044452656060457230e-02
5.577833652496337891e-01 3.977202177047729492e-01 8.304377086460590363e-03
5.466212630271911621e-01 3.877713978290557861e-01 6.110592745244503021e-03
5.261070132255554199e-01 3.637108802795410156e-01 -1.298723649233579636e-02
6.257097125053405762e-01 4.540047347545623779e-01 4.161253571510314941e-02
6.178439855575561523e-01 3.506809771060943604e-01 4.077276587486267090e-02
5.146204233169555664e-01 4.491828680038452148e-01 -5.592912435531616211e-02
5.440415143966674805e-01 4.156184196472167969e-01 -9.609843604266643524e-03
6.398026347160339355e-01 4.005613923072814941e-01 1.250859797000885010e-01
5.384584069252014160e-01 3.770618140697479248e-01 5.714696832001209259e-03
5.475967526435852051e-01 4.498045742511749268e-01 -1.112594082951545715e-02
6.029391288757324219e-01 3.643927574157714844e-01 3.580138459801673889e-02
5.398423671722412109e-01 4.274609088897705078e-01 -3.623923659324645996e-02
6.277121901512145996e-01 5.123607516288757324e-01 1.085241958498954773e-01
5.469953417778015137e-01 3.598819673061370850e-01 2.261459082365036011e-02
5.318512916564941406e-01 4.149275422096252441e-01 -4.598594084382057190e-02
5.917766094207763672e-01 5.810334086418151855e-01 2.710436098277568817e-02
5.904724001884460449e-01 6.039105653762817383e-01 4.425476118922233582e-02
6.356266736984252930e-01 4.648176729679107666e-01 8.055931329727172852e-02
6.067885160446166992e-01 5.623760819435119629e-01 4.323315992951393127e-02
6.332970857620239258e-01 3.613579571247100830e-01 8.106873184442520142e-02
5.420561432838439941e-01 6.256566643714904785e-01 -1.350932102650403976e-02
5.126602053642272949e-01 4.542311728000640869e-01 -4.266568273305892944e-02
5.529439449310302734e-01 4.300374388694763184e-01 -7.065602112561464310e-03
6.267788410186767578e-01 3.836223483085632324e-01 5.939947068691253662e-02
5.829593539237976074e-01 3.717859685420989990e-01 2.200748398900032043e-02
5.736938118934631348e-01 3.714886307716369629e-01 1.890035159885883331e-02
5.425860881805419922e-01 5.425081253051757812e-01 -1.484639290720224380e-02
6.211870312690734863e-01 4.871760308742523193e-01 3.940749168395996094e-02
5.190984010696411133e-01 6.486897468566894531e-01 -1.340845320373773575e-02
5.569075345993041992e-01 6.319334506988525391e-01 1.214166171848773956e-02
5.728809237480163574e-01 6.207124590873718262e-01 2.633424289524555206e-02
5.645599365234375000e-01 3.688788712024688721e-01 1.828913763165473938e-02
5.559095144271850586e-01 3.648537099361419678e-01 1.983347162604331970e-02
5.500239133834838867e-01 3.622109591960906982e-01 2.235688082873821259e-02
6.250091791152954102e-01 3.504447937011718750e-01 5.304832756519317627e-02
5.582711696624755859e-01 3.514092564582824707e-01 1.997930742800235748e-02
5.683193206787109375e-01 3.483823835849761963e-01 1.876681484282016754e-02
5.778616070747375488e-01 3.485093116760253906e-01 1.959313452243804932e-02
5.871887803077697754e-01 3.518608808517456055e-01 2.224422618746757507e-02
5.928263664245605469e-01 3.565014004707336426e-01 2.558503299951553345e-02
6.390075087547302246e-01 3.607143759727478027e-01 1.134825348854064941e-01
5.893665552139282227e-01 3.701882958412170410e-01 2.593388594686985016e-02
5.423803925514221191e-01 4.888882040977478027e-01 -2.435024641454219818e-02
5.348331928253173828e-01 4.499727189540863037e-01 -3.223988041281700134e-02
5.219453573226928711e-01 4.770817160606384277e-01 -3.458348289132118225e-02
5.755674839019775391e-01 5.989563465118408203e-01 1.381538063287734985e-02
5.596934556961059570e-01 6.123508810997009277e-01 5.645059281960129738e-04
5.200210213661193848e-01 6.345141530036926270e-01 -2.593290060758590698e-02
6.041393876075744629e-01 5.835443139076232910e-01 6.739830970764160156e-02
5.506169199943542480e-01 3.563135564327239990e-01 2.167259156703948975e-02
5.316367745399475098e-01 3.888286948204040527e-01 -2.071886695921421051e-02
5.396470427513122559e-01 6.417493820190429688e-01 -2.734684618189930916e-03
6.297774314880371094e-01 5.011194348335266113e-01 7.269164174795150757e-02
5.221795439720153809e-01 5.397393107414245605e-01 -2.495486661791801453e-02
5.247119665145874023e-01 5.447056293487548828e-01 -2.746421098709106445e-02
5.269960165023803711e-01 5.518295764923095703e-01 -2.998871915042400360e-02
5.285542011260986328e-01 5.599460601806640625e-01 -2.915508672595024109e-02
5.301498174667358398e-01 5.748463273048400879e-01 -2.276491001248359680e-02
5.385713577270507812e-01 5.224363803863525391e-01 -1.670324429869651794e-02
5.416020154953002930e-01 5.224715471267700195e-01 -1.627225428819656372e-02
5.444892048835754395e-01 5.217152237892150879e-01 -1.582714542746543884e-02
5.580071806907653809e-01 5.183061361312866211e-01 -1.184152532368898392e-02
6.048837900161743164e-01 4.900244772434234619e-01 1.593052409589290619e-02
5.322923660278320312e-01 3.750568628311157227e-01 -8.082739077508449554e-03
5.398906469345092773e-01 3.435912728309631348e-01 1.567546650767326355e-02
5.462157726287841797e-01 3.476274311542510986e-01 2.026186324656009674e-02
5.361433029174804688e-01 5.214408040046691895e-01 -1.610720902681350708e-02
6.028096675872802734e-01 5.334327220916748047e-01 2.654605731368064880e-02
5.299773216247558594e-01 3.401200771331787109e-01 1.484979642555117607e-03
5.356734991073608398e-01 5.900316834449768066e-01 -1.898863166570663452e-02
5.248411297798156738e-01 3.782797455787658691e-01 -2.669158950448036194e-02
5.374822020530700684e-01 4.150398969650268555e-01 -2.436411380767822266e-02
5.165786147117614746e-01 5.972200036048889160e-01 -2.667325362563133240e-02
5.628657937049865723e-01 5.617534518241882324e-01 -4.349668510258197784e-03
5.554736852645874023e-01 4.650848805904388428e-01 -9.464563801884651184e-03
5.507122874259948730e-01 5.782792568206787109e-01 -1.165081188082695007e-02
5.813326835632324219e-01 4.679160416126251221e-01 -3.801468759775161743e-03
5.642420053482055664e-01 4.837850332260131836e-01 -9.348128922283649445e-03
5.879132151603698730e-01 4.977487027645111084e-01 1.844271318987011909e-03
5.191933512687683105e-01 6.164635419845581055e-01 -2.853121981024742126e-02
5.432503819465637207e-01 4.267683625221252441e-01 -1.788059994578361511e-02
5.723930597305297852e-01 5.772577524185180664e-01 4.127130843698978424e-03
5.568727254867553711e-01 5.932045578956604004e-01 -5.582605488598346710e-03
5.726432800292968750e-01 5.413274765014648438e-01 -5.133129889145493507e-04
6.156457066535949707e-01 5.159439444541931152e-01 3.883190453052520752e-02
5.873840451240539551e-01 5.480625033378601074e-01 1.009493600577116013e-02
6.209637522697448730e-01 5.342549085617065430e-01 6.214881315827369690e-02
5.704710483551025391e-01 5.080415606498718262e-01 -6.093943025916814804e-03
5.375333428382873535e-01 4.020263850688934326e-01 -1.466626301407814026e-02
5.340927243232727051e-01 4.424108862876892090e-01 -4.475883394479751587e-02
5.400169491767883301e-01 4.498823881149291992e-01 -3.381335362792015076e-02
5.310648679733276367e-01 4.295584857463836670e-01 -5.184945464134216309e-02
5.506490468978881836e-01 3.266125023365020752e-01 1.462000794708728790e-02
5.700974464416503906e-01 3.166130781173706055e-01 1.443588174879550934e-02
5.863513350486755371e-01 3.165894150733947754e-01 1.573021151125431061e-02
5.989371538162231445e-01 3.229897320270538330e-01 2.014078386127948761e-02
6.070790886878967285e-01 3.339818716049194336e-01 2.664554677903652191e-02
6.093761920928955078e-01 3.704787194728851318e-01 4.016030207276344299e-02
6.386268138885498047e-01 4.301277399063110352e-01 8.428885042667388916e-02
5.992800593376159668e-01 3.931922018527984619e-01 2.772356756031513214e-02
5.876809358596801758e-01 3.958720266819000244e-01 2.019402757287025452e-02
5.731809735298156738e-01 3.930180668830871582e-01 1.499946415424346924e-02
5.595968961715698242e-01 3.866118192672729492e-01 1.278556138277053833e-02
5.491192936897277832e-01 3.790183663368225098e-01 1.295094564557075500e-02
5.418546199798583984e-01 3.719796538352966309e-01 1.264006830751895905e-02
6.371617317199707031e-01 4.370814859867095947e-01 1.268615871667861938e-01
5.390769243240356445e-01 4.553297460079193115e-01 -2.889657951891422272e-02
5.309518575668334961e-01 4.013468027114868164e-01 -3.187882527709007263e-02
5.268306732177734375e-01 4.402821362018585205e-01 -5.401946976780891418e-02
5.196608901023864746e-01 4.484812319278717041e-01 -5.114525556564331055e-02
5.259531140327453613e-01 4.441680908203125000e-01 -4.896420240402221680e-02
5.355272293090820312e-01 4.603914320468902588e-01 -2.610004693269729614e-02
5.178657770156860352e-01 4.490417838096618652e-01 -5.434845760464668274e-02
5.159491300582885742e-01 4.539240598678588867e-01 -4.227983579039573669e-02
5.427988767623901367e-01 3.590211272239685059e-01 2.043566294014453888e-02
5.365867018699645996e-01 3.613629937171936035e-01 1.282938010990619659e-02
5.327422618865966797e-01 3.627077937126159668e-01 4.290868993848562241e-03
5.959645509719848633e-01 3.601523041725158691e-01 2.910355478525161743e-02
6.044808626174926758e-01 3.511536121368408203e-01 3.016136586666107178e-02
4.523535966873168945e-01 3.449720144271850586e-01 1.768947020173072815e-02
4.635261893272399902e-01 3.456292748451232910e-01 1.768947020173072815e-02
4.530502855777740479e-01 3.308055996894836426e-01 1.768947020173072815e-02
4.409816265106201172e-01 3.442309498786926270e-01 1.768947020173072815e-02
4.515419304370880127e-01 3.588609099388122559e-01 1.768947020173072815e-02
5.761652588844299316e-01 3.607865869998931885e-01 2.313025668263435364e-02
5.876892209053039551e-01 3.628252148628234863e-01 2.313025668263435364e-02
5.777447223663330078e-01 3.461224138736724854e-01 2.313025668263435364e-02
5.646963119506835938e-01 3.587353229522705078e-01 2.313025668263435364e-02
5.746613740921020508e-01 3.755012452602386475e-01 2.313025668263435364e-02
