5.058275461196899414e-01 5.239520668983459473e-01 -3.656261414289474487e-02
5.131789445877075195e-01 4.665654599666595459e-01 -6.106027588248252869e-02
5.098389387130737305e-01 4.854376912117004395e-01 -3.433415666222572327e-02
5.070556998252868652e-01 4.126842021942138672e-01 -4.348747059702873230e-02
5.147542953491210938e-01 4.494889080524444580e-01 -6.393816322088241577e-02
5.160394310951232910e-01 4.283497929573059082e-01 -5.817047506570816040e-02
5.184428691864013672e-01 3.782270550727844238e-01 -2.395130507647991180e-02
4.352279305458068848e-01 3.646930754184722900e-01 1.453113183379173279e-02
5.211614370346069336e-01 3.354618847370147705e-01 -1.315322052687406540e-02
5.228358507156372070e-01 3.133842349052429199e-01 -1.335256919264793396e-02
5.273744463920593262e-01 2.430999726057052612e-01 3.993146587163209915e-03
5.056396722793579102e-01 5.294811725616455078e-01 -3.563223406672477722e-02
5.052165389060974121e-01 5.351753234863281250e-01 -3.244044631719589233e-02
5.048226118087768555e-01 5.389754772186279297e-01 -2.791391499340534210e-02
5.039660930633544922e-01 5.565325021743774414e-01 -2.338862419128417969e-02
5.035941600799560547e-01 5.650480389595031738e-01 -2.560783550143241882e-02
5.028871297836303711e-01 5.755012631416320801e-01 -2.816311083734035492e-02
5.021291971206665039e-01 5.853528976440429688e-01 -2.647269889712333679e-02
4.981130957603454590e-01 6.033998131752014160e-01 -1.656176708638668060e-02
5.119107365608215332e-01 4.759704172611236572e-01 -5.582721531391143799e-02
5.011529922485351562e-01 4.752221703529357910e-01 -4.140685871243476868e-02
3.940473794937133789e-01 3.047449588775634766e-01 6.944540143013000488e-02
4.653545618057250977e-01 3.821142911911010742e-01 4.061375278979539871e-03
4.535162746906280518e-01 3.827382624149322510e-01 4.158269148319959641e-03
4.424876570701599121e-01 3.806495070457458496e-01 6.689574103802442551e-03
4.288870394229888916e-01 3.703042864799499512e-01 1.539839245378971100e-02
4.761261343955993652e-01 3.780193924903869629e-01 6.284182425588369370e-03
4.547858238220214844e-01 3.293066620826721191e-01 1.656783977523446083e-03
4.677147269248962402e-01 3.331605195999145508e-01 2.801205497235059738e-03
4.420046508312225342e-01 3.306713700294494629e-01 4.410122055560350418e-03
4.329685568809509277e-01 3.370576500892639160e-01 8.233917877078056335e-03
4.172481000423431396e-01 3.804149627685546875e-01 1.979253441095352173e-02
4.526496827602386475e-01 6.191293597221374512e-01 -7.340145763009786606e-03
4.314164519309997559e-01 3.601462244987487793e-01 1.817077957093715668e-02
3.820571601390838623e-01 3.739704191684722900e-01 6.833287328481674194e-02
4.049888551235198975e-01 3.674720525741577148e-01 3.131224587559700012e-02
4.540890455245971680e-01 4.502883553504943848e-01 -1.192414481192827225e-02
4.921563267707824707e-01 5.183587670326232910e-01 -3.578354790806770325e-02
4.933149814605712891e-01 5.326941013336181641e-01 -3.157024458050727844e-02
4.786722660064697266e-01 5.231463909149169922e-01 -3.024792484939098358e-02
4.700346589088439941e-01 5.293433070182800293e-01 -2.231380343437194824e-02
4.832358956336975098e-01 5.328738093376159668e-01 -2.759950794279575348e-02
4.755131304264068604e-01 5.350499749183654785e-01 -2.015237882733345032e-02
4.471392035484313965e-01 5.590468049049377441e-01 -6.028956267982721329e-03
5.039373040199279785e-01 4.651362001895904541e-01 -6.046191230416297913e-02
5.038611888885498047e-01 4.486234784126281738e-01 -6.308871507644653320e-02
4.175401628017425537e-01 3.166373670101165771e-01 1.257349364459514618e-02
4.806425571441650391e-01 4.120055139064788818e-01 -9.188261814415454865e-03
4.776402413845062256e-01 4.603943824768066406e-01 -3.456036373972892761e-02
4.769830107688903809e-01 4.520235657691955566e-01 -3.086623921990394592e-02
4.190932214260101318e-01 4.453897476196289062e-01 4.325791451265104115e-05
5.056420564651489258e-01 4.290559291839599609e-01 -5.543221905827522278e-02
4.478912055492401123e-01 2.960513234138488770e-01 -3.541043726727366447e-03
4.307093620300292969e-01 3.026474118232727051e-01 3.800986334681510925e-03
4.105152487754821777e-01 2.765700519084930420e-01 5.059680342674255371e-02
4.981574416160583496e-01 3.178484439849853516e-01 -1.105274260044097900e-02
4.784102439880371094e-01 3.421151340007781982e-01 6.328445859253406525e-03
4.408386647701263428e-01 5.395864248275756836e-01 -3.997758030891418457e-03
3.818600475788116455e-01 5.335309505462646484e-01 8.622641861438751221e-02
4.851324260234832764e-01 4.707455933094024658e-01 -3.026784583926200867e-02
4.932922422885894775e-01 4.767415523529052734e-01 -3.121558390557765961e-02
4.603411555290222168e-01 5.422446131706237793e-01 -4.689075518399477005e-03
4.635583162307739258e-01 5.420523285865783691e-01 -7.351186592131853104e-03
4.251124858856201172e-01 2.921038866043090820e-01 9.771691635251045227e-03
4.761936664581298828e-01 4.684011042118072510e-01 -2.891632542014122009e-02
4.696686565876007080e-01 2.993254065513610840e-01 -8.584964089095592499e-03
4.691183269023895264e-01 2.859247326850891113e-01 -9.824951179325580597e-03
4.619731307029724121e-01 2.431132793426513672e-01 1.344193611294031143e-02
4.191110432147979736e-01 2.911109328269958496e-01 2.786938659846782684e-02
4.671128094196319580e-01 2.711565196514129639e-01 1.859290525317192078e-03
4.108755588531494141e-01 3.110480010509490967e-01 2.251018211245536804e-02
4.035907387733459473e-01 3.140191435813903809e-01 4.519202560186386108e-02
4.924816489219665527e-01 5.262723565101623535e-01 -3.492917865514755249e-02
4.809281527996063232e-01 5.285502076148986816e-01 -2.943258918821811676e-02
4.726635217666625977e-01 5.324462652206420898e-01 -2.216434851288795471e-02
4.873090684413909912e-01 4.743668735027313232e-01 -2.787754684686660767e-02
4.620125889778137207e-01 5.422094464302062988e-01 -6.060345098376274109e-03
4.660312831401824951e-01 5.475361943244934082e-01 -1.181293837726116180e-02
4.651123583316802979e-01 5.418981909751892090e-01 -7.528536021709442139e-03
4.913430213928222656e-01 4.645698666572570801e-01 -4.508949071168899536e-02
4.776073396205902100e-01 5.365991592407226562e-01 -1.862432807683944702e-02
4.850087165832519531e-01 5.354037284851074219e-01 -2.366742677986621857e-02
4.941251277923583984e-01 5.363966822624206543e-01 -2.733711712062358856e-02
4.820242524147033691e-01 5.998184084892272949e-01 -1.697904802858829498e-02
4.869738519191741943e-01 5.803269147872924805e-01 -2.654183655977249146e-02
4.887217581272125244e-01 5.708372592926025391e-01 -2.772797457873821259e-02
4.908885955810546875e-01 5.606763362884521484e-01 -2.493211440742015839e-02
4.930818080902099609e-01 5.530638694763183594e-01 -2.281954139471054077e-02
4.772331416606903076e-01 5.460834503173828125e-01 -1.516784355044364929e-02
4.740602076053619385e-01 5.494378209114074707e-01 -1.711721718311309814e-02
4.704925715923309326e-01 5.539113879203796387e-01 -1.906372234225273132e-02
4.673638641834259033e-01 5.588396787643432617e-01 -1.746618002653121948e-02
4.575844407081604004e-01 5.105631947517395020e-01 -1.838565245270729065e-02
3.725927770137786865e-01 4.479724466800689697e-01 1.071546450257301331e-01
5.109472870826721191e-01 4.804526865482330322e-01 -4.175840690732002258e-02
4.719647169113159180e-01 5.440123081207275391e-01 -1.033907011151313782e-02
4.690596759319305420e-01 5.456079840660095215e-01 -1.167517341673374176e-02
4.957584142684936523e-01 4.836412072181701660e-01 -3.219762817025184631e-02
4.785774052143096924e-01 4.789724946022033691e-01 -2.113466151058673859e-02
4.946327209472656250e-01 4.802657067775726318e-01 -3.190211579203605652e-02
4.675014019012451172e-01 4.202994704246520996e-01 -7.014802657067775726e-03
4.475864470005035400e-01 4.288536012172698975e-01 -5.564051214605569839e-03
4.741569161415100098e-01 4.597303271293640137e-01 -2.511347271502017975e-02
4.322149753570556641e-01 2.551984786987304688e-01 3.043173998594284058e-02
4.393616914749145508e-01 2.760479748249053955e-01 1.379773952066898346e-02
4.449146986007690430e-01 2.838145494461059570e-01 -6.651628063991665840e-04
4.553767442703247070e-01 5.743811726570129395e-01 -1.089322380721569061e-02
4.970382452011108398e-01 2.947609424591064453e-01 -1.371956523507833481e-02
4.946271181106567383e-01 2.735970020294189453e-01 -4.347916226834058762e-03
4.924931228160858154e-01 2.399448752403259277e-01 4.443628713488578796e-03
4.335739612579345703e-01 3.765928447246551514e-01 1.106838136911392212e-02
4.031318426132202148e-01 3.913163542747497559e-01 2.462052740156650543e-02
4.835230708122253418e-01 3.733478188514709473e-01 8.445425890386104584e-03
4.197834730148315430e-01 3.438279926776885986e-01 1.714144088327884674e-02
4.897949397563934326e-01 4.018339812755584717e-01 -1.206124015152454376e-02
4.851517975330352783e-01 4.537493884563446045e-01 -4.466693103313446045e-02
3.913336396217346191e-01 4.037764966487884521e-01 3.511055558919906616e-02
4.100148379802703857e-01 4.025606215000152588e-01 1.391531620174646378e-02
4.248581528663635254e-01 4.094043970108032227e-01 4.045271314680576324e-03
4.479662775993347168e-01 4.086424112319946289e-01 5.116307875141501427e-04
4.653621315956115723e-01 4.032137393951416016e-01 -5.324970115907490253e-04
4.791396856307983398e-01 3.961237370967864990e-01 -2.087510656565427780e-03
5.073065757751464844e-01 3.809882402420043945e-01 -2.061543986201286316e-02
3.909794390201568604e-01 4.382837414741516113e-01 2.948058582842350006e-02
4.103889465332031250e-01 3.409589529037475586e-01 2.241016551852226257e-02
5.064070224761962891e-01 4.747084677219390869e-01 -5.549240112304687500e-02
4.807975292205810547e-01 4.277828633785247803e-01 -1.525684911757707596e-02
3.754760324954986572e-01 3.739084303379058838e-01 1.041597202420234680e-01
4.898687303066253662e-01 3.873285353183746338e-01 -2.440166659653186798e-03
4.722997844219207764e-01 4.612374305725097656e-01 -1.416538562625646591e-02
4.254460930824279785e-01 3.592872917652130127e-01 1.988855376839637756e-02
4.849931895732879639e-01 4.437318146228790283e-01 -3.994595259428024292e-02
3.752651214599609375e-01 4.891256093978881836e-01 9.959872066974639893e-02
4.846023023128509521e-01 3.676867783069610596e-01 1.172223594039678574e-02
4.952129423618316650e-01 4.343259632587432861e-01 -4.973142966628074646e-02
4.060260057449340820e-01 5.751920342445373535e-01 2.957522682845592499e-02
4.031106829643249512e-01 5.966325402259826660e-01 4.734810814261436462e-02
3.771040439605712891e-01 4.436601102352142334e-01 6.837188452482223511e-02
3.938559293746948242e-01 5.507314801216125488e-01 4.248398914933204651e-02
3.922594189643859863e-01 3.416689634323120117e-01 6.014554202556610107e-02
4.483834803104400635e-01 6.371425986289978027e-01 -2.585963811725378036e-03
5.067488551139831543e-01 4.793190360069274902e-01 -4.118682816624641418e-02
4.693031907081604004e-01 4.391064643859863281e-01 -1.250889152288436890e-02
3.944403529167175293e-01 3.714257776737213135e-01 4.182542487978935242e-02
4.454716145992279053e-01 3.708948194980621338e-01 8.295010775327682495e-03
4.549125432968139648e-01 3.733678460121154785e-01 6.084609776735305786e-03
4.631048440933227539e-01 5.497330427169799805e-01 -1.039853040128946304e-02
3.910575807094573975e-01 4.724392890930175781e-01 3.069247491657733917e-02
4.676082432270050049e-01 6.650508046150207520e-01 9.674906614236533642e-04
4.327439963817596436e-01 6.376159787178039551e-01 2.094648964703083038e-02
4.186015427112579346e-01 6.206839680671691895e-01 3.248456865549087524e-02
5.252287983894348145e-01 2.783944010734558105e-01 -5.123218521475791931e-03
4.929335713386535645e-01 6.712502241134643555e-01 -7.446506060659885406e-04
4.647003412246704102e-01 3.731566071510314941e-01 6.342178676277399063e-03
4.743788242340087891e-01 3.709298074245452881e-01 8.523741737008094788e-03
4.810019135475158691e-01 3.692728877067565918e-01 1.131711620837450027e-02
4.020147621631622314e-01 3.392930030822753906e-01 3.357298299670219421e-02
4.751098752021789551e-01 3.595091998577117920e-01 7.626765873283147812e-03
4.652008414268493652e-01 3.562188446521759033e-01 5.379576236009597778e-03
4.556370973587036133e-01 3.547618687152862549e-01 5.280841141939163208e-03
4.458113312721252441e-01 3.551962375640869141e-01 7.266661152243614197e-03
4.390848875045776367e-01 3.569573760032653809e-01 1.025678217411041260e-02
3.827660381793975830e-01 3.355167508125305176e-01 8.947098255157470703e-02
4.393997788429260254e-01 3.677443265914916992e-01 1.153083518147468567e-02
5.080737471580505371e-01 4.988697469234466553e-01 -3.232384845614433289e-02
4.700686335563659668e-01 5.020193457603454590e-01 -2.358402870595455170e-02
4.855504035949707031e-01 4.675193727016448975e-01 -3.403278440237045288e-02
4.924012124538421631e-01 4.981401562690734863e-01 -3.218877688050270081e-02
5.195420384407043457e-01 3.577804267406463623e-01 -1.430428028106689453e-02
4.192093014717102051e-01 5.990322828292846680e-01 1.971117593348026276e-02
4.329175055027008057e-01 6.180830001831054688e-01 9.217637591063976288e-03
4.687620401382446289e-01 6.518170237541198730e-01 -1.244000159204006195e-02
3.917282223701477051e-01 5.698880553245544434e-01 6.698334962129592896e-02
4.818867444992065430e-01 3.641129136085510254e-01 1.010551489889621735e-02
4.981260299682617188e-01 4.057703018188476562e-01 -2.683580294251441956e-02
4.939673542976379395e-01 6.580932736396789551e-01 -1.385262049734592438e-02
4.485226273536682129e-01 6.530084013938903809e-01 8.770124986767768860e-03
3.787612318992614746e-01 4.814904332160949707e-01 6.419960409402847290e-02
4.842486083507537842e-01 5.491982698440551758e-01 -1.950617507100105286e-02
4.810285568237304688e-01 5.547379851341247559e-01 -2.161805890500545502e-02
4.778490364551544189e-01 5.622224807739257812e-01 -2.380999736487865448e-02
4.752234518527984619e-01 5.705605149269104004e-01 -2.261709235608577728e-02
4.666152000427246094e-01 5.887772440910339355e-01 -1.552047859877347946e-02
4.694170951843261719e-01 5.383041501045227051e-01 -1.331668347120285034e-02
4.665615856647491455e-01 5.371102094650268555e-01 -1.339385472238063812e-02
4.641388654708862305e-01 5.354318618774414062e-01 -1.340738590806722641e-02
4.474067091941833496e-01 5.232298374176025391e-01 -1.126132812350988388e-02
4.072703421115875244e-01 4.815410375595092773e-01 9.122239425778388977e-03
4.987904131412506104e-01 3.901712298393249512e-01 -1.546554826200008392e-02
4.947864711284637451e-01 3.541080057621002197e-01 5.420165136456489563e-03
4.873112738132476807e-01 3.566882312297821045e-01 8.879552595317363739e-03
4.717135131359100342e-01 5.389459729194641113e-01 -1.249311026185750961e-02
4.022793769836425781e-01 5.242125988006591797e-01 2.362083271145820618e-02
5.057960152626037598e-01 3.530745208263397217e-01 -8.066582493484020233e-03
4.593493938446044922e-01 6.027746200561523438e-01 -1.055284217000007629e-02
5.168570280075073242e-01 4.112624228000640869e-01 -4.643362388014793396e-02
5.070020556449890137e-01 3.976816534996032715e-01 -3.289531171321868896e-02
5.175800919532775879e-01 3.953871428966522217e-01 -3.469944372773170471e-02
4.883408844470977783e-01 4.306441843509674072e-01 -2.902667038142681122e-02
4.954148232936859131e-01 6.400767564773559570e-01 -1.816490478813648224e-02
4.968573153018951416e-01 6.200160384178161621e-01 -1.685200259089469910e-02
4.772900342941284180e-01 6.155593395233154297e-01 -1.564698107540607452e-02
4.361382722854614258e-01 5.648962855339050293e-01 -4.002976638730615377e-04
4.609394073486328125e-01 4.734985530376434326e-01 -1.241778489202260971e-02
4.458543360233306885e-01 5.859871506690979004e-01 -5.177272018045186996e-03
4.343812465667724609e-01 4.680826067924499512e-01 -9.576472453773021698e-03
4.484609961509704590e-01 4.887581467628479004e-01 -1.188390236347913742e-02
4.226621985435485840e-01 4.947939813137054443e-01 -2.522480208426713943e-03
4.721120297908782959e-01 6.343222856521606445e-01 -1.639893464744091034e-02
4.804910123348236084e-01 4.401256740093231201e-01 -2.223114669322967529e-02
4.252171516418457031e-01 5.784137845039367676e-01 8.550621569156646729e-03
4.382197260856628418e-01 5.997999906539916992e-01 1.886523677967488766e-03
4.298610985279083252e-01 5.410467982292175293e-01 2.897459489759057760e-04
3.923071622848510742e-01 5.023000240325927734e-01 3.318024799227714539e-02
4.151437282562255859e-01 5.441306233406066895e-01 1.000914350152015686e-02
3.835138976573944092e-01 5.173084735870361328e-01 5.740788951516151428e-02
4.375264942646026611e-01 5.095297098159790039e-01 -7.852180860936641693e-03
4.897080361843109131e-01 4.165594279766082764e-01 -2.055429853498935699e-02
4.882612228393554688e-01 4.612864851951599121e-01 -4.717230796813964844e-02
4.808626770973205566e-01 4.659294188022613525e-01 -3.582564368844032288e-02
4.940232634544372559e-01 4.501720070838928223e-01 -5.428000539541244507e-02
4.867492616176605225e-01 3.345094323158264160e-01 2.424549777060747147e-03
4.685998558998107910e-01 3.200299739837646484e-01 8.036381768761202693e-05
4.520230889320373535e-01 3.160265684127807617e-01 -1.915301254484802485e-04
4.374755322933197021e-01 3.192790150642395020e-01 3.181350883096456528e-03
4.265281260013580322e-01 3.277169466018676758e-01 9.094873443245887756e-03
4.163089692592620850e-01 3.630987405776977539e-01 2.391835674643516541e-02
3.776851296424865723e-01 4.080321192741394043e-01 6.860543787479400635e-02
4.228894114494323730e-01 3.875489234924316406e-01 1.387728657573461533e-02
4.343631863594055176e-01 3.932264447212219238e-01 7.688282988965511322e-03
4.501097798347473145e-01 3.946855664253234863e-01 3.914316650480031967e-03
4.656115770339965820e-01 3.921161890029907227e-01 2.795204520225524902e-03
4.782264530658721924e-01 3.869702816009521484e-01 3.754225093871355057e-03
4.872098863124847412e-01 3.816970288753509521e-01 3.837441792711615562e-03
3.730565011501312256e-01 4.105319976806640625e-01 1.093893274664878845e-01
4.803790450096130371e-01 4.709962308406829834e-01 -3.054634295403957367e-02
4.975148439407348633e-01 4.197339415550231934e-01 -3.680695965886116028e-02
4.961159229278564453e-01 4.623819589614868164e-01 -5.542364716529846191e-02
5.009234547615051270e-01 4.718546867370605469e-01 -5.112267658114433289e-02
4.956871867179870605e-01 4.656110703945159912e-01 -5.019019544124603271e-02
4.826374650001525879e-01 4.766465127468109131e-01 -2.685411646962165833e-02
5.029858350753784180e-01 4.733853340148925781e-01 -5.404023826122283936e-02
5.033326148986816406e-01 4.779464006423950195e-01 -4.126711189746856689e-02
4.887230098247528076e-01 3.677904605865478516e-01 1.033101044595241547e-02
4.947450757026672363e-01 3.723318576812744141e-01 3.789047012105584145e-03
4.984945356845855713e-01 3.745013475418090820e-01 -4.008890595287084579e-03
4.348750412464141846e-01 3.585835397243499756e-01 1.361665967851877213e-02
4.266242980957031250e-01 3.459630012512207031e-01 1.399470679461956024e-02
5.258200168609619141e-01 4.150570034980773926e-01 -4.212703928351402283e-02
5.949020981788635254e-01 3.849631249904632568e-01 2.391331270337104797e-02
5.208746790885925293e-01 4.778822362422943115e-01 -4.040018096566200256e-02
6.335138678550720215e-01 3.353951275348663330e-01 8.390149474143981934e-02
5.641691684722900391e-01 3.922024369239807129e-01 1.025546062737703323e-02
5.743535161018371582e-01 3.952877521514892578e-01 1.159593742340803146e-02
5.843949317932128906e-01 3.970005214214324951e-01 1.518157124519348145e-02
5.991141200065612793e-01 3.917942643165588379e-01 2.530036121606826782e-02
5.556564927101135254e-01 3.874158859252929688e-01 1.118409540504217148e-02
5.832446813583374023e-01 3.471309840679168701e-01 9.353722445666790009e-03
5.707657933235168457e-01 3.478139638900756836e-01 8.903489448130130768e-03
5.948004126548767090e-01 3.512997627258300781e-01 1.321621891111135483e-02
6.018956899642944336e-01 3.596819341182708740e-01 1.771112158894538879e-02
6.065589785575866699e-01 4.037805199623107910e-01 3.052861988544464111e-02
5.393402576446533203e-01 6.282146573066711426e-01 -2.838347107172012329e-03
5.993710756301879883e-01 3.820517063140869141e-01 2.795943245291709900e-02
6.366606950759887695e-01 4.051301181316375732e-01 8.226580917835235596e-02
6.186534166336059570e-01 3.934925198554992676e-01 4.315501824021339417e-02
5.657410025596618652e-01 4.649910032749176025e-01 -5.240323022007942200e-03
5.195855498313903809e-01 5.220822095870971680e-01 -3.401373326778411865e-02
5.166004300117492676e-01 5.362444519996643066e-01 -2.985256165266036987e-02
5.319216251373291016e-01 5.303767323493957520e-01 -2.663728035986423492e-02
5.392765998840332031e-01 5.390537381172180176e-01 -1.731071248650550842e-02
5.261832475662231445e-01 5.392056107521057129e-01 -2.435202524065971375e-02
5.332170128822326660e-01 5.435724854469299316e-01 -1.577116549015045166e-02
5.510894656181335449e-01 5.721202492713928223e-01 3.568018728401511908e-04
5.221121311187744141e-01 4.674572348594665527e-01 -5.961367860436439514e-02
5.251047015190124512e-01 4.513460993766784668e-01 -6.208376586437225342e-02
6.164624691009521484e-01 3.448310494422912598e-01 2.371780201792716980e-02
5.466346144676208496e-01 4.205801486968994141e-01 -4.932866431772708893e-03
5.449385046958923340e-01 4.694345295429229736e-01 -3.072487562894821167e-02
5.464019775390625000e-01 4.612557590007781982e-01 -2.691046893596649170e-02
5.983660817146301270e-01 4.685539901256561279e-01 1.073549501597881317e-02
5.257226824760437012e-01 4.315981268882751465e-01 -5.409670248627662659e-02
5.937173962593078613e-01 3.213391304016113281e-01 4.602045286446809769e-03
6.077671051025390625e-01 3.296504616737365723e-01 1.375738810747861862e-02
6.253731846809387207e-01 3.043727874755859375e-01 6.345026195049285889e-02
5.454080700874328613e-01 3.313637375831604004e-01 -8.139673620462417603e-03
5.597019791603088379e-01 3.539751172065734863e-01 1.127201039344072342e-02
5.602291822433471680e-01 5.551559925079345703e-01 3.760118735954165459e-03
6.128519773483276367e-01 5.609331727027893066e-01 1.000738143920898438e-01
5.354750156402587891e-01 4.776558578014373779e-01 -2.760897018015384674e-02
5.268209576606750488e-01 4.814257919788360596e-01 -2.982473745942115784e-02
5.469111800193786621e-01 5.557625293731689453e-01 2.095416886731982231e-03
5.437856316566467285e-01 5.546076893806457520e-01 -1.276762457564473152e-03
6.134170889854431152e-01 3.200637102127075195e-01 2.014417573809623718e-02
5.441163182258605957e-01 4.775715768337249756e-01 -2.513717114925384521e-02
5.738373398780822754e-01 3.206501603126525879e-01 -3.019736846908926964e-03
5.763782858848571777e-01 3.075966835021972656e-01 -4.232983570545911789e-03
5.875545144081115723e-01 2.599053382873535156e-01 2.089770697057247162e-02
6.187520027160644531e-01 3.154496252536773682e-01 3.895372524857521057e-02
5.805083513259887695e-01 2.855152189731597900e-01 8.022644557058811188e-03
6.224113106727600098e-01 3.396241664886474609e-01 3.420423343777656555e-02
6.274408698081970215e-01 3.412174880504608154e-01 5.767064914107322693e-02
5.183804035186767578e-01 5.300223231315612793e-01 -3.312894701957702637e-02
5.290836095809936523e-01 5.353584289550781250e-01 -2.601245418190956116e-02
5.364274978637695312e-01 5.415596961975097656e-01 -1.753214746713638306e-02
5.325026512145996094e-01 4.805823862552642822e-01 -2.559068612754344940e-02
5.453044772148132324e-01 5.552732944488525391e-01 2.643738989718258381e-04
5.413113832473754883e-01 5.601702928543090820e-01 -6.460155360400676727e-03
5.422162413597106934e-01 5.539183616638183594e-01 -1.631095656193792820e-03
5.321065187454223633e-01 4.701732695102691650e-01 -4.248445108532905579e-02
5.307624340057373047e-01 5.444549918174743652e-01 -1.443821378052234650e-02
5.239030122756958008e-01 5.412284135818481445e-01 -2.055896632373332977e-02
5.151296257972717285e-01 5.396628975868225098e-01 -2.557053230702877045e-02
5.141074657440185547e-01 6.035989522933959961e-01 -1.520443428307771683e-02
5.169919729232788086e-01 5.857862830162048340e-01 -2.465329319238662720e-02
5.167217850685119629e-01 5.757720470428466797e-01 -2.574367821216583252e-02
5.158532857894897461e-01 5.650760531425476074e-01 -2.299986965954303741e-02
5.144856572151184082e-01 5.569896101951599121e-01 -2.095259353518486023e-02
5.302614569664001465e-01 5.553992390632629395e-01 -1.093147788196802139e-02
5.332038402557373047e-01 5.598440170288085938e-01 -1.288893725723028183e-02
5.363142490386962891e-01 5.656607747077941895e-01 -1.462389994412660599e-02
5.388308763504028320e-01 5.716416835784912109e-01 -1.279226131737232208e-02
5.514389276504516602e-01 5.230733156204223633e-01 -1.277146395295858383e-02
6.305074095726013184e-01 4.796369671821594238e-01 1.224608570337295532e-01
5.354797840118408203e-01 5.546073317527770996e-01 -5.131807643920183182e-03
5.384168624877929688e-01 5.572626590728759766e-01 -6.506223697215318680e-03
5.234084129333496094e-01 4.874424040317535400e-01 -3.074892237782478333e-02
5.393584966659545898e-01 4.872729480266571045e-01 -1.805660314857959747e-02
5.250524878501892090e-01 4.845696687698364258e-01 -3.054051101207733154e-02
5.572891831398010254e-01 4.320025444030761719e-01 -1.246723812073469162e-03
5.746316313743591309e-01 4.454168975353240967e-01 2.190095605328679085e-03
5.472195148468017578e-01 4.695331156253814697e-01 -2.098382636904716492e-02
6.113606691360473633e-01 2.786899507045745850e-01 4.093792662024497986e-02
6.042398214340209961e-01 2.963244616985321045e-01 2.276322804391384125e-02
5.979226827621459961e-01 3.091734647750854492e-01 7.691095117479562759e-03
5.418393015861511230e-01 5.847859382629394531e-01 -5.561971105635166168e-03
5.503132343292236328e-01 3.096703886985778809e-01 -1.078184880316257477e-02
5.548089146614074707e-01 2.814714312553405762e-01 -1.134287682361900806e-03
5.605288743972778320e-01 2.492872923612594604e-01 8.257779292762279510e-03
5.933859348297119141e-01 3.961684107780456543e-01 2.041925489902496338e-02
6.167556047439575195e-01 4.174110293388366699e-01 3.638700395822525024e-02
5.500687956809997559e-01 3.825495541095733643e-01 1.277721486985683441e-02
6.110093593597412109e-01 3.690077364444732666e-01 2.787173539400100708e-02
5.400941371917724609e-01 4.083105027675628662e-01 -8.674280717968940735e-03
5.399733781814575195e-01 4.611488580703735352e-01 -4.154876992106437683e-02
6.275906562805175781e-01 4.331527948379516602e-01 4.828607663512229919e-02
6.092379689216613770e-01 4.273144304752349854e-01 2.517407946288585663e-02
5.953825712203979492e-01 4.307496547698974609e-01 1.389734074473381042e-02
5.748674273490905762e-01 4.245813786983489990e-01 8.228225633502006531e-03
5.601361989974975586e-01 4.153279066085815430e-01 5.381857510656118393e-03
5.493201613426208496e-01 4.060570001602172852e-01 2.294713631272315979e-03
5.282819867134094238e-01 3.836846053600311279e-01 -1.919815875589847565e-02
6.237861514091491699e-01 4.674768447875976562e-01 4.275197163224220276e-02
6.185369491577148438e-01 3.681431114673614502e-01 3.394743800163269043e-02
5.172820091247558594e-01 4.760979712009429932e-01 -5.480441823601722717e-02
5.447263717651367188e-01 4.362144470214843750e-01 -1.113423798233270645e-02
6.377903223037719727e-01 4.066358208656311035e-01 1.201997995376586914e-01
5.414960384368896484e-01 3.957846462726593018e-01 9.681930532678961754e-04
5.477728843688964844e-01 4.713687300682067871e-01 -9.834271855652332306e-03
6.044328808784484863e-01 3.824148178100585938e-01 3.019321523606777191e-02
5.410937070846557617e-01 4.512057602405548096e-01 -3.674615919589996338e-02
6.236859560012817383e-01 5.191407799720764160e-01 1.141769662499427795e-01
5.505111813545227051e-01 3.769344985485076904e-01 1.619506813585758209e-02
5.339572429656982422e-01 4.393572509288787842e-01 -4.739666357636451721e-02
5.885465145111083984e-01 5.956335067749023438e-01 3.941806778311729431e-02
5.868964791297912598e-01 6.164876818656921387e-01 5.801748484373092651e-02
6.326690316200256348e-01 4.745760858058929443e-01 8.232732862234115601e-02
6.031073331832885742e-01 5.749998688697814941e-01 5.391912534832954407e-02
6.323394179344177246e-01 3.711978495121002197e-01 7.342541217803955078e-02
5.407791137695312500e-01 6.461353302001953125e-01 2.135328948497772217e-03
5.151722431182861328e-01 4.804617464542388916e-01 -4.076765850186347961e-02
5.533066391944885254e-01 4.502458274364471436e-01 -7.412439212203025818e-03
6.268025040626525879e-01 3.990282714366912842e-01 5.464361608028411865e-02
5.841376781463623047e-01 3.864616453647613525e-01 1.663459092378616333e-02
5.753846168518066406e-01 3.854135572910308838e-01 1.346200332045555115e-02
5.440123677253723145e-01 5.632256865501403809e-01 -4.749704618006944656e-03
6.186312437057495117e-01 5.007627606391906738e-01 4.371152073144912720e-02
5.184206962585449219e-01 6.697028875350952148e-01 3.829574678093194962e-03
5.546792149543762207e-01 6.492167711257934570e-01 2.785076946020126343e-02
5.699304342269897461e-01 6.358804702758789062e-01 4.118764773011207581e-02
5.669203996658325195e-01 3.831147849559783936e-01 1.262798346579074860e-02
5.588808059692382812e-01 3.802282810211181641e-01 1.388527452945709229e-02
5.533809661865234375e-01 3.785249590873718262e-01 1.609757728874683380e-02
6.253725886344909668e-01 3.669252991676330566e-01 4.596321284770965576e-02
5.605660676956176758e-01 3.702268004417419434e-01 1.309494208544492722e-02
5.699744224548339844e-01 3.683931231498718262e-01 1.182746887207031250e-02
5.789676308631896973e-01 3.690304756164550781e-01 1.277368701994419098e-02
5.878920555114746094e-01 3.721818923950195312e-01 1.571759395301342010e-02
5.935406684875488281e-01 3.762447237968444824e-01 1.936794631183147430e-02
6.375475525856018066e-01 3.676823675632476807e-01 1.049426347017288208e-01
5.902878642082214355e-01 3.860954642295837402e-01 2.049326524138450623e-02
5.425333976745605469e-01 5.117460489273071289e-01 -1.930464245378971100e-02
5.360507965087890625e-01 4.745022356510162354e-01 -3.132943063974380493e-02
5.231973528861999512e-01 5.023273229598999023e-01 -3.042455576360225677e-02
5.728891491889953613e-01 6.154083013534545898e-01 2.772573381662368774e-02
5.575929880142211914e-01 6.306927800178527832e-01 1.550355367362499237e-02
5.195882916450500488e-01 6.567883491516113281e-01 -9.838585741817951202e-03
6.001586318016052246e-01 5.936325788497924805e-01 7.938858121633529663e-02
5.537511706352233887e-01 3.740225434303283691e-01 1.499836333096027374e-02
5.334994196891784668e-01 4.103284478187561035e-01 -2.456626109778881073e-02
5.381312370300292969e-01 6.611239910125732422e-01 1.385853253304958344e-02
6.260764002799987793e-01 5.111794471740722656e-01 7.770764082670211792e-02
5.232790708541870117e-01 5.562473535537719727e-01 -1.627107150852680206e-02
5.258932113647460938e-01 5.628577470779418945e-01 -1.829767785966396332e-02
5.281705260276794434e-01 5.714480876922607422e-01 -2.029697783291339874e-02
5.296930670738220215e-01 5.807526111602783203e-01 -1.898952573537826538e-02
5.297925472259521484e-01 5.960789918899536133e-01 -1.149169076234102249e-02
5.386939644813537598e-01 5.486613512039184570e-01 -8.030872792005538940e-03
5.416365265846252441e-01 5.482624769210815430e-01 -7.605879101902246475e-03
5.443348884582519531e-01 5.471670627593994141e-01 -7.366820238530635834e-03
5.575663447380065918e-01 5.378593802452087402e-01 -4.152172710746526718e-03
6.031627655029296875e-01 5.064085125923156738e-01 2.055094204843044281e-02
5.340785384178161621e-01 3.947702050209045410e-01 -1.310579292476177216e-02
5.430355072021484375e-01 3.623772859573364258e-01 8.274588733911514282e-03
5.494866371154785156e-01 3.659727573394775391e-01 1.312770787626504898e-02
5.362009406089782715e-01 5.485469698905944824e-01 -7.233282085508108139e-03
6.002532243728637695e-01 5.483701825141906738e-01 3.488953784108161926e-02
5.330433845520019531e-01 3.595961928367614746e-01 -6.199095863848924637e-03
5.349686741828918457e-01 6.110265851020812988e-01 -6.385643500834703445e-03
5.271738767623901367e-01 4.001983404159545898e-01 -3.168328478932380676e-02
5.387773513793945312e-01 4.373750388622283936e-01 -2.607231214642524719e-02
5.165354013442993164e-01 6.197720766067504883e-01 -1.374026201665401459e-02
5.615559220314025879e-01 5.799393057823181152e-01 6.890986580401659012e-03
5.556179881095886230e-01 4.860433936119079590e-01 -7.010143250226974487e-03
5.495752096176147461e-01 5.977876782417297363e-01 5.406346754170954227e-04
5.809529423713684082e-01 4.871790409088134766e-01 -9.136493317782878876e-04
5.640935897827148438e-01 5.039941072463989258e-01 -5.019933450967073441e-03
5.868709087371826172e-01 5.158452391624450684e-01 7.292512338608503342e-03
5.190147757530212402e-01 6.392474770545959473e-01 -1.396595034748315811e-02
5.438278317451477051e-01 4.485165476799011230e-01 -1.852681301534175873e-02
5.703921914100646973e-01 5.948471426963806152e-01 1.648763194680213928e-02
5.552543997764587402e-01 6.124347448348999023e-01 7.968505844473838806e-03
5.713793039321899414e-01 5.588639378547668457e-01 9.081665426492691040e-03
6.126424670219421387e-01 5.293219685554504395e-01 4.563043266534805298e-02
5.852105021476745605e-01 5.646036863327026367e-01 1.978131197392940521e-02
6.169419884681701660e-01 5.450420379638671875e-01 7.039391249418258667e-02
5.698570013046264648e-01 5.269361734390258789e-01 3.081354661844670773e-04
5.388450026512145996e-01 4.230582714080810547e-01 -1.731487922370433807e-02
5.358455181121826172e-01 4.677455723285675049e-01 -4.434489086270332336e-02
5.409275293350219727e-01 4.741021692752838135e-01 -3.259877115488052368e-02
5.332708954811096191e-01 4.553665816783905029e-01 -5.218522995710372925e-02
5.531749129295349121e-01 3.468766510486602783e-01 6.343575660139322281e-03
5.717858076095581055e-01 3.373127579689025879e-01 5.887268111109733582e-03
5.876737833023071289e-01 3.368668556213378906e-01 7.520985323935747147e-03
6.002251505851745605e-01 3.425140678882598877e-01 1.239680033177137375e-02
6.083005666732788086e-01 3.528979420661926270e-01 1.932586170732975006e-02
6.104046106338500977e-01 3.874022960662841797e-01 3.481826931238174438e-02
6.363991498947143555e-01 4.395232200622558594e-01 8.298453688621520996e-02
6.006376743316650391e-01 4.095424115657806396e-01 2.411247789859771729e-02
5.892518758773803711e-01 4.119894206523895264e-01 1.672140508890151978e-02
5.750672817230224609e-01 4.090205729007720947e-01 1.143946312367916107e-02
5.619539618492126465e-01 4.030306041240692139e-01 8.802004158496856689e-03
5.519013404846191406e-01 3.963321745395660400e-01 8.272325620055198669e-03
5.450218319892883301e-01 3.898807168006896973e-01 7.508971262723207474e-03
6.345940828323364258e-01 4.428996145725250244e-01 1.253883689641952515e-01
5.398414134979248047e-01 4.790419638156890869e-01 -2.734548039734363556e-02
5.329956412315368652e-01 4.243254065513610840e-01 -3.449309244751930237e-02
5.292000174522399902e-01 4.666655063629150391e-01 -5.362312495708465576e-02
5.222709178924560547e-01 4.746681749820709229e-01 -5.006991326808929443e-02
5.282762050628662109e-01 4.700421392917633057e-01 -4.835060611367225647e-02
5.363559722900390625e-01 4.839001893997192383e-01 -2.412144839763641357e-02
5.205083489418029785e-01 4.756526350975036621e-01 -5.318614840507507324e-02
5.184494853019714355e-01 4.799319803714752197e-01 -4.055690020322799683e-02
5.464763641357421875e-01 3.765622675418853760e-01 1.407295279204845428e-02
5.399883389472961426e-01 3.796861171722412109e-01 6.696913391351699829e-03
5.360038876533508301e-01 3.817149102687835693e-01 -1.592148095369338989e-03
5.968816876411437988e-01 3.793988823890686035e-01 2.310075424611568451e-02
6.058308482170104980e-01 3.696299195289611816e-01 2.398529835045337677e-02
4.550941884517669678e-01 3.620517849922180176e-01 9.753152728080749512e-03
4.666694700717926025e-01 3.628519773483276367e-01 9.753152728080749512e-03
4.559306502342224121e-01 3.486381769180297852e-01 9.753152728080749512e-03
4.433918595314025879e-01 3.611484169960021973e-01 9.753152728080749512e-03
4.542247653007507324e-01 3.751780986785888672e-01 9.753152728080749512e-03
5.776538252830505371e-01 3.760133385658264160e-01 1.700932905077934265e-02
5.894015431404113770e-01 3.777530491352081299e-01 1.700932905077934265e-02
5.790236592292785645e-01 3.619198799133300781e-01 1.700932905077934265e-02
5.657919049263000488e-01 3.742079436779022217e-01 1.700932905077934265e-02
5.762674808502197266e-01 3.900340199470520020e-01 1.700932905077934265e-02
