5.050796866416931152e-01 5.330464839935302734e-01 -3.526412323117256165e-02
5.128211379051208496e-01 4.809449911117553711e-01 -6.219725683331489563e-02
5.095102190971374512e-01 4.981687664985656738e-01 -3.409269452095031738e-02
5.064326524734497070e-01 4.243881702423095703e-01 -4.598286747932434082e-02
5.144754052162170410e-01 4.636166095733642578e-01 -6.556814163923263550e-02
5.157751441001892090e-01 4.414522051811218262e-01 -6.028516963124275208e-02
5.182060599327087402e-01 3.880324363708496094e-01 -2.700587175786495209e-02
4.329968690872192383e-01 3.701227307319641113e-01 1.086685713380575180e-02
5.213160514831542969e-01 3.414181470870971680e-01 -1.707372255623340607e-02
5.232085585594177246e-01 3.185914158821105957e-01 -1.810505054891109467e-02
5.283929109573364258e-01 2.467246949672698975e-01 -3.521705977618694305e-03
5.048739314079284668e-01 5.370389223098754883e-01 -3.413078933954238892e-02
5.045071244239807129e-01 5.406216382980346680e-01 -3.074731677770614624e-02
5.042135715484619141e-01 5.425851941108703613e-01 -2.603026106953620911e-02
5.015476942062377930e-01 5.827217102050781250e-01 -2.075569331645965576e-02
5.014510750770568848e-01 5.882673859596252441e-01 -2.277295291423797607e-02
5.010052323341369629e-01 5.954145789146423340e-01 -2.499695681035518646e-02
5.004193186759948730e-01 6.030231118202209473e-01 -2.274464443325996399e-02
4.975719749927520752e-01 6.167364716529846191e-01 -1.189113780856132507e-02
5.115227699279785156e-01 4.899046123027801514e-01 -5.661028996109962463e-02
5.001698136329650879e-01 4.884714782238006592e-01 -4.188221693038940430e-02
3.928971886634826660e-01 3.046384453773498535e-01 6.402090936899185181e-02
4.639206826686859131e-01 3.904117345809936523e-01 7.524653337895870209e-04
4.518592953681945801e-01 3.907449245452880859e-01 8.256029104813933372e-04
4.407702982425689697e-01 3.880473971366882324e-01 3.315939567983150482e-03
4.274101853370666504e-01 3.753944635391235352e-01 1.195050776004791260e-02
4.747820496559143066e-01 3.866658806800842285e-01 3.190306015312671661e-03
4.535081386566162109e-01 3.325981497764587402e-01 -2.454325091093778610e-03
4.668169319629669189e-01 3.367789387702941895e-01 -1.308878883719444275e-03
4.406072795391082764e-01 3.345269560813903809e-01 3.665480762720108032e-04
4.315208196640014648e-01 3.415202796459197998e-01 4.221842158585786819e-03
4.161214530467987061e-01 3.854205310344696045e-01 1.673001609742641449e-02
4.511361718177795410e-01 6.276049017906188965e-01 -1.708298339508473873e-03
4.294662475585937500e-01 3.637716770172119141e-01 1.451422739773988724e-02
3.807007074356079102e-01 3.752612471580505371e-01 6.516831368207931519e-02
4.037674069404602051e-01 3.705456256866455078e-01 2.795569784939289093e-02
4.517115354537963867e-01 4.591389894485473633e-01 -1.300921104848384857e-02
4.893829822540283203e-01 5.284916758537292480e-01 -3.467321768403053284e-02
4.901368319988250732e-01 5.381346344947814941e-01 -2.994749136269092560e-02
4.736875891685485840e-01 5.314008593559265137e-01 -2.895728684961795807e-02
4.631272256374359131e-01 5.362700819969177246e-01 -2.054308354854583740e-02
4.777659475803375244e-01 5.383299589157104492e-01 -2.590459585189819336e-02
4.681837260723114014e-01 5.406808853149414062e-01 -1.805108785629272461e-02
4.453921020030975342e-01 5.686556696891784668e-01 -2.240053843706846237e-03
5.032491087913513184e-01 4.792587459087371826e-01 -6.171292066574096680e-02
5.031652450561523438e-01 4.624028205871582031e-01 -6.483045965433120728e-02
4.172892570495605469e-01 3.231620192527770996e-01 7.870716974139213562e-03
4.790407717227935791e-01 4.205381572246551514e-01 -1.136273983865976334e-02
4.755539596080780029e-01 4.721316695213317871e-01 -3.579591959714889526e-02
4.748156070709228516e-01 4.631476998329162598e-01 -3.227908536791801453e-02
4.163780808448791504e-01 4.522791802883148193e-01 -1.099193817935883999e-03
5.049702525138854980e-01 4.418668746948242188e-01 -5.762463808059692383e-02
4.478064775466918945e-01 3.048574924468994141e-01 -8.448248729109764099e-03
4.305767416954040527e-01 3.102074563503265381e-01 -9.978911839425563812e-04
4.088545441627502441e-01 2.768229544162750244e-01 4.412092640995979309e-02
4.980864524841308594e-01 3.284348845481872559e-01 -1.534964516758918762e-02
4.776652157306671143e-01 3.471779525279998779e-01 2.407235326245427132e-03
4.390324354171752930e-01 5.483905076980590820e-01 -1.114168553613126278e-03
3.797344863414764404e-01 5.347054600715637207e-01 8.940061926841735840e-02
4.833035767078399658e-01 4.829359650611877441e-01 -3.109075687825679779e-02
4.918929338455200195e-01 4.890718460083007812e-01 -3.135525435209274292e-02
4.511443078517913818e-01 5.500551462173461914e-01 -1.703623682260513306e-03
4.544709920883178711e-01 5.504069924354553223e-01 -4.400917794555425644e-03
4.251498281955718994e-01 2.990278601646423340e-01 4.393722862005233765e-03
4.739257097244262695e-01 4.798013567924499512e-01 -2.975675836205482483e-02
4.697340726852416992e-01 3.090893030166625977e-01 -1.342915184795856476e-02
4.694868922233581543e-01 2.954556941986083984e-01 -1.529495790600776672e-02
4.609362483024597168e-01 2.449473887681961060e-01 5.669855047017335892e-03
4.169198870658874512e-01 2.919771969318389893e-01 2.168910205364227295e-02
4.655634164810180664e-01 2.742176055908203125e-01 -5.057336296886205673e-03
4.106746912002563477e-01 3.158253431320190430e-01 1.745814643800258636e-02
4.018222689628601074e-01 3.144699037075042725e-01 3.965199366211891174e-02
4.894513487815856934e-01 5.337884426116943359e-01 -3.358000144362449646e-02
4.756581783294677734e-01 5.352825522422790527e-01 -2.790353633463382721e-02
4.655682146549224854e-01 5.387106537818908691e-01 -2.019710652530193329e-02
4.855281710624694824e-01 4.864753782749176025e-01 -2.832742221653461456e-02
4.528179168701171875e-01 5.502707958221435547e-01 -3.074742387980222702e-03
4.574251472949981689e-01 5.613639950752258301e-01 -8.501586504280567169e-03
4.559276401996612549e-01 5.505315661430358887e-01 -4.546382464468479156e-03
4.899388253688812256e-01 4.777252376079559326e-01 -4.636474326252937317e-02
4.703543186187744141e-01 5.415595173835754395e-01 -1.639287360012531281e-02
4.796548783779144287e-01 5.398363471031188965e-01 -2.173331752419471741e-02
4.910311102867126465e-01 5.403137803077697754e-01 -2.553025074303150177e-02
4.806134402751922607e-01 6.128253936767578125e-01 -1.228873059153556824e-02
4.840177595615386963e-01 5.980011820793151855e-01 -2.286429330706596375e-02
4.853680729866027832e-01 5.907307863235473633e-01 -2.452104911208152771e-02
4.869176745414733887e-01 5.838806033134460449e-01 -2.212564647197723389e-02
4.885007143020629883e-01 5.791318416595458984e-01 -2.021556533873081207e-02
4.692278802394866943e-01 5.672791600227355957e-01 -1.235509477555751801e-02
4.667441546916961670e-01 5.686286687850952148e-01 -1.408942695707082748e-02
4.635582566261291504e-01 5.714020133018493652e-01 -1.577836461365222931e-02
4.609809815883636475e-01 5.749627351760864258e-01 -1.391438767313957214e-02
4.556982517242431641e-01 5.207088589668273926e-01 -1.711679808795452118e-02
3.714273571968078613e-01 4.478285312652587891e-01 1.072785109281539917e-01
5.105549693107604980e-01 4.939568340778350830e-01 -4.192819073796272278e-02
4.630026221275329590e-01 5.606775283813476562e-01 -7.320409640669822693e-03
4.602198600769042969e-01 5.606811046600341797e-01 -8.487668819725513458e-03
4.945548176765441895e-01 4.959038496017456055e-01 -3.203757479786872864e-02
4.762907922267913818e-01 4.901714026927947998e-01 -2.131847478449344635e-02
4.933142960071563721e-01 4.925809502601623535e-01 -3.191845118999481201e-02
4.656667113304138184e-01 4.283698797225952148e-01 -8.893772959709167480e-03
4.454092681407928467e-01 4.365080595016479492e-01 -7.149572018533945084e-03
4.718294739723205566e-01 4.705910682678222656e-01 -2.619494684040546417e-02
4.304795563220977783e-01 2.560575008392333984e-01 2.326601371169090271e-02
4.371574521064758301e-01 2.777048945426940918e-01 7.130993530154228210e-03
4.450764656066894531e-01 2.918503582477569580e-01 -6.323215086013078690e-03
4.535335898399353027e-01 5.852078795433044434e-01 -6.671679671853780746e-03
4.973773658275604248e-01 3.050509095191955566e-01 -1.886410452425479889e-02
4.941076636314392090e-01 2.779049873352050781e-01 -1.115154474973678589e-02
4.924252331256866455e-01 2.426974624395370483e-01 -3.410186385735869408e-03
4.318043887615203857e-01 3.831532895565032959e-01 7.674823980778455734e-03
4.016654491424560547e-01 3.962030708789825439e-01 2.183316834270954132e-02
4.822383522987365723e-01 3.825664222240447998e-01 5.302065052092075348e-03
4.190654754638671875e-01 3.487789034843444824e-01 1.311899162828922272e-02
4.884670972824096680e-01 4.107051491737365723e-01 -1.444486808031797409e-02
4.834525287151336670e-01 4.661923646926879883e-01 -4.623699560761451721e-02
3.892112970352172852e-01 4.074730575084686279e-01 3.278249874711036682e-02
4.089795351028442383e-01 4.092425704002380371e-01 1.139597874134778976e-02
4.241417050361633301e-01 4.173947870731353760e-01 1.700476510450243950e-03
4.470505714416503906e-01 4.172714352607727051e-01 -1.644239877350628376e-03
4.641767442226409912e-01 4.121280014514923096e-01 -2.819828689098358154e-03
4.776904881000518799e-01 4.054332971572875977e-01 -4.501732531934976578e-03
5.066723227500915527e-01 3.904993832111358643e-01 -2.366324700415134430e-02
3.884345293045043945e-01 4.426642060279846191e-01 2.820053324103355408e-02
4.097772836685180664e-01 3.450818955898284912e-01 1.817655749619007111e-02
5.057515501976013184e-01 4.885344505310058594e-01 -5.637083947658538818e-02
4.790424704551696777e-01 4.372302889823913574e-01 -1.709909178316593170e-02
3.748108148574829102e-01 3.734495639801025391e-01 1.016304790973663330e-01
4.884849488735198975e-01 3.972874879837036133e-01 -5.068868398666381836e-03
4.698941409587860107e-01 4.714861214160919189e-01 -1.498196553438901901e-02
4.242838919162750244e-01 3.636171221733093262e-01 1.627870649099349976e-02
4.832006394863128662e-01 4.553900063037872314e-01 -4.172456264495849609e-02
3.734604716300964355e-01 4.893959462642669678e-01 1.012130603194236755e-01
4.833346009254455566e-01 3.765846192836761475e-01 8.365789428353309631e-03
4.939917325973510742e-01 4.465605914592742920e-01 -5.179210752248764038e-02
4.043816924095153809e-01 5.802199244499206543e-01 3.369189426302909851e-02
4.015198051929473877e-01 6.000766158103942871e-01 5.234102159738540649e-02
3.750315308570861816e-01 4.457201659679412842e-01 6.773275136947631836e-02
3.917657732963562012e-01 5.548533201217651367e-01 4.574361443519592285e-02
3.907825946807861328e-01 3.426027297973632812e-01 5.572222918272018433e-02
4.471468627452850342e-01 6.440953612327575684e-01 3.671416314318776131e-03
5.061138868331909180e-01 4.927543997764587402e-01 -4.140890017151832581e-02
4.671694636344909668e-01 4.481415152549743652e-01 -1.400277111679315567e-02
3.924902379512786865e-01 3.729892671108245850e-01 3.846001625061035156e-02
4.432897269725799561e-01 3.788315653800964355e-01 4.691242240369319916e-03
4.530324935913085938e-01 3.817485570907592773e-01 2.560840453952550888e-03
4.548780322074890137e-01 5.625517964363098145e-01 -6.984501145780086517e-03
3.883010447025299072e-01 4.769424200057983398e-01 3.083163313567638397e-02
4.664629399776458740e-01 6.712736487388610840e-01 8.189187385141849518e-03
4.315532147884368896e-01 6.423296332359313965e-01 2.728634886443614960e-02
4.173942506313323975e-01 6.248118877410888672e-01 3.822680562734603882e-02
5.258496403694152832e-01 2.834719419479370117e-01 -1.150464918464422226e-02
4.918517470359802246e-01 6.778252124786376953e-01 6.812773179262876511e-03
4.631811082363128662e-01 3.815256357192993164e-01 2.907458459958434105e-03
4.731411933898925781e-01 3.793954849243164062e-01 5.195645149797201157e-03
4.798176586627960205e-01 3.781346976757049561e-01 8.003730326890945435e-03
4.010107517242431641e-01 3.414583802223205566e-01 2.925969474017620087e-02
4.736451506614685059e-01 3.612183034420013428e-01 3.847961081191897392e-03
4.636739492416381836e-01 3.539952635765075684e-01 1.551025430671870708e-03
4.534814953804016113e-01 3.515383899211883545e-01 1.366188284009695053e-03
4.431453943252563477e-01 3.531703054904937744e-01 3.362087998539209366e-03
4.364711940288543701e-01 3.571842908859252930e-01 6.394138094037771225e-03
3.819657564163208008e-01 3.353063762187957764e-01 8.539783954620361328e-02
4.370484948158264160e-01 3.745863437652587891e-01 7.916022092103958130e-03
5.079013109207153320e-01 5.112089514732360840e-01 -3.162997588515281677e-02
4.683124721050262451e-01 5.130062103271484375e-01 -2.279067784547805786e-02
4.838364720344543457e-01 4.799742996692657471e-01 -3.503344953060150146e-02
4.914329349994659424e-01 5.101644992828369141e-01 -3.154692426323890686e-02
5.194201469421386719e-01 3.655578494071960449e-01 -1.780576817691326141e-02
4.179397821426391602e-01 6.046148538589477539e-01 2.486570738255977631e-02
4.317301809787750244e-01 6.241515874862670898e-01 1.502053719013929367e-02
4.675851464271545410e-01 6.598411202430725098e-01 -5.686972755938768387e-03
3.897132575511932373e-01 5.722913742065429688e-01 7.114443928003311157e-02
4.804949462413787842e-01 3.705961704254150391e-01 6.555846892297267914e-03
4.971213638782501221e-01 4.160874485969543457e-01 -2.939871698617935181e-02
4.930258393287658691e-01 6.664365530014038086e-01 -6.769508589059114456e-03
4.472955763339996338e-01 6.585470438003540039e-01 1.553574949502944946e-02
3.763166666030883789e-01 4.838639199733734131e-01 6.495395302772521973e-02
4.778193831443786621e-01 5.737075805664062500e-01 -1.686780154705047607e-02
4.753013551235198975e-01 5.767315030097961426e-01 -1.875053718686103821e-02
4.727833867073059082e-01 5.818617939949035645e-01 -2.061251550912857056e-02
4.707959592342376709e-01 5.881550312042236328e-01 -1.900063268840312958e-02
4.648276865482330322e-01 6.008378267288208008e-01 -1.099515799432992935e-02
4.603891670703887939e-01 5.446389913558959961e-01 -1.075874175876379013e-02
4.577776193618774414e-01 5.435344576835632324e-01 -1.089141890406608582e-02
4.555896818637847900e-01 5.419498682022094727e-01 -1.107099745422601700e-02
4.456172883510589600e-01 5.326213836669921875e-01 -9.372678585350513458e-03
4.045637249946594238e-01 4.878454208374023438e-01 9.449039585888385773e-03
4.978044331073760986e-01 3.993951678276062012e-01 -1.818171702325344086e-02
4.938234686851501465e-01 3.628664314746856689e-01 1.754931523464620113e-03
4.860766232013702393e-01 3.643409013748168945e-01 5.270258989185094833e-03
4.625129103660583496e-01 5.449510812759399414e-01 -9.835014119744300842e-03
3.998661637306213379e-01 5.297962427139282227e-01 2.571171894669532776e-02
5.051586627960205078e-01 3.628028929233551025e-01 -1.170943118631839752e-02
4.576724171638488770e-01 6.128369569778442383e-01 -5.385313183069229126e-03
5.165848731994628906e-01 4.232480823993682861e-01 -4.885515198111534119e-02
5.063793659210205078e-01 4.084315598011016846e-01 -3.572230041027069092e-02
5.173173546791076660e-01 4.064401090145111084e-01 -3.747048974037170410e-02
4.867734313011169434e-01 4.413161873817443848e-01 -3.101076558232307434e-02
4.946099817752838135e-01 6.500319242477416992e-01 -1.173500530421733856e-02
4.962032139301300049e-01 6.316422224044799805e-01 -1.125837583094835281e-02
4.759414494037628174e-01 6.267703771591186523e-01 -1.013862807303667068e-02
4.344803392887115479e-01 5.731650590896606445e-01 3.594901645556092262e-03
4.585026800632476807e-01 4.833096861839294434e-01 -1.272795163094997406e-02
4.441225528717041016e-01 5.949476957321166992e-01 -4.221069393679499626e-04
4.318580627441406250e-01 4.765439331531524658e-01 -9.914398193359375000e-03
4.462364315986633301e-01 4.981701970100402832e-01 -1.142440829426050186e-02
4.202554225921630859e-01 5.024957656860351562e-01 -1.864814315922558308e-03
4.708610475063323975e-01 6.439269781112670898e-01 -1.026875432580709457e-02
4.785420000553131104e-01 4.503363966941833496e-01 -2.383933961391448975e-02
4.236100912094116211e-01 5.853986740112304688e-01 1.296570803970098495e-02
4.367213845252990723e-01 6.072629094123840332e-01 7.126795593649148941e-03
4.280025660991668701e-01 5.488980412483215332e-01 3.156010759994387627e-03
3.896647095680236816e-01 5.068092346191406250e-01 3.454059734940528870e-02
4.130409359931945801e-01 5.508328080177307129e-01 1.282915286719799042e-02
3.810995221138000488e-01 5.203150510787963867e-01 5.960423499345779419e-02
4.355629384517669678e-01 5.180916190147399902e-01 -6.535685155540704727e-03
4.883016049861907959e-01 4.264593720436096191e-01 -2.275055274367332458e-02
4.867538511753082275e-01 4.743326008319854736e-01 -4.861961677670478821e-02
4.789436161518096924e-01 4.780793786048889160e-01 -3.685013577342033386e-02
4.927984774112701416e-01 4.634006321430206299e-01 -5.592031776905059814e-02
4.863254427909851074e-01 3.428404629230499268e-01 -1.791456597857177258e-03
4.681355059146881104e-01 3.270643353462219238e-01 -4.347850102931261063e-03
4.514578282833099365e-01 3.226297497749328613e-01 -4.527705721557140350e-03
4.368960857391357422e-01 3.253908753395080566e-01 -1.106684212572872639e-03
4.258679747581481934e-01 3.337163925170898438e-01 4.834003280848264694e-03
4.154186844825744629e-01 3.668759763240814209e-01 2.043096162378787994e-02
3.760969638824462891e-01 4.097585976123809814e-01 6.667567044496536255e-02
4.218308925628662109e-01 3.936492204666137695e-01 1.091541349887847900e-02
4.333705902099609375e-01 4.003961086273193359e-01 4.897469189018011093e-03
4.489963650703430176e-01 4.025229811668395996e-01 1.232863054610788822e-03
4.643091559410095215e-01 4.003352820873260498e-01 -2.919936014222912490e-05
4.767242670059204102e-01 3.956436216831207275e-01 1.046823686920106411e-03
4.856871664524078369e-01 3.908597826957702637e-01 1.008709776215255260e-03
3.723100423812866211e-01 4.100568592548370361e-01 1.081634610891342163e-01
4.783286154270172119e-01 4.828464984893798828e-01 -3.130988776683807373e-02
4.964489042758941650e-01 4.309834241867065430e-01 -3.911957144737243652e-02
4.950035214424133301e-01 4.761066138744354248e-01 -5.680666118860244751e-02
4.999549388885498047e-01 4.853961467742919922e-01 -5.200081318616867065e-02
4.944963455200195312e-01 4.790771901607513428e-01 -5.141443759202957153e-02
4.805788695812225342e-01 4.883259534835815430e-01 -2.726590447127819061e-02
5.021631717681884766e-01 4.871046543121337891e-01 -5.491131916642189026e-02
5.025206804275512695e-01 4.912817776203155518e-01 -4.161396622657775879e-02
4.874372184276580811e-01 3.771563768386840820e-01 7.060671690851449966e-03
4.933695793151855469e-01 3.818539679050445557e-01 6.773524801246821880e-04
4.973500072956085205e-01 3.846346139907836914e-01 -6.897978484630584717e-03
4.326396882534027100e-01 3.605687618255615234e-01 9.862855076789855957e-03
4.254376292228698730e-01 3.506603538990020752e-01 1.007672678679227829e-02
5.258400440216064453e-01 4.270161688327789307e-01 -4.428670182824134827e-02
5.951499342918395996e-01 3.887491822242736816e-01 2.269771881401538849e-02
5.210648179054260254e-01 4.912958741188049316e-01 -4.059277102351188660e-02
6.343870162963867188e-01 3.395509719848632812e-01 8.200592547655105591e-02
5.628723502159118652e-01 4.002123177051544189e-01 8.463363163173198700e-03
5.734497308731079102e-01 4.030390977859497070e-01 1.009129546582698822e-02
5.837364196777343750e-01 4.041784107685089111e-01 1.396375894546508789e-02
5.986199975013732910e-01 3.960104882717132568e-01 2.443643286824226379e-02
5.542310476303100586e-01 3.953654766082763672e-01 9.300643578171730042e-03
5.835132002830505371e-01 3.489855527877807617e-01 7.189064286649227142e-03
5.705991387367248535e-01 3.503370285034179688e-01 6.299078930169343948e-03
5.948898792266845703e-01 3.534666895866394043e-01 1.146600395441055298e-02
6.015566587448120117e-01 3.623542785644531250e-01 1.618918403983116150e-02
6.055560708045959473e-01 4.097512066364288330e-01 3.020165301859378815e-02
5.388296246528625488e-01 6.375584602355957031e-01 3.729676362127065659e-03
5.996328592300415039e-01 3.835908174514770508e-01 2.685868367552757263e-02
6.367258429527282715e-01 4.108595252037048340e-01 8.305023610591888428e-02
6.183488368988037109e-01 3.990518748760223389e-01 4.295333102345466614e-02
5.670807957649230957e-01 4.751647412776947021e-01 -5.009007174521684647e-03
5.203514099121093750e-01 5.327827930450439453e-01 -3.258864209055900574e-02
5.179212689399719238e-01 5.422404408454895020e-01 -2.802337333559989929e-02
5.341894030570983887e-01 5.395056605339050293e-01 -2.466867864131927490e-02
5.426530838012695312e-01 5.474085807800292969e-01 -1.465770322829484940e-02
5.288850069046020508e-01 5.456968545913696289e-01 -2.217955142259597778e-02
5.367971658706665039e-01 5.508258342742919922e-01 -1.303708180785179138e-02
5.523909926414489746e-01 5.824096202850341797e-01 5.184642039239406586e-03
5.220238566398620605e-01 4.817928671836853027e-01 -6.062960997223854065e-02
5.251724123954772949e-01 4.653626084327697754e-01 -6.355766952037811279e-02
6.167242527008056641e-01 3.503069281578063965e-01 2.199296094477176666e-02
5.473272204399108887e-01 4.299323260784149170e-01 -6.122116465121507645e-03
5.460695624351501465e-01 4.814931154251098633e-01 -3.094338625669479370e-02
5.475856065750122070e-01 4.728021919727325439e-01 -2.728100307285785675e-02
5.998187065124511719e-01 4.778349101543426514e-01 1.182267256081104279e-02
5.258095264434814453e-01 4.446382522583007812e-01 -5.596790462732315063e-02
5.942769646644592285e-01 3.276700973510742188e-01 1.638076500967144966e-03
6.082510352134704590e-01 3.353033065795898438e-01 1.145041361451148987e-02
6.271831393241882324e-01 3.087483346462249756e-01 6.017572060227394104e-02
5.453382134437561035e-01 3.409972786903381348e-01 -1.185727678239345551e-02
5.589988231658935547e-01 3.581749796867370605e-01 8.608304895460605621e-03
5.618084073066711426e-01 5.647259354591369629e-01 7.956161163747310638e-03
6.117337346076965332e-01 5.655143260955810547e-01 1.064818799495697021e-01
5.363963246345520020e-01 4.899889230728149414e-01 -2.764081209897994995e-02
5.274358987808227539e-01 4.938521683216094971e-01 -2.959727123379707336e-02
5.503668189048767090e-01 5.659718513488769531e-01 6.155186332762241364e-03
5.470869541168212891e-01 5.652800798416137695e-01 2.603478031232953072e-03
6.143411397933959961e-01 3.261178135871887207e-01 1.747598126530647278e-02
5.453644394874572754e-01 4.892320930957794189e-01 -2.499759197235107422e-02
5.742202401161193848e-01 3.283528089523315430e-01 -6.514722015708684921e-03
5.771364569664001465e-01 3.157877624034881592e-01 -8.251027204096317291e-03
5.903497338294982910e-01 2.644437253475189209e-01 1.499376818537712097e-02
6.210009455680847168e-01 3.204112648963928223e-01 3.590941429138183594e-02
5.831988453865051270e-01 2.910690307617187500e-01 2.899699145928025246e-03
6.230998039245605469e-01 3.452777564525604248e-01 3.239040449261665344e-02
6.289323568344116211e-01 3.460063934326171875e-01 5.569197237491607666e-02
5.194323062896728516e-01 5.381591916084289551e-01 -3.149361535906791687e-02
5.315446257591247559e-01 5.431591272354125977e-01 -2.389715798199176788e-02
5.398883819580078125e-01 5.494050383567810059e-01 -1.481502875685691833e-02
5.334045290946960449e-01 4.927839636802673340e-01 -2.540465630590915680e-02
5.486931800842285156e-01 5.656831264495849609e-01 4.211462568491697311e-03
5.437532663345336914e-01 5.755246877670288086e-01 -2.305348636582493782e-03
5.455274581909179688e-01 5.648574829101562500e-01 2.263691276311874390e-03
5.326707959175109863e-01 4.835580587387084961e-01 -4.303922131657600403e-02
5.342446565628051758e-01 5.510177612304687500e-01 -1.161473710089921951e-02
5.264911055564880371e-01 5.466288328170776367e-01 -1.819283142685890198e-02
5.164767503738403320e-01 5.440288782119750977e-01 -2.353755570948123932e-02
5.142406225204467773e-01 6.169778108596801758e-01 -1.040475629270076752e-02
5.161814093589782715e-01 6.033337712287902832e-01 -2.079820632934570312e-02
5.160320401191711426e-01 5.956306457519531250e-01 -2.237472124397754669e-02
5.152144432067871094e-01 5.883694887161254883e-01 -2.000417746603488922e-02
5.138556361198425293e-01 5.831636786460876465e-01 -1.818861998617649078e-02
5.320420265197753906e-01 5.775510072708129883e-01 -7.542662322521209717e-03
5.346045494079589844e-01 5.798776745796203613e-01 -9.269898757338523865e-03
5.375424623489379883e-01 5.837889313697814941e-01 -1.074718777090311050e-02
5.397293567657470703e-01 5.882788896560668945e-01 -8.567240089178085327e-03
5.529822111129760742e-01 5.338483452796936035e-01 -1.035709492862224579e-02
6.295189857482910156e-01 4.837844669818878174e-01 1.262597739696502686e-01
5.380539894104003906e-01 5.729000568389892578e-01 -1.315770670771598816e-03
5.410122871398925781e-01 5.738877654075622559e-01 -2.519369823858141899e-03
5.238872170448303223e-01 4.998283684253692627e-01 -3.024616464972496033e-02
5.406605005264282227e-01 4.986439347267150879e-01 -1.750974915921688080e-02
5.255978107452392578e-01 4.969679117202758789e-01 -3.020210191607475281e-02
5.581868886947631836e-01 4.411755502223968506e-01 -1.899737399071455002e-03
5.758389234542846680e-01 4.547334611415863037e-01 2.176154404878616333e-03
5.484884381294250488e-01 4.807885289192199707e-01 -2.101498283445835114e-02
6.139423251152038574e-01 2.832740545272827148e-01 3.639752045273780823e-02
6.069447398185729980e-01 3.015581965446472168e-01 1.863896287977695465e-02
5.989020466804504395e-01 3.158651590347290039e-01 4.184077493846416473e-03
5.428738594055175781e-01 5.963346362113952637e-01 -5.099001573398709297e-04
5.508366823196411133e-01 3.198407888412475586e-01 -1.522186212241649628e-02
5.567689538002014160e-01 2.870840430259704590e-01 -6.964580155909061432e-03
5.627659559249877930e-01 2.534929513931274414e-01 1.368942903354763985e-03
5.928969383239746094e-01 4.022655785083770752e-01 1.945566572248935699e-02
6.157283186912536621e-01 4.242713153362274170e-01 3.665665909647941589e-02
5.485686659812927246e-01 3.907133936882019043e-01 1.073643658310174942e-02
6.104618310928344727e-01 3.732025921344757080e-01 2.674916014075279236e-02
5.406120419502258301e-01 4.178439676761627197e-01 -1.027570571750402451e-02
5.407753586769104004e-01 4.739782512187957764e-01 -4.228409007191658020e-02
6.284405589103698730e-01 4.406481683254241943e-01 4.944508150219917297e-02
6.073286533355712891e-01 4.352870285511016846e-01 2.547724358737468719e-02
5.928465127944946289e-01 4.395762681961059570e-01 1.381817553192377090e-02
5.725117325782775879e-01 4.333696365356445312e-01 7.724789436906576157e-03
5.581849217414855957e-01 4.238649606704711914e-01 4.384324420243501663e-03
5.477733612060546875e-01 4.145298600196838379e-01 9.051947272382676601e-04
5.283461213111877441e-01 3.935235440731048584e-01 -2.192230336368083954e-02
6.247832775115966797e-01 4.753430783748626709e-01 4.483966156840324402e-02
6.184000968933105469e-01 3.731283545494079590e-01 3.295152261853218079e-02
5.171233415603637695e-01 4.900611042976379395e-01 -5.549695715308189392e-02
5.455312132835388184e-01 4.463153779506683350e-01 -1.200642529875040054e-02
6.371638774871826172e-01 4.106347560882568359e-01 1.213623136281967163e-01
5.401104092597961426e-01 4.044993817806243896e-01 -8.601202280260622501e-04
5.491001009941101074e-01 4.820481836795806885e-01 -9.703672491014003754e-03
6.037464141845703125e-01 3.852359652519226074e-01 2.928593754768371582e-02
5.419620871543884277e-01 4.632892608642578125e-01 -3.768435493111610413e-02
6.227548122406005859e-01 5.233846902847290039e-01 1.193109080195426941e-01
5.492199659347534180e-01 3.847853243350982666e-01 1.401027757674455643e-02
5.344201922416687012e-01 4.520103037357330322e-01 -4.887093231081962585e-02
5.877482295036315918e-01 6.030226945877075195e-01 4.598797857761383057e-02
5.853778123855590820e-01 6.221756935119628906e-01 6.538940221071243286e-02
6.328151822090148926e-01 4.809637069702148438e-01 8.557334542274475098e-02
6.025886535644531250e-01 5.821225047111511230e-01 6.013320758938789368e-02
6.331242322921752930e-01 3.764661550521850586e-01 7.281906157732009888e-02
5.395981073379516602e-01 6.539995074272155762e-01 9.515593759715557098e-03
5.150001049041748047e-01 4.939689338207244873e-01 -4.088048264384269714e-02
5.544098019599914551e-01 4.601476490497589111e-01 -7.776010315865278244e-03
6.266837716102600098e-01 4.047618210315704346e-01 5.479041114449501038e-02
5.839465856552124023e-01 3.933919668197631836e-01 1.515665557235479355e-02
5.747480392456054688e-01 3.932290673255920410e-01 1.179884467273950577e-02
5.461332798004150391e-01 5.775632858276367188e-01 -4.072167794220149517e-04
6.194971203804016113e-01 5.086369514465332031e-01 4.699064791202545166e-02
5.170838832855224609e-01 6.763224005699157715e-01 1.156317908316850662e-02
5.529019832611083984e-01 6.550232172012329102e-01 3.565270081162452698e-02
5.681372284889221191e-01 6.415285468101501465e-01 4.883755743503570557e-02
5.658162236213684082e-01 3.910754919052124023e-01 1.077464874833822250e-02
5.574901103973388672e-01 3.880243599414825439e-01 1.192077435553073883e-02
5.519264936447143555e-01 3.864780366420745850e-01 1.403674576431512833e-02
6.256030797958374023e-01 3.720958828926086426e-01 4.510051384568214417e-02
5.605244040489196777e-01 3.719832897186279297e-01 1.074791140854358673e-02
5.704168677330017090e-01 3.662192821502685547e-01 9.636177681386470795e-03
5.801605582237243652e-01 3.653742372989654541e-01 1.076294295489788055e-02
5.894127488136291504e-01 3.691817224025726318e-01 1.400330197066068649e-02
5.947133302688598633e-01 3.749923408031463623e-01 1.783267222344875336e-02
6.376969814300537109e-01 3.718163371086120605e-01 1.045339256525039673e-01
5.904504656791687012e-01 3.916168808937072754e-01 1.919313520193099976e-02
5.438054203987121582e-01 5.231348872184753418e-01 -1.760385558009147644e-02
5.368922948837280273e-01 4.871149957180023193e-01 -3.160237893462181091e-02
5.237722396850585938e-01 5.145237445831298828e-01 -2.940907701849937439e-02
5.716917514801025391e-01 6.227197647094726562e-01 3.484357520937919617e-02
5.563591122627258301e-01 6.380334496498107910e-01 2.285030856728553772e-02
5.184799432754516602e-01 6.653028726577758789e-01 -2.551398938521742821e-03
5.988480448722839355e-01 5.988690257072448730e-01 8.643712848424911499e-02
5.528816580772399902e-01 3.798408508300781250e-01 1.273825112730264664e-02
5.338072776794433594e-01 4.211080372333526611e-01 -2.657874859869480133e-02
5.365721583366394043e-01 6.674169898033142090e-01 2.165007218718528748e-02
6.261890530586242676e-01 5.176755189895629883e-01 8.214564621448516846e-02
5.239560008049011230e-01 5.811586380004882812e-01 -1.322973612695932388e-02
5.263256430625915527e-01 5.850995182991027832e-01 -1.499131321907043457e-02
5.283688902854919434e-01 5.911082029342651367e-01 -1.666995882987976074e-02
5.295976996421813965e-01 5.982600450515747070e-01 -1.491337548941373825e-02
5.304909944534301758e-01 6.087709665298461914e-01 -6.471782457083463669e-03
5.428450107574462891e-01 5.572674274444580078e-01 -4.650676622986793518e-03
5.456147789955139160e-01 5.568856000900268555e-01 -4.189283121377229691e-03
5.481697916984558105e-01 5.558372139930725098e-01 -3.982430323958396912e-03
5.591933727264404297e-01 5.479720830917358398e-01 -9.509273804724216461e-04
6.042643189430236816e-01 5.153537392616271973e-01 2.326377667486667633e-02
5.343883037567138672e-01 4.045067429542541504e-01 -1.530968211591243744e-02
5.421429872512817383e-01 3.706342577934265137e-01 5.403394345194101334e-03
5.485852360725402832e-01 3.729706406593322754e-01 1.058019418269395828e-02
5.405257940292358398e-01 5.568437576293945312e-01 -3.804453182965517044e-03
6.006668210029602051e-01 5.566002130508422852e-01 3.953001648187637329e-02
5.324149131774902344e-01 3.690122961997985840e-01 -9.411848150193691254e-03
5.350803732872009277e-01 6.218547224998474121e-01 -5.413584876805543900e-04
5.272038578987121582e-01 4.112442135810852051e-01 -3.422568738460540771e-02
5.394290089607238770e-01 4.485540986061096191e-01 -2.730153873562812805e-02
5.162848830223083496e-01 6.314376592636108398e-01 -7.914831861853599548e-03
5.620549321174621582e-01 5.893580913543701172e-01 1.216021459549665451e-02
5.570806264877319336e-01 4.966271519660949707e-01 -6.180155090987682343e-03
5.499098300933837891e-01 6.076923012733459473e-01 6.294002756476402283e-03
5.823543071746826172e-01 4.974460899829864502e-01 3.265308914706110954e-04
5.655022263526916504e-01 5.145380496978759766e-01 -3.230389673262834549e-03
5.879714488983154297e-01 5.255416035652160645e-01 9.746515192091464996e-03
5.183176994323730469e-01 6.493402719497680664e-01 -7.375258952379226685e-03
5.447705984115600586e-01 4.592525959014892578e-01 -1.920048892498016357e-02
5.701298117637634277e-01 6.033568382263183594e-01 2.257778868079185486e-02
5.549007654190063477e-01 6.210664510726928711e-01 1.449035387486219406e-02
5.722864270210266113e-01 5.680537223815917969e-01 1.349810138344764709e-02
6.131678819656372070e-01 5.370407700538635254e-01 4.996138811111450195e-02
5.856632590293884277e-01 5.733368992805480957e-01 2.460977435111999512e-02
6.167423129081726074e-01 5.517159104347229004e-01 7.601235806941986084e-02
5.711541175842285156e-01 5.367353558540344238e-01 3.071422455832362175e-03
5.393948554992675781e-01 4.335079491138458252e-01 -1.872165873646736145e-02
5.364791750907897949e-01 4.810639321804046631e-01 -4.503251984715461731e-02
5.419278740882873535e-01 4.864923655986785889e-01 -3.275119885802268982e-02
5.337029099464416504e-01 4.689628183841705322e-01 -5.320400744676589966e-02
5.525463223457336426e-01 3.539395332336425781e-01 3.212711075320839882e-03
5.717020034790039062e-01 3.424435853958129883e-01 2.954441355541348457e-03
5.877850651741027832e-01 3.413040637969970703e-01 5.072195082902908325e-03
6.001949906349182129e-01 3.468322157859802246e-01 1.047864835709333420e-02
6.079100370407104492e-01 3.571979999542236328e-01 1.775734312832355499e-02
6.097754240036010742e-01 3.919266462326049805e-01 3.423639386892318726e-02
6.363742351531982422e-01 4.457162022590637207e-01 8.503822237253189087e-02
5.992367863655090332e-01 4.162116348743438721e-01 2.367064729332923889e-02
5.876616835594177246e-01 4.197898805141448975e-01 1.607701741158962250e-02
5.734503865242004395e-01 4.171232581138610840e-01 1.050995942205190659e-02
5.603603124618530273e-01 4.111041724681854248e-01 7.357388269156217575e-03
5.504546165466308594e-01 4.044812023639678955e-01 6.644523236900568008e-03
5.436565279960632324e-01 3.982907831668853760e-01 5.577236413955688477e-03
6.335591077804565430e-01 4.468927085399627686e-01 1.278393715620040894e-01
5.409338474273681641e-01 4.910858273506164551e-01 -2.727491036057472229e-02
5.333048105239868164e-01 4.360090196132659912e-01 -3.621568158268928528e-02
5.294794440269470215e-01 4.807254076004028320e-01 -5.451916530728340149e-02
5.224294066429138184e-01 4.884303212165832520e-01 -5.066845566034317017e-02
5.286424160003662109e-01 4.837802946567535400e-01 -4.906373471021652222e-02
5.374709367752075195e-01 4.957293868064880371e-01 -2.384623326361179352e-02
5.205111503601074219e-01 4.895645976066589355e-01 -5.382582172751426697e-02
5.184586644172668457e-01 4.933851957321166992e-01 -4.071334376931190491e-02
5.451326370239257812e-01 3.848749101161956787e-01 1.179853547364473343e-02
5.388038158416748047e-01 3.883352279663085938e-01 4.310970194637775421e-03
5.348691940307617188e-01 3.906433582305908203e-01 -3.917714580893516541e-03
5.975428819656372070e-01 3.796138167381286621e-01 2.179249934852123260e-02
6.050944328308105469e-01 3.726615905761718750e-01 2.274326421320438385e-02
4.525616168975830078e-01 3.649933040142059326e-01 6.122619379311800003e-03
4.642944335937500000e-01 3.663396239280700684e-01 6.122619379311800003e-03
4.540135264396667480e-01 3.496518731117248535e-01 6.122619379311800003e-03
4.406747221946716309e-01 3.636457026004791260e-01 6.122619379311800003e-03
4.510468542575836182e-01 3.801734447479248047e-01 6.122619379311800003e-03
5.762863159179687500e-01 3.783522546291351318e-01 1.524757780134677887e-02
5.879294276237487793e-01 3.796621263027191162e-01 1.524757780134677887e-02
5.773382186889648438e-01 3.626275062561035156e-01 1.524757780134677887e-02
5.646777153015136719e-01 3.770571947097778320e-01 1.524757780134677887e-02
5.752519369125366211e-01 3.942399024963378906e-01 1.524757780134677887e-02
