5.111843347549438477e-01 5.449159741401672363e-01 -3.508993238210678101e-02
5.205661654472351074e-01 4.922640323638916016e-01 -6.286089122295379639e-02
5.168806910514831543e-01 5.094655156135559082e-01 -3.430535271763801575e-02
5.140308141708374023e-01 4.356157779693603516e-01 -4.730105027556419373e-02
5.223431587219238281e-01 4.751272499561309814e-01 -6.633634120225906372e-02
5.235648155212402344e-01 4.529522657394409180e-01 -6.123189255595207214e-02
5.254804491996765137e-01 3.990031480789184570e-01 -2.846999280154705048e-02
4.407708942890167236e-01 3.803352713584899902e-01 7.564506493508815765e-03
5.283945202827453613e-01 3.538271784782409668e-01 -1.920243538916110992e-02
5.302665233612060547e-01 3.315510749816894531e-01 -2.047391608357429504e-02
5.347266793251037598e-01 2.607360482215881348e-01 -6.490433588624000549e-03
5.108733177185058594e-01 5.494102239608764648e-01 -3.389889374375343323e-02
5.103971362113952637e-01 5.540254712104797363e-01 -3.045995719730854034e-02
5.100190043449401855e-01 5.568856000900268555e-01 -2.545658685266971588e-02
5.068585872650146484e-01 6.041274070739746094e-01 -1.848476752638816833e-02
5.066447257995605469e-01 6.105442643165588379e-01 -2.016236074268817902e-02
5.061180591583251953e-01 6.180762648582458496e-01 -2.211255952715873718e-02
5.055216550827026367e-01 6.252689361572265625e-01 -1.930400729179382324e-02
5.026599168777465820e-01 6.334823966026306152e-01 -7.830791175365447998e-03
5.190725922584533691e-01 5.011070370674133301e-01 -5.720188468694686890e-02
5.074084997177124023e-01 4.994324743747711182e-01 -4.255367070436477661e-02
3.966839909553527832e-01 3.156032562255859375e-01 5.911721661686897278e-02
4.706991016864776611e-01 3.999936580657958984e-01 -1.443209708668291569e-03
4.586636722087860107e-01 4.002726674079895020e-01 -1.781704020686447620e-03
4.476410448551177979e-01 3.974158763885498047e-01 3.557143500074744225e-04
4.346518516540527344e-01 3.853225708007812500e-01 8.552350103855133057e-03
4.817022681236267090e-01 3.960631489753723145e-01 1.065926509909331799e-03
4.607647657394409180e-01 3.443944454193115234e-01 -5.693949759006500244e-03
4.737488627433776855e-01 3.484421074390411377e-01 -4.094322212040424347e-03
4.480151534080505371e-01 3.459261655807495117e-01 -3.194918390363454819e-03
4.390239119529724121e-01 3.524003922939300537e-01 6.076836143620312214e-04
4.223597645759582520e-01 3.948006629943847656e-01 1.314562745392322540e-02
4.558548331260681152e-01 6.416468024253845215e-01 1.303592114709317684e-03
4.372380971908569336e-01 3.747436702251434326e-01 1.101362518966197968e-02
3.856614232063293457e-01 3.848607540130615234e-01 6.082419678568840027e-02
4.097479581832885742e-01 3.801007270812988281e-01 2.395183034241199493e-02
4.591601788997650146e-01 4.698474109172821045e-01 -1.439104042947292328e-02
4.954850673675537109e-01 5.400451421737670898e-01 -3.479462489485740662e-02
4.962803125381469727e-01 5.517059564590454102e-01 -2.994026616215705872e-02
4.797585904598236084e-01 5.435899496078491211e-01 -2.926479466259479523e-02
4.695375561714172363e-01 5.492545366287231445e-01 -2.075663208961486816e-02
4.842750728130340576e-01 5.520411729812622070e-01 -2.606708370149135590e-02
4.750872552394866943e-01 5.545542240142822266e-01 -1.812976412475109100e-02
4.512560963630676270e-01 5.825050473213195801e-01 -1.299333875067532063e-03
5.109200477600097656e-01 4.904331564903259277e-01 -6.254313886165618896e-02
5.109102129936218262e-01 4.737966358661651611e-01 -6.582318246364593506e-02
4.239799082279205322e-01 3.318728804588317871e-01 3.404390299692749977e-03
4.862071871757507324e-01 4.309688806533813477e-01 -1.303697749972343445e-02
4.826406836509704590e-01 4.831011295318603516e-01 -3.705939278006553650e-02
4.818895459175109863e-01 4.740746319293975830e-01 -3.357763588428497314e-02
4.241191446781158447e-01 4.626721143722534180e-01 -3.718606429174542427e-03
5.127052068710327148e-01 4.532684385776519775e-01 -5.881397053599357605e-02
4.546099305152893066e-01 3.134299218654632568e-01 -1.245429553091526031e-02
4.373821318149566650e-01 3.189002573490142822e-01 -5.498019978404045105e-03
4.130501449108123779e-01 2.885019779205322266e-01 3.907601535320281982e-02
5.045897960662841797e-01 3.372932374477386475e-01 -1.801886968314647675e-02
4.844638705253601074e-01 3.582063317298889160e-01 3.183696753694675863e-05
4.456174969673156738e-01 5.616542696952819824e-01 -8.348143310286104679e-04
3.850818872451782227e-01 5.436157584190368652e-01 8.795719593763351440e-02
4.903174340724945068e-01 4.938672482967376709e-01 -3.193869441747665405e-02
4.988644719123840332e-01 5.001191496849060059e-01 -3.204025700688362122e-02
4.584777355194091797e-01 5.653762221336364746e-01 -1.402945490553975105e-03
4.619103074073791504e-01 5.658442378044128418e-01 -3.962858114391565323e-03
4.320073723793029785e-01 3.073514699935913086e-01 -2.089233312290161848e-04
4.808663725852966309e-01 4.907835125923156738e-01 -3.088921122252941132e-02
4.764440953731536865e-01 3.177602887153625488e-01 -1.679798215627670288e-02
4.763027727603912354e-01 3.040372133255004883e-01 -1.881993748247623444e-02
4.665746390819549561e-01 2.579491138458251953e-01 1.312661799602210522e-03
4.223371744155883789e-01 3.040363192558288574e-01 1.698561944067478180e-02
4.719435572624206543e-01 2.870318889617919922e-01 -8.886897005140781403e-03
4.172649979591369629e-01 3.244842886924743652e-01 1.284125726670026779e-02
4.069658517837524414e-01 3.259116113185882568e-01 3.495693206787109375e-02
4.955272078514099121e-01 5.462312698364257812e-01 -3.365762159228324890e-02
4.818909764289855957e-01 5.481870174407958984e-01 -2.814067155122756958e-02
4.721754193305969238e-01 5.521146655082702637e-01 -2.036262303590774536e-02
4.924835860729217529e-01 4.974721670150756836e-01 -2.917975187301635742e-02
4.602042734622955322e-01 5.656760334968566895e-01 -2.740163821727037430e-03
4.637852907180786133e-01 5.781700611114501953e-01 -7.515734061598777771e-03
4.634083807468414307e-01 5.659255981445312500e-01 -4.098750185221433640e-03
4.972856342792510986e-01 4.885858595371246338e-01 -4.744249209761619568e-02
4.774218499660491943e-01 5.557515621185302734e-01 -1.630926690995693207e-02
4.863508343696594238e-01 5.541356205940246582e-01 -2.166263014078140259e-02
4.972684681415557861e-01 5.547040700912475586e-01 -2.526643872261047363e-02
4.855307340621948242e-01 6.290287971496582031e-01 -8.695820346474647522e-03
4.883554875850677490e-01 6.196795701980590820e-01 -1.996401324868202209e-02
4.898537099361419678e-01 6.129411458969116211e-01 -2.205792441964149475e-02
4.917701184749603271e-01 6.056728959083557129e-01 -1.993877254426479340e-02
4.937321543693542480e-01 6.001127362251281738e-01 -1.833588443696498871e-02
4.754295945167541504e-01 5.856265425682067871e-01 -1.110978145152330399e-02
4.725666940212249756e-01 5.872452259063720703e-01 -1.260096114128828049e-02
4.689664840698242188e-01 5.898659825325012207e-01 -1.408875361084938049e-02
4.660886526107788086e-01 5.928589105606079102e-01 -1.219870802015066147e-02
4.629310071468353271e-01 5.329467058181762695e-01 -1.765482500195503235e-02
3.762494921684265137e-01 4.566782414913177490e-01 1.044133082032203674e-01
5.179715156555175781e-01 5.050790309906005859e-01 -4.237008467316627502e-02
4.697321653366088867e-01 5.776059031486511230e-01 -6.456655915826559067e-03
4.667477607727050781e-01 5.777189731597900391e-01 -7.500283885747194290e-03
5.016423463821411133e-01 5.071113705635070801e-01 -3.245879709720611572e-02
4.831636250019073486e-01 5.012935400009155273e-01 -2.203330956399440765e-02
5.003442764282226562e-01 5.037009119987487793e-01 -3.252438455820083618e-02
4.729286432266235352e-01 4.387700855731964111e-01 -1.073214970529079437e-02
4.529178440570831299e-01 4.469814300537109375e-01 -9.393915534019470215e-03
4.787939190864562988e-01 4.814997613430023193e-01 -2.739261463284492493e-02
4.353391528129577637e-01 2.683038115501403809e-01 1.837369613349437714e-02
4.429899454116821289e-01 2.901245951652526855e-01 2.762699266895651817e-03
4.519660472869873047e-01 3.003633022308349609e-01 -1.040990091860294342e-02
4.590365588665008545e-01 5.996276140213012695e-01 -4.912798758596181870e-03
5.041009187698364258e-01 3.139333724975585938e-01 -2.174356393516063690e-02
5.007070899009704590e-01 2.910000681877136230e-01 -1.429480966180562973e-02
4.985275864601135254e-01 2.562918663024902344e-01 -7.054569199681282043e-03
4.389325976371765137e-01 3.925856947898864746e-01 4.419682081788778305e-03
4.074392318725585938e-01 4.051564633846282959e-01 1.814951747655868530e-02
4.893133640289306641e-01 3.917558193206787109e-01 3.235442098230123520e-03
4.258885979652404785e-01 3.585303425788879395e-01 9.230715222656726837e-03
4.956187605857849121e-01 4.212034344673156738e-01 -1.612376235425472260e-02
4.907681643962860107e-01 4.771595001220703125e-01 -4.746790602803230286e-02
3.954842090606689453e-01 4.171051084995269775e-01 2.889439649879932404e-02
4.146128594875335693e-01 4.178983867168426514e-01 8.039954118430614471e-03
4.296233952045440674e-01 4.260225892066955566e-01 -1.110543264076113701e-03
4.527010917663574219e-01 4.261923730373382568e-01 -4.064206965267658234e-03
4.701360464096069336e-01 4.212332367897033691e-01 -4.822674673050642014e-03
4.839436411857604980e-01 4.146485924720764160e-01 -6.345703266561031342e-03
5.139668583869934082e-01 4.013227820396423340e-01 -2.535866945981979370e-02
3.953613638877868652e-01 4.523451328277587891e-01 2.474435977637767792e-02
4.161555767059326172e-01 3.544822931289672852e-01 1.398859638720750809e-02
5.132669806480407715e-01 4.996646046638488770e-01 -5.709562450647354126e-02
4.861820042133331299e-01 4.478482902050018311e-01 -1.849048957228660583e-02
3.786482512950897217e-01 3.828444480895996094e-01 9.755602478981018066e-02
4.948584735393524170e-01 4.065487384796142578e-01 -6.879164371639490128e-03
4.768251180648803711e-01 4.822790026664733887e-01 -1.593449153006076813e-02
4.315719604492187500e-01 3.738988041877746582e-01 1.266909576952457428e-02
4.904849529266357422e-01 4.663462638854980469e-01 -4.301620274782180786e-02
3.785706758499145508e-01 4.980538189411163330e-01 9.904329478740692139e-02
4.906253218650817871e-01 3.859495520591735840e-01 6.211162079125642776e-03
5.015184879302978516e-01 4.577479362487792969e-01 -5.307867750525474548e-02
4.100475609302520752e-01 5.910748243331909180e-01 3.401886671781539917e-02
4.061353206634521484e-01 6.105293631553649902e-01 5.287804454565048218e-02
3.810273706912994385e-01 4.548221826553344727e-01 6.420153379440307617e-02
3.980928957462310791e-01 5.648199319839477539e-01 4.492356628179550171e-02
3.957597613334655762e-01 3.529779911041259766e-01 5.117029696702957153e-02
4.511534273624420166e-01 6.584711074829101562e-01 6.721592508256435394e-03
5.134753584861755371e-01 5.038360953330993652e-01 -4.192659258842468262e-02
4.743414819240570068e-01 4.587352275848388672e-01 -1.537298411130905151e-02
3.981963992118835449e-01 3.824414610862731934e-01 3.429525345563888550e-02
4.506642222404479980e-01 3.882771134376525879e-01 1.761238672770559788e-03
4.601612091064453125e-01 3.913509845733642578e-01 -1.404656795784831047e-04
4.610526263713836670e-01 5.788875818252563477e-01 -6.067947950214147568e-03
3.954958915710449219e-01 4.866118729114532471e-01 2.806559205055236816e-02
4.699065089225769043e-01 6.869305968284606934e-01 1.222180947661399841e-02
4.347492158412933350e-01 6.554475426673889160e-01 2.964500710368156433e-02
4.210432171821594238e-01 6.365760564804077148e-01 3.974803164601325989e-02
5.324960947036743164e-01 2.968577146530151367e-01 -1.397594623267650604e-02
4.960319995880126953e-01 6.940541863441467285e-01 1.154412701725959778e-02
4.702223241329193115e-01 3.911944031715393066e-01 4.341309540905058384e-04
4.802543520927429199e-01 3.889241814613342285e-01 2.856395207345485687e-03
4.869983494281768799e-01 3.874313831329345703e-01 5.747567396610975266e-03
4.071824252605438232e-01 3.507443368434906006e-01 2.488351799547672272e-02
4.808042645454406738e-01 3.739129006862640381e-01 1.416773069649934769e-03
4.707427620887756348e-01 3.686454296112060547e-01 -1.296041649766266346e-03
4.608918726444244385e-01 3.667961955070495605e-01 -1.745247398503124714e-03
4.509549438953399658e-01 3.677763640880584717e-01 5.299190888763405383e-05
4.443894028663635254e-01 3.704167604446411133e-01 3.031578846275806427e-03
3.855856060981750488e-01 3.453927636146545410e-01 8.078685402870178223e-02
4.447129368782043457e-01 3.842803537845611572e-01 4.730811808258295059e-03
5.152053833007812500e-01 5.229072570800781250e-01 -3.163263574242591858e-02
4.754200577735900879e-01 5.248594284057617188e-01 -2.339180558919906616e-02
4.909439980983734131e-01 4.908566772937774658e-01 -3.604506328701972961e-02
4.985280930995941162e-01 5.218443870544433594e-01 -3.179660439491271973e-02
5.265013575553894043e-01 3.770035803318023682e-01 -1.950328797101974487e-02
4.225999116897583008e-01 6.165626645088195801e-01 2.622832357883453369e-02
4.359230399131774902e-01 6.373080015182495117e-01 1.726836152374744415e-02
4.717978239059448242e-01 6.752114295959472656e-01 -1.779044396243989468e-03
3.949472606182098389e-01 5.818844437599182129e-01 7.051833719015121460e-02
4.877640306949615479e-01 3.810642957687377930e-01 4.254121333360671997e-03
5.044386982917785645e-01 4.269567430019378662e-01 -3.086848929524421692e-02
4.976993799209594727e-01 6.824874281883239746e-01 -2.197234192863106728e-03
4.504485428333282471e-01 6.730755567550659180e-01 1.873291842639446259e-02
3.825578987598419189e-01 4.929219782352447510e-01 6.214582547545433044e-02
4.834558367729187012e-01 5.936163663864135742e-01 -1.535027194768190384e-02
4.804753065109252930e-01 5.971062183380126953e-01 -1.693486049771308899e-02
4.774644076824188232e-01 6.023119688034057617e-01 -1.853201910853385925e-02
4.751477539539337158e-01 6.081811785697937012e-01 -1.672258228063583374e-02
4.698610007762908936e-01 6.161531805992126465e-01 -8.461473509669303894e-03
4.676123857498168945e-01 5.590075850486755371e-01 -1.071466226130723953e-02
4.647916257381439209e-01 5.577206611633300781e-01 -1.091159973293542862e-02
4.623895883560180664e-01 5.558651685714721680e-01 -1.113870739936828613e-02
4.527919888496398926e-01 5.454328656196594238e-01 -9.647258557379245758e-03
4.124809801578521729e-01 4.981443881988525391e-01 7.367843296378850937e-03
5.050160288810729980e-01 4.100555479526519775e-01 -1.988218165934085846e-02
5.005120038986206055e-01 3.723111450672149658e-01 -1.873690489446744323e-04
4.930988252162933350e-01 3.742213249206542969e-01 3.002036362886428833e-03
4.698506891727447510e-01 5.593656301498413086e-01 -9.669237770140171051e-03
4.070165455341339111e-01 5.401390790939331055e-01 2.463388629257678986e-02
5.114722847938537598e-01 3.721776604652404785e-01 -1.358582358807325363e-02
4.628021419048309326e-01 6.271061301231384277e-01 -2.473524538800120354e-03
5.242130160331726074e-01 4.345507025718688965e-01 -4.996916651725769043e-02
5.138027667999267578e-01 4.194166362285614014e-01 -3.719051554799079895e-02
5.247819423675537109e-01 4.175034761428833008e-01 -3.872251138091087341e-02
4.940699934959411621e-01 4.522094428539276123e-01 -3.232470154762268066e-02
4.996308684349060059e-01 6.656939983367919922e-01 -7.210705429315567017e-03
5.013516545295715332e-01 6.475409865379333496e-01 -6.911547388881444931e-03
4.809960126876831055e-01 6.420376300811767578e-01 -6.243023555725812912e-03
4.402133524417877197e-01 5.858781933784484863e-01 4.668059293180704117e-03
4.655812978744506836e-01 4.942900538444519043e-01 -1.365223433822393417e-02
4.493803977966308594e-01 6.082932353019714355e-01 1.623217132873833179e-03
4.398052692413330078e-01 4.873869717121124268e-01 -1.123369950801134109e-02
4.537022113800048828e-01 5.095406174659729004e-01 -1.221759524196386337e-02
4.282378256320953369e-01 5.135009884834289551e-01 -2.796405460685491562e-03
4.756660461425781250e-01 6.589090824127197266e-01 -6.384226959198713303e-03
4.856670498847961426e-01 4.611014723777770996e-01 -2.510115504264831543e-02
4.288706183433532715e-01 5.975723266601562500e-01 1.414527650922536850e-02
4.415545463562011719e-01 6.203566789627075195e-01 9.342794306576251984e-03
4.346338808536529541e-01 5.611289739608764648e-01 3.347386838868260384e-03
3.967555761337280273e-01 5.165717005729675293e-01 3.254916891455650330e-02
4.196722507476806641e-01 5.621609091758728027e-01 1.277077756822109222e-02
3.874681591987609863e-01 5.295807123184204102e-01 5.757334083318710327e-02
4.431247115135192871e-01 5.300149321556091309e-01 -7.111913058906793594e-03
4.955268800258636475e-01 4.371629357337951660e-01 -2.419918589293956757e-02
4.940997064113616943e-01 4.852266013622283936e-01 -4.978277906775474548e-02
4.860388636589050293e-01 4.890196919441223145e-01 -3.795575723052024841e-02
5.003208518028259277e-01 4.745326936244964600e-01 -5.718944594264030457e-02
4.929617047309875488e-01 3.524454832077026367e-01 -4.109066445380449295e-03
4.749772846698760986e-01 3.371194005012512207e-01 -7.321472279727458954e-03
4.584819972515106201e-01 3.327209949493408203e-01 -8.051604963839054108e-03
4.439339637756347656e-01 3.354846239089965820e-01 -5.015669856220483780e-03
4.329468905925750732e-01 3.434294462203979492e-01 8.299496257677674294e-04
4.218764901161193848e-01 3.769427239894866943e-01 1.662614196538925171e-02
3.816013336181640625e-01 4.190014600753784180e-01 6.262984126806259155e-02
4.280543029308319092e-01 4.028856158256530762e-01 7.655709981918334961e-03
4.393939375877380371e-01 4.095511734485626221e-01 1.951223006471991539e-03
4.551115930080413818e-01 4.118387401103973389e-01 -1.331986393779516220e-03
4.706451892852783203e-01 4.097436070442199707e-01 -2.039443003013730049e-03
4.833612740039825439e-01 4.049892127513885498e-01 -9.364626021124422550e-04
4.924095273017883301e-01 4.001597762107849121e-01 -7.885253289714455605e-04
3.765687048435211182e-01 4.191627502441406250e-01 1.046493723988533020e-01
4.853175878524780273e-01 4.938243627548217773e-01 -3.233716264367103577e-02
5.039280652999877930e-01 4.420534074306488037e-01 -4.048047214746475220e-02
5.025244355201721191e-01 4.870994687080383301e-01 -5.780430510640144348e-02
5.073556900024414062e-01 4.963718354701995850e-01 -5.277083069086074829e-02
5.019213557243347168e-01 4.899817705154418945e-01 -5.236518010497093201e-02
4.874922335147857666e-01 4.993975460529327393e-01 -2.808701805770397186e-02
5.096353292465209961e-01 4.981683492660522461e-01 -5.564770847558975220e-02
5.098063945770263672e-01 5.023090839385986328e-01 -4.219726473093032837e-02
4.945548772811889648e-01 3.863542377948760986e-01 5.037333350628614426e-03
5.001035928726196289e-01 3.911333084106445312e-01 -1.109718694351613522e-03
5.037598013877868652e-01 3.939818441867828369e-01 -8.722643367946147919e-03
4.404702484607696533e-01 3.726470768451690674e-01 6.416247226297855377e-03
4.328035116195678711e-01 3.609855175018310547e-01 6.475287955254316330e-03
5.333017110824584961e-01 4.383732080459594727e-01 -4.504521563649177551e-02
6.016672849655151367e-01 4.035571515560150146e-01 2.355141937732696533e-02
5.284996032714843750e-01 5.025140047073364258e-01 -4.082886874675750732e-02
6.390367746353149414e-01 3.522399663925170898e-01 8.306984603404998779e-02
5.698703527450561523e-01 4.124976992607116699e-01 8.970214053988456726e-03
5.805312991142272949e-01 4.159592092037200928e-01 1.073171477764844894e-02
5.907977819442749023e-01 4.173837304115295410e-01 1.471219398081302643e-02
6.051763892173767090e-01 4.100766479969024658e-01 2.541447803378105164e-02
5.609578490257263184e-01 4.070135056972503662e-01 9.306653402745723724e-03
5.905810594558715820e-01 3.640223145484924316e-01 7.324339821934700012e-03
5.774872899055480957e-01 3.646100759506225586e-01 6.168066523969173431e-03
6.020651459693908691e-01 3.687508702278137207e-01 1.180156972259283066e-02
6.088553071022033691e-01 3.775294721126556396e-01 1.677019521594047546e-02
6.121625900268554688e-01 4.223212003707885742e-01 3.134950995445251465e-02
5.438798666000366211e-01 6.517259478569030762e-01 8.450081571936607361e-03
6.059203743934631348e-01 3.992111086845397949e-01 2.770170941948890686e-02
6.407462954521179199e-01 4.224242568016052246e-01 8.504036068916320801e-02
6.239775419235229492e-01 4.105925858020782471e-01 4.418382793664932251e-02
5.726078152656555176e-01 4.861657619476318359e-01 -3.800933947786688805e-03
5.264020562171936035e-01 5.441588163375854492e-01 -3.201216459274291992e-02
5.233432650566101074e-01 5.555320382118225098e-01 -2.737047336995601654e-02
5.397563576698303223e-01 5.512843728065490723e-01 -2.357553876936435699e-02
5.474845767021179199e-01 5.596970915794372559e-01 -1.300188340246677399e-02
5.337762832641601562e-01 5.588090419769287109e-01 -2.111533097922801971e-02
5.410556793212890625e-01 5.639277696609497070e-01 -1.150910090655088425e-02
5.574408173561096191e-01 5.965746641159057617e-01 8.402938023209571838e-03
5.297269225120544434e-01 4.931811690330505371e-01 -6.111299246549606323e-02
5.329694151878356934e-01 4.769793450832366943e-01 -6.413707137107849121e-02
6.233464479446411133e-01 3.618766963481903076e-01 2.240170910954475403e-02
5.535133481025695801e-01 4.407209455966949463e-01 -6.038811523467302322e-03
5.532895326614379883e-01 4.929285943508148193e-01 -3.059233166277408600e-02
5.546394586563110352e-01 4.841528236865997314e-01 -2.689885534346103668e-02
6.039428114891052246e-01 4.886294007301330566e-01 1.351077482104301453e-02
5.334835648536682129e-01 4.562005400657653809e-01 -5.662481859326362610e-02
6.021072864532470703e-01 3.386612534523010254e-01 9.725182317197322845e-04
6.154830455780029297e-01 3.469210267066955566e-01 1.112902816385030746e-02
6.321872472763061523e-01 3.219989240169525146e-01 6.048431620001792908e-02
5.533917546272277832e-01 3.494377136230468750e-01 -1.341231074184179306e-02
5.657024383544921875e-01 3.713369369506835938e-01 8.397741243243217468e-03
5.665128827095031738e-01 5.781196951866149902e-01 1.090067904442548752e-02
6.143755912780761719e-01 5.752017498016357422e-01 1.106273159384727478e-01
5.436531901359558105e-01 5.012907981872558594e-01 -2.733399346470832825e-02
5.347600579261779785e-01 5.051569938659667969e-01 -2.972169406712055206e-02
5.536820888519287109e-01 5.799574255943298340e-01 8.805228397250175476e-03
5.502989888191223145e-01 5.793945789337158203e-01 5.133880767971277237e-03
6.210032701492309570e-01 3.369830250740051270e-01 1.736360229551792145e-02
5.524035692214965820e-01 5.006777048110961914e-01 -2.455930784344673157e-02
5.825520157814025879e-01 3.380078375339508057e-01 -7.594169117510318756e-03
5.853160619735717773e-01 3.251006007194519043e-01 -9.419186040759086609e-03
5.960686206817626953e-01 2.786444723606109619e-01 1.373148895800113678e-02
6.261500716209411621e-01 3.338900804519653320e-01 3.615647926926612854e-02
5.891606807708740234e-01 3.049103021621704102e-01 1.774792210198938847e-03
6.290175914764404297e-01 3.558724224567413330e-01 3.302453085780143738e-02
6.336598396301269531e-01 3.590118288993835449e-01 5.665697902441024780e-02
5.252004265785217285e-01 5.503806471824645996e-01 -3.088574856519699097e-02
5.368047356605529785e-01 5.555621385574340820e-01 -2.280679903924465179e-02
5.444588661193847656e-01 5.620784163475036621e-01 -1.324736885726451874e-02
5.406194925308227539e-01 5.040870308876037598e-01 -2.532008849084377289e-02
5.519530773162841797e-01 5.797645449638366699e-01 6.744053214788436890e-03
5.480193495750427246e-01 5.910968780517578125e-01 6.259154761210083961e-04
5.487417578697204590e-01 5.789915919303894043e-01 4.778514150530099869e-03
5.400523543357849121e-01 4.948013722896575928e-01 -4.305262863636016846e-02
5.383276939392089844e-01 5.645073056221008301e-01 -9.995175525546073914e-03
5.311319231986999512e-01 5.603752732276916504e-01 -1.697364263236522675e-02
5.216566324234008789e-01 5.581625103950500488e-01 -2.261397056281566620e-02
5.194945335388183594e-01 6.334978342056274414e-01 -6.182289216667413712e-03
5.219702720642089844e-01 6.248056888580322266e-01 -1.713891327381134033e-02
5.216801166534423828e-01 6.176291704177856445e-01 -1.912995800375938416e-02
5.206766128540039062e-01 6.099212169647216797e-01 -1.704289950430393219e-02
5.191449522972106934e-01 6.038422584533691406e-01 -1.557576004415750504e-02
5.364946126937866211e-01 5.949138998985290527e-01 -4.753996152430772781e-03
5.393696427345275879e-01 5.975062847137451172e-01 -6.206477992236614227e-03
5.426343679428100586e-01 6.013119816780090332e-01 -7.414614781737327576e-03
5.450847148895263672e-01 6.053019762039184570e-01 -5.107282195240259171e-03
5.586662292480468750e-01 5.461578369140625000e-01 -8.789941668510437012e-03
6.326475143432617188e-01 4.941310286521911621e-01 1.297004520893096924e-01
5.420427322387695312e-01 5.886598229408264160e-01 1.377257402054965496e-03
5.451281070709228516e-01 5.897022485733032227e-01 3.523867926560342312e-04
5.312188267707824707e-01 5.112187266349792480e-01 -3.013637475669384003e-02
5.474666953086853027e-01 5.101339221000671387e-01 -1.697400398552417755e-02
5.329180359840393066e-01 5.083166360855102539e-01 -3.027918189764022827e-02
5.639961361885070801e-01 4.519902467727661133e-01 -1.397279440425336361e-03
5.809930562973022461e-01 4.656538963317871094e-01 3.059137379750609398e-03
5.553829669952392578e-01 4.921607673168182373e-01 -2.048822678625583649e-02
6.193642020225524902e-01 2.970319092273712158e-01 3.590551391243934631e-02
6.125494241714477539e-01 3.153618276119232178e-01 1.825259253382682800e-02
6.064647436141967773e-01 3.265038430690765381e-01 3.660549176856875420e-03
5.479825735092163086e-01 6.110586524009704590e-01 3.176249330863356590e-03
5.588201284408569336e-01 3.278182148933410645e-01 -1.694886386394500732e-02
5.630590915679931641e-01 3.007145524024963379e-01 -8.725008927285671234e-03
5.687994956970214844e-01 2.677253484725952148e-01 -7.383833872154355049e-04
5.996940135955810547e-01 4.157128930091857910e-01 2.032728493213653564e-02
6.218463182449340820e-01 4.357495307922363281e-01 3.815657645463943481e-02
5.551285743713378906e-01 4.019344747066497803e-01 1.057744305580854416e-02
6.172419190406799316e-01 3.865675926208496094e-01 2.760678716003894806e-02
5.470377206802368164e-01 4.286825656890869141e-01 -1.055228058248758316e-02
5.481423139572143555e-01 4.853709936141967773e-01 -4.223495721817016602e-02
6.324342489242553711e-01 4.517264366149902344e-01 5.138347297906875610e-02
6.146659851074218750e-01 4.468418955802917480e-01 2.701049111783504486e-02
6.011236310005187988e-01 4.512229859828948975e-01 1.519542746245861053e-02
5.808147788047790527e-01 4.452202320098876953e-01 8.539694361388683319e-03
5.660966038703918457e-01 4.357949793338775635e-01 4.849079996347427368e-03
5.553757548332214355e-01 4.264661967754364014e-01 8.865286945365369320e-04
5.353938937187194824e-01 4.045269489288330078e-01 -2.304370515048503876e-02
6.283109784126281738e-01 4.860016107559204102e-01 4.716627672314643860e-02
6.246069669723510742e-01 3.849639892578125000e-01 3.395062685012817383e-02
5.246680974960327148e-01 5.013298988342285156e-01 -5.593937635421752930e-02
5.519714355468750000e-01 4.572183191776275635e-01 -1.169241406023502350e-02
6.408752799034118652e-01 4.219771623611450195e-01 1.237893626093864441e-01
5.476372838020324707e-01 4.164074659347534180e-01 -1.247766660526394844e-03
5.556797385215759277e-01 4.932907223701477051e-01 -8.900868706405162811e-03
6.103352308273315430e-01 3.998336493968963623e-01 3.022072836756706238e-02
5.491632819175720215e-01 4.746205210685729980e-01 -3.765292838215827942e-02
6.257854104042053223e-01 5.332580804824829102e-01 1.231068596243858337e-01
5.555046796798706055e-01 3.959809541702270508e-01 1.387381833046674728e-02
5.418577194213867188e-01 4.634815752506256104e-01 -4.920141026377677917e-02
5.907427668571472168e-01 6.136103868484497070e-01 5.032531172037124634e-02
5.883908867835998535e-01 6.326742768287658691e-01 6.989286839962005615e-02
6.360142230987548828e-01 4.914783239364624023e-01 8.833670616149902344e-02
6.048086285591125488e-01 5.919330716133117676e-01 6.412272155284881592e-02
6.375613808631896973e-01 3.886629343032836914e-01 7.429815828800201416e-02
5.445498228073120117e-01 6.685241460800170898e-01 1.441547460854053497e-02
5.224412679672241211e-01 5.051583647727966309e-01 -4.123630374670028687e-02
5.605402588844299316e-01 4.711126089096069336e-01 -7.082006428390741348e-03
6.311377882957458496e-01 4.151076674461364746e-01 5.636679381132125854e-02
5.908697843551635742e-01 4.072267711162567139e-01 1.588980481028556824e-02
5.817551612854003906e-01 4.065016210079193115e-01 1.235758326947689056e-02
5.505701899528503418e-01 5.926685333251953125e-01 2.549786353483796120e-03
6.225346326828002930e-01 5.187742114067077637e-01 4.974194616079330444e-02
5.218489766120910645e-01 6.922537684440612793e-01 1.663933135569095612e-02
5.575749874114990234e-01 6.684094071388244629e-01 4.051707684993743896e-02
5.721930861473083496e-01 6.534807682037353516e-01 5.353268235921859741e-02
5.727133750915527344e-01 4.036321640014648438e-01 1.107300259172916412e-02
5.640953779220581055e-01 3.998267650604248047e-01 1.198501139879226685e-02
5.582941174507141113e-01 3.977686166763305664e-01 1.393717527389526367e-02
6.309112906455993652e-01 3.827704489231109619e-01 4.631908610463142395e-02
5.668451189994812012e-01 3.870354294776916504e-01 1.076206751167774200e-02
5.769008994102478027e-01 3.839085698127746582e-01 9.613713249564170837e-03
5.865622758865356445e-01 3.843380808830261230e-01 1.095447503030300140e-02
5.956280827522277832e-01 3.880081474781036377e-01 1.443373318761587143e-02
6.009585261344909668e-01 3.927412033081054688e-01 1.850239187479019165e-02
6.419551968574523926e-01 3.838427960872650146e-01 1.062482148408889771e-01
5.971698760986328125e-01 4.058756232261657715e-01 1.998868398368358612e-02
5.501572489738464355e-01 5.351698398590087891e-01 -1.659242622554302216e-02
5.442171692848205566e-01 4.983924329280853271e-01 -3.149013966321945190e-02
5.309682488441467285e-01 5.264292955398559570e-01 -2.898162789642810822e-02
5.758319497108459473e-01 6.346894502639770508e-01 3.940825164318084717e-02
5.609160661697387695e-01 6.511696577072143555e-01 2.760053053498268127e-02
5.235761404037475586e-01 6.809065937995910645e-01 2.340961946174502373e-03
6.013380289077758789e-01 6.087255477905273438e-01 9.065376222133636475e-02
5.591877102851867676e-01 3.922816514968872070e-01 1.262527331709861755e-02
5.407618880271911621e-01 4.322029054164886475e-01 -2.710217423737049103e-02
5.414548516273498535e-01 6.822298169136047363e-01 2.669977955520153046e-02
6.289176940917968750e-01 5.277255773544311523e-01 8.531112968921661377e-02
5.289399027824401855e-01 6.003892421722412109e-01 -1.051367353647947311e-02
5.316101312637329102e-01 6.048569083213806152e-01 -1.190954167395830154e-02
5.339801311492919922e-01 6.110206246376037598e-01 -1.322806067764759064e-02
5.354753732681274414e-01 6.177791953086853027e-01 -1.122406311333179474e-02
5.357409119606018066e-01 6.244397163391113281e-01 -2.471675630658864975e-03
5.464482903480529785e-01 5.706669092178344727e-01 -2.702765865251421928e-03
5.494335293769836426e-01 5.700508356094360352e-01 -2.154713496565818787e-03
5.522349476814270020e-01 5.687698125839233398e-01 -1.892726868391036987e-03
5.641868114471435547e-01 5.607248544692993164e-01 1.292725908569991589e-03
6.074704527854919434e-01 5.255918502807617188e-01 2.574090287089347839e-02
5.411006212234497070e-01 4.154323339462280273e-01 -1.601883582770824432e-02
5.489941239356994629e-01 3.814640045166015625e-01 4.733123816549777985e-03
5.550108551979064941e-01 3.845666348934173584e-01 1.017942838370800018e-02
5.440617203712463379e-01 5.704334974288940430e-01 -1.755596487782895565e-03
6.033751964569091797e-01 5.666440725326538086e-01 4.298736900091171265e-02
5.397646427154541016e-01 3.794427812099456787e-01 -1.050002500414848328e-02
5.401372909545898438e-01 6.362237334251403809e-01 3.899664385244250298e-03
5.344899892807006836e-01 4.223828613758087158e-01 -3.519830107688903809e-02
5.463316440582275391e-01 4.596783518791198730e-01 -2.736594155430793762e-02
5.214927792549133301e-01 6.468492746353149414e-01 -3.298527095466852188e-03
5.669621825218200684e-01 6.023166179656982422e-01 1.581027172505855560e-02
5.631052851676940918e-01 5.079543590545654297e-01 -5.006588529795408249e-03
5.549981594085693359e-01 6.212928891181945801e-01 1.041666045784950256e-02
5.868105292320251465e-01 5.083275437355041504e-01 2.202005125582218170e-03
5.707185864448547363e-01 5.259542465209960938e-01 -1.535960473120212555e-03
5.917314291000366211e-01 5.362333655357360840e-01 1.240970194339752197e-02
5.235880613327026367e-01 6.645157933235168457e-01 -2.543259412050247192e-03
5.514733195304870605e-01 4.702968895435333252e-01 -1.888815686106681824e-02
5.746762156486511230e-01 6.156874895095825195e-01 2.671042457222938538e-02
5.596925616264343262e-01 6.342700719833374023e-01 1.899721845984458923e-02
5.767040848731994629e-01 5.802959203720092773e-01 1.679062843322753906e-02
6.158287525177001953e-01 5.469006896018981934e-01 5.315150693058967590e-02
5.891975760459899902e-01 5.844412446022033691e-01 2.822843380272388458e-02
6.190278530120849609e-01 5.614406466484069824e-01 7.960423082113265991e-02
5.756297111511230469e-01 5.484241843223571777e-01 5.380199756473302841e-03
5.460749864578247070e-01 4.444801807403564453e-01 -1.881233416497707367e-02
5.439052581787109375e-01 4.923813343048095703e-01 -4.503355175256729126e-02
5.492110848426818848e-01 4.978690743446350098e-01 -3.252369165420532227e-02
5.413084626197814941e-01 4.804546833038330078e-01 -5.358918756246566772e-02
5.598183870315551758e-01 3.648361861705780029e-01 2.612208714708685875e-03
5.792793035507202148e-01 3.547986447811126709e-01 2.443373901769518852e-03
5.954077243804931641e-01 3.547738194465637207e-01 4.810086451470851898e-03
6.076474189758300781e-01 3.607285916805267334e-01 1.053502317517995834e-02
6.151350736618041992e-01 3.709229826927185059e-01 1.820886693894863129e-02
6.160721778869628906e-01 4.048444330692291260e-01 3.524765372276306152e-02
6.400157213211059570e-01 4.567279517650604248e-01 8.746535331010818481e-02
6.063871383666992188e-01 4.288463592529296875e-01 2.485971711575984955e-02
5.951977372169494629e-01 4.321723580360412598e-01 1.702444627881050110e-02
5.809881091117858887e-01 4.294277429580688477e-01 1.116217020899057388e-02
5.677068829536437988e-01 4.231469035148620605e-01 7.896247319877147675e-03
5.575314760208129883e-01 4.160799086093902588e-01 6.572616286575794220e-03
5.506312251091003418e-01 4.096717238426208496e-01 5.335522349923849106e-03
6.369606256484985352e-01 4.577528536319732666e-01 1.308049857616424561e-01
5.481172204017639160e-01 5.024868249893188477e-01 -2.697559259831905365e-02
5.405029654502868652e-01 4.472839236259460449e-01 -3.661305084824562073e-02
5.370943546295166016e-01 4.921030700206756592e-01 -5.479015037417411804e-02
5.298805832862854004e-01 4.996807277202606201e-01 -5.102594196796417236e-02
5.361301302909851074e-01 4.950404465198516846e-01 -4.926828294992446899e-02
5.445097684860229492e-01 5.071441531181335449e-01 -2.355563081800937653e-02
5.280094742774963379e-01 5.008403658866882324e-01 -5.422303080558776855e-02
5.258947014808654785e-01 5.045965909957885742e-01 -4.100996628403663635e-02
5.515871047973632812e-01 3.958812355995178223e-01 1.145776640623807907e-02
5.456650853157043457e-01 3.995075225830078125e-01 3.754344535991549492e-03
5.422130823135375977e-01 4.023017585277557373e-01 -4.743994213640689850e-03
6.038615107536315918e-01 3.962782323360443115e-01 2.251682057976722717e-02
6.121664047241210938e-01 3.873367905616760254e-01 2.355813235044479370e-02
4.600941538810729980e-01 3.773751258850097656e-01 3.269337117671966553e-03
4.715880155563354492e-01 3.785893023014068604e-01 3.269337117671966553e-03
4.610752463340759277e-01 3.631229400634765625e-01 3.269337117671966553e-03
4.483749866485595703e-01 3.761502504348754883e-01 3.269337117671966553e-03
4.590246677398681641e-01 3.914265632629394531e-01 3.269337117671966553e-03
5.826815366744995117e-01 3.942222595214843750e-01 1.561041735112667084e-02
5.939719080924987793e-01 3.957591056823730469e-01 1.561041735112667084e-02
5.836409926414489746e-01 3.800359368324279785e-01 1.561041735112667084e-02
5.713193416595458984e-01 3.926327824592590332e-01 1.561041735112667084e-02
5.817744135856628418e-01 4.083550572395324707e-01 1.561041735112667084e-02
