5.010039806365966797e-01 5.440486073493957520e-01 -3.377590700984001160e-02
5.086344480514526367e-01 4.862170517444610596e-01 -6.053487956523895264e-02
5.062062144279479980e-01 5.037485361099243164e-01 -3.266646713018417358e-02
5.025036931037902832e-01 4.286938607692718506e-01 -4.447376728057861328e-02
5.100916624069213867e-01 4.685336649417877197e-01 -6.402797996997833252e-02
5.114436745643615723e-01 4.458245933055877686e-01 -5.890586972236633301e-02
5.142479538917541504e-01 3.914671540260314941e-01 -2.629040740430355072e-02
4.322726428508758545e-01 3.788601160049438477e-01 1.393240224570035934e-02
5.171938538551330566e-01 3.458392322063446045e-01 -1.677364669740200043e-02
5.188584327697753906e-01 3.226714432239532471e-01 -1.810839585959911346e-02
5.234950184822082520e-01 2.473574876785278320e-01 -3.498010104522109032e-03
5.006842017173767090e-01 5.491305589675903320e-01 -3.238401189446449280e-02
5.003219246864318848e-01 5.537977218627929688e-01 -2.879469469189643860e-02
5.001294016838073730e-01 5.568855404853820801e-01 -2.378164231777191162e-02
5.000855922698974609e-01 5.572515726089477539e-01 -2.351048775017261505e-02
4.997029006481170654e-01 5.645774006843566895e-01 -2.551731280982494354e-02
4.991199076175689697e-01 5.735578536987304688e-01 -2.837951667606830597e-02
4.985087811946868896e-01 5.827987194061279297e-01 -2.754568867385387421e-02
4.971475303173065186e-01 6.065149903297424316e-01 -1.794171147048473358e-02
5.076015591621398926e-01 4.953192174434661865e-01 -5.490848422050476074e-02
4.966239035129547119e-01 4.938895702362060547e-01 -4.001255333423614502e-02
3.907794356346130371e-01 3.107222318649291992e-01 6.845589727163314819e-02
4.618439376354217529e-01 3.974129259586334229e-01 3.022899618372321129e-03
4.500680267810821533e-01 3.978540897369384766e-01 3.410845063626766205e-03
4.393061101436614990e-01 3.952513039112091064e-01 6.253034342080354691e-03
4.266305863857269287e-01 3.842830657958984375e-01 1.528453920036554337e-02
4.725154936313629150e-01 3.934370875358581543e-01 5.163122899830341339e-03
4.505496025085449219e-01 3.427597880363464355e-01 -2.179395669372752309e-04
4.634557962417602539e-01 3.460847735404968262e-01 5.748800467699766159e-04
4.380834698677062988e-01 3.450838923454284668e-01 2.950511174276471138e-03
4.295351803302764893e-01 3.519472181797027588e-01 7.065682206302881241e-03
4.150500893592834473e-01 3.935084640979766846e-01 2.042693085968494415e-02
4.524760544300079346e-01 6.274428963661193848e-01 -6.111746188253164291e-03
4.288772344589233398e-01 3.737210929393768311e-01 1.762573979794979095e-02
3.803065121173858643e-01 3.824383616447448730e-01 6.986182183027267456e-02
4.027168154716491699e-01 3.792288601398468018e-01 3.188452124595642090e-02
4.503487348556518555e-01 4.654276669025421143e-01 -1.031504292041063309e-02
4.878695607185363770e-01 5.384085774421691895e-01 -3.293765336275100708e-02
4.887228906154632568e-01 5.510190725326538086e-01 -2.771878242492675781e-02
4.750236570835113525e-01 5.416212677955627441e-01 -2.700109779834747314e-02
4.662595987319946289e-01 5.457080006599426270e-01 -1.919325254857540131e-02
4.786506295204162598e-01 5.500929355621337891e-01 -2.372777275741100311e-02
4.705619812011718750e-01 5.504640936851501465e-01 -1.650415547192096710e-02
4.467357993125915527e-01 5.704096555709838867e-01 -3.569363616406917572e-03
4.991542696952819824e-01 4.846612215042114258e-01 -5.985521525144577026e-02
4.989776909351348877e-01 4.674679636955261230e-01 -6.306222826242446899e-02
4.140840768814086914e-01 3.325417637825012207e-01 1.118113473057746887e-02
4.766642153263092041e-01 4.259418547153472900e-01 -9.304708801209926605e-03
4.726806581020355225e-01 4.779642820358276367e-01 -3.323017060756683350e-02
4.721945822238922119e-01 4.688851535320281982e-01 -2.974972315132617950e-02
4.155548214912414551e-01 4.592856466770172119e-01 2.979317447170615196e-03
5.008519887924194336e-01 4.465087950229644775e-01 -5.592303723096847534e-02
4.432052373886108398e-01 3.143311440944671631e-01 -6.255774293094873428e-03
4.265577793121337891e-01 3.197268545627593994e-01 1.812530215829610825e-03
4.056564271450042725e-01 2.818923890590667725e-01 4.780996590852737427e-02
4.928241372108459473e-01 3.360014259815216064e-01 -1.438243314623832703e-02
4.742508232593536377e-01 3.553285598754882812e-01 4.124039784073829651e-03
4.393246471881866455e-01 5.532619953155517578e-01 -8.277504239231348038e-04
3.824374675750732422e-01 5.428521633148193359e-01 9.472963213920593262e-02
4.803564548492431641e-01 4.886442720890045166e-01 -2.881674654781818390e-02
4.887671768665313721e-01 4.946748912334442139e-01 -2.944978512823581696e-02
4.551326632499694824e-01 5.525720119476318359e-01 -1.512028626166284084e-03
4.578533768653869629e-01 5.524914860725402832e-01 -4.430680535733699799e-03
4.210230112075805664e-01 3.079787194728851318e-01 7.343952544033527374e-03
4.712679088115692139e-01 4.856358170509338379e-01 -2.722492814064025879e-02
4.647563397884368896e-01 3.180027604103088379e-01 -1.183041930198669434e-02
4.641404449939727783e-01 3.039763569831848145e-01 -1.371019333600997925e-02
4.564617276191711426e-01 2.476396709680557251e-01 7.598302327096462250e-03
4.138014316558837891e-01 2.973168790340423584e-01 2.470114454627037048e-02
4.613708257675170898e-01 2.778265178203582764e-01 -3.501680446788668633e-03
4.075869023799896240e-01 3.244987726211547852e-01 2.090858109295368195e-02
3.994905352592468262e-01 3.206045627593994141e-01 4.326718673110008240e-02
4.880253672599792480e-01 5.456560254096984863e-01 -3.159865736961364746e-02
4.768237173557281494e-01 5.463464260101318359e-01 -2.589275129139423370e-02
4.683598875999450684e-01 5.482216477394104004e-01 -1.877763867378234863e-02
4.825960993766784668e-01 4.921354949474334717e-01 -2.619846537709236145e-02
4.565384089946746826e-01 5.525588989257812500e-01 -3.000827971845865250e-03
4.615852236747741699e-01 5.555984377861022949e-01 -1.001840364187955856e-02
4.592852294445037842e-01 5.524542331695556641e-01 -4.699787124991416931e-03
4.865116477012634277e-01 4.832869172096252441e-01 -4.408752918243408203e-02
4.722160995006561279e-01 5.520671606063842773e-01 -1.467791106551885605e-02
4.801430702209472656e-01 5.524784922599792480e-01 -1.936371996998786926e-02
4.894954562187194824e-01 5.542560219764709473e-01 -2.300448529422283173e-02
4.821043312549591064e-01 6.039999127388000488e-01 -1.785036921501159668e-02
4.849931895732879639e-01 5.792620182037353516e-01 -2.722760476171970367e-02
4.862193763256072998e-01 5.701276659965515137e-01 -2.785815112292766571e-02
4.877741634845733643e-01 5.614365935325622559e-01 -2.470574714243412018e-02
4.895426034927368164e-01 5.546980500221252441e-01 -2.269099280238151550e-02
4.723306000232696533e-01 5.521557927131652832e-01 -1.427814923226833344e-02
4.698296785354614258e-01 5.552881360054016113e-01 -1.636249572038650513e-02
4.672025740146636963e-01 5.593892335891723633e-01 -1.850754395127296448e-02
4.648487865924835205e-01 5.642594099044799805e-01 -1.682180911302566528e-02
4.550649523735046387e-01 5.268070697784423828e-01 -1.552873291075229645e-02
3.731123805046081543e-01 4.568576514720916748e-01 1.133280843496322632e-01
5.069003701210021973e-01 4.992763698101043701e-01 -4.026443511247634888e-02
4.663168489933013916e-01 5.522673726081848145e-01 -8.626070804893970490e-03
4.640432596206665039e-01 5.537856817245483398e-01 -9.974348358809947968e-03
4.916822314262390137e-01 5.016167163848876953e-01 -3.037640824913978577e-02
4.740535020828247070e-01 4.960948824882507324e-01 -1.921023800969123840e-02
4.903025031089782715e-01 4.982372522354125977e-01 -3.007054142653942108e-02
4.635858237743377686e-01 4.343886971473693848e-01 -6.359693594276905060e-03
4.438295960426330566e-01 4.430574774742126465e-01 -3.966489341109991074e-03
4.694660604000091553e-01 4.763582348823547363e-01 -2.363947965204715729e-02
4.265912473201751709e-01 2.599836885929107666e-01 2.605162374675273895e-02
4.335004091262817383e-01 2.821284830570220947e-01 9.490059688687324524e-03
4.402813911437988281e-01 3.007149100303649902e-01 -4.008916206657886505e-03
4.557060897350311279e-01 5.831095576286315918e-01 -9.544664993882179260e-03
4.915320277214050293e-01 3.125083446502685547e-01 -1.811598427593708038e-02
4.895450472831726074e-01 2.806928157806396484e-01 -1.046120468527078629e-02
4.876306951045989990e-01 2.442918270826339722e-01 -2.441561315208673477e-03
4.308598041534423828e-01 3.909840583801269531e-01 1.088988874107599258e-02
4.009577333927154541e-01 4.039424359798431396e-01 2.593648433685302734e-02
4.798575341701507568e-01 3.892130553722381592e-01 7.144725881516933441e-03
4.172117710113525391e-01 3.584554791450500488e-01 1.639533042907714844e-02
4.857017099857330322e-01 4.155348539352416992e-01 -1.266234647482633591e-02
4.801680445671081543e-01 4.719032347202301025e-01 -4.386151954531669617e-02
3.887883126735687256e-01 4.147833585739135742e-01 3.743682429194450378e-02
4.079506993293762207e-01 4.164386093616485596e-01 1.539504248648881912e-02
4.223836660385131836e-01 4.240712225437164307e-01 5.263867788016796112e-03
4.447444081306457520e-01 4.239805340766906738e-01 1.287223189137876034e-03
4.617608189582824707e-01 4.189128279685974121e-01 -4.362535837572067976e-04
4.750591814517974854e-01 4.120060503482818604e-01 -2.520169364288449287e-03
5.029897689819335938e-01 3.942942023277282715e-01 -2.256371080875396729e-02
3.886829018592834473e-01 4.504471123218536377e-01 3.311135619878768921e-02
4.077965021133422852e-01 3.542845249176025391e-01 2.174656279385089874e-02
5.019277930259704590e-01 4.939973354339599609e-01 -5.451153591275215149e-02
4.767716825008392334e-01 4.428004026412963867e-01 -1.480118278414011002e-02
3.749490678310394287e-01 3.810841441154479980e-01 1.072302535176277161e-01
4.854034483432769775e-01 4.035537540912628174e-01 -3.364336676895618439e-03
4.678962826728820801e-01 4.773437678813934326e-01 -1.261231675744056702e-02
4.233574271202087402e-01 3.734103143215179443e-01 1.956211403012275696e-02
4.801522493362426758e-01 4.609995782375335693e-01 -3.941262885928153992e-02
3.760467171669006348e-01 4.987355470657348633e-01 1.070261448621749878e-01
4.811639189720153809e-01 3.831899762153625488e-01 1.014101319015026093e-02
4.903747439384460449e-01 4.516548812389373779e-01 -4.978444054722785950e-02
4.057976603507995605e-01 5.851203203201293945e-01 3.480903431773185730e-02
4.043909311294555664e-01 6.049722433090209961e-01 5.457203090190887451e-02
3.767435550689697266e-01 4.540544152259826660e-01 7.309895008802413940e-02
3.931844234466552734e-01 5.608865022659301758e-01 4.889736324548721313e-02
3.894312679767608643e-01 3.491712212562561035e-01 5.988208577036857605e-02
4.487194418907165527e-01 6.443002223968505859e-01 -3.471514501143246889e-04
5.024797320365905762e-01 4.981228411197662354e-01 -3.964835032820701599e-02
4.653023481369018555e-01 4.541924297809600830e-01 -1.144553255289793015e-02
3.918575644493103027e-01 3.815404176712036133e-01 4.276251420378684998e-02
4.418625235557556152e-01 3.859862387180328369e-01 7.465713657438755035e-03
4.511477053165435791e-01 3.886946141719818115e-01 5.071650259196758270e-03
4.592716395854949951e-01 5.578957796096801758e-01 -8.272776380181312561e-03
3.891267776489257812e-01 4.849534034729003906e-01 3.564608097076416016e-02
4.681288003921508789e-01 6.693745851516723633e-01 3.422407899051904678e-03
4.344537854194641113e-01 6.446359157562255859e-01 2.536818385124206543e-02
4.203833341598510742e-01 6.285384893417358398e-01 3.815421089529991150e-02
5.211032629013061523e-01 2.855275273323059082e-01 -1.161968987435102463e-02
4.923281073570251465e-01 6.747510433197021484e-01 1.088334945961833000e-03
4.610655903816223145e-01 3.883971571922302246e-01 5.162720568478107452e-03
4.709068238735198975e-01 3.861255645751953125e-01 7.215751800686120987e-03
4.775816500186920166e-01 3.847437500953674316e-01 9.878245182335376740e-03
3.993285298347473145e-01 3.500115871429443359e-01 3.306348621845245361e-02
4.712411463260650635e-01 3.697130382061004639e-01 5.737988743931055069e-03
4.613426327705383301e-01 3.639580309391021729e-01 3.621991956606507301e-03
4.514997005462646484e-01 3.623347878456115723e-01 3.673550439998507500e-03
4.416698515415191650e-01 3.642807006835937500e-01 5.934922024607658386e-03
4.353932142257690430e-01 3.679657876491546631e-01 9.167402982711791992e-03
3.810326457023620605e-01 3.420866727828979492e-01 9.044963121414184570e-02
4.360281229019165039e-01 3.823907077312469482e-01 1.088627893477678299e-02
5.048840045928955078e-01 5.171040296554565430e-01 -3.047754988074302673e-02
4.671887755393981934e-01 5.191051363945007324e-01 -2.098983153700828552e-02
4.807425737380981445e-01 4.856708347797393799e-01 -3.276401013135910034e-02
4.892610311508178711e-01 5.162088871002197266e-01 -3.025299124419689178e-02
5.154989361763000488e-01 3.693713545799255371e-01 -1.727806031703948975e-02
4.196249246597290039e-01 6.084980964660644531e-01 2.384117431938648224e-02
4.334449470043182373e-01 6.266092061996459961e-01 1.239586900919675827e-02
4.686149954795837402e-01 6.577007770538330078e-01 -1.102658919990062714e-02
3.924277424812316895e-01 5.785192251205444336e-01 7.551406323909759521e-02
4.781921505928039551e-01 3.777401149272918701e-01 8.391620591282844543e-03
4.937583208084106445e-01 4.205159544944763184e-01 -2.780529670417308807e-02
4.931470155715942383e-01 6.628699302673339844e-01 -1.302635297179222107e-02
4.498261809349060059e-01 6.587706208229064941e-01 1.203081756830215454e-02
3.787517547607421875e-01 4.921951591968536377e-01 7.019042223691940308e-02
4.801965653896331787e-01 5.527684092521667480e-01 -1.901553198695182800e-02
4.776139557361602783e-01 5.579333305358886719e-01 -2.127829007804393768e-02
4.754344820976257324e-01 5.645162463188171387e-01 -2.381255663931369781e-02
4.736023247241973877e-01 5.725180506706237793e-01 -2.280436083674430847e-02
4.672276675701141357e-01 5.949071049690246582e-01 -1.525648403912782669e-02
4.640336334705352783e-01 5.514125227928161621e-01 -9.949531406164169312e-03
4.617662131786346436e-01 5.504041910171508789e-01 -1.008743420243263245e-02
4.598410129547119141e-01 5.491418838500976562e-01 -1.020524743944406509e-02
4.451915919780731201e-01 5.384492278099060059e-01 -8.272007107734680176e-03
4.042154550552368164e-01 4.951131939888000488e-01 1.341802813112735748e-02
4.945719242095947266e-01 4.036616981029510498e-01 -1.672714389860630035e-02
4.901191890239715576e-01 3.692547678947448730e-01 3.205385990440845490e-03
4.830815792083740234e-01 3.712398409843444824e-01 6.919840816408395767e-03
4.662154018878936768e-01 5.523024201393127441e-01 -8.972394280135631561e-03
4.002718329429626465e-01 5.363154411315917969e-01 2.880371920764446259e-02
5.004161000251770020e-01 3.687933087348937988e-01 -1.066291052848100662e-02
4.594490826129913330e-01 6.107603907585144043e-01 -9.990150108933448792e-03
5.124121308326721191e-01 4.272550940513610840e-01 -4.772271588444709778e-02
5.025597810745239258e-01 4.123972654342651367e-01 -3.454380109906196594e-02
5.132808089256286621e-01 4.100697040557861328e-01 -3.661822527647018433e-02
4.839805662631988525e-01 4.466531276702880859e-01 -2.891656570136547089e-02
4.944612681865692139e-01 6.456950902938842773e-01 -1.859330572187900543e-02
4.958947002887725830e-01 6.248843669891357422e-01 -1.799301058053970337e-02
4.769507944583892822e-01 6.216199994087219238e-01 -1.632574386894702911e-02
4.355092942714691162e-01 5.766946077346801758e-01 2.285572700202465057e-03
4.569414258003234863e-01 4.893611073493957520e-01 -1.052448153495788574e-02
4.459750354290008545e-01 5.960564017295837402e-01 -3.566654166206717491e-03
4.306310713291168213e-01 4.828237295150756836e-01 -7.132666185498237610e-03
4.449245333671569824e-01 5.042217969894409180e-01 -9.447405114769935608e-03
4.189965426921844482e-01 5.090339779853820801e-01 7.137896027415990829e-04
4.716142416000366211e-01 6.411688923835754395e-01 -1.622544601559638977e-02
4.762122929096221924e-01 4.560478031635284424e-01 -2.153249457478523254e-02
4.248003065586090088e-01 5.892276763916015625e-01 1.195283886045217514e-02
4.382559359073638916e-01 6.093970537185668945e-01 4.178855568170547485e-03
4.280511736869812012e-01 5.543819665908813477e-01 3.713085316121578217e-03
3.906889855861663818e-01 5.144869685173034668e-01 3.884052857756614685e-02
4.135032296180725098e-01 5.561411380767822266e-01 1.408596988767385483e-02
3.832117319107055664e-01 5.278360247611999512e-01 6.428432464599609375e-02
4.342836737632751465e-01 5.244768857955932617e-01 -4.797400906682014465e-03
4.855048954486846924e-01 4.314451515674591064e-01 -2.079031057655811310e-02
4.833333492279052734e-01 4.799616038799285889e-01 -4.629524797201156616e-02
4.759576022624969482e-01 4.838868081569671631e-01 -3.439923375844955444e-02
4.889836609363555908e-01 4.687998592853546143e-01 -5.377224460244178772e-02
4.822060465812683105e-01 3.502783179283142090e-01 -3.366630990058183670e-04
4.641088545322418213e-01 3.359313607215881348e-01 -2.590422984212636948e-03
4.477697610855102539e-01 3.323246836662292480e-01 -2.453695051372051239e-03
4.336103200912475586e-01 3.354986906051635742e-01 1.410776400007307529e-03
4.232497811317443848e-01 3.437551856040954590e-01 7.733050268143415451e-03
4.142478108406066895e-01 3.761475682258605957e-01 2.399079874157905579e-02
3.766767978668212891e-01 4.176010489463806152e-01 7.180704176425933838e-02
4.207041263580322266e-01 4.014056921005249023e-01 1.445731427520513535e-02
4.317265748977661133e-01 4.075291156768798828e-01 8.060290478169918060e-03
4.469849169254302979e-01 4.095494747161865234e-01 3.959621768444776535e-03
4.620759785175323486e-01 4.072987437248229980e-01 2.272375626489520073e-03
4.743592739105224609e-01 4.023510813713073730e-01 3.010656451806426048e-03
4.830206334590911865e-01 3.972295522689819336e-01 2.769156359136104584e-03
3.731217682361602783e-01 4.183892011642456055e-01 1.140652373433113098e-01
4.755076467990875244e-01 4.886442720890045166e-01 -2.890443243086338043e-02
4.929866790771484375e-01 4.357273578643798828e-01 -3.726837038993835449e-02
4.911801517009735107e-01 4.815342426300048828e-01 -5.473114177584648132e-02
4.962965250015258789e-01 4.908072054386138916e-01 -5.007902532815933228e-02
4.908568561077117920e-01 4.845547974109649658e-01 -4.932343587279319763e-02
4.779660105705261230e-01 4.941206574440002441e-01 -2.507982403039932251e-02
4.984056949615478516e-01 4.925299584865570068e-01 -5.301324278116226196e-02
4.989314675331115723e-01 4.966617524623870850e-01 -3.979231789708137512e-02
4.848769903182983398e-01 3.837196230888366699e-01 8.748260326683521271e-03
4.902170598506927490e-01 3.880139589309692383e-01 2.227941295132040977e-03
4.936363399028778076e-01 3.906678557395935059e-01 -5.458967294543981552e-03
4.317988157272338867e-01 3.709494471549987793e-01 1.281229313462972641e-02
4.239187240600585938e-01 3.607520759105682373e-01 1.313458569347858429e-02
5.216673016548156738e-01 4.309940934181213379e-01 -4.339244589209556580e-02
5.939232707023620605e-01 3.947005271911621094e-01 2.133872173726558685e-02
5.174225568771362305e-01 4.964425861835479736e-01 -3.919764235615730286e-02
6.323230266571044922e-01 3.400697112083435059e-01 7.933565974235534668e-02
5.604404211044311523e-01 4.073716402053833008e-01 7.885011844336986542e-03
5.716063976287841797e-01 4.104619026184082031e-01 9.258159436285495758e-03
5.822164416313171387e-01 4.109057784080505371e-01 1.293789595365524292e-02
5.970814824104309082e-01 4.006615281105041504e-01 2.307461015880107880e-02
5.511294007301330566e-01 4.017134904861450195e-01 9.021335281431674957e-03
5.812364220619201660e-01 3.537181615829467773e-01 5.852013360708951950e-03
5.676279664039611816e-01 3.555130958557128906e-01 5.362656433135271072e-03
5.932741165161132812e-01 3.577882349491119385e-01 9.934754110872745514e-03
6.003718972206115723e-01 3.664166331291198730e-01 1.456804480403661728e-02
6.037654280662536621e-01 4.134516417980194092e-01 2.890304476022720337e-02
5.376263260841369629e-01 6.365211009979248047e-01 -2.788200275972485542e-03
5.982219576835632324e-01 3.883806765079498291e-01 2.535275742411613464e-02
6.344395279884338379e-01 4.131201207637786865e-01 8.094663918018341064e-02
6.158881783485412598e-01 4.007198214530944824e-01 4.128231853246688843e-02
5.633507966995239258e-01 4.793222546577453613e-01 -5.221691448241472244e-03
5.145417451858520508e-01 5.422535538673400879e-01 -3.165196627378463745e-02
5.118933916091918945e-01 5.545969009399414062e-01 -2.650098130106925964e-02
5.266321301460266113e-01 5.491676330566406250e-01 -2.436572313308715820e-02
5.342447161674499512e-01 5.558401942253112793e-01 -1.563496328890323639e-02
5.217192769050598145e-01 5.566927194595336914e-01 -2.143814601004123688e-02
5.293055772781372070e-01 5.594886541366577148e-01 -1.345183234661817551e-02
5.498973131179809570e-01 5.829807519912719727e-01 8.169777574948966503e-04
5.179030895233154297e-01 4.869726300239562988e-01 -5.916676670312881470e-02
5.208179950714111328e-01 4.701370894908905029e-01 -6.225757300853729248e-02
6.146110296249389648e-01 3.510443866252899170e-01 1.998853869736194611e-02
5.435908436775207520e-01 4.341001808643341064e-01 -5.926604382693767548e-03
5.424275994300842285e-01 4.864152669906616211e-01 -3.014749847352504730e-02
5.438123941421508789e-01 4.774812161922454834e-01 -2.658426947891712189e-02
5.962361693382263184e-01 4.814539551734924316e-01 1.117847114801406860e-02
5.214605331420898438e-01 4.489656090736389160e-01 -5.487181246280670166e-02
5.925418138504028320e-01 3.288138508796691895e-01 1.838046882767230272e-04
6.064079403877258301e-01 3.362634181976318359e-01 9.653828106820583344e-03
6.247186660766601562e-01 3.086905479431152344e-01 5.747888609766960144e-02
5.423543453216552734e-01 3.424527049064636230e-01 -1.209243107587099075e-02
5.554393529891967773e-01 3.637459278106689453e-01 8.006325922906398773e-03
5.596532225608825684e-01 5.682492852210998535e-01 4.563810303807258606e-03
6.115012764930725098e-01 5.701054334640502930e-01 1.050498113036155701e-01
5.330445766448974609e-01 4.951043426990509033e-01 -2.667874842882156372e-02
5.241200923919677734e-01 4.989719390869140625e-01 -2.835062518715858459e-02
5.436925888061523438e-01 5.663465261459350586e-01 3.124184673652052879e-03
5.409695506095886230e-01 5.654377937316894531e-01 -3.184866800438612700e-04
6.120905280113220215e-01 3.265683948993682861e-01 1.554812956601381302e-02
5.419566035270690918e-01 4.942041337490081787e-01 -2.419957332313060760e-02
5.723589062690734863e-01 3.295219242572784424e-01 -7.439246866852045059e-03
5.750604271888732910e-01 3.169211149215698242e-01 -9.278687648475170135e-03
5.859060883522033691e-01 2.640127539634704590e-01 1.321022678166627884e-02
6.179513335227966309e-01 3.214454948902130127e-01 3.355244919657707214e-02
5.784792304039001465e-01 2.921136021614074707e-01 1.461491454392671585e-03
6.205177307128906250e-01 3.453963994979858398e-01 3.019195981323719025e-02
6.263685822486877441e-01 3.474533557891845703e-01 5.319554358720779419e-02
5.133730769157409668e-01 5.494295358657836914e-01 -3.028768859803676605e-02
5.241116881370544434e-01 5.534602403640747070e-01 -2.342022769153118134e-02
5.318556427955627441e-01 5.578312277793884277e-01 -1.551179960370063782e-02
5.300934314727783203e-01 4.979116618633270264e-01 -2.435835078358650208e-02
5.423150062561035156e-01 5.659280419349670410e-01 1.277511240914463997e-03
5.373237729072570801e-01 5.674200057983398438e-01 -6.366445217281579971e-03
5.395200848579406738e-01 5.649170279502868652e-01 -6.973216659389436245e-04
5.289286971092224121e-01 4.886098504066467285e-01 -4.198160022497177124e-02
5.273652076721191406e-01 5.604758858680725098e-01 -1.177708897739648819e-02
5.198734998703002930e-01 5.585517883300781250e-01 -1.719067059457302094e-02
5.107463002204895020e-01 5.575454235076904297e-01 -2.174845896661281586e-02
5.122150778770446777e-01 6.074855923652648926e-01 -1.666595600545406342e-02
5.122011303901672363e-01 5.835754871368408203e-01 -2.593138627707958221e-02
5.120561122894287109e-01 5.741039514541625977e-01 -2.651217952370643616e-02
5.115848779678344727e-01 5.650577545166015625e-01 -2.338762767612934113e-02
5.106674432754516602e-01 5.579444169998168945e-01 -2.140489220619201660e-02
5.272444486618041992e-01 5.606098175048828125e-01 -1.138261519372463226e-02
5.295463800430297852e-01 5.645380616188049316e-01 -1.345798652619123459e-02
5.317547917366027832e-01 5.694652199745178223e-01 -1.544155366718769073e-02
5.335587263107299805e-01 5.750066637992858887e-01 -1.360099669545888901e-02
5.499222278594970703e-01 5.385622382164001465e-01 -1.147171948105096817e-02
6.284146904945373535e-01 4.878689646720886230e-01 1.248486340045928955e-01
5.327750444412231445e-01 5.625172257423400879e-01 -5.098732654005289078e-03
5.350362062454223633e-01 5.648513436317443848e-01 -6.477854214608669281e-03
5.204362869262695312e-01 5.051115751266479492e-01 -2.926371991634368896e-02
5.371756553649902344e-01 5.037689805030822754e-01 -1.677999086678028107e-02
5.221946835517883301e-01 5.021612644195556641e-01 -2.900577336549758911e-02
5.545092821121215820e-01 4.455272853374481201e-01 -1.860467251390218735e-03
5.720869302749633789e-01 4.588681757450103760e-01 1.986110815778374672e-03
5.449191331863403320e-01 4.854784607887268066e-01 -2.034999243915081024e-02
6.105508208274841309e-01 2.828192114830017090e-01 3.393947705626487732e-02
6.031277179718017578e-01 3.024023175239562988e-01 1.666240766644477844e-02
5.969493985176086426e-01 3.169474303722381592e-01 2.603142755106091499e-03
5.400046706199645996e-01 5.929547548294067383e-01 -5.888467654585838318e-03
5.476679205894470215e-01 3.211897015571594238e-01 -1.578756980597972870e-02
5.517838597297668457e-01 2.884494066238403320e-01 -7.845547050237655640e-03
5.578208565711975098e-01 2.533353269100189209e-01 4.573676851578056812e-04
5.915040969848632812e-01 4.080330431461334229e-01 1.824179477989673615e-02
6.139305233955383301e-01 4.269574284553527832e-01 3.524083644151687622e-02
5.449205040931701660e-01 3.965132832527160645e-01 1.056557055562734604e-02
6.087787151336669922e-01 3.758572638034820557e-01 2.491052635014057159e-02
5.368354916572570801e-01 4.217495322227478027e-01 -9.991472586989402771e-03
5.368315577507019043e-01 4.789066612720489502e-01 -4.135611653327941895e-02
6.249862909317016602e-01 4.434617459774017334e-01 4.785246029496192932e-02
6.059930324554443359e-01 4.388587474822998047e-01 2.427591942250728607e-02
5.916932821273803711e-01 4.440763592720031738e-01 1.295893173664808273e-02
5.709785819053649902e-01 4.384092986583709717e-01 7.277586963027715683e-03
5.561583638191223145e-01 4.291338324546813965e-01 4.191081505268812180e-03
5.451431870460510254e-01 4.199223816394805908e-01 9.458180866204202175e-04
5.244633555412292480e-01 3.969452381134033203e-01 -2.147205546498298645e-02
6.210226416587829590e-01 4.787246882915496826e-01 4.353727400302886963e-02
6.161590218544006348e-01 3.744015395641326904e-01 3.093747980892658234e-02
5.132299661636352539e-01 4.953778684139251709e-01 -5.394519865512847900e-02
5.416440963745117188e-01 4.506721794605255127e-01 -1.152395177632570267e-02
6.357129216194152832e-01 4.127711057662963867e-01 1.193546503782272339e-01
5.370070338249206543e-01 4.100498557090759277e-01 -6.636391626670956612e-04
5.455176830291748047e-01 4.867780208587646484e-01 -9.195351973176002502e-03
6.022431254386901855e-01 3.890381157398223877e-01 2.773294597864151001e-02
5.379340648651123047e-01 4.680000543594360352e-01 -3.683363273739814758e-02
6.217044591903686523e-01 5.282246470451354980e-01 1.180160418152809143e-01
5.451341867446899414e-01 3.904161453247070312e-01 1.371418870985507965e-02
5.302065014839172363e-01 4.564714133739471436e-01 -4.793561249971389771e-02
5.871083736419677734e-01 6.058272123336791992e-01 4.234404489398002625e-02
5.851237773895263672e-01 6.250736713409423828e-01 6.249815970659255981e-02
6.294035315513610840e-01 4.844069480895996094e-01 8.411569148302078247e-02
6.017838120460510254e-01 5.853276848793029785e-01 5.775135383009910583e-02
6.307231783866882324e-01 3.780947029590606689e-01 7.046712934970855713e-02
5.387281775474548340e-01 6.534997224807739258e-01 3.258182900026440620e-03
5.113354325294494629e-01 4.992207884788513184e-01 -3.931718319654464722e-02
5.506554841995239258e-01 4.646408557891845703e-01 -7.454835344105958939e-03
6.237813830375671387e-01 4.052548706531524658e-01 5.292982608079910278e-02
5.826389789581298828e-01 4.013686180114746094e-01 1.405308861285448074e-02
5.729503035545349121e-01 4.016817808151245117e-01 1.089370530098676682e-02
5.394369959831237793e-01 5.703529119491577148e-01 -4.434265661984682083e-03
6.161900758743286133e-01 5.124167203903198242e-01 4.577735811471939087e-02
5.165911912918090820e-01 6.739445328712463379e-01 5.495853256434202194e-03
5.519635081291198730e-01 6.562663912773132324e-01 3.036522865295410156e-02
5.674571990966796875e-01 6.439182758331298828e-01 4.455929622054100037e-02
5.633257031440734863e-01 3.990909457206726074e-01 1.010728999972343445e-02
5.542504191398620605e-01 3.949995934963226318e-01 1.144557166844606400e-02
5.481349229812622070e-01 3.925928771495819092e-01 1.367872208356857300e-02
6.228312253952026367e-01 3.723188936710357666e-01 4.292397201061248779e-02
5.571172237396240234e-01 3.791247010231018066e-01 1.005775574594736099e-02
5.676792263984680176e-01 3.741644024848937988e-01 8.704979903995990753e-03
5.779368281364440918e-01 3.733326792716979980e-01 9.594646282494068146e-03
5.876116156578063965e-01 3.763306736946105957e-01 1.261539757251739502e-02
5.931753516197204590e-01 3.811504244804382324e-01 1.635268330574035645e-02
6.357588768005371094e-01 3.729248344898223877e-01 1.021657362580299377e-01
5.892990827560424805e-01 3.985958993434906006e-01 1.795958727598190308e-02
5.402569770812988281e-01 5.280875563621520996e-01 -1.782744005322456360e-02
5.334216952323913574e-01 4.922380447387695312e-01 -3.057425282895565033e-02
5.202544331550598145e-01 5.201059579849243164e-01 -2.894622460007667542e-02
5.709900259971618652e-01 6.252061724662780762e-01 2.994051389396190643e-02
5.554943680763244629e-01 6.395354270935058594e-01 1.715028099715709686e-02
5.180039405822753906e-01 6.627749204635620117e-01 -9.094142355024814606e-03
5.989450812339782715e-01 6.024589538574218750e-01 8.473929017782211304e-02
5.489878654479980469e-01 3.859699964523315430e-01 1.226634811609983444e-02
5.298394560813903809e-01 4.248942136764526367e-01 -2.601062506437301636e-02
5.355786681175231934e-01 6.668080687522888184e-01 1.568586938083171844e-02
6.229708194732666016e-01 5.214666128158569336e-01 8.083814382553100586e-02
5.197957158088684082e-01 5.588608384132385254e-01 -1.676899380981922150e-02
5.218031406402587891e-01 5.647774934768676758e-01 -1.895952224731445312e-02
5.232676267623901367e-01 5.720171332359313965e-01 -2.137712761759757996e-02
5.242874622344970703e-01 5.805711150169372559e-01 -2.029681205749511719e-02
5.275656580924987793e-01 6.016806960105895996e-01 -1.252506766468286514e-02
5.352181196212768555e-01 5.623008608818054199e-01 -6.359315011650323868e-03
5.376034379005432129e-01 5.619843602180480957e-01 -6.137592252343893051e-03
5.397569537162780762e-01 5.612692832946777344e-01 -6.046717986464500427e-03
5.568421483039855957e-01 5.523371696472167969e-01 -3.244028426706790924e-03
6.015971302986145020e-01 5.190716385841369629e-01 2.206109836697578430e-02
5.305374264717102051e-01 4.081276953220367432e-01 -1.489500049501657486e-02
5.383045077323913574e-01 3.755077719688415527e-01 5.489567294716835022e-03
5.446264743804931641e-01 3.784683644771575928e-01 1.029013097286224365e-02
5.328498482704162598e-01 5.624910593032836914e-01 -5.369532853364944458e-03
5.992635488510131836e-01 5.600157380104064941e-01 3.735532984137535095e-02
5.284314155578613281e-01 3.733305931091308594e-01 -9.182025678455829620e-03
5.330932736396789551e-01 6.187742948532104492e-01 -7.057884242385625839e-03
5.231865048408508301e-01 4.148658812046051025e-01 -3.360549733042716980e-02
5.354290008544921875e-01 4.529694914817810059e-01 -2.654514461755752563e-02
5.149835944175720215e-01 6.257267594337463379e-01 -1.496165804564952850e-02
5.602435469627380371e-01 5.914129614830017090e-01 7.406019605696201324e-03
5.537910461425781250e-01 5.011661648750305176e-01 -6.408998742699623108e-03
5.477058887481689453e-01 6.075676679611206055e-01 4.549190634861588478e-04
5.793688893318176270e-01 5.010260343551635742e-01 -6.807754398323595524e-04
5.628840923309326172e-01 5.186777710914611816e-01 -4.414842929691076279e-03
5.862420201301574707e-01 5.293008685111999512e-01 7.930113933980464935e-03
5.176271200180053711e-01 6.461148262023925781e-01 -1.446001417934894562e-02
5.409030318260192871e-01 4.638336598873138428e-01 -1.856807805597782135e-02
5.689179301261901855e-01 6.056037545204162598e-01 1.773773506283760071e-02
5.534425377845764160e-01 6.220741271972656250e-01 8.644961751997470856e-03
5.706986784934997559e-01 5.716992020606994629e-01 9.935535490512847900e-03
6.108164787292480469e-01 5.408917665481567383e-01 4.845295473933219910e-02
5.842787027359008789e-01 5.762929916381835938e-01 2.126849628984928131e-02
6.147478818893432617e-01 5.554300546646118164e-01 7.447778433561325073e-02
5.695573687553405762e-01 5.410979390144348145e-01 1.013968023471534252e-03
5.354594588279724121e-01 4.375680387020111084e-01 -1.818577200174331665e-02
5.326722860336303711e-01 4.860874414443969727e-01 -4.402399435639381409e-02
5.384010672569274902e-01 4.915550947189331055e-01 -3.180997446179389954e-02
5.295456647872924805e-01 4.738136529922485352e-01 -5.211380869150161743e-02
5.493282079696655273e-01 3.578623235225677490e-01 2.800683490931987762e-03
5.692309141159057617e-01 3.460499048233032227e-01 2.003576606512069702e-03
5.858408212661743164e-01 3.447388410568237305e-01 3.633632091805338860e-03
5.985339283943176270e-01 3.500642478466033936e-01 8.728118613362312317e-03
6.063575744628906250e-01 3.600198030471801758e-01 1.585401780903339386e-02
6.078864336013793945e-01 3.946703672409057617e-01 3.264522925019264221e-02
6.335607171058654785e-01 4.485864937305450439e-01 8.321564644575119019e-02
5.977316498756408691e-01 4.206375181674957275e-01 2.250573597848415375e-02
5.861195325851440430e-01 4.251550436019897461e-01 1.513323187828063965e-02
5.716441869735717773e-01 4.231010079383850098e-01 9.856604039669036865e-03
5.580331087112426758e-01 4.171768426895141602e-01 6.978978868573904037e-03
5.475295782089233398e-01 4.101211130619049072e-01 6.566940806806087494e-03
5.402943491935729980e-01 4.037671685218811035e-01 5.663066636770963669e-03
6.325090527534484863e-01 4.499877691268920898e-01 1.261065900325775146e-01
5.375989675521850586e-01 4.961650073528289795e-01 -2.634925767779350281e-02
5.292052030563354492e-01 4.401169717311859131e-01 -3.542197495698928833e-02
5.255010128021240234e-01 4.857882857322692871e-01 -5.328726395964622498e-02
5.186445713043212891e-01 4.935832321643829346e-01 -4.923243075609207153e-02
5.248438715934753418e-01 4.888545870780944824e-01 -4.783466830849647522e-02
5.340768098831176758e-01 5.008405447006225586e-01 -2.290055342018604279e-02
5.166639685630798340e-01 4.947681128978729248e-01 -5.232008174061775208e-02
5.148181319236755371e-01 4.985665082931518555e-01 -3.923539072275161743e-02
5.411639809608459473e-01 3.903644382953643799e-01 1.174768246710300446e-02
5.350165367126464844e-01 3.937069475650787354e-01 4.542238544672727585e-03
5.312514901161193848e-01 3.961804211139678955e-01 -3.560095326974987984e-03
5.960975289344787598e-01 3.849519491195678711e-01 2.028776146471500397e-02
6.038192510604858398e-01 3.762589693069458008e-01 2.108847163617610931e-02
4.525944292545318604e-01 3.748347163200378418e-01 8.544955402612686157e-03
4.642529189586639404e-01 3.758215606212615967e-01 8.544955402612686157e-03
4.536006450653076172e-01 3.599959015846252441e-01 8.544955402612686157e-03
4.407534301280975342e-01 3.738324046134948730e-01 8.544955402612686157e-03
4.515180885791778564e-01 3.894790410995483398e-01 8.544955402612686157e-03
5.752758979797363281e-01 3.879874646663665771e-01 1.427644956856966019e-02
5.867260694503784180e-01 3.892573118209838867e-01 1.427644956856966019e-02
5.761958360671997070e-01 3.726532757282257080e-01 1.427644956856966019e-02
5.637984871864318848e-01 3.866500556468963623e-01 1.427644956856966019e-02
5.743904709815979004e-01 4.033141136169433594e-01 1.427644956856966019e-02
