5.098339915275573730e-01 5.257468819618225098e-01 -3.793287649750709534e-02
5.142890810966491699e-01 4.715006053447723389e-01 -6.176465377211570740e-02
5.110795497894287109e-01 4.906445741653442383e-01 -3.503574430942535400e-02
5.080473423004150391e-01 4.162784516811370850e-01 -4.365453496575355530e-02
5.159134864807128906e-01 4.540133476257324219e-01 -6.452399492263793945e-02
5.171890854835510254e-01 4.324278533458709717e-01 -5.848553776741027832e-02
5.196167826652526855e-01 3.813280463218688965e-01 -2.329748310148715973e-02
4.349539279937744141e-01 3.674317598342895508e-01 1.432630885392427444e-02
5.227013230323791504e-01 3.362710773944854736e-01 -1.200892403721809387e-02
5.246033072471618652e-01 3.134577870368957520e-01 -1.208177115768194199e-02
5.296632051467895508e-01 2.419466227293014526e-01 6.266877520829439163e-03
5.096395015716552734e-01 5.300050377845764160e-01 -3.705712780356407166e-02
5.092173814773559570e-01 5.340077280998229980e-01 -3.386085107922554016e-02
5.088004469871520996e-01 5.365926623344421387e-01 -2.930293977260589600e-02
5.067073702812194824e-01 5.691562294960021973e-01 -2.468900196254253387e-02
5.065267086029052734e-01 5.760793685913085938e-01 -2.694370597600936890e-02
5.058407783508300781e-01 5.847924947738647461e-01 -2.956617996096611023e-02
5.050155520439147949e-01 5.933851003646850586e-01 -2.791874483227729797e-02
4.998595118522644043e-01 6.102875471115112305e-01 -1.800759881734848022e-02
5.129630565643310547e-01 4.811094701290130615e-01 -5.654747784137725830e-02
5.020054578781127930e-01 4.803817272186279297e-01 -4.218257591128349304e-02
3.947001695632934570e-01 3.025168478488922119e-01 7.056210190057754517e-02
4.652822613716125488e-01 3.860497176647186279e-01 3.913354594260454178e-03
4.533929526805877686e-01 3.865601420402526855e-01 3.876990638673305511e-03
4.424931406974792480e-01 3.840973675251007080e-01 6.362751126289367676e-03
4.291580915451049805e-01 3.726054430007934570e-01 1.511367317289113998e-02
4.761595726013183594e-01 3.820763826370239258e-01 6.419450975954532623e-03
4.553538262844085693e-01 3.294680714607238770e-01 1.839064527302980423e-03
4.683600068092346191e-01 3.336894512176513672e-01 3.103741444647312164e-03
4.424698948860168457e-01 3.310057222843170166e-01 4.480829462409019470e-03
4.332477748394012451e-01 3.378396630287170410e-01 8.177112787961959839e-03
4.178880155086517334e-01 3.819947540760040283e-01 1.946149207651615143e-02
4.536845684051513672e-01 6.239683628082275391e-01 -9.631006047129631042e-03
4.314325451850891113e-01 3.618514537811279297e-01 1.805174909532070160e-02
3.827815055847167969e-01 3.734287321567535400e-01 6.790393590927124023e-02
4.060137867927551270e-01 3.669487833976745605e-01 3.106851689517498016e-02
4.543949961662292480e-01 4.540126323699951172e-01 -1.286324206739664078e-02
4.949002861976623535e-01 5.211059451103210449e-01 -3.728764131665229797e-02
4.956424236297607422e-01 5.320644378662109375e-01 -3.312437981367111206e-02
4.798088967800140381e-01 5.262445211410522461e-01 -3.193315118551254272e-02
4.696377515792846680e-01 5.324990749359130859e-01 -2.411465346813201904e-02
4.838958978652954102e-01 5.334177613258361816e-01 -2.930256910622119904e-02
4.747662544250488281e-01 5.368357300758361816e-01 -2.191714756190776825e-02
4.486886560916900635e-01 5.655993223190307617e-01 -7.930625230073928833e-03
5.048698186874389648e-01 4.699154496192932129e-01 -6.127891317009925842e-02
5.048256516456604004e-01 4.529550373554229736e-01 -6.380430608987808228e-02
4.191221594810485840e-01 3.166948556900024414e-01 1.274267211556434631e-02
4.810754358768463135e-01 4.152949452400207520e-01 -9.429777041077613831e-03
4.777112603187561035e-01 4.649728536605834961e-01 -3.562898933887481689e-02
4.769749045372009277e-01 4.563475251197814941e-01 -3.185539692640304565e-02
4.192091822624206543e-01 4.482949376106262207e-01 -9.748492739163339138e-04
5.065919756889343262e-01 4.329873919486999512e-01 -5.589503794908523560e-02
4.491862058639526367e-01 2.977941930294036865e-01 -2.942937193438410759e-03
4.322056174278259277e-01 3.032885491847991943e-01 4.299478605389595032e-03
4.107953011989593506e-01 2.736111879348754883e-01 5.199903249740600586e-02
4.990843832492828369e-01 3.220004439353942871e-01 -1.013758778572082520e-02
4.790176153182983398e-01 3.437331914901733398e-01 6.676637101918458939e-03
4.423279166221618652e-01 5.459830760955810547e-01 -5.914902314543724060e-03
3.814408779144287109e-01 5.359192490577697754e-01 8.442429453134536743e-02
4.854002594947814941e-01 4.758177399635314941e-01 -3.125058487057685852e-02
4.938728809356689453e-01 4.819317460060119629e-01 -3.195113316178321838e-02
4.579907655715942383e-01 5.468227267265319824e-01 -6.541640032082796097e-03
4.613117277622222900e-01 5.468518733978271484e-01 -9.188484400510787964e-03
4.270552992820739746e-01 2.917587161064147949e-01 1.026501972228288651e-02
4.761279523372650146e-01 4.732773602008819580e-01 -2.999399416148662567e-02
4.708266258239746094e-01 3.022262454032897949e-01 -7.887613028287887573e-03
4.706645905971527100e-01 2.884382605552673340e-01 -9.104463271796703339e-03
4.628527164459228516e-01 2.401996701955795288e-01 1.517828647047281265e-02
4.192863702774047852e-01 2.877801954746246338e-01 2.842050418257713318e-02
4.677649140357971191e-01 2.687843441963195801e-01 2.804182935506105423e-03
4.128476977348327637e-01 3.095967769622802734e-01 2.270789630711078644e-02
4.040611386299133301e-01 3.112407624721527100e-01 4.545344039797782898e-02
4.949672222137451172e-01 5.271641612052917480e-01 -3.649359941482543945e-02
4.817738831043243408e-01 5.302881002426147461e-01 -3.117406554520130157e-02
4.721024632453918457e-01 5.349388122558593750e-01 -2.397094108164310455e-02
4.876318871974945068e-01 4.795511960983276367e-01 -2.871698699891567230e-02
4.596733450889587402e-01 5.468987226486206055e-01 -7.876452989876270294e-03
4.641928672790527344e-01 5.553708076477050781e-01 -1.368770096451044083e-02
4.628526866436004639e-01 5.467822551727294922e-01 -9.331823326647281647e-03
4.918147027492523193e-01 4.694769978523254395e-01 -4.605185240507125854e-02
4.770143926143646240e-01 5.377672910690307617e-01 -2.035465091466903687e-02
4.857694506645202637e-01 5.351010560989379883e-01 -2.532548271119594574e-02
4.964191615581512451e-01 5.347610116004943848e-01 -2.887134067714214325e-02
4.835144281387329102e-01 6.065011024475097656e-01 -1.852595433592796326e-02
4.891030788421630859e-01 5.888339281082153320e-01 -2.815895713865756989e-02
4.907271564006805420e-01 5.805675387382507324e-01 -2.927243337035179138e-02
4.925635159015655518e-01 5.721831917762756348e-01 -2.643132954835891724e-02
4.943715035915374756e-01 5.660477876663208008e-01 -2.425731346011161804e-02
4.760482013225555420e-01 5.575990676879882812e-01 -1.684822514653205872e-02
4.732692837715148926e-01 5.598402619361877441e-01 -1.886085793375968933e-02
4.698610007762908936e-01 5.634660720825195312e-01 -2.093139477074146271e-02
4.669928848743438721e-01 5.676410198211669922e-01 -1.939218305051326752e-02
4.587370157241821289e-01 5.161497592926025391e-01 -2.007697522640228271e-02
3.729612529277801514e-01 4.487672150135040283e-01 1.063572466373443604e-01
5.120109319686889648e-01 4.856614470481872559e-01 -4.241387918591499329e-02
4.700377881526947021e-01 5.533151626586914062e-01 -1.209045760333538055e-02
4.671079516410827637e-01 5.540972948074340820e-01 -1.348426565527915955e-02
4.964921176433563232e-01 4.888477325439453125e-01 -3.308384120464324951e-02
4.786210954189300537e-01 4.841811656951904297e-01 -2.215528860688209534e-02
4.952744543552398682e-01 4.854697883129119873e-01 -3.267357870936393738e-02
4.677454829216003418e-01 4.235606789588928223e-01 -7.435350678861141205e-03
4.478437304496765137e-01 4.319259822368621826e-01 -6.109264679253101349e-03
4.740563333034515381e-01 4.642788767814636230e-01 -2.615071833133697510e-02
4.325081408023834229e-01 2.519406080245971680e-01 3.204771876335144043e-02
4.395147860050201416e-01 2.726977169513702393e-01 1.452774554491043091e-02
4.465708732604980469e-01 2.846761345863342285e-01 -8.679460734128952026e-05
4.569043219089508057e-01 5.807526111602783203e-01 -1.279225107282400131e-02
4.984288811683654785e-01 2.985146641731262207e-01 -1.277218479663133621e-02
4.959144890308380127e-01 2.724221944808959961e-01 -3.139840671792626381e-03
4.940497875213623047e-01 2.377950996160507202e-01 6.351171992719173431e-03
4.336422681808471680e-01 3.796327114105224609e-01 1.074554491788148880e-02
4.037544727325439453e-01 3.924969136714935303e-01 2.405817806720733643e-02
4.837019145488739014e-01 3.777237534523010254e-01 8.703893981873989105e-03
4.208075106143951416e-01 3.444464206695556641e-01 1.705851964652538300e-02
4.904097318649291992e-01 4.050027132034301758e-01 -1.207142882049083710e-02
4.854688346385955811e-01 4.581451117992401123e-01 -4.563009738922119141e-02
3.914836645126342773e-01 4.046089649200439453e-01 3.431336954236030579e-02
4.106222391128540039e-01 4.051839411258697510e-01 1.315482705831527710e-02
4.253724217414855957e-01 4.130599200725555420e-01 3.338273847475647926e-03
4.481891095638275146e-01 4.128811061382293701e-01 9.071307431440800428e-05
4.654310047626495361e-01 4.077409207820892334e-01 -7.926092948764562607e-04
4.790749549865722656e-01 4.009554386138916016e-01 -2.136300085112452507e-03
5.082948207855224609e-01 3.839266300201416016e-01 -2.012985758483409882e-02
3.909090161323547363e-01 4.400812983512878418e-01 2.822632715106010437e-02
4.118552803993225098e-01 3.402819037437438965e-01 2.230060659348964691e-02
5.073661804199218750e-01 4.797539114952087402e-01 -5.632663518190383911e-02
4.811522066593170166e-01 4.314473867416381836e-01 -1.579792611300945282e-02
3.764749169349670410e-01 3.733096122741699219e-01 1.045480594038963318e-01
4.898810088634490967e-01 3.925362825393676758e-01 -2.271741628646850586e-03
4.721934795379638672e-01 4.658086299896240234e-01 -1.517375372350215912e-02
4.258669316768646240e-01 3.609175682067871094e-01 1.975825987756252289e-02
4.852502048015594482e-01 4.478346407413482666e-01 -4.078411310911178589e-02
3.750895261764526367e-01 4.905775785446166992e-01 9.830836951732635498e-02
4.850046634674072266e-01 3.718236684799194336e-01 1.206519082188606262e-02
4.958586096763610840e-01 4.382438361644744873e-01 -5.037155747413635254e-02
4.063390791416168213e-01 5.788927078247070312e-01 2.727035619318485260e-02
4.030479490756988525e-01 6.000346541404724121e-01 4.504508525133132935e-02
3.772173821926116943e-01 4.446031153202056885e-01 6.717699021100997925e-02
3.938033580780029297e-01 5.539331436157226562e-01 4.035149887204170227e-02
3.929334580898284912e-01 3.401179313659667969e-01 6.012270227074623108e-02
4.494234621524810791e-01 6.413323283195495605e-01 -5.139146465808153152e-03
5.077120065689086914e-01 4.844842255115509033e-01 -4.190474376082420349e-02
4.694761633872985840e-01 4.428586959838867188e-01 -1.326323952525854111e-02
3.951841294765472412e-01 3.697598874568939209e-01 4.144965484738349915e-02
4.450668394565582275e-01 3.748311400413513184e-01 8.062726818025112152e-03
4.545916020870208740e-01 3.774561882019042969e-01 5.935698747634887695e-03
4.614361822605133057e-01 5.570046305656433105e-01 -1.230515912175178528e-02
3.908998370170593262e-01 4.748572707176208496e-01 2.913826517760753632e-02
4.688047766685485840e-01 6.693859100341796875e-01 -1.251146662980318069e-03
4.333871603012084961e-01 6.412947773933410645e-01 1.865197904407978058e-02
4.189780950546264648e-01 6.242378950119018555e-01 3.016391769051551819e-02
5.272242426872253418e-01 2.781888842582702637e-01 -3.449903102591633797e-03
4.943746924400329590e-01 6.760208010673522949e-01 -2.713033463805913925e-03
4.645965695381164551e-01 3.771156072616577148e-01 6.375096272677183151e-03
4.744978547096252441e-01 3.748395740985870361e-01 8.733383379876613617e-03
4.812774956226348877e-01 3.733719587326049805e-01 1.164180412888526917e-02
4.035696685314178467e-01 3.369593620300292969e-01 3.348860517144203186e-02
4.752429723739624023e-01 3.596798479557037354e-01 7.886049337685108185e-03
4.652539491653442383e-01 3.543107211589813232e-01 5.652318708598613739e-03
4.553900659084320068e-01 3.524029552936553955e-01 5.437009502202272415e-03
4.453232586383819580e-01 3.536221981048583984e-01 7.299700286239385605e-03
4.386388063430786133e-01 3.566838502883911133e-01 1.020511426031589508e-02
3.836928904056549072e-01 3.341219425201416016e-01 9.030284732580184937e-02
4.389699995517730713e-01 3.711751103401184082e-01 1.131092291325330734e-02
5.096900463104248047e-01 5.041769742965698242e-01 -3.322128951549530029e-02
4.709461331367492676e-01 5.074529647827148438e-01 -2.503038197755813599e-02
4.858520030975341797e-01 4.724634587764739990e-01 -3.493608161807060242e-02
4.936789572238922119e-01 5.034348964691162109e-01 -3.331402316689491272e-02
5.208035707473754883e-01 3.599107861518859863e-01 -1.339401770383119583e-02
4.198296368122100830e-01 6.029754281044006348e-01 1.728428341448307037e-02
4.337456822395324707e-01 6.220576167106628418e-01 6.694231647998094559e-03
4.700331985950469971e-01 6.565294861793518066e-01 -1.483883801847696304e-02
3.913597166538238525e-01 5.729587078094482422e-01 6.489921361207962036e-02
4.821374416351318359e-01 3.668801784515380859e-01 1.043360680341720581e-02
4.989356696605682373e-01 4.090881645679473877e-01 -2.690391242504119873e-02
4.955478608608245850e-01 6.631809473037719727e-01 -1.600398868322372437e-02
4.494335353374481201e-01 6.569429636001586914e-01 6.435199640691280365e-03
3.785522580146789551e-01 4.831571578979492188e-01 6.265426427125930786e-02
4.842122793197631836e-01 5.619890689849853516e-01 -2.109451219439506531e-02
4.814445376396179199e-01 5.661157965660095215e-01 -2.328680269420146942e-02
4.785805344581604004e-01 5.724511742591857910e-01 -2.559383027255535126e-02
4.762371778488159180e-01 5.796558260917663574e-01 -2.448561415076255798e-02
4.680814445018768311e-01 5.952268242835998535e-01 -1.729217544198036194e-02
4.674343764781951904e-01 5.413423776626586914e-01 -1.508643571287393570e-02
4.647110998630523682e-01 5.403875708580017090e-01 -1.520191784948110580e-02
4.624225199222564697e-01 5.388932824134826660e-01 -1.526123099029064178e-02
4.488955736160278320e-01 5.292344689369201660e-01 -1.310147438198328018e-02
4.074117541313171387e-01 4.847865700721740723e-01 7.696225307881832123e-03
4.995836019515991211e-01 3.931850194931030273e-01 -1.517656724900007248e-02
4.951238632202148438e-01 3.580224514007568359e-01 5.931064020842313766e-03
4.876079857349395752e-01 3.600072860717773438e-01 9.319959208369255066e-03
4.696914553642272949e-01 5.416299104690551758e-01 -1.426270511001348495e-02
4.024465978145599365e-01 5.277845263481140137e-01 2.174836769700050354e-02
5.062842965126037598e-01 3.575282096862792969e-01 -7.427013479173183441e-03
4.605268537998199463e-01 6.083995103836059570e-01 -1.251337677240371704e-02
5.180048346519470215e-01 4.150040745735168457e-01 -4.642430320382118225e-02
5.080024600028991699e-01 4.010041654109954834e-01 -3.268957510590553284e-02
5.187426209449768066e-01 3.988845646381378174e-01 -3.434023261070251465e-02
4.888002276420593262e-01 4.344255030155181885e-01 -2.955130673944950104e-02
4.971113502979278564e-01 6.456838250160217285e-01 -2.014365606009960175e-02
4.986064434051513672e-01 6.262830495834350586e-01 -1.860257238149642944e-02
4.786644279956817627e-01 6.215339899063110352e-01 -1.755998283624649048e-02
4.372216463088989258e-01 5.703675150871276855e-01 -2.417613053694367409e-03
4.610884487628936768e-01 4.781061708927154541e-01 -1.358294580131769180e-02
4.469564855098724365e-01 5.914542675018310547e-01 -7.196504157036542892e-03
4.348724186420440674e-01 4.718320071697235107e-01 -1.075296103954315186e-02
4.491315484046936035e-01 4.934381544589996338e-01 -1.329704094678163528e-02
4.232304990291595459e-01 4.988012611865997314e-01 -4.085522145032882690e-03
4.734349250793457031e-01 6.395896077156066895e-01 -1.861411705613136292e-02
4.806515574455261230e-01 4.440985620021820068e-01 -2.294854633510112762e-02
4.259389340877532959e-01 5.829581022262573242e-01 6.343176122754812241e-03
4.391251802444458008e-01 6.043553948402404785e-01 -4.057507612742483616e-04
4.308669865131378174e-01 5.463888645172119141e-01 -1.651116413995623589e-03
3.921715021133422852e-01 5.051934719085693359e-01 3.140070289373397827e-02
4.156743884086608887e-01 5.484478473663330078e-01 8.018644526600837708e-03
3.832206726074218750e-01 5.197148323059082031e-01 5.552692711353302002e-02
4.386096298694610596e-01 5.146338343620300293e-01 -9.452912956476211548e-03
4.902904629707336426e-01 4.200518131256103516e-01 -2.087990567088127136e-02
4.886697232723236084e-01 4.660170376300811768e-01 -4.814318567514419556e-02
4.810516238212585449e-01 4.707274436950683594e-01 -3.686029091477394104e-02
4.946485459804534912e-01 4.545167088508605957e-01 -5.505045503377914429e-02
4.874293804168701172e-01 3.377115130424499512e-01 2.883564680814743042e-03
4.694627821445465088e-01 3.219175934791564941e-01 5.491331685334444046e-04
4.529771804809570312e-01 3.173818588256835938e-01 2.045821311185136437e-04
4.384967982769012451e-01 3.201872110366821289e-01 3.390541765838861465e-03
4.274961352348327637e-01 3.286018967628479004e-01 9.146055206656455994e-03
4.171428382396697998e-01 3.637127280235290527e-01 2.378617972135543823e-02
3.781935274600982666e-01 4.082438349723815918e-01 6.773978471755981445e-02
4.233623147010803223e-01 3.900462090969085693e-01 1.342654693871736526e-02
4.347487390041351318e-01 3.963822722434997559e-01 7.298051379621028900e-03
4.502714872360229492e-01 3.983222246170043945e-01 3.613570472225546837e-03
4.656034409999847412e-01 3.960454463958740234e-01 2.544486196711659431e-03
4.781530797481536865e-01 3.911999166011810303e-01 3.827008418738842010e-03
4.871553778648376465e-01 3.862149119377136230e-01 4.021581262350082397e-03
3.738734424114227295e-01 4.106470942497253418e-01 1.092328131198883057e-01
4.804854989051818848e-01 4.759957194328308105e-01 -3.155300393700599670e-02
4.982683360576629639e-01 4.233359098434448242e-01 -3.716325014829635620e-02
4.968059062957763672e-01 4.671081602573394775e-01 -5.630613118410110474e-02
5.017595887184143066e-01 4.768738448619842529e-01 -5.194079875946044922e-02
4.963397383689880371e-01 4.705021381378173828e-01 -5.106871947646141052e-02
4.827906191349029541e-01 4.818307757377624512e-01 -2.780073694884777069e-02
5.038642883300781250e-01 4.783967435359954834e-01 -5.487593635916709900e-02
5.042365193367004395e-01 4.831165075302124023e-01 -4.199865460395812988e-02
4.889963269233703613e-01 3.722335696220397949e-01 1.069074030965566635e-02
4.948341548442840576e-01 3.770470917224884033e-01 4.185787402093410492e-03
4.986691474914550781e-01 3.797053396701812744e-01 -3.525662701576948166e-03
4.346706569194793701e-01 3.593218326568603516e-01 1.355702523142099380e-02
4.270437955856323242e-01 3.470900356769561768e-01 1.385022141039371490e-02
5.271329283714294434e-01 4.190668463706970215e-01 -4.193241149187088013e-02
5.972616672515869141e-01 3.872736096382141113e-01 2.624926343560218811e-02
5.220689177513122559e-01 4.832861721515655518e-01 -4.086412489414215088e-02
6.357410550117492676e-01 3.397448062896728516e-01 8.797472715377807617e-02
5.648298263549804688e-01 3.969624638557434082e-01 1.165032200515270233e-02
5.757743120193481445e-01 4.004387855529785156e-01 1.319728512316942215e-02
5.862582325935363770e-01 4.018723666667938232e-01 1.706430129706859589e-02
6.009159684181213379e-01 3.942320644855499268e-01 2.766496129333972931e-02
5.556042194366455078e-01 3.913317918777465820e-01 1.255480572581291199e-02
5.856206417083740234e-01 3.473618030548095703e-01 1.151661202311515808e-02
5.722559690475463867e-01 3.481014370918273926e-01 1.075594685971736908e-02
5.974262952804565430e-01 3.519451916217803955e-01 1.563500612974166870e-02
6.044220924377441406e-01 3.607270419597625732e-01 2.023232728242874146e-02
6.082815527915954590e-01 4.075024724006652832e-01 3.300330042839050293e-02
5.409320592880249023e-01 6.347433328628540039e-01 -4.072582814842462540e-03
6.016153693199157715e-01 3.826745450496673584e-01 3.048595599830150604e-02
6.381129622459411621e-01 4.112671613693237305e-01 8.605832606554031372e-02
6.206728219985961914e-01 3.961487412452697754e-01 4.622075334191322327e-02
5.678399801254272461e-01 4.707334339618682861e-01 -4.787856247276067734e-03
5.242429971694946289e-01 5.243178606033325195e-01 -3.512512519955635071e-02
5.215432643890380859e-01 5.350869297981262207e-01 -3.113734908401966095e-02
5.368925333023071289e-01 5.321243405342102051e-01 -2.750927209854125977e-02
5.446010231971740723e-01 5.406468510627746582e-01 -1.806800998747348785e-02
5.316326618194580078e-01 5.387373566627502441e-01 -2.546432055532932281e-02
5.388698577880859375e-01 5.441203713417053223e-01 -1.675787940621376038e-02
5.534901022911071777e-01 5.798235535621643066e-01 -3.785534063354134560e-04
5.233319997787475586e-01 4.726078212261199951e-01 -6.017388030886650085e-02
5.264536142349243164e-01 4.560928642749786377e-01 -6.250137835741043091e-02
6.193050146102905273e-01 3.463751673698425293e-01 2.695811353623867035e-02
5.484796166419982910e-01 4.252420067787170410e-01 -4.154637921601533890e-03
5.470091700553894043e-01 4.748861491680145264e-01 -3.063665144145488739e-02
5.485579967498779297e-01 4.665623009204864502e-01 -2.672719955444335938e-02
6.003729104995727539e-01 4.750464856624603271e-01 1.202965900301933289e-02
5.270540714263916016e-01 4.359306395053863525e-01 -5.419910699129104614e-02
5.971679091453552246e-01 3.226906657218933105e-01 7.186452858150005341e-03
6.110142469406127930e-01 3.310334086418151855e-01 1.676981151103973389e-02
6.284965872764587402e-01 3.076993525028228760e-01 6.751698255538940430e-02
5.473241209983825684e-01 3.336094915866851807e-01 -6.646504160016775131e-03
5.601943731307983398e-01 3.549554944038391113e-01 1.293047796934843063e-02
5.626913905143737793e-01 5.627443194389343262e-01 3.284475998952984810e-03
6.135596036911010742e-01 5.688406229019165039e-01 1.012131720781326294e-01
5.373290777206420898e-01 4.832129478454589844e-01 -2.777438238263130188e-02
5.284101366996765137e-01 4.868397116661071777e-01 -3.018501773476600647e-02
5.518090724945068359e-01 5.586903095245361328e-01 1.452053897082805634e-03
5.485670566558837891e-01 5.578256249427795410e-01 -2.061727456748485565e-03
6.167832016944885254e-01 3.213474750518798828e-01 2.341843582689762115e-02
5.462257862091064453e-01 4.832258820533752441e-01 -2.510013617575168610e-02
5.769811868667602539e-01 3.222583830356597900e-01 -9.697560453787446022e-04
5.798327922821044922e-01 3.092697858810424805e-01 -2.030654577538371086e-03
5.911973714828491211e-01 2.609216570854187012e-01 2.416986413300037384e-02
6.219854950904846191e-01 3.184636235237121582e-01 4.276055842638015747e-02
5.839017629623413086e-01 2.869423031806945801e-01 1.083680056035518646e-02
6.252795457839965820e-01 3.409168124198913574e-01 3.777783736586570740e-02
6.300814151763916016e-01 3.451914787292480469e-01 6.167473271489143372e-02
5.231783390045166016e-01 5.304538011550903320e-01 -3.433159366250038147e-02
5.342815518379211426e-01 5.359907746315002441e-01 -2.702474966645240784e-02
5.419281721115112305e-01 5.426914095878601074e-01 -1.842785254120826721e-02
5.342930555343627930e-01 4.861285090446472168e-01 -2.573397569358348846e-02
5.501411557197570801e-01 5.583292841911315918e-01 -4.700256977230310440e-04
5.457569956779479980e-01 5.661914944648742676e-01 -7.362831849604845047e-03
5.469803214073181152e-01 5.573046803474426270e-01 -2.398751210421323776e-03
5.337159037590026855e-01 4.756319224834442139e-01 -4.265384003520011902e-02
5.362764596939086914e-01 5.444818735122680664e-01 -1.543613895773887634e-02
5.292216539382934570e-01 5.399264693260192871e-01 -2.167240902781486511e-02
5.200323462486267090e-01 5.374460220336914062e-01 -2.681021019816398621e-02
5.159267187118530273e-01 6.107957363128662109e-01 -1.658694259822368622e-02
5.199717283248901367e-01 5.933682918548583984e-01 -2.600977569818496704e-02
5.200501680374145508e-01 5.846732258796691895e-01 -2.703892812132835388e-02
5.193564891815185547e-01 5.758152604103088379e-01 -2.422199398279190063e-02
5.180563330650329590e-01 5.692508816719055176e-01 -2.214982919394969940e-02
5.346044898033142090e-01 5.654145479202270508e-01 -1.192288566380739212e-02
5.372768640518188477e-01 5.685698390007019043e-01 -1.391849108040332794e-02
5.402178168296813965e-01 5.733291506767272949e-01 -1.573209837079048157e-02
5.424235463142395020e-01 5.784895420074462891e-01 -1.387582719326019287e-02
5.538127422332763672e-01 5.295956134796142578e-01 -1.312936097383499146e-02
6.311326622962951660e-01 4.868339896202087402e-01 1.249369457364082336e-01
5.400478243827819824e-01 5.624247193336486816e-01 -5.992106627672910690e-03
5.430176258087158203e-01 5.640608072280883789e-01 -7.394773885607719421e-03
5.250578522682189941e-01 4.928645491600036621e-01 -3.127807006239891052e-02
5.414059162139892578e-01 4.929982721805572510e-01 -1.822391711175441742e-02
5.266454815864562988e-01 4.899733066558837891e-01 -3.096175007522106171e-02
5.593402385711669922e-01 4.370644092559814453e-01 -4.314809630159288645e-04
5.767152309417724609e-01 4.510424435138702393e-01 3.216044045984745026e-03
5.494171380996704102e-01 4.750562906265258789e-01 -2.083724178373813629e-02
6.150200963020324707e-01 2.809545099735260010e-01 4.469735175371170044e-02
6.077676415443420410e-01 2.985427975654602051e-01 2.613028883934020996e-02
6.016201972961425781e-01 3.104962408542633057e-01 1.049339491873979568e-02
5.439950823783874512e-01 5.922963023185729980e-01 -6.504807155579328537e-03
5.528224110603332520e-01 3.119238615036010742e-01 -9.134355932474136353e-03
5.576778650283813477e-01 2.821894884109497070e-01 1.088572666049003601e-03
5.636765360832214355e-01 2.491847574710845947e-01 1.096513215452432632e-02
5.953496694564819336e-01 4.001448154449462891e-01 2.256863750517368317e-02
6.186105012893676758e-01 4.220789074897766113e-01 3.902464359998703003e-02
5.494917631149291992e-01 3.861098587512969971e-01 1.416879799216985703e-02
6.132186055183410645e-01 3.705812692642211914e-01 3.079809434711933136e-02
5.417840480804443359e-01 4.126046299934387207e-01 -7.901358418166637421e-03
5.418186187744140625e-01 4.663912653923034668e-01 -4.158560186624526978e-02
6.293565034866333008e-01 4.397844076156616211e-01 5.116537585854530334e-02
6.108546257019042969e-01 4.332665801048278809e-01 2.738058939576148987e-02
5.966641306877136230e-01 4.374674260616302490e-01 1.555304042994976044e-02
5.758748650550842285e-01 4.307008981704711914e-01 9.505507536232471466e-03
5.609178543090820312e-01 4.206251502037048340e-01 6.429417990148067474e-03
5.498803257942199707e-01 4.107756018638610840e-01 3.279592841863632202e-03
5.296685695648193359e-01 3.871596753597259521e-01 -1.839446835219860077e-02
6.254593729972839355e-01 4.745832681655883789e-01 4.508469253778457642e-02
6.209222078323364258e-01 3.697890639305114746e-01 3.719923272728919983e-02
5.184287428855895996e-01 4.813558757305145264e-01 -5.542444065213203430e-02
5.466237068176269531e-01 4.410104751586914062e-01 -1.061813998967409134e-02
6.385183930397033691e-01 4.126388728618621826e-01 1.238330900669097900e-01
5.418779850006103516e-01 4.002649486064910889e-01 1.960963942110538483e-03
5.499429702758789062e-01 4.769348502159118652e-01 -9.698935784399509430e-03
6.061862111091613770e-01 3.835556805133819580e-01 3.286166861653327942e-02
5.430216193199157715e-01 4.561934471130371094e-01 -3.664679452776908875e-02
6.244783401489257812e-01 5.267357826232910156e-01 1.160328090190887451e-01
5.497809052467346191e-01 3.800499439239501953e-01 1.774072274565696716e-02
5.355625152587890625e-01 4.440146684646606445e-01 -4.738896340131759644e-02
5.895442366600036621e-01 6.032710075378417969e-01 3.977722674608230591e-02
5.875210762023925781e-01 6.238577365875244141e-01 5.789134278893470764e-02
6.338232755661010742e-01 4.819555282592773438e-01 8.529434353113174438e-02
6.040377616882324219e-01 5.829259753227233887e-01 5.500745400786399841e-02
6.343784928321838379e-01 3.762599527835845947e-01 7.741054147481918335e-02
5.420385003089904785e-01 6.522809863090515137e-01 8.598797721788287163e-04
5.162853598594665527e-01 4.857426285743713379e-01 -4.136303812265396118e-02
5.553745627403259277e-01 4.554743766784667969e-01 -6.946670357137918472e-03
6.285093426704406738e-01 4.015462100505828857e-01 5.796892195940017700e-02
5.862659215927124023e-01 3.912858366966247559e-01 1.860122568905353546e-02
5.769241452217102051e-01 3.907071650028228760e-01 1.521984953433275223e-02
5.482091307640075684e-01 5.686414241790771484e-01 -5.605444312095642090e-03
6.201633810997009277e-01 5.082057714462280273e-01 4.553512856364250183e-02
5.196489691734313965e-01 6.749845743179321289e-01 2.099388046190142632e-03
5.555181503295898438e-01 6.554443240165710449e-01 2.690248377621173859e-02
5.706667900085449219e-01 6.426429152488708496e-01 4.060751944780349731e-02
5.676623582839965820e-01 3.879227936267852783e-01 1.424124930053949356e-02
5.587889552116394043e-01 3.840931951999664307e-01 1.545494701713323593e-02
5.527568459510803223e-01 3.819726109504699707e-01 1.768108457326889038e-02
6.276533007621765137e-01 3.682891726493835449e-01 4.950701072812080383e-02
5.613765120506286621e-01 3.708993494510650635e-01 1.478240825235843658e-02
5.717123746871948242e-01 3.676206171512603760e-01 1.373328547924757004e-02
5.815838575363159180e-01 3.678181767463684082e-01 1.485308352857828140e-02
5.909029245376586914e-01 3.712824583053588867e-01 1.798769086599349976e-02
5.963917374610900879e-01 3.759634196758270264e-01 2.171131037175655365e-02
6.389395594596862793e-01 3.728837966918945312e-01 1.089091524481773376e-01
5.926917791366577148e-01 3.897393345832824707e-01 2.267977409064769745e-02
5.447958707809448242e-01 5.178315639495849609e-01 -1.971367187798023224e-02
5.378750562667846680e-01 4.800167381763458252e-01 -3.141238540410995483e-02
5.251158475875854492e-01 5.079106092453002930e-01 -3.114132024347782135e-02
5.739498734474182129e-01 6.226549148559570312e-01 2.742731943726539612e-02
5.587589144706726074e-01 6.373449563980102539e-01 1.467806193977594376e-02
5.209830403327941895e-01 6.625446081161499023e-01 -1.162534952163696289e-02
6.007377505302429199e-01 6.014432907104492188e-01 7.987040281295776367e-02
5.535155534744262695e-01 3.762607872486114502e-01 1.661197841167449951e-02
5.350216031074523926e-01 4.144349694252014160e-01 -2.406582608819007874e-02
5.391367673873901367e-01 6.668551564216613770e-01 1.250850874930620193e-02
6.271994709968566895e-01 5.189898610115051270e-01 8.015336096286773682e-02
5.273014903068542480e-01 5.677790045738220215e-01 -1.735103316605091095e-02
5.296860933303833008e-01 5.728254318237304688e-01 -1.940542273223400116e-02
5.316857099533081055e-01 5.800935029983520508e-01 -2.150459028780460358e-02
5.328268408775329590e-01 5.882248878479003906e-01 -2.022179588675498962e-02
5.317659974098205566e-01 6.034448146820068359e-01 -1.267229765653610229e-02
5.442575216293334961e-01 5.504357814788818359e-01 -8.876988664269447327e-03
5.470662117004394531e-01 5.501210093498229980e-01 -8.378360420465469360e-03
5.496591329574584961e-01 5.491558313369750977e-01 -8.045251481235027313e-03
5.599800348281860352e-01 5.448948740959167480e-01 -4.495712928473949432e-03
6.048911213874816895e-01 5.135207176208496094e-01 2.162042446434497833e-02
5.356121063232421875e-01 3.986465036869049072e-01 -1.232493855059146881e-02
5.431052446365356445e-01 3.651606738567352295e-01 9.628590196371078491e-03
5.492690205574035645e-01 3.683502078056335449e-01 1.472031977027654648e-02
5.418050289154052734e-01 5.501177906990051270e-01 -8.092018775641918182e-03
6.016393899917602539e-01 5.559321641921997070e-01 3.575435653328895569e-02
5.337420105934143066e-01 3.629099130630493164e-01 -5.075406283140182495e-03
5.367867946624755859e-01 6.179746985435485840e-01 -7.567144930362701416e-03
5.285101532936096191e-01 4.040043950080871582e-01 -3.119348362088203430e-02
5.405611991882324219e-01 4.420459568500518799e-01 -2.576368674635887146e-02
5.183311700820922852e-01 6.264717578887939453e-01 -1.528306584805250168e-02
5.635042190551757812e-01 5.873978734016418457e-01 6.284071598201990128e-03
5.578184127807617188e-01 4.920154213905334473e-01 -6.898852065205574036e-03
5.514860749244689941e-01 6.049970984458923340e-01 -3.663661773316562176e-04
5.829404592514038086e-01 4.935871958732604980e-01 -4.547641437966376543e-04
5.662508010864257812e-01 5.104041695594787598e-01 -4.971528891474008560e-03
5.887070894241333008e-01 5.227587819099426270e-01 7.636049762368202209e-03
5.206426382064819336e-01 6.454421281814575195e-01 -1.565310545265674591e-02
5.458464026451110840e-01 4.534844160079956055e-01 -1.820469833910465240e-02
5.719488859176635742e-01 6.021659374237060547e-01 1.607256755232810974e-02
5.568822622299194336e-01 6.193124651908874512e-01 7.082106545567512512e-03
5.734087228775024414e-01 5.662619471549987793e-01 8.809072896838188171e-03
6.140364408493041992e-01 5.369855165481567383e-01 4.707128927111625671e-02
5.868229269981384277e-01 5.720739960670471191e-01 1.991729438304901123e-02
6.179521083831787109e-01 5.530682206153869629e-01 7.229085266590118408e-02
5.719513893127441406e-01 5.337995290756225586e-01 2.614668628666549921e-04
5.405361056327819824e-01 4.275011420249938965e-01 -1.678326353430747986e-02
5.375300645828247070e-01 4.731662273406982422e-01 -4.447057843208312988e-02
5.428852438926696777e-01 4.796281158924102783e-01 -3.265453130006790161e-02
5.348337888717651367e-01 4.604173004627227783e-01 -5.234939232468605042e-02
5.540031194686889648e-01 3.486802577972412109e-01 7.936499081552028656e-03
5.738502740859985352e-01 3.384986519813537598e-01 7.848554290831089020e-03
5.903781652450561523e-01 3.381511270999908447e-01 9.819244034588336945e-03
6.030495166778564453e-01 3.440634608268737793e-01 1.504558324813842773e-02
6.108478307723999023e-01 3.544622957706451416e-01 2.216636389493942261e-02
6.122825741767883301e-01 3.894654512405395508e-01 3.767820820212364197e-02
6.376166343688964844e-01 4.463814496994018555e-01 8.640474081039428711e-02
6.022328138351440430e-01 4.140584766864776611e-01 2.626071870326995850e-02
5.907392501831054688e-01 4.174157679080963135e-01 1.852728426456451416e-02
5.762091279029846191e-01 4.143754839897155762e-01 1.293382328003644943e-02
5.625975728034973145e-01 4.077802598476409912e-01 9.985751472413539886e-03
5.520973205566406250e-01 4.004386067390441895e-01 9.465972892940044403e-03
5.449228286743164062e-01 3.937479555606842041e-01 8.623707108199596405e-03
6.350952982902526855e-01 4.495731294155120850e-01 1.284755766391754150e-01
5.418463349342346191e-01 4.846748709678649902e-01 -2.741177752614021301e-02
5.345042347908020020e-01 4.286676943302154541e-01 -3.421029448509216309e-02
5.306237339973449707e-01 4.720299839973449707e-01 -5.396540462970733643e-02
5.235047936439514160e-01 4.800682067871093750e-01 -5.057773366570472717e-02
5.297305583953857422e-01 4.754610061645507812e-01 -4.867087677121162415e-02
5.382864475250244141e-01 4.895408451557159424e-01 -2.429984882473945618e-02
5.217151045799255371e-01 4.809859693050384521e-01 -5.376078933477401733e-02
5.196070671081542969e-01 4.852847754955291748e-01 -4.109256714582443237e-02
5.457683801651000977e-01 3.798610270023345947e-01 1.549704186618328094e-02
5.397639274597167969e-01 3.833025395870208740e-01 7.870683446526527405e-03
5.362960100173950195e-01 3.858067095279693604e-01 -5.611327942460775375e-04
5.994161367416381836e-01 3.795551359653472900e-01 2.555491775274276733e-02
6.079258918762207031e-01 3.707294464111328125e-01 2.660395018756389618e-02
4.549419283866882324e-01 3.628353178501129150e-01 9.810856543481349945e-03
4.665078222751617432e-01 3.639939129352569580e-01 9.810856543481349945e-03
4.559621214866638184e-01 3.483227789402008057e-01 9.810856543481349945e-03
4.431610107421875000e-01 3.616054058074951172e-01 9.810856543481349945e-03
4.538243114948272705e-01 3.771097660064697266e-01 9.810856543481349945e-03
5.793877840042114258e-01 3.786843121051788330e-01 1.897429674863815308e-02
5.912266373634338379e-01 3.804270625114440918e-01 1.897429674863815308e-02
5.804784893989562988e-01 3.635727465152740479e-01 1.897429674863815308e-02
5.675256848335266113e-01 3.768797516822814941e-01 1.897429674863815308e-02
5.783604383468627930e-01 3.937740325927734375e-01 1.897429674863815308e-02
