5.096115469932556152e-01 5.274797677993774414e-01 -3.487167879939079285e-02
5.081577897071838379e-01 4.621207714080810547e-01 -5.851537734270095825e-02
5.058197379112243652e-01 4.817524552345275879e-01 -3.259677067399024963e-02
5.024388432502746582e-01 4.094290137290954590e-01 -4.137163236737251282e-02
5.095837116241455078e-01 4.452325701713562012e-01 -6.138499081134796143e-02
5.109656453132629395e-01 4.244803190231323242e-01 -5.583855137228965759e-02
5.139176845550537109e-01 3.757309317588806152e-01 -2.281539142131805420e-02
4.344281554222106934e-01 3.670209050178527832e-01 1.611146703362464905e-02
5.165971517562866211e-01 3.339516222476959229e-01 -1.270594168454408646e-02
5.181621313095092773e-01 3.119807839393615723e-01 -1.309455279260873795e-02
5.225552320480346680e-01 2.435476481914520264e-01 3.615407273173332214e-03
5.093399882316589355e-01 5.329482555389404297e-01 -3.382287546992301941e-02
5.084696412086486816e-01 5.382342934608459473e-01 -3.056835755705833435e-02
5.074903368949890137e-01 5.420128703117370605e-01 -2.584319934248924255e-02
5.075742602348327637e-01 5.431672334671020508e-01 -2.419247105717658997e-02
5.074121952056884766e-01 5.517511963844299316e-01 -2.619653195142745972e-02
5.066666007041931152e-01 5.623713135719299316e-01 -2.903940342366695404e-02
5.054646134376525879e-01 5.732110738754272461e-01 -2.815694361925125122e-02
4.960575699806213379e-01 5.909068584442138672e-01 -1.925146579742431641e-02
5.071758627891540527e-01 4.715819656848907471e-01 -5.339578539133071899e-02
4.971097409725189209e-01 4.712701141834259033e-01 -3.917516767978668213e-02
3.938997387886047363e-01 3.086778521537780762e-01 7.057166099548339844e-02
4.637464582920074463e-01 3.825165033340454102e-01 5.297360941767692566e-03
4.522263109683990479e-01 3.835442066192626953e-01 5.684261210262775421e-03
4.414552748203277588e-01 3.818402886390686035e-01 8.422024548053741455e-03
4.279828071594238281e-01 3.726977705955505371e-01 1.717870682477951050e-02
4.742230176925659180e-01 3.781343102455139160e-01 7.285547908395528793e-03
4.533411264419555664e-01 3.303375542163848877e-01 2.851158380508422852e-03
4.657601714134216309e-01 3.336229920387268066e-01 3.728460287675261497e-03
4.410520195960998535e-01 3.322884440422058105e-01 5.860048811882734299e-03
4.323103725910186768e-01 3.391826748847961426e-01 9.802508167922496796e-03
4.165300428867340088e-01 3.824434280395507812e-01 2.173810079693794250e-02
4.520679712295532227e-01 6.124576330184936523e-01 -9.120991453528404236e-03
4.306689798831939697e-01 3.632054030895233154e-01 1.972089894115924835e-02
3.826872706413269043e-01 3.770848512649536133e-01 7.001034170389175415e-02
4.045456349849700928e-01 3.702475130558013916e-01 3.321842476725578308e-02
4.525685608386993408e-01 4.491313993930816650e-01 -9.734925813972949982e-03
4.964574873447418213e-01 5.213350653648376465e-01 -3.381681442260742188e-02
4.966314733028411865e-01 5.357556343078613281e-01 -2.943903580307960510e-02
4.824947714805603027e-01 5.262243151664733887e-01 -2.817230112850666046e-02
4.728724658489227295e-01 5.321509242057800293e-01 -2.069610171020030975e-02
4.858726561069488525e-01 5.356858968734741211e-01 -2.550377696752548218e-02
4.771585762500762939e-01 5.372916460037231445e-01 -1.855754293501377106e-02
4.476782977581024170e-01 5.543954968452453613e-01 -6.204842589795589447e-03
4.991119801998138428e-01 4.608242809772491455e-01 -5.777612701058387756e-02
4.989067912101745605e-01 4.445888698101043701e-01 -6.036089733242988586e-02
4.171770215034484863e-01 3.183475732803344727e-01 1.443932391703128815e-02
4.779412746429443359e-01 4.107615351676940918e-01 -7.563168648630380630e-03
4.743168354034423828e-01 4.578262865543365479e-01 -3.196353837847709656e-02
4.738531112670898438e-01 4.497923851013183594e-01 -2.838477119803428650e-02
4.186911582946777344e-01 4.453372359275817871e-01 2.871495205909013748e-03
5.008008480072021484e-01 4.254157543182373047e-01 -5.291086807847023010e-02
4.466982185840606689e-01 2.962149679660797119e-01 -2.104650484398007393e-03
4.300409257411956787e-01 3.036248683929443359e-01 5.565016064792871475e-03
4.089956879615783691e-01 2.799386382102966309e-01 5.158716440200805664e-02
4.948097765445709229e-01 3.163251280784606934e-01 -1.029746606945991516e-02
4.761503636837005615e-01 3.421471714973449707e-01 7.031502667814493179e-03
4.408910274505615234e-01 5.372998118400573730e-01 -3.217770252376794815e-03
3.836859464645385742e-01 5.351199507713317871e-01 8.778268843889236450e-02
4.818214178085327148e-01 4.677292108535766602e-01 -2.800537832081317902e-02
4.897907078266143799e-01 4.734591841697692871e-01 -2.914766781032085419e-02
4.613563120365142822e-01 5.424358844757080078e-01 -4.077837802469730377e-03
4.642406105995178223e-01 5.420191884040832520e-01 -6.892537232488393784e-03
4.246107935905456543e-01 2.930949032306671143e-01 1.147853489965200424e-02
4.732146859169006348e-01 4.660656452178955078e-01 -2.646452561020851135e-02
4.676537513732910156e-01 2.986515462398529053e-01 -7.459098473191261292e-03
4.671179056167602539e-01 2.849629521369934082e-01 -8.662269450724124908e-03
4.581722915172576904e-01 2.449773401021957397e-01 1.398009993135929108e-02
4.168758392333984375e-01 2.930894792079925537e-01 2.919229306280612946e-02
4.629898667335510254e-01 2.718514204025268555e-01 2.709511434659361839e-03
4.106570482254028320e-01 3.128837645053863525e-01 2.425360493361949921e-02
4.025939702987670898e-01 3.166495561599731445e-01 4.657404869794845581e-02
4.964309036731719971e-01 5.294676423072814941e-01 -3.287575766444206238e-02
4.842629730701446533e-01 5.314696431159973145e-01 -2.737524732947349548e-02
4.750594794750213623e-01 5.348993539810180664e-01 -2.055580727756023407e-02
4.840575158596038818e-01 4.713727533817291260e-01 -2.572985738515853882e-02
4.628494381904602051e-01 5.422872304916381836e-01 -5.548350512981414795e-03
4.677281081676483154e-01 5.446893572807312012e-01 -1.206941623240709305e-02
4.657654166221618652e-01 5.417396426200866699e-01 -7.131875492632389069e-03
4.874505996704101562e-01 4.608343839645385742e-01 -4.244796931743621826e-02
4.785591959953308105e-01 5.388896465301513672e-01 -1.690421253442764282e-02
4.869880080223083496e-01 5.382955074310302734e-01 -2.145833894610404968e-02
4.966845214366912842e-01 5.395650863647460938e-01 -2.501320652663707733e-02
4.814355373382568359e-01 5.881311893463134766e-01 -1.927243359386920929e-02
4.912335574626922607e-01 5.698209404945373535e-01 -2.786103449761867523e-02
4.932135939598083496e-01 5.590598583221435547e-01 -2.844201587140560150e-02
4.950914084911346436e-01 5.485549569129943848e-01 -2.531781978905200958e-02
4.967513084411621094e-01 5.406056642532348633e-01 -2.334106527268886566e-02
4.787248075008392334e-01 5.392897725105285645e-01 -1.556698791682720184e-02
4.761389195919036865e-01 5.431642532348632812e-01 -1.759379357099533081e-02
4.732567965984344482e-01 5.481516718864440918e-01 -1.976457051932811737e-02
4.704752266407012939e-01 5.539016127586364746e-01 -1.831361092627048492e-02
4.565952420234680176e-01 5.089935064315795898e-01 -1.673036068677902222e-02
3.747102618217468262e-01 4.516167342662811279e-01 1.085356548428535461e-01
5.065034627914428711e-01 4.762605428695678711e-01 -3.970173001289367676e-02
4.723817408084869385e-01 5.403058528900146484e-01 -1.054929662495851517e-02
4.702354669570922852e-01 5.423514246940612793e-01 -1.192056480795145035e-02
4.922697246074676514e-01 4.804002344608306885e-01 -3.027271479368209839e-02
4.759442508220672607e-01 4.767473340034484863e-01 -1.912409812211990356e-02
4.911243021488189697e-01 4.769805669784545898e-01 -2.986099943518638611e-02
4.653303325176239014e-01 4.195375740528106689e-01 -5.131746642291545868e-03
4.461780786514282227e-01 4.284233450889587402e-01 -3.227679524570703506e-03
4.713916182518005371e-01 4.576555788516998291e-01 -2.274816296994686127e-02
4.294257760047912598e-01 2.578195631504058838e-01 3.120689466595649719e-02
4.360837936401367188e-01 2.773550152778625488e-01 1.495321374386548996e-02
4.438066780567169189e-01 2.838024199008941650e-01 7.703440496698021889e-04
4.560045897960662842e-01 5.671007633209228516e-01 -1.185096800327301025e-02
4.937751591205596924e-01 2.929987311363220215e-01 -1.300300378352403641e-02
4.901086390018463135e-01 2.738656997680664062e-01 -3.968339879065752029e-03
4.880691468715667725e-01 2.411510497331619263e-01 4.571309313178062439e-03
4.326627850532531738e-01 3.783504664897918701e-01 1.289147883653640747e-02
4.025287628173828125e-01 3.936395645141601562e-01 2.678489871323108673e-02
4.813446402549743652e-01 3.732800781726837158e-01 9.265819564461708069e-03
4.192882180213928223e-01 3.462669253349304199e-01 1.883899047970771790e-02
4.866529107093811035e-01 4.002299606800079346e-01 -1.052964292466640472e-02
4.812847673892974854e-01 4.505619406700134277e-01 -4.195926710963249207e-02
3.916987180709838867e-01 4.057113528251647949e-01 3.746124729514122009e-02
4.093064367771148682e-01 4.038776159286499023e-01 1.624025776982307434e-02
4.236425757408142090e-01 4.098835587501525879e-01 6.286015734076499939e-03
4.460899233818054199e-01 4.088712930679321289e-01 2.458114176988601685e-03
4.630899131298065186e-01 4.033465385437011719e-01 1.033513341099023819e-03
4.764797985553741455e-01 3.960360586643218994e-01 -7.292863447219133377e-04
5.031139254570007324e-01 3.787864446640014648e-01 -1.930240169167518616e-02
3.915909826755523682e-01 4.398439526557922363e-01 3.218105807900428772e-02
4.100883603096008301e-01 3.433522284030914307e-01 2.422133274376392365e-02
5.018634200096130371e-01 4.704082608222961426e-01 -5.293162912130355835e-02
4.780392050743103027e-01 4.261627197265625000e-01 -1.333167310804128647e-02
3.769742250442504883e-01 3.781589865684509277e-01 1.053641214966773987e-01
4.868526756763458252e-01 3.869670927524566650e-01 -1.271731802262365818e-03
4.699690341949462891e-01 4.594620168209075928e-01 -1.219502836465835571e-02
4.246950149536132812e-01 3.621537089347839355e-01 2.151107788085937500e-02
4.813093543052673340e-01 4.409759044647216797e-01 -3.739890828728675842e-02
3.773579001426696777e-01 4.920621812343597412e-01 1.010968908667564392e-01
4.822929799556732178e-01 3.678447008132934570e-01 1.235833764076232910e-02
4.909113645553588867e-01 4.310814738273620605e-01 -4.713419824838638306e-02
4.058556556701660156e-01 5.733020901679992676e-01 3.018309548497200012e-02
4.037407636642456055e-01 5.948519706726074219e-01 4.795060306787490845e-02
3.785672187805175781e-01 4.463326632976531982e-01 7.052186876535415649e-02
3.942647278308868408e-01 5.501996874809265137e-01 4.400666803121566772e-02
3.922333419322967529e-01 3.446279764175415039e-01 6.161599978804588318e-02
4.472733139991760254e-01 6.311639547348022461e-01 -4.173520021140575409e-03
5.024214982986450195e-01 4.752078652381896973e-01 -3.906869515776634216e-02
4.671528339385986328e-01 4.379024803638458252e-01 -1.046129129827022552e-02
3.939271569252014160e-01 3.748421669006347656e-01 4.377819225192070007e-02
4.445929825305938721e-01 3.720927238464355469e-01 9.796634316444396973e-03
4.537701010704040527e-01 3.740578591823577881e-01 7.451396435499191284e-03
4.651252627372741699e-01 5.474699139595031738e-01 -1.054772920906543732e-02
3.917872905731201172e-01 4.736057221889495850e-01 3.337792679667472839e-02
4.659907221794128418e-01 6.580455899238586426e-01 -1.163013861514627934e-03
4.322614073753356934e-01 6.333060264587402344e-01 1.985980570316314697e-02
4.185613989830017090e-01 6.175285577774047852e-01 3.213509172201156616e-02
5.204777121543884277e-01 2.780300378799438477e-01 -5.276479292660951614e-03
4.906815290451049805e-01 6.636477708816528320e-01 -3.441696288064122200e-03
4.632091522216796875e-01 3.734984993934631348e-01 7.475935854017734528e-03
4.726001918315887451e-01 3.710433542728424072e-01 9.430896490812301636e-03
4.789152741432189941e-01 3.693320453166961670e-01 1.204938068985939026e-02
4.017254710197448730e-01 3.420041799545288086e-01 3.532561287283897400e-02
4.729256629943847656e-01 3.610344827175140381e-01 8.391042239964008331e-03
4.632910192012786865e-01 3.588081300258636475e-01 6.315894890576601028e-03
4.541910886764526367e-01 3.580219745635986328e-01 6.447638850659132004e-03
4.448432922363281250e-01 3.587474226951599121e-01 8.614015765488147736e-03
4.382750988006591797e-01 3.604523241519927979e-01 1.166084595024585724e-02
3.836010992527008057e-01 3.396839499473571777e-01 9.062287211418151855e-02
4.386138021945953369e-01 3.694962859153747559e-01 1.310798432677984238e-02
5.043610930442810059e-01 4.960032403469085693e-01 -3.083718940615653992e-02
4.683570861816406250e-01 5.002213716506958008e-01 -2.170153707265853882e-02
4.820789992809295654e-01 4.643164575099945068e-01 -3.167269006371498108e-02
4.895010590553283691e-01 4.956283867359161377e-01 -3.049083612859249115e-02
5.151104331016540527e-01 3.561530113220214844e-01 -1.364071015268564224e-02
4.187083840370178223e-01 5.959487557411193848e-01 1.930961944162845612e-02
4.321508109569549561e-01 6.138056516647338867e-01 8.147140964865684509e-03
4.671831429004669189e-01 6.441646814346313477e-01 -1.458744984120130539e-02
3.929350674152374268e-01 5.696414709091186523e-01 6.843646615743637085e-02
4.795649647712707520e-01 3.647201657295227051e-01 1.081541087478399277e-02
4.942280352115631104e-01 4.032475948333740234e-01 -2.505954355001449585e-02
4.916526377201080322e-01 6.496211886405944824e-01 -1.663189195096492767e-02
4.475228190422058105e-01 6.472604870796203613e-01 7.142788730561733246e-03
3.803135156631469727e-01 4.835647642612457275e-01 6.641064584255218506e-02
4.870245158672332764e-01 5.390872359275817871e-01 -1.989224739372730255e-02
4.843533039093017578e-01 5.452889800071716309e-01 -2.204698696732521057e-02
4.817628562450408936e-01 5.532727241516113281e-01 -2.460507676005363464e-02
4.793750345706939697e-01 5.626856684684753418e-01 -2.378449589014053345e-02
4.669519066810607910e-01 5.789600610733032227e-01 -1.710985787212848663e-02
4.703505635261535645e-01 5.395708084106445312e-01 -1.224064361304044724e-02
4.680997431278228760e-01 5.386413931846618652e-01 -1.227565016597509384e-02
4.660517275333404541e-01 5.373211503028869629e-01 -1.222170144319534302e-02
4.469349384307861328e-01 5.215950012207031250e-01 -9.933505207300186157e-03
4.071990847587585449e-01 4.814490377902984619e-01 1.181420125067234039e-02
4.951100051403045654e-01 3.882390558719635010e-01 -1.406906358897686005e-02
4.918700754642486572e-01 3.533774018287658691e-01 5.982052534818649292e-03
4.848601222038269043e-01 3.564432561397552490e-01 9.516688995063304901e-03
4.723480343818664551e-01 5.402827858924865723e-01 -1.141122821718454361e-02
4.023307263851165771e-01 5.236124396324157715e-01 2.552456781268119812e-02
5.021722316741943359e-01 3.516694903373718262e-01 -7.340446114540100098e-03
4.593665301799774170e-01 5.949956178665161133e-01 -1.246933732181787491e-02
5.119847655296325684e-01 4.077643752098083496e-01 -4.450671002268791199e-02
5.025812983512878418e-01 3.948291838169097900e-01 -3.122462704777717590e-02
5.128993988037109375e-01 3.922738134860992432e-01 -3.321819379925727844e-02
4.849400520324707031e-01 4.282493293285369873e-01 -2.690073475241661072e-02
4.931102991104125977e-01 6.305531859397888184e-01 -2.120157331228256226e-02
4.947052299976348877e-01 6.091107726097106934e-01 -1.991194486618041992e-02
4.764708578586578369e-01 6.056286096572875977e-01 -1.832377165555953979e-02
4.361061155796051025e-01 5.612574219703674316e-01 -6.034416728653013706e-04
4.591846168041229248e-01 4.719040989875793457e-01 -1.052070315927267075e-02
4.460968375205993652e-01 5.804393887519836426e-01 -6.380259059369564056e-03
4.333528280258178711e-01 4.668860733509063721e-01 -7.246220018714666367e-03
4.471809267997741699e-01 4.871384203433990479e-01 -1.007442269474267960e-02
4.217643737792968750e-01 4.937362074851989746e-01 -4.089268040843307972e-04
4.708756506443023682e-01 6.257255673408508301e-01 -1.883599162101745605e-02
4.776083230972290039e-01 4.382157921791076660e-01 -2.012657001614570618e-02
4.248697757720947266e-01 5.750221014022827148e-01 8.384559303522109985e-03
4.378934502601623535e-01 5.949514508247375488e-01 7.433603750541806221e-04
4.294768273830413818e-01 5.390331745147705078e-01 1.229951274581253529e-03
3.929647803306579590e-01 5.029194951057434082e-01 3.555341437458992004e-02
4.148120880126953125e-01 5.422181487083435059e-01 1.116504613310098648e-02
3.846842050552368164e-01 5.183679461479187012e-01 5.951320379972457886e-02
4.365497529506683350e-01 5.082110762596130371e-01 -6.137484218925237656e-03
4.863929152488708496e-01 4.144547581672668457e-01 -1.870965585112571716e-02
4.843453764915466309e-01 4.577055275440216064e-01 -4.443633556365966797e-02
4.774661064147949219e-01 4.630449116230010986e-01 -3.327945619821548462e-02
4.895595610141754150e-01 4.464330673217773438e-01 -5.145497247576713562e-02
4.840975701808929443e-01 3.338196873664855957e-01 3.067011712118983269e-03
4.665385186672210693e-01 3.198414444923400879e-01 1.020442578010261059e-03
4.505620002746582031e-01 3.165087103843688965e-01 1.029703649692237377e-03
4.365448951721191406e-01 3.205009400844573975e-01 4.712667781859636307e-03
4.259203970432281494e-01 3.296032249927520752e-01 1.079789455980062485e-02
4.157142639160156250e-01 3.658354282379150391e-01 2.565813064575195312e-02
3.787942826747894287e-01 4.109992682933807373e-01 7.060252875089645386e-02
4.220521748065948486e-01 3.891425132751464844e-01 1.586402021348476410e-02
4.332246184349060059e-01 3.941264748573303223e-01 9.577914141118526459e-03
4.485484659671783447e-01 3.952574133872985840e-01 5.623066797852516174e-03
4.636592864990234375e-01 3.924181461334228516e-01 4.150197841227054596e-03
4.759237766265869141e-01 3.869778513908386230e-01 4.898002836853265762e-03
4.845796525478363037e-01 3.814535737037658691e-01 4.783426411449909210e-03
3.749633729457855225e-01 4.145914912223815918e-01 1.106601580977439880e-01
4.772223830223083496e-01 4.683209955692291260e-01 -2.815278805792331696e-02
4.934245944023132324e-01 4.168260097503662109e-01 -3.463489562273025513e-02
4.917243421077728271e-01 4.582320451736450195e-01 -5.267828330397605896e-02
4.967652857303619385e-01 4.677141010761260986e-01 -4.861833900213241577e-02
4.916021525859832764e-01 4.615878164768218994e-01 -4.757839068770408630e-02
4.796810448169708252e-01 4.740261435508728027e-01 -2.468902431428432465e-02
4.986273348331451416e-01 4.691474735736846924e-01 -5.148647353053092957e-02
4.991776645183563232e-01 4.738939404487609863e-01 -3.909386321902275085e-02
4.863135516643524170e-01 3.675783872604370117e-01 1.096196752041578293e-02
4.918080568313598633e-01 3.717697262763977051e-01 4.562965128570795059e-03
4.951868951320648193e-01 3.737739324569702148e-01 -2.995101734995841980e-03
4.340969920158386230e-01 3.618955612182617188e-01 1.510359626263380051e-02
4.260033071041107178e-01 3.485332727432250977e-01 1.559209637343883514e-02
5.209587216377258301e-01 4.115318059921264648e-01 -4.052680358290672302e-02
5.925853252410888672e-01 3.843223154544830322e-01 2.201400510966777802e-02
5.163031220436096191e-01 4.737453758716583252e-01 -3.858154267072677612e-02
6.311162710189819336e-01 3.349859118461608887e-01 7.969621568918228149e-02
5.617526769638061523e-01 3.915679454803466797e-01 9.266159497201442719e-03
5.720999240875244141e-01 3.949865698814392090e-01 1.043055765330791473e-02
5.822199583053588867e-01 3.964443504810333252e-01 1.379914861172437668e-02
5.969036817550659180e-01 3.905107676982879639e-01 2.340333536267280579e-02
5.530912876129150391e-01 3.859108984470367432e-01 1.044305041432380676e-02
5.800785422325134277e-01 3.452445864677429199e-01 7.713691331446170807e-03
5.676042437553405762e-01 3.460735678672790527e-01 7.585790939629077911e-03
5.918133258819580078e-01 3.491994738578796387e-01 1.138864364475011826e-02
5.992463827133178711e-01 3.574875891208648682e-01 1.572950556874275208e-02
6.043807864189147949e-01 4.019612073898315430e-01 2.856227755546569824e-02
5.364552736282348633e-01 6.209073066711425781e-01 -6.448777392506599426e-03
5.970140099525451660e-01 3.811159133911132812e-01 2.585772797465324402e-02
6.342463493347167969e-01 4.043521285057067871e-01 7.855014503002166748e-02
6.162989735603332520e-01 3.901620507240295410e-01 4.060309380292892456e-02
5.614542365074157715e-01 4.621456563472747803e-01 -5.493002478033304214e-03
5.220577120780944824e-01 5.243083834648132324e-01 -3.278573602437973022e-02
5.185582637786865234e-01 5.385164022445678711e-01 -2.842638455331325531e-02
5.323334336280822754e-01 5.312470793724060059e-01 -2.608978189527988434e-02
5.382762551307678223e-01 5.393014550209045410e-01 -1.783158630132675171e-02
5.267059803009033203e-01 5.404132008552551270e-01 -2.362699247896671295e-02
5.326619148254394531e-01 5.437394380569458008e-01 -1.602005399763584137e-02
5.478261709213256836e-01 5.663685798645019531e-01 -2.562838606536388397e-03
5.170855522155761719e-01 4.629617333412170410e-01 -5.725350603461265564e-02
5.199322104454040527e-01 4.470596611499786377e-01 -5.976675450801849365e-02
6.138616204261779785e-01 3.388401269912719727e-01 2.131478488445281982e-02
5.425411462783813477e-01 4.183033704757690430e-01 -4.824039991945028305e-03
5.407222509384155273e-01 4.659120738506317139e-01 -2.966855652630329132e-02
5.421884059906005859e-01 4.579578638076782227e-01 -2.601412683725357056e-02
5.941805243492126465e-01 4.658194482326507568e-01 9.697118774056434631e-03
5.206348896026611328e-01 4.276795387268066406e-01 -5.209658667445182800e-02
5.907831788063049316e-01 3.146349787712097168e-01 3.089411882683634758e-03
6.049697995185852051e-01 3.232786357402801514e-01 1.180689595639705658e-02
6.225326657295227051e-01 3.036119341850280762e-01 5.964744091033935547e-02
5.417756438255310059e-01 3.256916105747222900e-01 -8.352034725248813629e-03
5.565993189811706543e-01 3.522329628467559814e-01 1.015793997794389725e-02
5.571987628936767578e-01 5.515801310539245605e-01 1.279589021578431129e-03
6.119251251220703125e-01 5.600265264511108398e-01 9.669432044029235840e-02
5.313729643821716309e-01 4.739748835563659668e-01 -2.648828923702239990e-02
5.226623415946960449e-01 4.776721894741058350e-01 -2.833458781242370605e-02
5.438687801361083984e-01 5.532216429710388184e-01 -1.852961286203935742e-04
5.411919951438903809e-01 5.518808960914611816e-01 -3.431176301091909409e-03
6.105633974075317383e-01 3.130975961685180664e-01 1.788103207945823669e-02
5.400808453559875488e-01 4.742747545242309570e-01 -2.420016005635261536e-02
5.707882642745971680e-01 3.138999938964843750e-01 -3.920577932149171829e-03
5.729903578758239746e-01 3.005953431129455566e-01 -5.170948337763547897e-03
5.831711292266845703e-01 2.591316699981689453e-01 1.874509081244468689e-02
6.156458258628845215e-01 3.136386275291442871e-01 3.592781350016593933e-02
5.762450695037841797e-01 2.838017642498016357e-01 6.445402279496192932e-03
6.196755766868591309e-01 3.333515524864196777e-01 3.138165920972824097e-02
6.245421171188354492e-01 3.398502171039581299e-01 5.411399528384208679e-02
5.206717848777770996e-01 5.324868559837341309e-01 -3.181041032075881958e-02
5.295876860618591309e-01 5.365300774574279785e-01 -2.538551576435565948e-02
5.356350541114807129e-01 5.417693257331848145e-01 -1.790135912597179413e-02
5.284170508384704590e-01 4.769665002822875977e-01 -2.436382882297039032e-02
5.424928069114685059e-01 5.526236295700073242e-01 -1.936974935233592987e-03
5.390467047691345215e-01 5.543590188026428223e-01 -9.033737704157829285e-03
5.398231148719787598e-01 5.511156916618347168e-01 -3.777284640818834305e-03
5.275649428367614746e-01 4.659016728401184082e-01 -4.089440032839775085e-02
5.301619172096252441e-01 5.449187755584716797e-01 -1.449692994356155396e-02
5.242935419082641602e-01 5.428120493888854980e-01 -1.966617070138454437e-02
5.166436433792114258e-01 5.421065092086791992e-01 -2.397463284432888031e-02
5.110326409339904785e-01 5.915167927742004395e-01 -1.822751201689243317e-02
5.180189609527587891e-01 5.737643241882324219e-01 -2.676541917026042938e-02
5.184177756309509277e-01 5.626227855682373047e-01 -2.730268612504005432e-02
5.179769992828369141e-01 5.517778992652893066e-01 -2.420373260974884033e-02
5.167197585105895996e-01 5.434389114379882812e-01 -2.225113287568092346e-02
5.299982428550720215e-01 5.459277629852294922e-01 -1.312047615647315979e-02
5.325560569763183594e-01 5.509106516838073730e-01 -1.516319159418344498e-02
5.349107980728149414e-01 5.569158792495727539e-01 -1.719186268746852875e-02
5.366964936256408691e-01 5.635765790939331055e-01 -1.562120579183101654e-02
5.477460026741027832e-01 5.201898217201232910e-01 -1.350511331111192703e-02
6.292455196380615234e-01 4.799576997756958008e-01 1.184728816151618958e-01
5.343088507652282715e-01 5.480961203575134277e-01 -7.575867697596549988e-03
5.367582440376281738e-01 5.511689782142639160e-01 -8.999692276120185852e-03
5.192304253578186035e-01 4.837769567966461182e-01 -2.942010760307312012e-02
5.352846980094909668e-01 4.841787517070770264e-01 -1.726444810628890991e-02
5.208606123924255371e-01 4.808272719383239746e-01 -2.905721776187419891e-02
5.531755685806274414e-01 4.298595190048217773e-01 -1.367655233480036259e-03
5.703552365303039551e-01 4.430651664733886719e-01 1.809759996831417084e-03
5.431377291679382324e-01 4.663507640361785889e-01 -2.024941332638263702e-02
6.078273057937622070e-01 2.776759862899780273e-01 3.783857077360153198e-02
6.007125377655029297e-01 2.942855060100555420e-01 2.039001509547233582e-02
5.948624014854431152e-01 3.022335469722747803e-01 5.974651314318180084e-03
5.383323431015014648e-01 5.764862298965454102e-01 -8.798903785645961761e-03
5.461503267288208008e-01 3.034795224666595459e-01 -1.110661588609218597e-02
5.501506328582763672e-01 2.804734706878662109e-01 -2.011076547205448151e-03
5.556931495666503906e-01 2.490285038948059082e-01 7.046958431601524353e-03
5.912235379219055176e-01 3.952282071113586426e-01 1.877294480800628662e-02
6.144316792488098145e-01 4.148834943771362305e-01 3.416974097490310669e-02
5.473806262016296387e-01 3.804585039615631104e-01 1.205009873956441879e-02
6.085991859436035156e-01 3.657045364379882812e-01 2.552489005029201508e-02
5.359430909156799316e-01 4.059251248836517334e-01 -8.369181305170059204e-03
5.353384613990783691e-01 4.571908712387084961e-01 -4.008862003684043884e-02
6.241073608398437500e-01 4.315904378890991211e-01 4.568749666213989258e-02
6.071868538856506348e-01 4.254139661788940430e-01 2.335542254149913788e-02
5.934434533119201660e-01 4.292646646499633789e-01 1.260044239461421967e-02
5.729472041130065918e-01 4.233980178833007812e-01 7.494251709431409836e-03
5.580530762672424316e-01 4.140974581241607666e-01 4.903733730316162109e-03
5.469304919242858887e-01 4.046730101108551025e-01 2.099165460094809532e-03
5.238069891929626465e-01 3.811442852020263672e-01 -1.839600503444671631e-02
6.200687885284423828e-01 4.656139314174652100e-01 4.047058895230293274e-02
6.160528659820556641e-01 3.636436760425567627e-01 3.129742294549942017e-02
5.124905705451965332e-01 4.717066586017608643e-01 -5.251321941614151001e-02
5.405205488204956055e-01 4.335609376430511475e-01 -1.072948239743709564e-02
6.361232399940490723e-01 4.068706929683685303e-01 1.157916560769081116e-01
5.387995243072509766e-01 3.943137526512145996e-01 9.114202694036066532e-04
5.437461137771606445e-01 4.684520065784454346e-01 -9.481678716838359833e-03
6.022071838378906250e-01 3.807350099086761475e-01 2.801547199487686157e-02
5.365056395530700684e-01 4.476217925548553467e-01 -3.545645996928215027e-02
6.225514411926269531e-01 5.191084146499633789e-01 1.105422452092170715e-01
5.477494597434997559e-01 3.747623562812805176e-01 1.524590048938989639e-02
5.290424227714538574e-01 4.355698525905609131e-01 -4.570721462368965149e-02
5.871905684471130371e-01 5.919916629791259766e-01 3.610657155513763428e-02
5.859040021896362305e-01 6.132695078849792480e-01 5.487484112381935120e-02
6.299123167991638184e-01 4.737210869789123535e-01 7.907982170581817627e-02
6.015924215316772461e-01 5.721549987792968750e-01 5.088567361235618591e-02
6.296144723892211914e-01 3.701497316360473633e-01 6.969507783651351929e-02
5.383013486862182617e-01 6.396916508674621582e-01 -1.364955794997513294e-03
5.106324553489685059e-01 4.762608110904693604e-01 -3.881730139255523682e-02
5.491252541542053223e-01 4.477139115333557129e-01 -7.237057667225599289e-03
6.243022084236145020e-01 3.949419856071472168e-01 5.169488117098808289e-02
5.817766785621643066e-01 3.864219188690185547e-01 1.511508226394653320e-02
5.729051828384399414e-01 3.854953050613403320e-01 1.216818485409021378e-02
5.410761833190917969e-01 5.579597949981689453e-01 -7.366646546870470047e-03
6.151930093765258789e-01 4.986903667449951172e-01 4.148337617516517639e-02
5.158748626708984375e-01 6.626481413841247559e-01 6.788077298551797867e-04
5.527291893959045410e-01 6.443238258361816406e-01 2.425199188292026520e-02
5.685400962829589844e-01 6.318221688270568848e-01 3.774791583418846130e-02
5.642920136451721191e-01 3.827939927577972412e-01 1.150927785784006119e-02
5.561448335647583008e-01 3.789912462234497070e-01 1.290011964738368988e-02
5.506539344787597656e-01 3.765963912010192871e-01 1.513241603970527649e-02
6.228110790252685547e-01 3.620007038116455078e-01 4.292854666709899902e-02
5.575429201126098633e-01 3.700475692749023438e-01 1.187062356621026993e-02
5.669015645980834961e-01 3.695090711116790771e-01 1.045095082372426987e-02
5.758437514305114746e-01 3.705331087112426758e-01 1.120234094560146332e-02
5.848000049591064453e-01 3.732333779335021973e-01 1.394074317067861557e-02
5.906916260719299316e-01 3.764621019363403320e-01 1.744140125811100006e-02
6.354148387908935547e-01 3.675813376903533936e-01 1.005846410989761353e-01
5.879709124565124512e-01 3.857299387454986572e-01 1.877445355057716370e-02
5.384742617607116699e-01 5.088531374931335449e-01 -1.922086253762245178e-02
5.318436622619628906e-01 4.706229269504547119e-01 -3.005374781787395477e-02
5.190885663032531738e-01 4.993613064289093018e-01 -2.946961671113967896e-02
5.713416934013366699e-01 6.111069321632385254e-01 2.409560047090053558e-02
5.555478334426879883e-01 6.255519986152648926e-01 1.184968184679746628e-02
5.170351862907409668e-01 6.489655375480651855e-01 -1.303384732455015182e-02
5.993276834487915039e-01 5.914126038551330566e-01 7.639243453741073608e-02
5.508779883384704590e-01 3.724800646305084229e-01 1.394291035830974579e-02
5.289838910102844238e-01 4.072557985782623291e-01 -2.363077737390995026e-02
5.357302427291870117e-01 6.551292538642883301e-01 1.035822555422782898e-02
6.234539151191711426e-01 5.100076198577880859e-01 7.465637475252151489e-02
5.242687463760375977e-01 5.441478490829467773e-01 -1.801766082644462585e-02
5.265353918075561523e-01 5.512648224830627441e-01 -2.013256400823593140e-02
5.281411409378051758e-01 5.600624680519104004e-01 -2.256105281412601471e-02
5.289271473884582520e-01 5.702562928199768066e-01 -2.169963531196117401e-02
5.262253284454345703e-01 5.854752063751220703e-01 -1.478691305965185165e-02
5.370627045631408691e-01 5.475161075592041016e-01 -9.282614104449748993e-03
5.396446585655212402e-01 5.472521781921386719e-01 -9.013813920319080353e-03
5.420449376106262207e-01 5.463455915451049805e-01 -8.836592547595500946e-03
5.543470978736877441e-01 5.348761677742004395e-01 -5.840987898409366608e-03
5.997301340103149414e-01 5.035119652748107910e-01 1.893444731831550598e-02
5.297635197639465332e-01 3.922665715217590332e-01 -1.256415992975234985e-02
5.397820472717285156e-01 3.599039316177368164e-01 7.740565575659275055e-03
5.463929176330566406e-01 3.639097809791564941e-01 1.223002746701240540e-02
5.343793034553527832e-01 5.475721955299377441e-01 -8.401440456509590149e-03
5.979446768760681152e-01 5.452688932418823242e-01 3.241834044456481934e-02
5.292525291442871094e-01 3.571045994758605957e-01 -6.135212723165750504e-03
5.317144393920898438e-01 6.024889349937438965e-01 -1.003659423440694809e-02
5.225059390068054199e-01 3.970467746257781982e-01 -3.045953996479511261e-02
5.342613458633422852e-01 4.342039525508880615e-01 -2.506642974913120270e-02
5.135450363159179688e-01 6.094779372215270996e-01 -1.721327751874923706e-02
5.589355230331420898e-01 5.750406980514526367e-01 3.659503767266869545e-03
5.517161488533020020e-01 4.830673933029174805e-01 -7.214826531708240509e-03
5.464740991592407227e-01 5.912076830863952637e-01 -3.046825760975480080e-03
5.771102905273437500e-01 4.838734865188598633e-01 -1.805345062166452408e-03
5.606091022491455078e-01 5.007888078689575195e-01 -5.956371314823627472e-03
5.839363932609558105e-01 5.125777721405029297e-01 5.643154494464397430e-03
5.162440538406372070e-01 6.303913593292236328e-01 -1.740555465221405029e-02
5.395898222923278809e-01 4.455872178077697754e-01 -1.784519851207733154e-02
5.682739019393920898e-01 5.901423096656799316e-01 1.307858712971210480e-02
5.526256561279296875e-01 6.066123247146606445e-01 4.333622287958860397e-03
5.688900947570800781e-01 5.552769303321838379e-01 6.440095603466033936e-03
6.098757386207580566e-01 5.270226597785949707e-01 4.322345554828643799e-02
5.830067992210388184e-01 5.607776045799255371e-01 1.705645397305488586e-02
6.148953437805175781e-01 5.432538390159606934e-01 6.739801913499832153e-02
5.670994520187377930e-01 5.239190459251403809e-01 -1.301405951380729675e-03
5.344890952110290527e-01 4.201677441596984863e-01 -1.665326580405235291e-02
5.312276482582092285e-01 4.635088741779327393e-01 -4.275546222925186157e-02
5.367194414138793945e-01 4.703957438468933105e-01 -3.137674182653427124e-02
5.283103585243225098e-01 4.511362910270690918e-01 -5.025881528854370117e-02
5.500457286834716797e-01 3.433235883712768555e-01 5.472080782055854797e-03
5.687114596366882324e-01 3.334696888923645020e-01 4.693797323852777481e-03
5.845927596092224121e-01 3.330375552177429199e-01 5.984885618090629578e-03
5.972599983215332031e-01 3.387342095375061035e-01 1.053354330360889435e-02
6.056243777275085449e-01 3.491107821464538574e-01 1.718660071492195129e-02
6.082198619842529297e-01 3.849235773086547852e-01 3.252544999122619629e-02
6.338734030723571777e-01 4.387903213500976562e-01 7.943644374608993530e-02
5.986644029617309570e-01 4.080937802791595459e-01 2.237943932414054871e-02
5.873471498489379883e-01 4.109113812446594238e-01 1.537690125405788422e-02
5.730576515197753906e-01 4.081897735595703125e-01 1.047426089644432068e-02
5.597335696220397949e-01 4.020467102527618408e-01 8.029970340430736542e-03
5.494642853736877441e-01 3.948072791099548340e-01 7.810632232576608658e-03
5.423542261123657227e-01 3.881148099899291992e-01 7.136441767215728760e-03
6.332137584686279297e-01 4.433115720748901367e-01 1.210322454571723938e-01
5.357902646064758301e-01 4.755645692348480225e-01 -2.624231018126010895e-02
5.282313227653503418e-01 4.208819866180419922e-01 -3.320136293768882751e-02
5.243039727210998535e-01 4.622020423412322998e-01 -5.159915611147880554e-02
5.175087451934814453e-01 4.703835248947143555e-01 -4.797696694731712341e-02
5.235658288002014160e-01 4.656888246536254883e-01 -4.646570235490798950e-02
5.322709679603576660e-01 4.805367887020111084e-01 -2.304648607969284058e-02
5.156975984573364258e-01 4.712725579738616943e-01 -5.097614973783493042e-02
5.138844251632690430e-01 4.757478535175323486e-01 -3.866948559880256653e-02
5.436514616012573242e-01 3.742505013942718506e-01 1.336195413023233414e-02
5.369889140129089355e-01 3.777151405811309814e-01 6.415734067559242249e-03
5.328489542007446289e-01 3.800573348999023438e-01 -1.456575468182563782e-03
5.943054556846618652e-01 3.789739608764648438e-01 2.109120227396488190e-02
6.034538149833679199e-01 3.673375844955444336e-01 2.185496315360069275e-02
4.536477327346801758e-01 3.639158606529235840e-01 1.092821080237627029e-02
4.646562635898590088e-01 3.642908036708831787e-01 1.092821080237627029e-02
4.542026221752166748e-01 3.509674072265625000e-01 1.092821080237627029e-02
4.425123631954193115e-01 3.634453415870666504e-01 1.092821080237627029e-02
4.530661702156066895e-01 3.765105009078979492e-01 1.092821080237627029e-02
5.760616064071655273e-01 3.761706352233886719e-01 1.554108504205942154e-02
5.868436098098754883e-01 3.779893517494201660e-01 1.554108504205942154e-02
5.773004889488220215e-01 3.627369403839111328e-01 1.554108504205942154e-02
5.652819871902465820e-01 3.742823004722595215e-01 1.554108504205942154e-02
5.748463869094848633e-01 3.894830346107482910e-01 1.554108504205942154e-02
