5.134685635566711426e-01 5.305138826370239258e-01 -3.590553253889083862e-02
5.189692378044128418e-01 4.772969782352447510e-01 -6.110724434256553650e-02
5.156652927398681641e-01 4.949977099895477295e-01 -3.364543244242668152e-02
5.121147036552429199e-01 4.220869243144989014e-01 -4.466897994279861450e-02
5.205402970314025879e-01 4.603804051876068115e-01 -6.426715105772018433e-02
5.216524004936218262e-01 4.387258291244506836e-01 -5.878569558262825012e-02
5.234349966049194336e-01 3.864621222019195557e-01 -2.524072490632534027e-02
4.380015730857849121e-01 3.710477054119110107e-01 1.046269107609987259e-02
5.259707570075988770e-01 3.415870666503906250e-01 -1.537591498345136642e-02
5.275959372520446777e-01 3.192021846771240234e-01 -1.619956456124782562e-02
5.310287475585937500e-01 2.494317889213562012e-01 1.793299306882545352e-04
5.133619904518127441e-01 5.345174670219421387e-01 -3.480809554457664490e-02
5.129512548446655273e-01 5.386105775833129883e-01 -3.132387995719909668e-02
5.125399827957153320e-01 5.412785410881042480e-01 -2.612743154168128967e-02
5.106782317161560059e-01 5.735544562339782715e-01 -2.245051041245460510e-02
5.107460618019104004e-01 5.801662206649780273e-01 -2.405391447246074677e-02
5.103735923767089844e-01 5.884212851524353027e-01 -2.639134041965007782e-02
5.098221302032470703e-01 5.964215993881225586e-01 -2.437991090118885040e-02
5.040071010589599609e-01 6.086218953132629395e-01 -1.378283742815256119e-02
5.176408290863037109e-01 4.861662089824676514e-01 -5.567266419529914856e-02
5.061914324760437012e-01 4.848797619342803955e-01 -4.130973666906356812e-02
3.936929702758789062e-01 3.072409331798553467e-01 6.389123201370239258e-02
4.685730934143066406e-01 3.903615474700927734e-01 9.596250602044165134e-04
4.563571810722351074e-01 3.908376395702362061e-01 7.542621460743248463e-04
4.451609849929809570e-01 3.881895542144775391e-01 3.032409818843007088e-03
4.320072233676910400e-01 3.761656284332275391e-01 1.136820856481790543e-02
4.796704649925231934e-01 3.861088752746582031e-01 3.601071191951632500e-03
4.584521055221557617e-01 3.340796232223510742e-01 -2.626906847581267357e-03
4.716624021530151367e-01 3.378132581710815430e-01 -1.062577241100370884e-03
4.455019235610961914e-01 3.359890580177307129e-01 -6.415967800421640277e-05
4.363240003585815430e-01 3.428472578525543213e-01 3.707926254719495773e-03
4.199240505695343018e-01 3.860275745391845703e-01 1.580213382840156555e-02
4.579631984233856201e-01 6.217957735061645508e-01 -5.512620322406291962e-03
4.345799982547760010e-01 3.652617931365966797e-01 1.398381777107715607e-02
3.831737637519836426e-01 3.759717941284179688e-01 6.367415189743041992e-02
4.074403643608093262e-01 3.716654777526855469e-01 2.689244411885738373e-02
4.583265185356140137e-01 4.578824639320373535e-01 -1.335569843649864197e-02
4.989120364189147949e-01 5.262604951858520508e-01 -3.548159822821617126e-02
4.998869597911834717e-01 5.369412302970886230e-01 -3.084501810371875763e-02
4.842083454132080078e-01 5.308223366737365723e-01 -3.041240759193897247e-02
4.743663072586059570e-01 5.369023680686950684e-01 -2.311027050018310547e-02
4.885159730911254883e-01 5.382018685340881348e-01 -2.747488580644130707e-02
4.796925187110900879e-01 5.415213704109191895e-01 -2.058745548129081726e-02
4.542025327682495117e-01 5.679427385330200195e-01 -6.776494905352592468e-03
5.093497633934020996e-01 4.756472408771514893e-01 -6.076299026608467102e-02
5.091949701309204102e-01 4.592509865760803223e-01 -6.371168047189712524e-02
4.213734269142150879e-01 3.234445154666900635e-01 7.446441799402236938e-03
4.843931198120117188e-01 4.190654158592224121e-01 -1.104089152067899704e-02
4.816228449344635010e-01 4.696894586086273193e-01 -3.546449914574623108e-02
4.808706343173980713e-01 4.610581398010253906e-01 -3.192181140184402466e-02
4.230505526065826416e-01 4.520580768585205078e-01 -2.463223878294229507e-03
5.108335018157958984e-01 4.392141699790954590e-01 -5.635751783847808838e-02
4.519066810607910156e-01 3.037270903587341309e-01 -8.216104470193386078e-03
4.347235262393951416e-01 3.099666833877563477e-01 -1.140567474067211151e-03
4.091954827308654785e-01 2.795812785625457764e-01 4.451755434274673462e-02
5.025460124015808105e-01 3.246073126792907715e-01 -1.408539619296789169e-02
4.825656116008758545e-01 3.474443256855010986e-01 2.894428092986345291e-03
4.480420351028442383e-01 5.499727129936218262e-01 -5.094162654131650925e-03
3.841212689876556396e-01 5.334102511405944824e-01 8.567410707473754883e-02
4.894817173480987549e-01 4.801208972930908203e-01 -3.070710413157939911e-02
4.980696141719818115e-01 4.861120879650115967e-01 -3.098431415855884552e-02
4.633434414863586426e-01 5.518313646316528320e-01 -5.978921893984079361e-03
4.666167795658111572e-01 5.518529415130615234e-01 -8.634861558675765991e-03
4.291610419750213623e-01 2.991344928741455078e-01 4.465265665203332901e-03
4.802255928516387939e-01 4.776301383972167969e-01 -2.957127243280410767e-02
4.737871885299682617e-01 3.065002560615539551e-01 -1.264787837862968445e-02
4.734534025192260742e-01 2.930737137794494629e-01 -1.425985619425773621e-02
4.620025455951690674e-01 2.476265430450439453e-01 7.538967300206422806e-03
4.183694124221801758e-01 2.940787672996520996e-01 2.188407070934772491e-02
4.677329361438751221e-01 2.758303880691528320e-01 -3.620649222284555435e-03
4.145532548427581787e-01 3.166712522506713867e-01 1.712691970169544220e-02
4.036080837249755859e-01 3.165485858917236328e-01 3.934893757104873657e-02
4.991300404071807861e-01 5.319722890853881836e-01 -3.452372923493385315e-02
4.862807989120483398e-01 5.348944664001464844e-01 -2.952697128057479858e-02
4.769143462181091309e-01 5.394490957260131836e-01 -2.281741611659526825e-02
4.917907118797302246e-01 4.836908578872680664e-01 -2.799317240715026855e-02
4.650093913078308105e-01 5.519117712974548340e-01 -7.351825479418039322e-03
4.692229628562927246e-01 5.600118637084960938e-01 -1.292705535888671875e-02
4.680868983268737793e-01 5.517516136169433594e-01 -8.776111528277397156e-03
4.959733784198760986e-01 4.742868840694427490e-01 -4.575091600418090820e-02
4.819697737693786621e-01 5.425513386726379395e-01 -1.863381080329418182e-02
4.904454052448272705e-01 5.400655865669250488e-01 -2.297594025731086731e-02
5.006820559501647949e-01 5.397213697433471680e-01 -2.601764351129531860e-02
4.882119894027709961e-01 6.052505970001220703e-01 -1.465644780546426773e-02
4.940043389797210693e-01 5.921753644943237305e-01 -2.501979283988475800e-02
4.954308569431304932e-01 5.845049619674682617e-01 -2.648987248539924622e-02
4.970667064189910889e-01 5.765232443809509277e-01 -2.392445318400859833e-02
4.986514747142791748e-01 5.707195401191711426e-01 -2.232161536812782288e-02
4.807502627372741699e-01 5.622887611389160156e-01 -1.585391536355018616e-02
4.781000316143035889e-01 5.644533038139343262e-01 -1.751612685620784760e-02
4.747260808944702148e-01 5.678898096084594727e-01 -1.946008577942848206e-02
4.719193577766418457e-01 5.716876983642578125e-01 -1.789878867566585541e-02
4.641879796981811523e-01 5.204892158508300781e-01 -1.955484598875045776e-02
3.748164772987365723e-01 4.481434524059295654e-01 1.050327420234680176e-01
5.166445970535278320e-01 4.902687370777130127e-01 -4.125574976205825806e-02
4.749138057231903076e-01 5.580468177795410156e-01 -1.152153871953487396e-02
4.721138477325439453e-01 5.588304996490478516e-01 -1.273250952363014221e-02
5.009275674819946289e-01 4.930686652660369873e-01 -3.183963149785995483e-02
4.829142689704895020e-01 4.882166981697082520e-01 -2.127023041248321533e-02
4.995833039283752441e-01 4.896742701530456543e-01 -3.158847615122795105e-02
4.712164998054504395e-01 4.272679984569549561e-01 -8.929837495088577271e-03
4.514507353305816650e-01 4.358639419078826904e-01 -7.611122447997331619e-03
4.780877232551574707e-01 4.686586260795593262e-01 -2.600578032433986664e-02
4.308943450450897217e-01 2.586824297904968262e-01 2.418567799031734467e-02
4.387010037899017334e-01 2.795325815677642822e-01 7.906563580036163330e-03
4.489682018756866455e-01 2.910862863063812256e-01 -5.778286606073379517e-03
4.622514545917510986e-01 5.815893411636352539e-01 -1.099251396954059601e-02
5.017862915992736816e-01 3.014168739318847656e-01 -1.738415285944938660e-02
4.968931078910827637e-01 2.795776128768920898e-01 -9.123322553932666779e-03
4.942353069782257080e-01 2.454667985439300537e-01 -5.952103529125452042e-04
4.363196492195129395e-01 3.834693133831024170e-01 7.202651351690292358e-03
4.051230251789093018e-01 3.968545198440551758e-01 2.053996175527572632e-02
4.873784482479095459e-01 3.815533518791198730e-01 5.873417481780052185e-03
4.233058393001556396e-01 3.496094644069671631e-01 1.241750642657279968e-02
4.936991333961486816e-01 4.090564548969268799e-01 -1.385093107819557190e-02
4.894193112850189209e-01 4.633678495883941650e-01 -4.560079425573348999e-02
3.933413028717041016e-01 4.076783657073974609e-01 3.102313913404941559e-02
4.122740030288696289e-01 4.091759026050567627e-01 1.012854557484388351e-02
4.275008738040924072e-01 4.167580604553222656e-01 7.301123696379363537e-04
4.508832991123199463e-01 4.162588119506835938e-01 -2.133686561137437820e-03
4.683997631072998047e-01 4.109145700931549072e-01 -2.879780484363436699e-03
4.822731018066406250e-01 4.040066301822662354e-01 -4.189231432974338531e-03
5.118738412857055664e-01 3.889049887657165527e-01 -2.224580012261867523e-02
3.938861787319183350e-01 4.428536295890808105e-01 2.603678405284881592e-02
4.136257767677307129e-01 3.458938002586364746e-01 1.738620176911354065e-02
5.118669867515563965e-01 4.847982525825500488e-01 -5.554112046957015991e-02
4.847667217254638672e-01 4.355546236038208008e-01 -1.671707816421985626e-02
3.766822218894958496e-01 3.748899698257446289e-01 1.004708483815193176e-01
4.932767748832702637e-01 3.955937623977661133e-01 -4.457524977624416351e-03
4.763093590736389160e-01 4.698239266872406006e-01 -1.494810450822114944e-02
4.288419485092163086e-01 3.646852970123291016e-01 1.563502103090286255e-02
4.891057312488555908e-01 4.530031681060791016e-01 -4.104225337505340576e-02
3.774403929710388184e-01 4.890079498291015625e-01 9.831681847572326660e-02
4.888178408145904541e-01 3.757540583610534668e-01 8.933876641094684601e-03
4.998669028282165527e-01 4.440217614173889160e-01 -5.080340430140495300e-02
4.095323979854583740e-01 5.774030685424804688e-01 2.954293601214885712e-02
4.058837890625000000e-01 5.967670083045959473e-01 4.787679389119148254e-02
3.795980811119079590e-01 4.457017779350280762e-01 6.533394753932952881e-02
3.971644043922424316e-01 5.526170730590820312e-01 4.202664270997047424e-02
3.929189443588256836e-01 3.439148664474487305e-01 5.485488846898078918e-02
4.529057145118713379e-01 6.384819746017456055e-01 -2.427307772450149059e-04
5.121850967407226562e-01 4.890953600406646729e-01 -4.080441594123840332e-02
4.732054471969604492e-01 4.467668533325195312e-01 -1.390796992927789688e-02
3.962301313877105713e-01 3.746158480644226074e-01 3.722150623798370361e-02
4.480014741420745850e-01 3.792351484298706055e-01 4.502137191593647003e-03
4.577310979366302490e-01 3.821893334388732910e-01 2.541854046285152435e-03
4.664787352085113525e-01 5.614252090454101562e-01 -1.151037029922008514e-02
3.945530652999877930e-01 4.766828119754791260e-01 2.825459651648998260e-02
4.719353616237640381e-01 6.653995513916015625e-01 4.673114046454429626e-03
4.360353052616119385e-01 6.376829743385314941e-01 2.278345264494419098e-02
4.215655922889709473e-01 6.207200884819030762e-01 3.355826810002326965e-02
5.292819738388061523e-01 2.850819826126098633e-01 -8.823853917419910431e-03
4.979457855224609375e-01 6.718263626098632812e-01 3.832628019154071808e-03
4.680235385894775391e-01 3.818750381469726562e-01 3.101120004430413246e-03
4.781408905982971191e-01 3.792967796325683594e-01 5.556916352361440659e-03
4.850319027900695801e-01 3.774965107440948486e-01 8.491748012602329254e-03
4.047394394874572754e-01 3.427981436252593994e-01 2.842923067510128021e-02
4.791072010993957520e-01 3.630025088787078857e-01 4.183054435998201370e-03
4.688751399517059326e-01 3.574603199958801270e-01 1.616048743017017841e-03
4.587211012840270996e-01 3.556796908378601074e-01 1.254001283086836338e-03
4.485047757625579834e-01 3.569878935813903809e-01 3.054697532206773758e-03
4.418249130249023438e-01 3.600750267505645752e-01 5.980385933071374893e-03
3.832666873931884766e-01 3.373403549194335938e-01 8.477963507175445557e-02
4.419268369674682617e-01 3.751558363437652588e-01 7.586010266095399857e-03
5.142297744750976562e-01 5.083177089691162109e-01 -3.162757307291030884e-02
4.759940505027770996e-01 5.117202997207641602e-01 -2.412880025804042816e-02
4.899201095104217529e-01 4.769510924816131592e-01 -3.456319868564605713e-02
4.983346462249755859e-01 5.076197385787963867e-01 -3.193598985671997070e-02
5.242946147918701172e-01 3.649120330810546875e-01 -1.602962426841259003e-02
4.228059947490692139e-01 6.010493636131286621e-01 2.033650688827037811e-02
4.369325041770935059e-01 6.197676658630371094e-01 1.071131788194179535e-02
4.738328456878662109e-01 6.532272100448608398e-01 -9.106700308620929718e-03
3.941982388496398926e-01 5.699245929718017578e-01 6.704778224229812622e-02
4.859955608844757080e-01 3.705825209617614746e-01 7.030881475657224655e-03
5.025662183761596680e-01 4.140571355819702148e-01 -2.837624587118625641e-02
4.996305108070373535e-01 6.595093607902526855e-01 -9.789302013814449310e-03
4.522977173328399658e-01 6.531987190246582031e-01 1.143702026456594467e-02
3.815119862556457520e-01 4.832088947296142578e-01 6.217243522405624390e-02
4.887371659278869629e-01 5.667083859443664551e-01 -1.961106248199939728e-02
4.861336350440979004e-01 5.706639885902404785e-01 -2.137252129614353180e-02
4.833730459213256836e-01 5.766903162002563477e-01 -2.355342544615268707e-02
4.811559021472930908e-01 5.833754539489746094e-01 -2.229255624115467072e-02
4.731638431549072266e-01 5.948603153228759766e-01 -1.461661234498023987e-02
4.724243879318237305e-01 5.460961461067199707e-01 -1.426590513437986374e-02
4.696695208549499512e-01 5.450981855392456055e-01 -1.453429367393255234e-02
4.673358500003814697e-01 5.435066819190979004e-01 -1.467393711209297180e-02
4.546754956245422363e-01 5.336664319038391113e-01 -1.274562720209360123e-02
4.118506908416748047e-01 4.872505962848663330e-01 7.263193838298320770e-03
5.029910206794738770e-01 3.977310359477996826e-01 -1.717274449765682220e-02
4.988610744476318359e-01 3.613445162773132324e-01 2.758312970399856567e-03
4.913269281387329102e-01 3.636347651481628418e-01 5.908823572099208832e-03
4.746522605419158936e-01 5.463884472846984863e-01 -1.321497838944196701e-02
4.065737128257751465e-01 5.283960103988647461e-01 2.257576771080493927e-02
5.099485516548156738e-01 3.605278432369232178e-01 -1.032724138349294662e-02
4.653701484203338623e-01 6.071085929870605469e-01 -9.098405018448829651e-03
5.222669839859008789e-01 4.208589196205139160e-01 -4.728737100958824158e-02
5.118104219436645508e-01 4.063538908958435059e-01 -3.431843593716621399e-02
5.228022933006286621e-01 4.042964279651641846e-01 -3.581853583455085754e-02
4.925773739814758301e-01 4.392477571964263916e-01 -3.028907999396324158e-02
5.013813376426696777e-01 6.423543691635131836e-01 -1.457708515226840973e-02
5.028602480888366699e-01 6.236700415611267090e-01 -1.363377831876277924e-02
4.833980798721313477e-01 6.194107532501220703e-01 -1.300688646733760834e-02
4.417594075202941895e-01 5.715903043746948242e-01 -8.188128704205155373e-04
4.653124511241912842e-01 4.818903803825378418e-01 -1.336857490241527557e-02
4.516007900238037109e-01 5.912361741065979004e-01 -4.763684235513210297e-03
4.392562210559844971e-01 4.754987359046936035e-01 -1.100848708301782608e-02
4.537801146507263184e-01 4.971858263015747070e-01 -1.318000629544258118e-02
4.278410673141479492e-01 5.017791986465454102e-01 -3.917770925909280777e-03
4.778682887554168701e-01 6.367301344871520996e-01 -1.353257056325674057e-02
4.844516217708587646e-01 4.484966397285461426e-01 -2.341756410896778107e-02
4.295968115329742432e-01 5.826329588890075684e-01 8.600649423897266388e-03
4.430532455444335938e-01 6.030877828598022461e-01 2.909267321228981018e-03
4.356332719326019287e-01 5.490078330039978027e-01 -6.066950154490768909e-04
3.959951102733612061e-01 5.059687495231628418e-01 3.159962967038154602e-02
4.198151826858520508e-01 5.494055747985839844e-01 9.198937565088272095e-03
3.864066004753112793e-01 5.188595652580261230e-01 5.625365301966667175e-02
4.436880648136138916e-01 5.184964537620544434e-01 -9.146944619715213776e-03
4.938563108444213867e-01 4.245191812515258789e-01 -2.209693752229213715e-02
4.927616417407989502e-01 4.710565507411956787e-01 -4.797282069921493530e-02
4.850381612777709961e-01 4.753279089927673340e-01 -3.646524250507354736e-02
4.987573623657226562e-01 4.603255689144134521e-01 -5.507642775774002075e-02
4.910143911838531494e-01 3.409942388534545898e-01 -9.709310834296047688e-04
4.726792573928833008e-01 3.262591361999511719e-01 -3.914364147931337357e-03
4.559736251831054688e-01 3.225728869438171387e-01 -4.579487722367048264e-03
4.413281977176666260e-01 3.258130252361297607e-01 -1.518389908596873283e-03
4.302593171596527100e-01 3.342812061309814453e-01 4.281042609363794327e-03
4.194071292877197266e-01 3.680921196937561035e-01 1.957558467984199524e-02
3.795848488807678223e-01 4.100549221038818359e-01 6.462273001670837402e-02
4.256181120872497559e-01 3.938414454460144043e-01 1.008698623627424240e-02
4.371582865715026855e-01 4.001973569393157959e-01 4.267756361514329910e-03
4.530380666255950928e-01 4.021232128143310547e-01 9.096330031752586365e-04
4.687175154685974121e-01 3.997469544410705566e-01 5.894568676012568176e-05
4.814995527267456055e-01 3.947061598300933838e-01 1.408388256095349789e-03
4.906727969646453857e-01 3.896287679672241211e-01 1.619949238374829292e-03
3.748056888580322266e-01 4.109885692596435547e-01 1.064674854278564453e-01
4.845865666866302490e-01 4.803344309329986572e-01 -3.102439269423484802e-02
5.021497011184692383e-01 4.287331700325012207e-01 -3.810229524970054626e-02
5.010596513748168945e-01 4.725119173526763916e-01 -5.598578229546546936e-02
5.060310959815979004e-01 4.816957712173461914e-01 -5.124662443995475769e-02
5.005686879158020020e-01 4.754825532436370850e-01 -5.067726969718933105e-02
4.870347976684570312e-01 4.859557151794433594e-01 -2.703231759369373322e-02
5.082691311836242676e-01 4.833601415157318115e-01 -5.412763729691505432e-02
5.085719823837280273e-01 4.876320064067840576e-01 -4.102309793233871460e-02
4.927712678909301758e-01 3.759450316429138184e-01 7.793998811393976212e-03
4.985173046588897705e-01 3.803868889808654785e-01 1.594931003637611866e-03
5.022576451301574707e-01 3.828112483024597168e-01 -5.898335948586463928e-03
4.378592371940612793e-01 3.626731038093566895e-01 9.392718784511089325e-03
4.300996065139770508e-01 3.516889810562133789e-01 9.505459107458591461e-03
5.314388871192932129e-01 4.246182739734649658e-01 -4.250946268439292908e-02
6.010064482688903809e-01 3.918535113334655762e-01 2.567485347390174866e-02
5.269790291786193848e-01 4.876546561717987061e-01 -3.965490683913230896e-02
6.376388669013977051e-01 3.404419422149658203e-01 8.771590888500213623e-02
5.683627724647521973e-01 4.014670848846435547e-01 1.089209411293268204e-02
5.792369842529296875e-01 4.049484133720397949e-01 1.268199365586042404e-02
5.896501541137695312e-01 4.061064422130584717e-01 1.672687008976936340e-02
6.044497489929199219e-01 3.981925249099731445e-01 2.741755358874797821e-02
5.592427253723144531e-01 3.957502543926239014e-01 1.146951504051685333e-02
5.886986255645751953e-01 3.504401445388793945e-01 9.777404367923736572e-03
5.754344463348388672e-01 3.515208363533020020e-01 8.741583675146102905e-03
6.005296707153320312e-01 3.549824953079223633e-01 1.421726122498512268e-02
6.076812744140625000e-01 3.639863133430480957e-01 1.909332908689975739e-02
6.112136840820312500e-01 4.105303287506103516e-01 3.312498331069946289e-02
5.449367761611938477e-01 6.313526034355163574e-01 1.243881531991064548e-03
6.053285598754882812e-01 3.867854773998260498e-01 2.984742261469364166e-02
6.404873728752136230e-01 4.106664657592773438e-01 8.668065816164016724e-02
6.232659220695495605e-01 3.986959457397460938e-01 4.616349935531616211e-02
5.708521604537963867e-01 4.726779460906982422e-01 -3.256624564528465271e-03
5.274080038070678711e-01 5.288938879966735840e-01 -3.289790451526641846e-02
5.246226787567138672e-01 5.394147634506225586e-01 -2.848176844418048859e-02
5.395774245262145996e-01 5.355347394943237305e-01 -2.509938180446624756e-02
5.466319322586059570e-01 5.434772968292236328e-01 -1.588823646306991577e-02
5.340554714202880859e-01 5.423146486282348633e-01 -2.290219254791736603e-02
5.405682325363159180e-01 5.471293330192565918e-01 -1.446956954896450043e-02
5.561271309852600098e-01 5.805357694625854492e-01 2.249311655759811401e-03
5.281431674957275391e-01 4.781764447689056396e-01 -5.938258394598960876e-02
5.312314033508300781e-01 4.621970057487487793e-01 -6.209687516093254089e-02
6.218931674957275391e-01 3.477533459663391113e-01 2.555830031633377075e-02
5.518074631690979004e-01 4.279655516147613525e-01 -4.316535778343677521e-03
5.514930486679077148e-01 4.787742793560028076e-01 -2.927146665751934052e-02
5.527425408363342285e-01 4.702712595462799072e-01 -2.552478387951850891e-02
6.024776101112365723e-01 4.756816029548645020e-01 1.390189491212368011e-02
5.316229462623596191e-01 4.419171810150146484e-01 -5.426026880741119385e-02
5.999156236648559570e-01 3.239223957061767578e-01 4.576367791742086411e-03
6.136423349380493164e-01 3.322738409042358398e-01 1.468414254486560822e-02
6.308097243309020996e-01 3.100829720497131348e-01 6.582038104534149170e-02
5.507559180259704590e-01 3.358379602432250977e-01 -9.677618741989135742e-03
5.635636448860168457e-01 3.588688969612121582e-01 1.091072149574756622e-02
5.650118589401245117e-01 5.647993087768554688e-01 5.889878142625093460e-03
6.164984703063964844e-01 5.635676383972167969e-01 1.081282272934913635e-01
5.418320894241333008e-01 4.869803786277770996e-01 -2.631407231092453003e-02
5.329996347427368164e-01 4.907041490077972412e-01 -2.876866795122623444e-02
5.521582961082458496e-01 5.610949993133544922e-01 3.524648491293191910e-03
5.489277839660644531e-01 5.602444410324096680e-01 -2.311664138687774539e-04
6.192851066589355469e-01 3.225274085998535156e-01 2.117357216775417328e-02
5.505146980285644531e-01 4.866782724857330322e-01 -2.351848222315311432e-02
5.800886750221252441e-01 3.237234950065612793e-01 -3.870537271723151207e-03
5.827662944793701172e-01 3.109629750251770020e-01 -5.265791434794664383e-03
5.935273766517639160e-01 2.666029334068298340e-01 1.995483040809631348e-02
6.248784661293029785e-01 3.215022683143615723e-01 4.012613743543624878e-02
5.870722532272338867e-01 2.924333214759826660e-01 6.581691093742847443e-03
6.277720332145690918e-01 3.423483967781066895e-01 3.631733730435371399e-02
6.323386430740356445e-01 3.467451930046081543e-01 5.998763442039489746e-02
5.263842940330505371e-01 5.347471237182617188e-01 -3.195101395249366760e-02
5.368665456771850586e-01 5.394763350486755371e-01 -2.456618845462799072e-02
5.438216924667358398e-01 5.456079244613647461e-01 -1.622048206627368927e-02
5.387773513793945312e-01 4.897659122943878174e-01 -2.431209012866020203e-02
5.504885911941528320e-01 5.607586503028869629e-01 1.442373497411608696e-03
5.471767187118530273e-01 5.686825513839721680e-01 -5.446322262287139893e-03
5.473279953002929688e-01 5.597324371337890625e-01 -5.933099309913814068e-04
5.384540557861328125e-01 4.800553023815155029e-01 -4.153333976864814758e-02
5.378747582435607910e-01 5.474355220794677734e-01 -1.282530091702938080e-02
5.315060615539550781e-01 5.435555577278137207e-01 -1.866567134857177734e-02
5.229774117469787598e-01 5.417802333831787109e-01 -2.356931567192077637e-02
5.195915102958679199e-01 6.090865135192871094e-01 -1.237596292048692703e-02
5.243443846702575684e-01 5.962960720062255859e-01 -2.249980345368385315e-02
5.240979790687561035e-01 5.881435871124267578e-01 -2.387445233762264252e-02
5.230331420898437500e-01 5.796381235122680664e-01 -2.134270220994949341e-02
5.214145779609680176e-01 5.733847022056579590e-01 -1.985681802034378052e-02
5.365434288978576660e-01 5.685199499130249023e-01 -1.003579515963792801e-02
5.394003391265869141e-01 5.716174840927124023e-01 -1.168786454945802689e-02
5.426142215728759766e-01 5.761993527412414551e-01 -1.336424611508846283e-02
5.450741648674011230e-01 5.810428261756896973e-01 -1.142369676381349564e-02
5.568567514419555664e-01 5.324037075042724609e-01 -1.121230889111757278e-02
6.333370208740234375e-01 4.831340312957763672e-01 1.300301402807235718e-01
5.412868857383728027e-01 5.650683045387268066e-01 -4.314352758228778839e-03
5.442960858345031738e-01 5.666511654853820801e-01 -5.526739172637462616e-03
5.295411944389343262e-01 4.968098104000091553e-01 -2.961291745305061340e-02
5.455022454261779785e-01 4.962143898010253906e-01 -1.644245348870754242e-02
5.311938524246215820e-01 4.938682913780212402e-01 -2.944012917578220367e-02
5.623035430908203125e-01 4.393119812011718750e-01 -1.751377749314997345e-05
5.793384909629821777e-01 4.528489112854003906e-01 4.238274414092302322e-03
5.534331202507019043e-01 4.783608615398406982e-01 -1.940310001373291016e-02
6.176223754882812500e-01 2.849689126014709473e-01 4.168050363659858704e-02
6.110737919807434082e-01 3.028553724288940430e-01 2.267733030021190643e-02
6.042764782905578613e-01 3.120354712009429932e-01 7.630413863807916641e-03
5.469994544982910156e-01 5.917615890502929688e-01 -3.530672751367092133e-03
5.559993982315063477e-01 3.143379688262939453e-01 -1.278101745992898941e-02
5.603521466255187988e-01 2.885714471340179443e-01 -3.770308103412389755e-03
5.655679106712341309e-01 2.559568285942077637e-01 5.733193829655647278e-03
5.988118052482604980e-01 4.042841792106628418e-01 2.234492078423500061e-02
6.213242411613464355e-01 4.242377281188964844e-01 3.961685299873352051e-02
5.532183051109313965e-01 3.904723525047302246e-01 1.288335118442773819e-02
6.161885261535644531e-01 3.735353648662567139e-01 2.993306890130043030e-02
5.453147292137145996e-01 4.158890545368194580e-01 -8.493052795529365540e-03
5.464379787445068359e-01 4.709621071815490723e-01 -4.057402536273002625e-02
6.316459774971008301e-01 4.396118819713592529e-01 5.243172496557235718e-02
6.135559082031250000e-01 4.351004362106323242e-01 2.820136770606040955e-02
5.994805097579956055e-01 4.392795264720916748e-01 1.625028811395168304e-02
5.789478421211242676e-01 4.330968856811523438e-01 9.856453165411949158e-03
5.642476081848144531e-01 4.235528111457824707e-01 6.344717927277088165e-03
5.533586740493774414e-01 4.140439927577972412e-01 2.740909112617373466e-03
5.335006117820739746e-01 3.918788731098175049e-01 -2.001711726188659668e-02
6.273444294929504395e-01 4.738360643386840820e-01 4.736761748790740967e-02
6.235139966011047363e-01 3.720602989196777344e-01 3.641233965754508972e-02
5.232324004173278809e-01 4.863312244415283203e-01 -5.442872643470764160e-02
5.500991940498352051e-01 4.440669715404510498e-01 -1.020635385066270828e-02
6.404440402984619141e-01 4.107510447502136230e-01 1.264276951551437378e-01
5.454071760177612305e-01 4.038145542144775391e-01 9.545306675136089325e-04
5.536085367202758789e-01 4.797574579715728760e-01 -8.229454047977924347e-03
6.096111536026000977e-01 3.874326646327972412e-01 3.231662139296531677e-02
5.473331212997436523e-01 4.605935811996459961e-01 -3.587110340595245361e-02
6.270723342895507812e-01 5.221591591835021973e-01 1.221806406974792480e-01
5.536044239997863770e-01 3.846036195755004883e-01 1.623468473553657532e-02
5.400448441505432129e-01 4.492862820625305176e-01 -4.707196727395057678e-02
5.933055877685546875e-01 5.994771718978881836e-01 4.502915218472480774e-02
5.914549231529235840e-01 6.187341213226318359e-01 6.484382599592208862e-02
6.358939409255981445e-01 4.797562360763549805e-01 8.826402574777603149e-02
6.071411371231079102e-01 5.788527727127075195e-01 6.027395650744438171e-02
6.366268396377563477e-01 3.765739798545837402e-01 7.685185223817825317e-02
5.464349985122680664e-01 6.483641862869262695e-01 7.083917967975139618e-03
5.210480093955993652e-01 4.902947545051574707e-01 -4.013484343886375427e-02
5.586209297180175781e-01 4.579910635948181152e-01 -5.976030137389898300e-03
6.311188936233520508e-01 4.039132297039031982e-01 5.824605002999305725e-02
5.898939967155456543e-01 3.963620066642761230e-01 1.796675659716129303e-02
5.804895162582397461e-01 3.958471119403839111e-01 1.443787477910518646e-02
5.497394204139709473e-01 5.709137916564941406e-01 -3.556931624189019203e-03
6.219942569732666016e-01 5.064672827720642090e-01 4.886185377836227417e-02
5.238034129142761230e-01 6.707410812377929688e-01 9.009956382215023041e-03
5.599351525306701660e-01 6.507579088211059570e-01 3.364631161093711853e-02
5.750319957733154297e-01 6.377655267715454102e-01 4.732444137334823608e-02
5.712040066719055176e-01 3.929769396781921387e-01 1.322251092642545700e-02
5.624240636825561523e-01 3.889569640159606934e-01 1.422755885869264603e-02
5.564976930618286133e-01 3.866438269615173340e-01 1.627961918711662292e-02
6.301029920578002930e-01 3.704470694065093994e-01 4.884047061204910278e-02
5.651597976684570312e-01 3.750167191028594971e-01 1.310664787888526917e-02
5.753612518310546875e-01 3.712534904479980469e-01 1.202433928847312927e-02
5.851666927337646484e-01 3.711619973182678223e-01 1.334944739937782288e-02
5.945491790771484375e-01 3.746603727340698242e-01 1.674523577094078064e-02
6.001041531562805176e-01 3.796128630638122559e-01 2.069132961332798004e-02
6.407277584075927734e-01 3.722153604030609131e-01 1.100366488099098206e-01
5.964068174362182617e-01 3.946399390697479248e-01 2.210123278200626373e-02
5.483784675598144531e-01 5.210302472114562988e-01 -1.772215403616428375e-02
5.424816608428955078e-01 4.839511811733245850e-01 -3.018867224454879761e-02
5.294052958488464355e-01 5.117589235305786133e-01 -2.927747927606105804e-02
5.782519578933715820e-01 6.189334988594055176e-01 3.284977376461029053e-02
5.631269812583923340e-01 6.335474252700805664e-01 2.052612043917179108e-02
5.254072546958923340e-01 6.587767004966735840e-01 -5.201924126595258713e-03
6.041516661643981934e-01 5.960336327552795410e-01 8.705676347017288208e-02
5.573421716690063477e-01 3.806988894939422607e-01 1.501465402543544769e-02
5.389578342437744141e-01 4.188679158687591553e-01 -2.475162781774997711e-02
5.435239076614379883e-01 6.624297499656677246e-01 1.937501691281795502e-02
6.294191479682922363e-01 5.158463716506958008e-01 8.419717848300933838e-02
5.300220847129821777e-01 5.714350342750549316e-01 -1.522102672606706619e-02
5.326459407806396484e-01 5.763216018676757812e-01 -1.681533642113208771e-02
5.350162982940673828e-01 5.833318233489990234e-01 -1.875534839928150177e-02
5.364930033683776855e-01 5.910410284996032715e-01 -1.733069680631160736e-02
5.350621938705444336e-01 6.021186113357543945e-01 -9.182332083582878113e-03
5.452461838722229004e-01 5.530419349670410156e-01 -6.883165333420038223e-03
5.482180118560791016e-01 5.526969432830810547e-01 -6.425245665013790131e-03
5.509514808654785156e-01 5.516314506530761719e-01 -6.076069548726081848e-03
5.624743700027465820e-01 5.474510788917541504e-01 -2.455345122143626213e-03
6.067814230918884277e-01 5.124973654747009277e-01 2.469721995294094086e-02
5.393135547637939453e-01 4.026679396629333496e-01 -1.345051173120737076e-02
5.467333793640136719e-01 3.692952990531921387e-01 7.509900722652673721e-03
5.529197454452514648e-01 3.726965487003326416e-01 1.279307715594768524e-02
5.427338480949401855e-01 5.526342391967773438e-01 -5.921178497374057770e-03
6.041712760925292969e-01 5.533823966979980469e-01 3.998430445790290833e-02
5.371449589729309082e-01 3.666235208511352539e-01 -7.363980170339345932e-03
5.403651595115661621e-01 6.155024766921997070e-01 -3.168512601405382156e-03
5.326279997825622559e-01 4.091010093688964844e-01 -3.240390494465827942e-02
5.444761514663696289e-01 4.460594654083251953e-01 -2.551056258380413055e-02
5.221557617187500000e-01 6.237521767616271973e-01 -1.025561336427927017e-02
5.670424699783325195e-01 5.868745446205139160e-01 9.629211388528347015e-03
5.613319277763366699e-01 4.942474663257598877e-01 -5.118924658745527267e-03
5.551174879074096680e-01 6.033297181129455566e-01 3.457284066826105118e-03
5.855187177658081055e-01 4.945435822010040283e-01 1.772141433320939541e-03
5.693982839584350586e-01 5.120860338211059570e-01 -3.005669685080647469e-03
5.911742448806762695e-01 5.226631760597229004e-01 1.048640534281730652e-02
5.248484611511230469e-01 6.419954299926757812e-01 -9.912290610373020172e-03
5.495388507843017578e-01 4.568587243556976318e-01 -1.746303215622901917e-02
5.759636163711547852e-01 5.999599695205688477e-01 2.045357227325439453e-02
5.609375834465026855e-01 6.165034770965576172e-01 1.201385725289583206e-02
5.765387415885925293e-01 5.667632222175598145e-01 1.203234028071165085e-02
6.162148714065551758e-01 5.344098210334777832e-01 5.116190016269683838e-02
5.900111198425292969e-01 5.704505443572998047e-01 2.379889786243438721e-02
6.205698251724243164e-01 5.491944551467895508e-01 7.721643149852752686e-02
5.747313499450683594e-01 5.352435111999511719e-01 2.657297300174832344e-03
5.442560315132141113e-01 4.311839044094085693e-01 -1.691373437643051147e-02
5.422675013542175293e-01 4.776780903339385986e-01 -4.341315850615501404e-02
5.474799871444702148e-01 4.835425913333892822e-01 -3.126061335206031799e-02
5.395875573158264160e-01 4.658084213733673096e-01 -5.162145197391510010e-02
5.575233697891235352e-01 3.520490527153015137e-01 5.496760830283164978e-03
5.770787000656127930e-01 3.412657380104064941e-01 5.423277150839567184e-03
5.933680534362792969e-01 3.407285511493682861e-01 7.679253816604614258e-03
6.058663129806518555e-01 3.466192483901977539e-01 1.330585684627294540e-02
6.137545108795166016e-01 3.571016192436218262e-01 2.084369771182537079e-02
6.153274774551391602e-01 3.927159905433654785e-01 3.730742260813713074e-02
6.398100256919860840e-01 4.449975788593292236e-01 8.823111653327941895e-02
6.052435636520385742e-01 4.171164035797119141e-01 2.647848427295684814e-02
5.937514305114746094e-01 4.205191731452941895e-01 1.860691048204898834e-02
5.794504880905151367e-01 4.178457856178283691e-01 1.279860641807317734e-02
5.660415291786193848e-01 4.115356802940368652e-01 9.548512287437915802e-03
5.557056069374084473e-01 4.042835533618927002e-01 8.600623346865177155e-03
5.486032962799072266e-01 3.977071940898895264e-01 7.503806147724390030e-03
6.371440887451171875e-01 4.467455148696899414e-01 1.323294490575790405e-01
5.462880730628967285e-01 4.883146286010742188e-01 -2.589379251003265381e-02
5.386694669723510742e-01 4.335268735885620117e-01 -3.438095003366470337e-02
5.354878306388854980e-01 4.771445393562316895e-01 -5.308784171938896179e-02
5.283732414245605469e-01 4.847141504287719727e-01 -4.956188052892684937e-02
5.345494747161865234e-01 4.801507890224456787e-01 -4.769095405936241150e-02
5.425860285758972168e-01 4.929967522621154785e-01 -2.270669117569923401e-02
5.265486836433410645e-01 4.858165681362152100e-01 -5.274257436394691467e-02
5.244343280792236328e-01 4.897096455097198486e-01 -3.987365216016769409e-02
5.495380163192749023e-01 3.842686116695404053e-01 1.394178811460733414e-02
5.434622764587402344e-01 3.874009251594543457e-01 6.277813576161861420e-03
5.398033261299133301e-01 3.896410465240478516e-01 -2.081586979329586029e-03
6.031150817871093750e-01 3.834390938282012939e-01 2.469887398183345795e-02
6.112194657325744629e-01 3.742750287055969238e-01 2.576500549912452698e-02
4.583045244216918945e-01 3.674635291099548340e-01 6.104497238993644714e-03
4.700838923454284668e-01 3.684929907321929932e-01 6.104497238993644714e-03
4.591815471649169922e-01 3.530592918395996094e-01 6.104497238993644714e-03
4.463343024253845215e-01 3.664376139640808105e-01 6.104497238993644714e-03
4.573517441749572754e-01 3.816778063774108887e-01 6.104497238993644714e-03
5.819083452224731445e-01 3.829880952835083008e-01 1.785144023597240448e-02
5.935789942741394043e-01 3.847555220127105713e-01 1.785144023597240448e-02
5.829154253005981445e-01 3.680710494518280029e-01 1.785144023597240448e-02
5.701951980590820312e-01 3.811397254467010498e-01 1.785144023597240448e-02
5.809428691864013672e-01 3.978587985038757324e-01 1.785144023597240448e-02
