5.044947862625122070e-01 5.384278297424316406e-01 -3.356627002358436584e-02
5.122574567794799805e-01 4.794071316719055176e-01 -6.093126162886619568e-02
5.090467929840087891e-01 4.966599345207214355e-01 -3.240191563963890076e-02
5.062485933303833008e-01 4.230617880821228027e-01 -4.565822333097457886e-02
5.139105916023254395e-01 4.623472690582275391e-01 -6.460521370172500610e-02
5.153059959411621094e-01 4.401836097240447998e-01 -5.966847017407417297e-02
5.179942250251770020e-01 3.868403732776641846e-01 -2.767458558082580566e-02
4.335629045963287354e-01 3.700270950794219971e-01 1.076653692871332169e-02
5.209330320358276367e-01 3.437871336936950684e-01 -1.882730796933174133e-02
5.227300524711608887e-01 3.219443559646606445e-01 -2.047697827219963074e-02
5.276708006858825684e-01 2.489552348852157593e-01 -6.332225631922483444e-03
5.041760206222534180e-01 5.438945889472961426e-01 -3.216391056776046753e-02
5.036866664886474609e-01 5.493086576461791992e-01 -2.843459881842136383e-02
5.033054947853088379e-01 5.531060099601745605e-01 -2.314827032387256622e-02
5.028578042984008789e-01 5.577468872070312500e-01 -2.206976525485515594e-02
5.024071931838989258e-01 5.667730569839477539e-01 -2.380337752401828766e-02
5.016428232192993164e-01 5.776166319847106934e-01 -2.633949369192123413e-02
5.008177757263183594e-01 5.880036354064941406e-01 -2.490431070327758789e-02
4.979632198810577393e-01 6.026012897491455078e-01 -1.430306769907474518e-02
5.109769105911254883e-01 4.881462454795837402e-01 -5.517259240150451660e-02
4.999528527259826660e-01 4.866320192813873291e-01 -4.027749970555305481e-02
3.935198485851287842e-01 3.046595156192779541e-01 6.262078136205673218e-02
4.640384018421173096e-01 3.899846374988555908e-01 8.726080413907766342e-04
4.520331025123596191e-01 3.904896974563598633e-01 8.619374711997807026e-04
4.410380423069000244e-01 3.878179192543029785e-01 3.302312456071376801e-03
4.279747307300567627e-01 3.749109506607055664e-01 1.189376879483461380e-02
4.749934077262878418e-01 3.858979344367980957e-01 3.119288943707942963e-03
4.542239606380462646e-01 3.336300253868103027e-01 -3.272605361416935921e-03
4.673267304897308350e-01 3.376932740211486816e-01 -2.147404244169592857e-03
4.415112137794494629e-01 3.352623581886291504e-01 -4.767105274368077517e-04
4.324949383735656738e-01 3.418267369270324707e-01 3.493382362648844719e-03
4.165071845054626465e-01 3.847955763339996338e-01 1.689338870346546173e-02
4.525847434997558594e-01 6.211338043212890625e-01 -3.624491393566131592e-03
4.300574064254760742e-01 3.637211024761199951e-01 1.423059776425361633e-02
3.815463781356811523e-01 3.748446106910705566e-01 6.566771119832992554e-02
4.044879078865051270e-01 3.698390126228332520e-01 2.789716050028800964e-02
4.533952772617340088e-01 4.585960507392883301e-01 -1.181287132203578949e-02
4.918265640735626221e-01 5.328052043914794922e-01 -3.309008851647377014e-02
4.925416111946105957e-01 5.466388463973999023e-01 -2.774915285408496857e-02
4.789512157440185547e-01 5.364655256271362305e-01 -2.760495990514755249e-02
4.703541994094848633e-01 5.410728454589843750e-01 -2.013501897454261780e-02
4.828788042068481445e-01 5.459836125373840332e-01 -2.421347610652446747e-02
4.751802384853363037e-01 5.466936826705932617e-01 -1.722473278641700745e-02
4.477753639221191406e-01 5.644142031669616699e-01 -3.846368985250592232e-03
5.028488636016845703e-01 4.776990711688995361e-01 -6.045795232057571411e-02
5.028134584426879883e-01 4.611532390117645264e-01 -6.385880708694458008e-02
4.187518358230590820e-01 3.230250775814056396e-01 6.395534612238407135e-03
4.798335433006286621e-01 4.195038676261901855e-01 -1.098598632961511612e-02
4.763949215412139893e-01 4.711833596229553223e-01 -3.417840227484703064e-02
4.758071303367614746e-01 4.622910022735595703e-01 -3.074939921498298645e-02
4.185323715209960938e-01 4.523834586143493652e-01 6.352480704663321376e-05
5.046625733375549316e-01 4.406307041645050049e-01 -5.695030838251113892e-02
4.489532113075256348e-01 3.050023615360260010e-01 -1.067464891821146011e-02
4.319915771484375000e-01 3.104114532470703125e-01 -3.148268209770321846e-03
4.093316197395324707e-01 2.774527966976165771e-01 4.184869304299354553e-02
4.982408285140991211e-01 3.282615542411804199e-01 -1.706679724156856537e-02
4.780584275722503662e-01 3.476003110408782959e-01 1.850905944593250751e-03
4.410392045974731445e-01 5.469289422035217285e-01 -1.851298729889094830e-03
3.801572322845458984e-01 5.329374074935913086e-01 9.240023046731948853e-02
4.839788377285003662e-01 4.815689325332641602e-01 -2.928332239389419556e-02
4.921942651271820068e-01 4.875493347644805908e-01 -2.971398830413818359e-02
4.600270092487335205e-01 5.492166280746459961e-01 -2.563841408118605614e-03
4.628946185111999512e-01 5.492758154869079590e-01 -5.351830273866653442e-03
4.269525706768035889e-01 2.993785440921783447e-01 2.216790104284882545e-03
4.749755859375000000e-01 4.789475500583648682e-01 -2.800272032618522644e-02
4.704131782054901123e-01 3.091512620449066162e-01 -1.544574834406375885e-02
4.703963994979858398e-01 2.959492802619934082e-01 -1.753850281238555908e-02
4.611782431602478027e-01 2.469514757394790649e-01 2.744895173236727715e-03
4.174845516681671143e-01 2.935418188571929932e-01 1.944375783205032349e-02
4.660616219043731689e-01 2.767353057861328125e-01 -7.759628351777791977e-03
4.123416244983673096e-01 3.158966898918151855e-01 1.601867750287055969e-02
4.023534655570983887e-01 3.153427839279174805e-01 3.831332176923751831e-02
4.919418692588806152e-01 5.405293703079223633e-01 -3.176493570208549500e-02
4.809065759181976318e-01 5.416967272758483887e-01 -2.647004276514053345e-02
4.727056324481964111e-01 5.440466403961181641e-01 -1.961830817162990570e-02
4.862149655818939209e-01 4.851334095001220703e-01 -2.667423896491527557e-02
4.615277945995330811e-01 5.493106842041015625e-01 -4.008310846984386444e-03
4.657410681247711182e-01 5.533590912818908691e-01 -1.041622832417488098e-02
4.643788635730743408e-01 5.492725372314453125e-01 -5.597630050033330917e-03
4.901968538761138916e-01 4.759790599346160889e-01 -4.487720876932144165e-02
4.769257009029388428e-01 5.485004782676696777e-01 -1.519346889108419418e-02
4.843387305736541748e-01 5.487160682678222656e-01 -1.956617273390293121e-02
4.931645989418029785e-01 5.503548383712768555e-01 -2.281150594353675842e-02
4.827551543712615967e-01 5.995858907699584961e-01 -1.476361509412527084e-02
4.864624142646789551e-01 5.834960341453552246e-01 -2.512487955391407013e-02
4.881972968578338623e-01 5.733960866928100586e-01 -2.629161626100540161e-02
4.903686940670013428e-01 5.628119111061096191e-01 -2.347776293754577637e-02
4.925955533981323242e-01 5.547677278518676758e-01 -2.172448672354221344e-02
4.766348004341125488e-01 5.505157709121704102e-01 -1.427218783646821976e-02
4.735801219940185547e-01 5.540900230407714844e-01 -1.608496159315109253e-02
4.702636301517486572e-01 5.586689710617065430e-01 -1.799782924354076385e-02
4.673258066177368164e-01 5.637339949607849121e-01 -1.624826155602931976e-02
4.578191041946411133e-01 5.202860236167907715e-01 -1.672707498073577881e-02
3.720780611038208008e-01 4.470004439353942871e-01 1.096353232860565186e-01
5.100496411323547363e-01 4.921310245990753174e-01 -4.025737196207046509e-02
4.711434543132781982e-01 5.497655272483825684e-01 -9.152931161224842072e-03
4.685313403606414795e-01 5.514608621597290039e-01 -1.035044062882661819e-02
4.948420524597167969e-01 4.945292174816131592e-01 -3.041790984570980072e-02
4.776130020618438721e-01 4.894417226314544678e-01 -1.953936927020549774e-02
4.935920834541320801e-01 4.911049902439117432e-01 -3.027511015534400940e-02
4.668420255184173584e-01 4.277855753898620605e-01 -8.246681652963161469e-03
4.470300972461700439e-01 4.364141523838043213e-01 -6.381091661751270294e-03
4.730380177497863770e-01 4.697531163692474365e-01 -2.452752366662025452e-02
4.308988451957702637e-01 2.574202418327331543e-01 2.040753699839115143e-02
4.377826452255249023e-01 2.798426151275634766e-01 4.577103536576032639e-03
4.464847743511199951e-01 2.924538850784301758e-01 -8.585114032030105591e-03
4.564579427242279053e-01 5.778057575225830078e-01 -8.895264938473701477e-03
4.979428052902221680e-01 3.056145310401916504e-01 -2.114919014275074005e-02
4.941990375518798828e-01 2.801364958286285400e-01 -1.394394040107727051e-02
4.923075437545776367e-01 2.449393570423126221e-01 -6.282157730311155319e-03
4.322148859500885010e-01 3.827467858791351318e-01 7.646779995411634445e-03
4.019773602485656738e-01 3.953229784965515137e-01 2.229203097522258759e-02
4.825258553028106689e-01 3.815417289733886719e-01 5.222723819315433502e-03
4.200360774993896484e-01 3.483854234218597412e-01 1.234782580286264420e-02
4.889793395996093750e-01 4.094449877738952637e-01 -1.432178169488906860e-02
4.839231967926025391e-01 4.649938344955444336e-01 -4.483378306031227112e-02
3.904380798339843750e-01 4.071879088878631592e-01 3.356211259961128235e-02
4.090273678302764893e-01 4.083554148674011230e-01 1.199053786695003510e-02
4.238866865634918213e-01 4.166750013828277588e-01 2.300099469721317291e-03
4.466365873813629150e-01 4.164794683456420898e-01 -1.231097499839961529e-03
4.636689722537994385e-01 4.111982285976409912e-01 -2.466678153723478317e-03
4.771745800971984863e-01 4.045709371566772461e-01 -4.389392677694559097e-03
5.066414475440979004e-01 3.893316388130187988e-01 -2.421166934072971344e-02
3.902904689311981201e-01 4.426483511924743652e-01 2.958310768008232117e-02
4.108116030693054199e-01 3.446470201015472412e-01 1.737576723098754883e-02
5.053623914718627930e-01 4.867635369300842285e-01 -5.492034554481506348e-02
4.800432324409484863e-01 4.362591207027435303e-01 -1.609099470078945160e-02
3.755912780761718750e-01 3.729542493820190430e-01 1.023849546909332275e-01
4.879885017871856689e-01 3.966163992881774902e-01 -5.120059009641408920e-03
4.713389873504638672e-01 4.707782566547393799e-01 -1.326885819435119629e-02
4.250286817550659180e-01 3.630926907062530518e-01 1.598178595304489136e-02
4.838157594203948975e-01 4.543855786323547363e-01 -4.044391959905624390e-02
3.741585612297058105e-01 4.885156750679016113e-01 1.040142700076103210e-01
4.837315976619720459e-01 3.756623268127441406e-01 8.200324140489101410e-03
4.941157400608062744e-01 4.454081654548645020e-01 -5.087665095925331116e-02
4.047597646713256836e-01 5.773473978042602539e-01 3.451314195990562439e-02
4.018543362617492676e-01 5.969028472900390625e-01 5.389112979173660278e-02
3.764059543609619141e-01 4.452740252017974854e-01 6.977181881666183472e-02
3.923629522323608398e-01 5.523393154144287109e-01 4.771241545677185059e-02
3.915368318557739258e-01 3.426612913608551025e-01 5.527859553694725037e-02
4.480542838573455811e-01 6.381577253341674805e-01 2.382991835474967957e-03
5.057187676429748535e-01 4.908824861049652100e-01 -3.973483294248580933e-02
4.685457646846771240e-01 4.475283324718475342e-01 -1.273956894874572754e-02
3.934268355369567871e-01 3.722365200519561768e-01 3.862196952104568481e-02
4.436890780925750732e-01 3.788330256938934326e-01 4.673623479902744293e-03
4.533721506595611572e-01 3.817901611328125000e-01 2.529080724343657494e-03
4.630300402641296387e-01 5.555564761161804199e-01 -8.746348321437835693e-03
3.903800845146179199e-01 4.765617549419403076e-01 3.272127360105514526e-02
4.674139320850372314e-01 6.642652153968811035e-01 6.740906275808811188e-03
4.324638843536376953e-01 6.379283666610717773e-01 2.666060999035835266e-02
4.179867506027221680e-01 6.212058067321777344e-01 3.848341107368469238e-02
5.253577828407287598e-01 2.854129672050476074e-01 -1.423057168722152710e-02
4.924264550209045410e-01 6.701490879058837891e-01 5.278550554066896439e-03
4.634938240051269531e-01 3.814121484756469727e-01 2.831186866387724876e-03
4.735471606254577637e-01 3.788894116878509521e-01 5.073097068816423416e-03
4.802387654781341553e-01 3.772683739662170410e-01 7.805144879966974258e-03
4.022475183010101318e-01 3.411514759063720703e-01 2.859197370707988739e-02
4.741646647453308105e-01 3.624957799911499023e-01 3.506864886730909348e-03
4.640681743621826172e-01 3.565388321876525879e-01 1.055548898875713348e-03
4.539437890052795410e-01 3.544855713844299316e-01 8.383088279515504837e-04
4.437486529350280762e-01 3.556137084960937500e-01 2.830121899023652077e-03
4.371083080768585205e-01 3.586817383766174316e-01 6.004947703331708908e-03
3.827906548976898193e-01 3.349447846412658691e-01 8.506424725055694580e-02
4.375652968883514404e-01 3.745081424713134766e-01 7.872374728322029114e-03
5.073782205581665039e-01 5.106396079063415527e-01 -3.008224628865718842e-02
4.701091349124908447e-01 5.125934481620788574e-01 -2.173304185271263123e-02
4.844099283218383789e-01 4.784888327121734619e-01 -3.340574353933334351e-02
4.920212030410766602e-01 5.096653103828430176e-01 -3.026490285992622375e-02
5.191810727119445801e-01 3.657576143741607666e-01 -1.882730424404144287e-02
4.183270633220672607e-01 6.011866331100463867e-01 2.455916255712509155e-02
4.323562085628509521e-01 6.198449730873107910e-01 1.415373012423515320e-02
4.684528112411499023e-01 6.522502303123474121e-01 -7.416086271405220032e-03
3.899353146553039551e-01 5.694792270660400391e-01 7.385738939046859741e-02
4.810011982917785645e-01 3.704401254653930664e-01 6.252696737647056580e-03
4.973374307155609131e-01 4.147130250930786133e-01 -2.920590341091156006e-02
4.935581982135772705e-01 6.580183506011962891e-01 -8.633370511233806610e-03
4.484165608882904053e-01 6.528335213661193848e-01 1.430337503552436829e-02
3.779290318489074707e-01 4.829689860343933105e-01 6.749821454286575317e-02
4.838123619556427002e-01 5.521269440650939941e-01 -1.854182034730911255e-02
4.806171357631683350e-01 5.581100583076477051e-01 -2.054834924638271332e-02
4.776178002357482910e-01 5.657984018325805664e-01 -2.276569604873657227e-02
4.751495420932769775e-01 5.745411515235900879e-01 -2.150521986186504364e-02
4.678747653961181641e-01 5.900775790214538574e-01 -1.355062238872051239e-02
4.689875245094299316e-01 5.479537248611450195e-01 -1.095403358340263367e-02
4.664542376995086670e-01 5.466818213462829590e-01 -1.124641019850969315e-02
4.642431139945983887e-01 5.450943708419799805e-01 -1.143333595246076584e-02
4.476594030857086182e-01 5.320668220520019531e-01 -9.692890569567680359e-03
4.066056013107299805e-01 4.873681366443634033e-01 1.088351849466562271e-02
4.980288445949554443e-01 3.981167078018188477e-01 -1.836787536740303040e-02
4.939927160739898682e-01 3.624502122402191162e-01 1.319795963354408741e-03
4.864338934421539307e-01 3.639160096645355225e-01 4.798016510903835297e-03
4.711454808712005615e-01 5.489564538002014160e-01 -9.768900461494922638e-03
4.011688232421875000e-01 5.281670093536376953e-01 2.711972407996654510e-02
5.048924088478088379e-01 3.627381026744842529e-01 -1.240651030093431473e-02
4.599367082118988037e-01 6.049747467041015625e-01 -7.720204535871744156e-03
5.162265300750732422e-01 4.218495190143585205e-01 -4.864772036671638489e-02
5.062528848648071289e-01 4.070085585117340088e-01 -3.593545034527778625e-02
5.170496106147766113e-01 4.049246609210968018e-01 -3.776759281754493713e-02
4.874595701694488525e-01 4.402533471584320068e-01 -3.003463335335254669e-02
4.950994849205017090e-01 6.406315565109252930e-01 -1.443909760564565659e-02
4.966537356376647949e-01 6.201813220977783203e-01 -1.398781966418027878e-02
4.776314795017242432e-01 6.163477897644042969e-01 -1.288253348320722580e-02
4.359063804149627686e-01 5.701953172683715820e-01 2.174433553591370583e-03
4.599741995334625244e-01 4.826376140117645264e-01 -1.146650221198797226e-02
4.461579322814941406e-01 5.898410081863403320e-01 -2.454264787957072258e-03
4.336556196212768555e-01 4.758657813072204590e-01 -8.893255144357681274e-03
4.477208256721496582e-01 4.974012970924377441e-01 -1.076423283666372299e-02
4.215402007102966309e-01 5.017913579940795898e-01 -9.573425049893558025e-04
4.720219969749450684e-01 6.354715824127197266e-01 -1.278793066740036011e-02
4.795877635478973389e-01 4.494508504867553711e-01 -2.256483025848865509e-02
4.244501590728759766e-01 5.823172926902770996e-01 1.210713479667901993e-02
4.379898011684417725e-01 6.028177142143249512e-01 5.666992627084255219e-03
4.291882216930389404e-01 5.476371645927429199e-01 2.689764136448502541e-03
3.914228975772857666e-01 5.057831406593322754e-01 3.655517101287841797e-02
4.141251146793365479e-01 5.488901138305664062e-01 1.300945412367582321e-02
3.822365701198577881e-01 5.185648202896118164e-01 6.223180145025253296e-02
4.368115365505218506e-01 5.178129673004150391e-01 -6.330289877951145172e-03
4.888982474803924561e-01 4.252171218395233154e-01 -2.214027196168899536e-02
4.870782792568206787e-01 4.727582037448883057e-01 -4.720054194331169128e-02
4.796715676784515381e-01 4.769024252891540527e-01 -3.516963869333267212e-02
4.927978515625000000e-01 4.620697200298309326e-01 -5.486504733562469482e-02
4.865849614143371582e-01 3.426657021045684814e-01 -2.714607631787657738e-03
4.687363505363464355e-01 3.274854719638824463e-01 -5.784472916275262833e-03
4.523506760597229004e-01 3.231862187385559082e-01 -6.167250219732522964e-03
4.379788041114807129e-01 3.258731961250305176e-01 -2.696303417906165123e-03
4.270258545875549316e-01 3.337073922157287598e-01 3.423468675464391708e-03
4.160074293613433838e-01 3.664187788963317871e-01 2.016950026154518127e-02
3.770206272602081299e-01 4.093237817287445068e-01 6.797182559967041016e-02
4.219997823238372803e-01 3.930524289608001709e-01 1.119241118431091309e-02
4.333002269268035889e-01 3.999351561069488525e-01 5.028655286878347397e-03
4.488137364387512207e-01 4.019979238510131836e-01 1.329907565377652645e-03
4.641169905662536621e-01 3.996413648128509521e-01 2.565360628068447113e-04
4.765956103801727295e-01 3.947676122188568115e-01 1.046351506374776363e-03
4.855570793151855469e-01 3.900197744369506836e-01 1.033398555591702461e-03
3.729232549667358398e-01 4.094452857971191406e-01 1.097644567489624023e-01
4.791762232780456543e-01 4.817833006381988525e-01 -2.955419756472110748e-02
4.966194033622741699e-01 4.297379553318023682e-01 -3.848138079047203064e-02
4.949093759059906006e-01 4.744135439395904541e-01 -5.550508946180343628e-02
4.997233748435974121e-01 4.835428595542907715e-01 -5.055035650730133057e-02
4.945149123668670654e-01 4.772728383541107178e-01 -5.001034587621688843e-02
4.816136956214904785e-01 4.873186945915222168e-01 -2.549192123115062714e-02
5.018777847290039062e-01 4.852763414382934570e-01 -5.346557497978210449e-02
5.022166371345520020e-01 4.894008636474609375e-01 -3.998260945081710815e-02
4.877169132232666016e-01 3.761592805385589600e-01 6.954321172088384628e-03
4.933178722858428955e-01 3.811590075492858887e-01 5.524870357476174831e-04
4.969783425331115723e-01 3.842382729053497314e-01 -7.198798004537820816e-03
4.332326054573059082e-01 3.612593114376068115e-01 9.525304660201072693e-03
4.263756275177001953e-01 3.504119515419006348e-01 9.551569819450378418e-03
5.254178047180175781e-01 4.256418049335479736e-01 -4.391949623823165894e-02
5.944033861160278320e-01 3.880564868450164795e-01 2.283551171422004700e-02
5.203379392623901367e-01 4.895424842834472656e-01 -3.896951302886009216e-02
6.323379278182983398e-01 3.384920060634613037e-01 8.170376718044281006e-02
5.622053742408752441e-01 3.998491466045379639e-01 8.781536482274532318e-03
5.730663537979125977e-01 4.025813937187194824e-01 1.035244669765233994e-02
5.834133625030517578e-01 4.035180509090423584e-01 1.421341765671968460e-02
5.978305339813232422e-01 3.951084613800048828e-01 2.465941384434700012e-02
5.531331300735473633e-01 3.949228525161743164e-01 9.380675852298736572e-03
5.824540257453918457e-01 3.497797250747680664e-01 6.652976386249065399e-03
5.691814422607421875e-01 3.511492311954498291e-01 5.697475280612707138e-03
5.941907763481140137e-01 3.539045453071594238e-01 1.092661079019308090e-02
6.010708808898925781e-01 3.623558878898620605e-01 1.577806100249290466e-02
6.050276756286621094e-01 4.086616337299346924e-01 3.066483139991760254e-02
5.387254357337951660e-01 6.308286190032958984e-01 1.978860935196280479e-03
5.986308455467224121e-01 3.830704987049102783e-01 2.684042416512966156e-02
6.352558732032775879e-01 4.091184437274932861e-01 8.384651690721511841e-02
6.175187826156616211e-01 3.977251052856445312e-01 4.322532564401626587e-02
5.652846693992614746e-01 4.744541049003601074e-01 -3.493534633889794350e-03
5.172675848007202148e-01 5.368669629096984863e-01 -3.094077669084072113e-02
5.143254399299621582e-01 5.502805709838867188e-01 -2.573239803314208984e-02
5.285278558731079102e-01 5.442495346069335938e-01 -2.322439104318618774e-02
5.353505015373229980e-01 5.512738227844238281e-01 -1.416837517172098160e-02
5.231749415397644043e-01 5.525619387626647949e-01 -2.036262676119804382e-02
5.298463702201843262e-01 5.555208921432495117e-01 -1.208600401878356934e-02
5.501946210861206055e-01 5.785889625549316406e-01 3.659056033939123154e-03
5.213750600814819336e-01 4.802297651767730713e-01 -5.935607850551605225e-02
5.245901346206665039e-01 4.641108810901641846e-01 -6.256961077451705933e-02
6.156949400901794434e-01 3.495862483978271484e-01 2.088860422372817993e-02
5.463564395904541016e-01 4.287630021572113037e-01 -5.559065379202365875e-03
5.446758270263671875e-01 4.807677865028381348e-01 -2.921994030475616455e-02
5.461367368698120117e-01 4.720926582813262939e-01 -2.564424090087413788e-02
5.978097915649414062e-01 4.774563014507293701e-01 1.347566302865743637e-02
5.252530574798583984e-01 4.433899521827697754e-01 -5.525600910186767578e-02
5.937650203704833984e-01 3.271607756614685059e-01 -2.704879152588546276e-04
6.074448227882385254e-01 3.348708152770996094e-01 9.684154763817787170e-03
6.251547336578369141e-01 3.084178268909454346e-01 5.889565497636795044e-02
5.448558330535888672e-01 3.397896885871887207e-01 -1.345542259514331818e-02
5.573104619979858398e-01 3.586659133434295654e-01 8.224738761782646179e-03
5.597506165504455566e-01 5.639504790306091309e-01 7.371119689196348190e-03
6.121294498443603516e-01 5.632441043853759766e-01 1.104356646537780762e-01
5.351080894470214844e-01 4.889451861381530762e-01 -2.572154998779296875e-02
5.264094471931457520e-01 4.925909340381622314e-01 -2.788583375513553619e-02
5.431752800941467285e-01 5.624999403953552246e-01 5.365545395761728287e-03
5.403566360473632812e-01 5.617160797119140625e-01 1.685909344814717770e-03
6.132416725158691406e-01 3.259335458278656006e-01 1.567579247057437897e-02
5.438171029090881348e-01 4.886635839939117432e-01 -2.314156107604503632e-02
5.738861560821533203e-01 3.275261819362640381e-01 -8.306364528834819794e-03
5.768244862556457520e-01 3.153623938560485840e-01 -1.030026655644178391e-02
5.883905291557312012e-01 2.658910453319549561e-01 1.259716134518384933e-02
6.191976070404052734e-01 3.208183050155639648e-01 3.399683907628059387e-02
5.815539360046386719e-01 2.929020524024963379e-01 3.538274031598120928e-04
6.217280030250549316e-01 3.448249101638793945e-01 3.131312131881713867e-02
6.271508932113647461e-01 3.456079363822937012e-01 5.467418581247329712e-02
5.160126686096191406e-01 5.444641113281250000e-01 -2.960382029414176941e-02
5.258496999740600586e-01 5.488903522491455078e-01 -2.234574407339096069e-02
5.327356457710266113e-01 5.535423755645751953e-01 -1.413864549249410629e-02
5.321282148361206055e-01 4.917792379856109619e-01 -2.367120049893856049e-02
5.417254567146301270e-01 5.621702671051025391e-01 3.336447291076183319e-03
5.376878380775451660e-01 5.653124451637268066e-01 -4.239892587065696716e-03
5.388776659965515137e-01 5.612303614616394043e-01 1.225536921992897987e-03
5.315864086151123047e-01 4.819716215133666992e-01 -4.149233922362327576e-02
5.276770591735839844e-01 5.567134618759155273e-01 -1.034235954284667969e-02
5.211541056632995605e-01 5.547809004783630371e-01 -1.593519933521747589e-02
5.129806399345397949e-01 5.537171959877014160e-01 -2.075366303324699402e-02
5.130358338356018066e-01 6.034932136535644531e-01 -1.279177982360124588e-02
5.148848295211791992e-01 5.885665416717529297e-01 -2.303856797516345978e-02
5.146957039833068848e-01 5.779876112937927246e-01 -2.408677339553833008e-02
5.139811635017395020e-01 5.668554902076721191e-01 -2.131484448909759521e-02
5.127120614051818848e-01 5.582439303398132324e-01 -1.963313668966293335e-02
5.275384187698364258e-01 5.590342879295349121e-01 -9.408626705408096313e-03
5.303214788436889648e-01 5.637094974517822266e-01 -1.126442756503820419e-02
5.330946445465087891e-01 5.694912672042846680e-01 -1.295916642993688583e-02
5.353661775588989258e-01 5.755980610847473145e-01 -1.092190574854612350e-02
5.504050850868225098e-01 5.337457060813903809e-01 -9.918736293911933899e-03
6.285918951034545898e-01 4.818929731845855713e-01 1.295422613620758057e-01
5.324330329895019531e-01 5.598208308219909668e-01 -3.147180890664458275e-03
5.350689291954040527e-01 5.624916553497314453e-01 -4.406366962939500809e-03
5.227524638175964355e-01 4.986344277858734131e-01 -2.856126613914966583e-02
5.388327836990356445e-01 4.982517063617706299e-01 -1.562901772558689117e-02
5.245189070701599121e-01 4.957240223884582520e-01 -2.849254384636878967e-02
5.568303465843200684e-01 4.403738975524902344e-01 -9.888566564768552780e-04
5.741428136825561523e-01 4.542945623397827148e-01 3.310065250843763351e-03
5.468644499778747559e-01 4.801318049430847168e-01 -1.922335103154182434e-02
6.118153333663940430e-01 2.837917804718017578e-01 3.432495519518852234e-02
6.050883531570434570e-01 3.026838302612304688e-01 1.634232699871063232e-02
5.982677936553955078e-01 3.158165216445922852e-01 2.212908817455172539e-03
5.405986905097961426e-01 5.888847112655639648e-01 -2.704200800508260727e-03
5.503478050231933594e-01 3.191104531288146973e-01 -1.740777119994163513e-02
5.555881261825561523e-01 2.889561653137207031e-01 -9.679078124463558197e-03
5.612623095512390137e-01 2.554503679275512695e-01 -1.214180723764002323e-03
5.923805832862854004e-01 4.013634622097015381e-01 1.971199735999107361e-02
6.154798269271850586e-01 4.229989945888519287e-01 3.747226670384407043e-02
5.471143126487731934e-01 3.900797367095947266e-01 1.078853569924831390e-02
6.098016500473022461e-01 3.724350333213806152e-01 2.627813071012496948e-02
5.399237275123596191e-01 4.164653122425079346e-01 -1.000270247459411621e-02
5.396674871444702148e-01 4.729111790657043457e-01 -4.079698771238327026e-02
6.269502043724060059e-01 4.393252134323120117e-01 5.061360821127891541e-02
6.074328422546386719e-01 4.340341389179229736e-01 2.643457241356372833e-02
5.931580066680908203e-01 4.385923147201538086e-01 1.478256192058324814e-02
5.726215839385986328e-01 4.325765073299407959e-01 8.460790850222110748e-03
5.580203533172607422e-01 4.231862425804138184e-01 4.980631172657012939e-03
5.472762584686279297e-01 4.139514565467834473e-01 1.206882181577384472e-03
5.280390381813049316e-01 3.922698199748992920e-01 -2.240103110671043396e-02
6.229946613311767578e-01 4.744552373886108398e-01 4.666107892990112305e-02
6.174939870834350586e-01 3.721214830875396729e-01 3.248362615704536438e-02
5.164815187454223633e-01 4.882949590682983398e-01 -5.403367057442665100e-02
5.442423820495605469e-01 4.452914297580718994e-01 -1.084423437714576721e-02
6.355397105216979980e-01 4.088896811008453369e-01 1.232157796621322632e-01
5.394453406333923340e-01 4.039834439754486084e-01 -7.779969600960612297e-04
5.472566485404968262e-01 4.814929366111755371e-01 -7.840753532946109772e-03
6.029118299484252930e-01 3.843848705291748047e-01 2.925388328731060028e-02
5.407970547676086426e-01 4.623741209506988525e-01 -3.630637004971504211e-02
6.222540140151977539e-01 5.216085314750671387e-01 1.230699270963668823e-01
5.474572181701660156e-01 3.840274810791015625e-01 1.396085321903228760e-02
5.336553454399108887e-01 4.508479535579681396e-01 -4.787494987249374390e-02
5.889610648155212402e-01 6.000181436538696289e-01 4.718222841620445251e-02
5.868523716926574707e-01 6.189109683036804199e-01 6.779349595308303833e-02
6.313819885253906250e-01 4.792577624320983887e-01 8.798784017562866211e-02
6.034327745437622070e-01 5.793383121490478516e-01 6.251892447471618652e-02
6.313525438308715820e-01 3.752154707908630371e-01 7.271064817905426025e-02
5.401976704597473145e-01 6.478349566459655762e-01 8.412621915340423584e-03
5.144078731536865234e-01 4.921668171882629395e-01 -3.919552639126777649e-02
5.527791380882263184e-01 4.594480097293853760e-01 -6.292820442467927933e-03
6.257032155990600586e-01 4.032881557941436768e-01 5.529700964689254761e-02
5.835755467414855957e-01 3.928658962249755859e-01 1.536883972585201263e-02
5.743036866188049316e-01 3.929584622383117676e-01 1.198056060820817947e-02
5.401071906089782715e-01 5.683459043502807617e-01 -2.165997633710503578e-03
6.178385019302368164e-01 5.075522661209106445e-01 4.936509951949119568e-02
5.174711942672729492e-01 6.692003011703491211e-01 1.038992404937744141e-02
5.537118315696716309e-01 6.504274606704711914e-01 3.563867136836051941e-02
5.693749189376831055e-01 6.378018856048583984e-01 4.981957748532295227e-02
5.650773048400878906e-01 3.909212946891784668e-01 1.088716275990009308e-02
5.563187003135681152e-01 3.877427279949188232e-01 1.196065824478864670e-02
5.503827333450317383e-01 3.859431743621826172e-01 1.398205943405628204e-02
6.243183612823486328e-01 3.711508512496948242e-01 4.476524516940116882e-02
5.587595701217651367e-01 3.732649385929107666e-01 1.060995366424322128e-02
5.689187645912170410e-01 3.686398863792419434e-01 9.383685886859893799e-03
5.788499712944030762e-01 3.680330812931060791e-01 1.050083898007869720e-02
5.882066488265991211e-01 3.712373971939086914e-01 1.375076640397310257e-02
5.935986042022705078e-01 3.760558962821960449e-01 1.770732365548610687e-02
6.356790065765380859e-01 3.702828586101531982e-01 1.053177192807197571e-01
5.899286270141601562e-01 3.909065425395965576e-01 1.938753947615623474e-02
5.413761138916015625e-01 5.229631066322326660e-01 -1.648247428238391876e-02
5.356333255767822266e-01 4.859336614608764648e-01 -2.989238314330577850e-02
5.222607851028442383e-01 5.141425728797912598e-01 -2.807386033236980438e-02
5.728526115417480469e-01 6.191338300704956055e-01 3.481977805495262146e-02
5.573258399963378906e-01 6.335629224777221680e-01 2.219455689191818237e-02
5.189499855041503906e-01 6.575470566749572754e-01 -4.109379835426807404e-03
6.000830531120300293e-01 5.958696603775024414e-01 9.007369726896286011e-02
5.510849356651306152e-01 3.797672986984252930e-01 1.258837711066007614e-02
5.332534313201904297e-01 4.196533560752868652e-01 -2.629450522363185883e-02
5.370332002639770508e-01 6.615355014801025391e-01 2.091365493834018707e-02
6.250072121620178223e-01 5.156995654106140137e-01 8.509730547666549683e-02
5.209722518920898438e-01 5.584538578987121582e-01 -1.483094692230224609e-02
5.234885811805725098e-01 5.655258893966674805e-01 -1.675922796130180359e-02
5.255178809165954590e-01 5.742553472518920898e-01 -1.880176551640033722e-02
5.268815755844116211e-01 5.838928222656250000e-01 -1.741513423621654510e-02
5.283523797988891602e-01 5.977520942687988281e-01 -8.994804695248603821e-03
5.350468754768371582e-01 5.584614276885986328e-01 -4.754727240651845932e-03
5.376855731010437012e-01 5.579556226730346680e-01 -4.462937824428081512e-03
5.401027202606201172e-01 5.570197701454162598e-01 -4.265646450221538544e-03
5.568361878395080566e-01 5.479614138603210449e-01 -1.166720991022884846e-03
6.027282476425170898e-01 5.145062208175659180e-01 2.522297762334346771e-02
5.339051485061645508e-01 4.031120836734771729e-01 -1.536739338189363480e-02
5.407471060752868652e-01 3.700815141201019287e-01 5.079578142613172531e-03
5.468031167984008789e-01 3.726115524768829346e-01 1.022512000054121017e-02
5.326294898986816406e-01 5.587810277938842773e-01 -3.691690973937511444e-03
6.003764867782592773e-01 5.548113584518432617e-01 4.139874875545501709e-02
5.316566824913024902e-01 3.683750629425048828e-01 -1.005750801414251328e-02
5.340409278869628906e-01 6.137533187866210938e-01 -2.763273892924189568e-03
5.268823504447937012e-01 4.097597002983093262e-01 -3.439347445964813232e-02
5.383496284484863281e-01 4.474675953388214111e-01 -2.622091025114059448e-02
5.157468318939208984e-01 6.207825541496276855e-01 -1.055827736854553223e-02
5.613448619842529297e-01 5.864806771278381348e-01 1.090689748525619507e-02
5.552686452865600586e-01 4.960300922393798828e-01 -4.704820457845926285e-03
5.488404035568237305e-01 6.024667024612426758e-01 4.374902229756116867e-03
5.807237625122070312e-01 4.965477287769317627e-01 1.797065953724086285e-03
5.638753771781921387e-01 5.138250589370727539e-01 -2.326257526874542236e-03
5.870413184165954590e-01 5.247495174407958984e-01 1.110462471842765808e-02
5.183992981910705566e-01 6.406875848770141602e-01 -9.736956097185611725e-03
5.433339476585388184e-01 4.584172964096069336e-01 -1.781214028596878052e-02
5.704485774040222168e-01 6.001818180084228516e-01 2.197444438934326172e-02
5.549305081367492676e-01 6.164473295211791992e-01 1.322704553604125977e-02
5.715962648391723633e-01 5.670906305313110352e-01 1.330575160682201385e-02
6.122061014175415039e-01 5.355547666549682617e-01 5.245472118258476257e-02
5.855833292007446289e-01 5.714049935340881348e-01 2.515095844864845276e-02
6.165806055068969727e-01 5.493126511573791504e-01 7.905828207731246948e-02
5.699488520622253418e-01 5.367062687873840332e-01 3.575999289751052856e-03
5.385063886642456055e-01 4.321919381618499756e-01 -1.798618957400321960e-02
5.353905558586120605e-01 4.796556532382965088e-01 -4.354191944003105164e-02
5.405943393707275391e-01 4.855899512767791748e-01 -3.097893483936786652e-02
5.329147577285766602e-01 4.676615595817565918e-01 -5.206690728664398193e-02
5.513063669204711914e-01 3.534471988677978516e-01 2.435045083984732628e-03
5.707865357398986816e-01 3.424757719039916992e-01 1.737006707116961479e-03
5.871070027351379395e-01 3.414993584156036377e-01 3.719065571203827858e-03
5.996148586273193359e-01 3.469119071960449219e-01 9.191549383103847504e-03
6.072974205017089844e-01 3.567951619625091553e-01 1.666378416121006012e-02
6.090364456176757812e-01 3.908926844596862793e-01 3.427318483591079712e-02
6.350424289703369141e-01 4.439382553100585938e-01 8.669628202915191650e-02
5.989434719085693359e-01 4.151607751846313477e-01 2.427629567682743073e-02
5.875523090362548828e-01 4.189889132976531982e-01 1.652401313185691833e-02
5.732479691505432129e-01 4.164913296699523926e-01 1.087873149663209915e-02
5.598469376564025879e-01 4.105691909790039062e-01 7.859879173338413239e-03
5.495537519454956055e-01 4.039214253425598145e-01 6.808812730014324188e-03
5.425325036048889160e-01 3.976996839046478271e-01 5.725960712879896164e-03
6.323344707489013672e-01 4.450532793998718262e-01 1.304726004600524902e-01
5.395318269729614258e-01 4.903408885002136230e-01 -2.542958781123161316e-02
5.326241254806518555e-01 4.346991181373596191e-01 -3.549549728631973267e-02
5.286796689033508301e-01 4.790665805339813232e-01 -5.318087339401245117e-02
5.216904878616333008e-01 4.866153299808502197e-01 -4.919004067778587341e-02
5.277270674705505371e-01 4.820453822612762451e-01 -4.761888086795806885e-02
5.359146595001220703e-01 4.950412213802337646e-01 -2.198612317442893982e-02
5.198170542716979980e-01 4.877669215202331543e-01 -5.235601589083671570e-02
5.178005695343017578e-01 4.915931224822998047e-01 -3.906132653355598450e-02
5.434496998786926270e-01 3.841264545917510986e-01 1.178128458559513092e-02
5.374975204467773438e-01 3.877583146095275879e-01 4.269487690180540085e-03
5.340410470962524414e-01 3.901912569999694824e-01 -4.115961492061614990e-03
5.964870452880859375e-01 3.797928988933563232e-01 2.170676738023757935e-02
6.045463085174560547e-01 3.720609843730926514e-01 2.248905412852764130e-02
4.531944692134857178e-01 3.661568760871887207e-01 5.874735303223133087e-03
4.647902250289916992e-01 3.670546114444732666e-01 5.874735303223133087e-03
4.540513157844543457e-01 3.515363335609436035e-01 5.874735303223133087e-03
4.413931369781494141e-01 3.652317225933074951e-01 5.874735303223133087e-03
4.522337317466735840e-01 3.806335031986236572e-01 5.874735303223133087e-03
5.762749910354614258e-01 3.804084956645965576e-01 1.521570701152086258e-02
5.879721641540527344e-01 3.816954195499420166e-01 1.521570701152086258e-02
5.773979425430297852e-01 3.656864166259765625e-01 1.521570701152086258e-02
5.645389556884765625e-01 3.790576159954071045e-01 1.521570701152086258e-02
5.752071142196655273e-01 3.951960504055023193e-01 1.521570701152086258e-02
