5.063725709915161133e-01 5.334316492080688477e-01 -3.362878412008285522e-02
5.134599208831787109e-01 4.711090326309204102e-01 -5.699815973639488220e-02
5.104984641075134277e-01 4.903051853179931641e-01 -3.106189332902431488e-02
5.074745416641235352e-01 4.188069105148315430e-01 -4.150931909680366516e-02
5.149828791618347168e-01 4.544841945171356201e-01 -6.009715422987937927e-02
5.162110924720764160e-01 4.339326918125152588e-01 -5.504992231726646423e-02
5.183649659156799316e-01 3.845040202140808105e-01 -2.399501577019691467e-02
4.297553896903991699e-01 3.721553087234497070e-01 1.231270935386419296e-02
5.205369591712951660e-01 3.433581888675689697e-01 -1.525070145726203918e-02
5.219769477844238281e-01 3.214564323425292969e-01 -1.611615531146526337e-02
5.256556272506713867e-01 2.475245594978332520e-01 -8.362298831343650818e-04
5.060178637504577637e-01 5.387696027755737305e-01 -3.257853537797927856e-02
5.054110884666442871e-01 5.440809130668640137e-01 -2.917552739381790161e-02
5.049082636833190918e-01 5.473537445068359375e-01 -2.441060729324817657e-02
5.043644905090332031e-01 5.593865513801574707e-01 -2.179598622024059296e-02
5.041207075119018555e-01 5.673413872718811035e-01 -2.347670122981071472e-02
5.035206079483032227e-01 5.770680904388427734e-01 -2.558976039290428162e-02
5.027858614921569824e-01 5.863475799560546875e-01 -2.370448410511016846e-02
4.988335967063903809e-01 6.039403676986694336e-01 -1.344998180866241455e-02
5.122902989387512207e-01 4.802850782871246338e-01 -5.183029174804687500e-02
5.023487806320190430e-01 4.801476299762725830e-01 -3.795036301016807556e-02
3.936121761798858643e-01 3.107381463050842285e-01 6.326162070035934448e-02
4.638482928276062012e-01 3.870990276336669922e-01 2.663483144715428352e-03
4.511031210422515869e-01 3.882019519805908203e-01 2.841379493474960327e-03
4.392113685607910156e-01 3.869628310203552246e-01 5.293890368193387985e-03
4.241085648536682129e-01 3.774981200695037842e-01 1.330671459436416626e-02
4.751155078411102295e-01 3.827362954616546631e-01 4.712003748863935471e-03
4.524827003479003906e-01 3.373310565948486328e-01 -6.172163994051516056e-04
4.665346443653106689e-01 3.413113653659820557e-01 4.494995810091495514e-04
4.387464821338653564e-01 3.384619355201721191e-01 2.100473735481500626e-03
4.292235374450683594e-01 3.447706699371337891e-01 5.876641720533370972e-03
4.138524532318115234e-01 3.871469497680664062e-01 1.762323267757892609e-02
4.551697969436645508e-01 6.217916011810302734e-01 -4.559290129691362381e-03
4.256616830825805664e-01 3.690677285194396973e-01 1.560511440038681030e-02
3.836328387260437012e-01 3.805866539478302002e-01 6.400585174560546875e-02
4.039822816848754883e-01 3.743620514869689941e-01 2.827847935259342194e-02
4.568562507629394531e-01 4.584379494190216064e-01 -1.023228187114000320e-02
4.929165840148925781e-01 5.280982851982116699e-01 -3.281335905194282532e-02
4.933600723743438721e-01 5.416965484619140625e-01 -2.839663438498973846e-02
4.788157343864440918e-01 5.314241647720336914e-01 -2.755412831902503967e-02
4.691941142082214355e-01 5.361776351928710938e-01 -2.054271288216114044e-02
4.826309680938720703e-01 5.412000417709350586e-01 -2.492633089423179626e-02
4.740309715270996094e-01 5.422635078430175781e-01 -1.831428334116935730e-02
4.518071413040161133e-01 5.669729709625244141e-01 -5.207994952797889709e-03
5.046461224555969238e-01 4.698325395584106445e-01 -5.643766373395919800e-02
5.044820904731750488e-01 4.539302289485931396e-01 -5.928638949990272522e-02
4.152788519859313965e-01 3.238079547882080078e-01 9.075403213500976562e-03
4.818989932537078857e-01 4.191501736640930176e-01 -8.924519643187522888e-03
4.799653589725494385e-01 4.672906100749969482e-01 -3.162596747279167175e-02
4.791178107261657715e-01 4.592268168926239014e-01 -2.826976031064987183e-02
4.227369427680969238e-01 4.546210169792175293e-01 7.499163621105253696e-04
5.061473250389099121e-01 4.348714947700500488e-01 -5.240312963724136353e-02
4.458596706390380859e-01 3.026755452156066895e-01 -6.784535944461822510e-03
4.282961785793304443e-01 3.097780346870422363e-01 3.593667934183031321e-04
4.097489118576049805e-01 2.827915549278259277e-01 4.441998153924942017e-02
4.975966811180114746e-01 3.228585720062255859e-01 -1.356523856520652771e-02
4.779101908206939697e-01 3.495490849018096924e-01 3.969277720898389816e-03
4.456508755683898926e-01 5.494663715362548828e-01 -3.141614375635981560e-03
3.854999542236328125e-01 5.405048131942749023e-01 8.507635444402694702e-02
4.874401986598968506e-01 4.771580100059509277e-01 -2.736482210457324982e-02
4.950650334358215332e-01 4.826854765415191650e-01 -2.809601649641990662e-02
4.572448730468750000e-01 5.463734269142150879e-01 -4.249223042279481888e-03
4.602825641632080078e-01 5.464527606964111328e-01 -7.011529523879289627e-03
4.238301515579223633e-01 2.992562055587768555e-01 5.785472691059112549e-03
4.786801338195800781e-01 4.756603538990020752e-01 -2.608262747526168823e-02
4.682452976703643799e-01 3.053017854690551758e-01 -1.140040159225463867e-02
4.679810106754302979e-01 2.915496826171875000e-01 -1.282998733222484589e-02
4.612076282501220703e-01 2.487215846776962280e-01 8.147378452122211456e-03
4.195001125335693359e-01 2.988926172256469727e-01 2.266794629395008087e-02
4.672315716743469238e-01 2.785286307334899902e-01 -2.475127112120389938e-03
4.100529253482818604e-01 3.182954192161560059e-01 1.834777556359767914e-02
4.040510654449462891e-01 3.213585615158081055e-01 3.988206014037132263e-02
4.928929507732391357e-01 5.356298685073852539e-01 -3.190147876739501953e-02
4.806934297084808350e-01 5.367941260337829590e-01 -2.682520076632499695e-02
4.715112745761871338e-01 5.394265651702880859e-01 -2.037572115659713745e-02
4.895303249359130859e-01 4.808257222175598145e-01 -2.500013448297977448e-02
4.588089883327484131e-01 5.464652180671691895e-01 -5.691449623554944992e-03
4.636374711990356445e-01 5.521027445793151855e-01 -1.145725511014461517e-02
4.618054032325744629e-01 5.464843511581420898e-01 -7.209209259599447250e-03
4.930312037467956543e-01 4.700005650520324707e-01 -4.169592261314392090e-02
4.758812785148620605e-01 5.440212488174438477e-01 -1.660532876849174500e-02
4.841741621494293213e-01 5.437645316123962402e-01 -2.083608135581016541e-02
4.939553737640380859e-01 5.450302958488464355e-01 -2.397038228809833527e-02
4.842911958694458008e-01 6.012424230575561523e-01 -1.395908463746309280e-02
4.879416823387145996e-01 5.823947191238403320e-01 -2.393490076065063477e-02
4.895717501640319824e-01 5.732649564743041992e-01 -2.537030726671218872e-02
4.915008842945098877e-01 5.636482238769531250e-01 -2.299911342561244965e-02
4.933017194271087646e-01 5.565811991691589355e-01 -2.134212665259838104e-02
4.755888581275939941e-01 5.505850911140441895e-01 -1.455566566437482834e-02
4.727230966091156006e-01 5.539324283599853516e-01 -1.627063564956188202e-02
4.693103432655334473e-01 5.585327744483947754e-01 -1.807150803506374359e-02
4.663815796375274658e-01 5.635321140289306641e-01 -1.643431931734085083e-02
4.615452587604522705e-01 5.195190310478210449e-01 -1.677563227713108063e-02
3.754085600376129150e-01 4.551115334033966064e-01 1.033913865685462952e-01
5.114370584487915039e-01 4.848200976848602295e-01 -3.819873929023742676e-02
4.694056510925292969e-01 5.485318899154663086e-01 -1.010396610945463181e-02
4.666160941123962402e-01 5.501471161842346191e-01 -1.133321598172187805e-02
4.972679913043975830e-01 4.894419014453887939e-01 -2.901262976229190826e-02
4.810270667076110840e-01 4.864343106746673584e-01 -1.850160025060176849e-02
4.962625503540039062e-01 4.861072599887847900e-01 -2.871742844581604004e-02
4.693072736263275146e-01 4.279267191886901855e-01 -6.547859869897365570e-03
4.501390755176544189e-01 4.372389912605285645e-01 -4.898183047771453857e-03
4.765103757381439209e-01 4.671968817710876465e-01 -2.260290086269378662e-02
4.315881729125976562e-01 2.612733840942382812e-01 2.449200488626956940e-02
4.397981166839599609e-01 2.838635444641113281e-01 8.957220241427421570e-03
4.436224997043609619e-01 2.902970910072326660e-01 -4.240900743752717972e-03
4.596691727638244629e-01 5.797451734542846680e-01 -9.566513821482658386e-03
4.968495965003967285e-01 2.997131347656250000e-01 -1.667641103267669678e-02
4.940770864486694336e-01 2.801977396011352539e-01 -8.411468937993049622e-03
4.913054704666137695e-01 2.450085133314132690e-01 -3.903756733052432537e-04
4.292522668838500977e-01 3.831655085086822510e-01 9.407148696482181549e-03
4.003607034683227539e-01 3.977223634719848633e-01 2.257450483739376068e-02
4.826675653457641602e-01 3.779904246330261230e-01 6.718639284372329712e-03
4.168412685394287109e-01 3.511578440666198730e-01 1.410815957933664322e-02
4.906483888626098633e-01 4.086815118789672852e-01 -1.195862051099538803e-02
4.869088828563690186e-01 4.598902165889739990e-01 -4.143815487623214722e-02
3.940211236476898193e-01 4.117695689201354980e-01 3.294306248426437378e-02
4.052398502826690674e-01 4.088366925716400146e-01 1.279279962182044983e-02
4.190708994865417480e-01 4.158463478088378906e-01 3.512004623189568520e-03
4.431655704975128174e-01 4.150955080986022949e-01 1.661317073740065098e-04
4.617056250572204590e-01 4.094700813293457031e-01 -9.822811698541045189e-04
4.760979413986206055e-01 4.023672938346862793e-01 -2.570718061178922653e-03
5.074439644813537598e-01 3.873987793922424316e-01 -2.076118625700473785e-02
3.946305215358734131e-01 4.471499621868133545e-01 2.858429960906505585e-02
4.090075790882110596e-01 3.481503129005432129e-01 1.905787736177444458e-02
5.071169137954711914e-01 4.791873991489410400e-01 -5.151425302028656006e-02
4.822816252708435059e-01 4.349923729896545410e-01 -1.402075029909610748e-02
3.766257166862487793e-01 3.799299299716949463e-01 9.844566136598587036e-02
4.872550368309020996e-01 3.937022387981414795e-01 -3.154951846227049828e-03
4.747207760810852051e-01 4.689197242259979248e-01 -1.216311473399400711e-02
4.208119511604309082e-01 3.666962385177612305e-01 1.716144941747188568e-02
4.865524768829345703e-01 4.503223299980163574e-01 -3.714406862854957581e-02
3.787547349929809570e-01 4.965868890285491943e-01 9.710215032100677490e-02
4.838877916336059570e-01 3.730211257934570312e-01 9.594670496881008148e-03
4.961613416671752930e-01 4.404535591602325439e-01 -4.674125090241432190e-02
4.098556935787200928e-01 5.812064409255981445e-01 3.068320825695991516e-02
4.071144163608551025e-01 6.012473106384277344e-01 4.824844375252723694e-02
3.805561065673828125e-01 4.514031708240509033e-01 6.621312350034713745e-02
3.976678252220153809e-01 5.575543045997619629e-01 4.329707100987434387e-02
3.932298421859741211e-01 3.484256863594055176e-01 5.516565218567848206e-02
4.507211446762084961e-01 6.384380459785461426e-01 6.539474707096815109e-04
5.074954032897949219e-01 4.838417470455169678e-01 -3.765193745493888855e-02
4.714065492153167725e-01 4.468437731266021729e-01 -1.106351055204868317e-02
3.952132761478424072e-01 3.781788647174835205e-01 3.848292306065559387e-02
4.418437480926513672e-01 3.765884637832641602e-01 6.492644082754850388e-03
4.525284171104431152e-01 3.782874643802642822e-01 4.406623076647520065e-03
4.608448743820190430e-01 5.542677640914916992e-01 -9.936272166669368744e-03
3.952934145927429199e-01 4.814209342002868652e-01 3.071571327745914459e-02
4.689254760742187500e-01 6.638697385787963867e-01 4.552163649350404739e-03
4.359127283096313477e-01 6.392545700073242188e-01 2.304013818502426147e-02
4.223003685474395752e-01 6.237674951553344727e-01 3.391787037253379822e-02
5.238722562789916992e-01 2.843303680419921875e-01 -9.080988354980945587e-03
4.930107593536376953e-01 6.694218516349792480e-01 2.962456783279776573e-03
4.631293416023254395e-01 3.777520060539245605e-01 4.552766215056180954e-03
4.734521508216857910e-01 3.753439784049987793e-01 6.560250651091337204e-03
4.802595078945159912e-01 3.739257156848907471e-01 9.190826676785945892e-03
4.024502336978912354e-01 3.466160595417022705e-01 2.963912487030029297e-02
4.745945334434509277e-01 3.720473051071166992e-01 5.410819314420223236e-03
4.642265439033508301e-01 3.731666505336761475e-01 3.147464245557785034e-03
4.535306990146636963e-01 3.728388547897338867e-01 3.099821042269468307e-03
4.423268437385559082e-01 3.715265989303588867e-01 5.033344496041536331e-03
4.344739019870758057e-01 3.705798387527465820e-01 7.903507910668849945e-03
3.830757737159729004e-01 3.413776755332946777e-01 8.328957110643386841e-02
4.347301125526428223e-01 3.743258118629455566e-01 9.517277590930461884e-03
5.087907910346984863e-01 5.050197243690490723e-01 -2.928427234292030334e-02
4.733062386512756348e-01 5.101780891418457031e-01 -2.119664661586284637e-02
4.877975285053253174e-01 4.736647605895996094e-01 -3.108448162674903870e-02
4.943216145038604736e-01 5.050833225250244141e-01 -2.920876629650592804e-02
5.192005038261413574e-01 3.647673428058624268e-01 -1.546970661729574203e-02
4.226504564285278320e-01 6.037809252738952637e-01 2.118122205138206482e-02
4.358181357383728027e-01 6.212126612663269043e-01 1.154121197760105133e-02
4.701708555221557617e-01 6.518386602401733398e-01 -8.434629999101161957e-03
3.954753279685974121e-01 5.757945179939270020e-01 6.717765331268310547e-02
4.810682237148284912e-01 3.719793558120727539e-01 7.903674617409706116e-03
4.988069236278533936e-01 4.123264849185943604e-01 -2.587184868752956390e-02
4.942796826362609863e-01 6.572176814079284668e-01 -9.794875048100948334e-03
4.508942961692810059e-01 6.530963778495788574e-01 1.168838329613208771e-02
3.825444579124450684e-01 4.893385171890258789e-01 6.320840865373611450e-02
4.837048351764678955e-01 5.533450841903686523e-01 -1.839972846210002899e-02
4.808974266052246094e-01 5.587103366851806641e-01 -2.023866586387157440e-02
4.779888391494750977e-01 5.660426616668701172e-01 -2.223307825624942780e-02
4.756250679492950439e-01 5.742312073707580566e-01 -2.094345167279243469e-02
4.701931774616241455e-01 5.917652249336242676e-01 -1.340289972722530365e-02
4.668028354644775391e-01 5.441296696662902832e-01 -1.223591156303882599e-02
4.641628563404083252e-01 5.426977276802062988e-01 -1.243334170430898666e-02
4.619948863983154297e-01 5.409057140350341797e-01 -1.243741624057292938e-02
4.520425796508789062e-01 5.329824090003967285e-01 -1.027029938995838165e-02
4.115976691246032715e-01 4.907729625701904297e-01 1.028956100344657898e-02
4.992455840110778809e-01 3.967700302600860596e-01 -1.554840244352817535e-02
4.947006702423095703e-01 3.596538901329040527e-01 3.475320059806108475e-03
4.871221780776977539e-01 3.623955845832824707e-01 6.642016116529703140e-03
4.690915346145629883e-01 5.451173186302185059e-01 -1.136543415486812592e-02
4.067450761795043945e-01 5.325152277946472168e-01 2.468227222561836243e-02
5.051994323730468750e-01 3.590964078903198242e-01 -9.471045807003974915e-03
4.623225033283233643e-01 6.061474084854125977e-01 -8.040662854909896851e-03
5.169688463211059570e-01 4.171542823314666748e-01 -4.440867528319358826e-02
5.073501467704772949e-01 4.039385616779327393e-01 -3.200228512287139893e-02
5.176448225975036621e-01 4.014377295970916748e-01 -3.377149999141693115e-02
4.896162748336791992e-01 4.374693632125854492e-01 -2.714573405683040619e-02
4.959066212177276611e-01 6.401789188385009766e-01 -1.465482264757156372e-02
4.975256919860839844e-01 6.206476688385009766e-01 -1.369543373584747314e-02
4.791280925273895264e-01 6.171322464942932129e-01 -1.256408821791410446e-02
4.400720000267028809e-01 5.725334286689758301e-01 6.132148555479943752e-04
4.637537002563476562e-01 4.815792143344879150e-01 -1.039593666791915894e-02
4.495037496089935303e-01 5.914916992187500000e-01 -3.497738856822252274e-03
4.380019903182983398e-01 4.768441617488861084e-01 -7.677567657083272934e-03
4.518807530403137207e-01 4.973969161510467529e-01 -1.003117579966783524e-02
4.267814755439758301e-01 5.039994716644287109e-01 -8.764653466641902924e-04
4.737113714218139648e-01 6.354410052299499512e-01 -1.294386573135852814e-02
4.822139441967010498e-01 4.473179280757904053e-01 -2.036868780851364136e-02
4.289145469665527344e-01 5.847319960594177246e-01 9.838158264756202698e-03
4.413506984710693359e-01 6.042421460151672363e-01 3.901697928085923195e-03
4.340764880180358887e-01 5.502494573593139648e-01 1.423844136297702789e-03
3.967331051826477051e-01 5.109335184097290039e-01 3.371823579072952271e-02
4.194554090499877930e-01 5.521454811096191406e-01 1.120339520275592804e-02
3.872582316398620605e-01 5.247806906700134277e-01 5.740498751401901245e-02
4.415456652641296387e-01 5.192503333091735840e-01 -6.285383831709623337e-03
4.907411336898803711e-01 4.234111905097961426e-01 -1.949372515082359314e-02
4.900335371494293213e-01 4.669564962387084961e-01 -4.375117644667625427e-02
4.832259416580200195e-01 4.724428653717041016e-01 -3.272529318928718567e-02
4.951710700988769531e-01 4.557095468044281006e-01 -5.068244785070419312e-02
4.864306449890136719e-01 3.405373692512512207e-01 5.951778803137131035e-05
4.672776758670806885e-01 3.270918130874633789e-01 -2.556378953158855438e-03
4.494460821151733398e-01 3.232877254486083984e-01 -3.001034958288073540e-03
4.342644214630126953e-01 3.266645669937133789e-01 3.451780648902058601e-04
4.231216013431549072e-01 3.350780010223388672e-01 6.144460290670394897e-03
4.135273396968841553e-01 3.700044155120849609e-01 2.102138847112655640e-02
3.802807927131652832e-01 4.152082800865173340e-01 6.532225012779235840e-02
4.185919761657714844e-01 3.941771984100341797e-01 1.225855946540832520e-02
4.303081333637237549e-01 3.998727500438690186e-01 6.485203281044960022e-03
4.467919468879699707e-01 4.008815884590148926e-01 2.989163389429450035e-03
4.632939696311950684e-01 3.978673815727233887e-01 1.847822335548698902e-03
4.764737784862518311e-01 3.923573493957519531e-01 2.666925545781850815e-03
4.857787191867828369e-01 3.871374726295471191e-01 2.675884636119008064e-03
3.750201165676116943e-01 4.169566929340362549e-01 1.044787019491195679e-01
4.828009903430938721e-01 4.778439402580261230e-01 -2.761900052428245544e-02
4.983138442039489746e-01 4.261449575424194336e-01 -3.486447781324386597e-02
4.973354935646057129e-01 4.673399031162261963e-01 -5.163756757974624634e-02
5.020886063575744629e-01 4.766236841678619385e-01 -4.733940958976745605e-02
4.970905780792236328e-01 4.706590175628662109e-01 -4.658293351531028748e-02
4.850065112113952637e-01 4.836117327213287354e-01 -2.402384951710700989e-02
5.039440393447875977e-01 4.779786467552185059e-01 -5.011232942342758179e-02
5.043301582336425781e-01 4.826718270778656006e-01 -3.777369111776351929e-02
4.881828725337982178e-01 3.725855052471160889e-01 8.422018960118293762e-03
4.938991069793701172e-01 3.778108060359954834e-01 2.384280553087592125e-03
4.967489540576934814e-01 3.808426260948181152e-01 -4.945821594446897507e-03
4.295001924037933350e-01 3.697988390922546387e-01 1.115261763334274292e-02
4.225676059722900391e-01 3.534892797470092773e-01 1.143833529204130173e-02
5.257053375244140625e-01 4.207906126976013184e-01 -4.018183052539825439e-02
5.953508019447326660e-01 3.919869065284729004e-01 2.161159925162792206e-02
5.207533836364746094e-01 4.823071062564849854e-01 -3.696577996015548706e-02
6.326636075973510742e-01 3.382743000984191895e-01 7.698329538106918335e-02
5.618979334831237793e-01 3.973813951015472412e-01 8.860890753567218781e-03
5.724093317985534668e-01 4.020592272281646729e-01 1.023378502577543259e-02
5.830302238464355469e-01 4.036102890968322754e-01 1.370139047503471375e-02
5.993216037750244141e-01 3.965043425559997559e-01 2.313078939914703369e-02
5.537576675415039062e-01 3.894981145858764648e-01 9.653558023273944855e-03
5.811201930046081543e-01 3.503562510013580322e-01 6.969361566007137299e-03
5.688452720642089844e-01 3.512014448642730713e-01 6.470883265137672424e-03
5.925202965736389160e-01 3.540763556957244873e-01 1.078293379396200180e-02
5.997874140739440918e-01 3.621544241905212402e-01 1.519297156482934952e-02
6.062847375869750977e-01 4.066020846366882324e-01 2.835531532764434814e-02
5.381399393081665039e-01 6.295179128646850586e-01 -3.724080743268132210e-04
5.997679829597473145e-01 3.892506062984466553e-01 2.529429085552692413e-02
6.355719566345214844e-01 4.090618491172790527e-01 7.773182541131973267e-02
6.186662912368774414e-01 3.930622935295104980e-01 4.002395644783973694e-02
5.637665987014770508e-01 4.705414474010467529e-01 -3.754085628315806389e-03
5.194044709205627441e-01 5.315158367156982422e-01 -3.117647953331470490e-02
5.163028836250305176e-01 5.448678731918334961e-01 -2.681575343012809753e-02
5.308828949928283691e-01 5.379484295845031738e-01 -2.419883944094181061e-02
5.377112030982971191e-01 5.450719594955444336e-01 -1.595683023333549500e-02
5.253040790557861328e-01 5.469448566436767578e-01 -2.195095270872116089e-02
5.319306850433349609e-01 5.501411557197570801e-01 -1.433302462100982666e-02
5.481825470924377441e-01 5.780680775642395020e-01 5.665991338901221752e-04
5.219941735267639160e-01 4.718549251556396484e-01 -5.561828613281250000e-02
5.250021219253540039e-01 4.562956094741821289e-01 -5.831412598490715027e-02
6.153625845909118652e-01 3.414974808692932129e-01 2.008419483900070190e-02
5.458158254623413086e-01 4.261845052242279053e-01 -4.709684289991855621e-03
5.436666607856750488e-01 4.744613766670227051e-01 -2.791860885918140411e-02
5.451764464378356934e-01 4.665586352348327637e-01 -2.442537806928157806e-02
5.953053236007690430e-01 4.740683138370513916e-01 1.125785987824201584e-02
5.255942344665527344e-01 4.370301365852355957e-01 -5.111443251371383667e-02
5.928536653518676758e-01 3.190717697143554688e-01 1.318338443525135517e-03
6.065453290939331055e-01 3.270136713981628418e-01 1.019131392240524292e-02
6.238785982131958008e-01 3.073123097419738770e-01 5.663920938968658447e-02
5.453199148178100586e-01 3.306804001331329346e-01 -1.061123237013816833e-02
5.580700635910034180e-01 3.569572269916534424e-01 8.866476826369762421e-03
5.570418834686279297e-01 5.626221299171447754e-01 3.923960961401462555e-03
6.112163066864013672e-01 5.651178359985351562e-01 9.820414334535598755e-02
5.343580842018127441e-01 4.825564920902252197e-01 -2.486333064734935760e-02
5.262683629989624023e-01 4.863274991512298584e-01 -2.679969370365142822e-02
5.448979735374450684e-01 5.588786602020263672e-01 1.861612312495708466e-03
5.420558452606201172e-01 5.581192970275878906e-01 -1.562483143061399460e-03
6.126382350921630859e-01 3.160105943679809570e-01 1.598974876105785370e-02
5.426534414291381836e-01 4.829028248786926270e-01 -2.242162264883518219e-02
5.735628604888916016e-01 3.190302550792694092e-01 -5.909075960516929626e-03
5.761975646018981934e-01 3.058919906616210938e-01 -7.333402521908283234e-03
5.850445032119750977e-01 2.632526755332946777e-01 1.532639935612678528e-02
6.165031790733337402e-01 3.197256326675415039e-01 3.353399783372879028e-02
5.777943730354309082e-01 2.902825176715850830e-01 3.541480517014861107e-03
6.218074560165405273e-01 3.351200222969055176e-01 2.985565178096294403e-02
6.258713006973266602e-01 3.452275991439819336e-01 5.216576904058456421e-02
5.181325078010559082e-01 5.390244126319885254e-01 -3.024476394057273865e-02
5.281130075454711914e-01 5.430057644844055176e-01 -2.365812100470066071e-02
5.349929332733154297e-01 5.478219389915466309e-01 -1.613340526819229126e-02
5.314790606498718262e-01 4.856125712394714355e-01 -2.282301336526870728e-02
5.434512495994567871e-01 5.585643649101257324e-01 -1.226153108291327953e-05
5.396180152893066406e-01 5.632996559143066406e-01 -6.626403424888849258e-03
5.404937267303466797e-01 5.576915740966796875e-01 -1.906979130581021309e-03
5.314804315567016602e-01 4.744993150234222412e-01 -3.918528556823730469e-02
5.295249819755554199e-01 5.513190031051635742e-01 -1.281160488724708557e-02
5.230513215065002441e-01 5.490434169769287109e-01 -1.803174056112766266e-02
5.147584080696105957e-01 5.479443073272705078e-01 -2.236165665090084076e-02
5.135196447372436523e-01 6.044628620147705078e-01 -1.239950768649578094e-02
5.167134404182434082e-01 5.867744088172912598e-01 -2.226051688194274902e-02
5.164957642555236816e-01 5.772381424903869629e-01 -2.360560372471809387e-02
5.157144069671630859e-01 5.672464966773986816e-01 -2.130656875669956207e-02
5.144217014312744141e-01 5.598233938217163086e-01 -1.968391612172126770e-02
5.293217301368713379e-01 5.587532520294189453e-01 -1.073850691318511963e-02
5.319982171058654785e-01 5.629251599311828613e-01 -1.245998777449131012e-02
5.348632335662841797e-01 5.685207247734069824e-01 -1.403785683214664459e-02
5.371255874633789062e-01 5.743146538734436035e-01 -1.220320351421833038e-02
5.491684079170227051e-01 5.297714471817016602e-01 -1.158115360885858536e-02
6.295145750045776367e-01 4.841831624507904053e-01 1.180737242102622986e-01
5.342143177986145020e-01 5.581123232841491699e-01 -5.422469228506088257e-03
5.369319319725036621e-01 5.605470538139343262e-01 -6.682366598397493362e-03
5.231173038482666016e-01 4.924438893795013428e-01 -2.764748968183994293e-02
5.379163622856140137e-01 4.929109811782836914e-01 -1.554094627499580383e-02
5.246185660362243652e-01 4.894757866859436035e-01 -2.744923718273639679e-02
5.559588670730590820e-01 4.376010298728942871e-01 -8.359625353477895260e-04
5.725377798080444336e-01 4.510789811611175537e-01 2.815153216943144798e-03
5.458027124404907227e-01 4.749693572521209717e-01 -1.860477030277252197e-02
6.091278195381164551e-01 2.817684412002563477e-01 3.456583991646766663e-02
6.014878749847412109e-01 3.008632659912109375e-01 1.775213703513145447e-02
5.974435806274414062e-01 3.065558671951293945e-01 3.983610775321722031e-03
5.394231081008911133e-01 5.884107351303100586e-01 -4.756822250783443451e-03
5.501614809036254883e-01 3.089855313301086426e-01 -1.373642031103372574e-02
5.527074933052062988e-01 2.866217494010925293e-01 -5.286201834678649902e-03
5.582360625267028809e-01 2.530110776424407959e-01 3.269875654950737953e-03
5.929929614067077637e-01 4.019484519958496094e-01 1.863423734903335571e-02
6.165014505386352539e-01 4.188160896301269531e-01 3.426944836974143982e-02
5.486004948616027832e-01 3.830570876598358154e-01 1.109347864985466003e-02
6.097418665885925293e-01 3.695199191570281982e-01 2.473865263164043427e-02
5.395759940147399902e-01 4.139911234378814697e-01 -8.588854223489761353e-03
5.390855073928833008e-01 4.658949375152587891e-01 -3.842781484127044678e-02
6.255288720130920410e-01 4.378328621387481689e-01 4.599917307496070862e-02
6.081446409225463867e-01 4.310050904750823975e-01 2.393843792378902435e-02
5.937027931213378906e-01 4.362869262695312500e-01 1.329809240996837616e-02
5.732171535491943359e-01 4.300237298011779785e-01 7.874703034758567810e-03
5.588200688362121582e-01 4.196615815162658691e-01 4.940886981785297394e-03
5.483471751213073730e-01 4.096535444259643555e-01 1.794200041331350803e-03
5.281156301498413086e-01 3.896611928939819336e-01 -1.935336552560329437e-02
6.209425330162048340e-01 4.725778400897979736e-01 4.165730252861976624e-02
6.177003383636474609e-01 3.664132952690124512e-01 3.042940609157085419e-02
5.174033045768737793e-01 4.803677201271057129e-01 -5.084853991866111755e-02
5.438330769538879395e-01 4.418256282806396484e-01 -1.000885758548974991e-02
6.371524333953857422e-01 4.100950956344604492e-01 1.137937754392623901e-01
5.407385826110839844e-01 3.993275761604309082e-01 2.548768534325063229e-04
5.462480187416076660e-01 4.769812822341918945e-01 -7.926620543003082275e-03
6.043823361396789551e-01 3.856819868087768555e-01 2.740983664989471436e-02
5.402449369430541992e-01 4.563597738742828369e-01 -3.404079005122184753e-02
6.222634315490722656e-01 5.237579941749572754e-01 1.110182553529739380e-01
5.490368008613586426e-01 3.781077265739440918e-01 1.410217303782701492e-02
5.335466265678405762e-01 4.446592628955841064e-01 -4.448148980736732483e-02
5.860417485237121582e-01 5.991524457931518555e-01 4.005242139101028442e-02
5.847286581993103027e-01 6.188853979110717773e-01 5.826141312718391418e-02
6.305878162384033203e-01 4.793199300765991211e-01 7.990343123674392700e-02
6.006262302398681641e-01 5.789913535118103027e-01 5.423254519701004028e-02
6.312025785446166992e-01 3.749478161334991455e-01 6.822061538696289062e-02
5.393372774124145508e-01 6.462435126304626465e-01 5.108705256134271622e-03
5.153987407684326172e-01 4.847675859928131104e-01 -3.725391998887062073e-02
5.518637895584106445e-01 4.559311866760253906e-01 -6.103872321546077728e-03
6.277900934219360352e-01 3.964854478836059570e-01 5.114931240677833557e-02
5.829722285270690918e-01 3.943767547607421875e-01 1.480747293680906296e-02
5.732164382934570312e-01 3.931127488613128662e-01 1.176823768764734268e-02
5.420545935630798340e-01 5.661900043487548828e-01 -4.852498881518840790e-03
6.153811216354370117e-01 5.058041810989379883e-01 4.341297969222068787e-02
5.173711776733398438e-01 6.680328845977783203e-01 7.181775756180286407e-03
5.525086522102355957e-01 6.492487788200378418e-01 2.941806800663471222e-02
5.676723122596740723e-01 6.371214985847473145e-01 4.202745482325553894e-02
5.644514560699462891e-01 3.891912698745727539e-01 1.086825970560312271e-02
5.566688776016235352e-01 3.831980526447296143e-01 1.199070177972316742e-02
5.516809225082397461e-01 3.797154128551483154e-01 1.403594855219125748e-02
6.254478693008422852e-01 3.631625771522521973e-01 4.187538102269172668e-02
5.568360090255737305e-01 3.823448419570922852e-01 1.082347892224788666e-02
5.654920935630798340e-01 3.884762823581695557e-01 9.539227932691574097e-03
5.745707750320434570e-01 3.918896615505218506e-01 1.049572974443435669e-02
5.844159126281738281e-01 3.923549652099609375e-01 1.338782906532287598e-02
5.913156867027282715e-01 3.915396332740783691e-01 1.695088297128677368e-02
6.369566917419433594e-01 3.706839978694915771e-01 9.807579964399337769e-02
5.901045203208923340e-01 3.935185074806213379e-01 1.842061616480350494e-02
5.407556295394897461e-01 5.180537700653076172e-01 -1.721014268696308136e-02
5.350231528282165527e-01 4.791463613510131836e-01 -2.846365980803966522e-02
5.227044820785522461e-01 5.084591507911682129e-01 -2.756057493388652802e-02
5.707403421401977539e-01 6.182113885879516602e-01 2.875461056828498840e-02
5.556910037994384766e-01 6.321517825126647949e-01 1.744856312870979309e-02
5.190734863281250000e-01 6.563456058502197266e-01 -6.028079893440008163e-03
5.983332991600036621e-01 5.969916582107543945e-01 7.884041219949722290e-02
5.515692234039306641e-01 3.787377178668975830e-01 1.281043235212564468e-02
5.331400632858276367e-01 4.160609543323516846e-01 -2.364409714937210083e-02
5.363691449165344238e-01 6.600265502929687500e-01 1.634380780160427094e-02
6.237227916717529297e-01 5.159611105918884277e-01 7.635147124528884888e-02
5.227289199829101562e-01 5.593373179435729980e-01 -1.550313923507928848e-02
5.250995755195617676e-01 5.654753446578979492e-01 -1.726058498024940491e-02
5.271993279457092285e-01 5.735818743705749512e-01 -1.904961280524730682e-02
5.285359025001525879e-01 5.825083851814270020e-01 -1.767060533165931702e-02
5.280228257179260254e-01 5.977926850318908691e-01 -9.818107821047306061e-03
5.371177792549133301e-01 5.538373589515686035e-01 -7.536582183092832565e-03
5.399253964424133301e-01 5.531017780303955078e-01 -7.268797606229782104e-03
5.423846840858459473e-01 5.518047809600830078e-01 -7.034366950392723083e-03
5.547109246253967285e-01 5.450918078422546387e-01 -3.765504341572523117e-03
5.998287200927734375e-01 5.115730762481689453e-01 2.128189057111740112e-02
5.337831377983093262e-01 4.005649983882904053e-01 -1.319288555532693863e-02
5.422859787940979004e-01 3.638296723365783691e-01 6.247727666050195694e-03
5.481789112091064453e-01 3.672805428504943848e-01 1.088831387460231781e-02
5.345865488052368164e-01 5.541666746139526367e-01 -6.615736521780490875e-03
5.970623493194580078e-01 5.530527234077453613e-01 3.540270775556564331e-02
5.323255658149719238e-01 3.624261021614074707e-01 -7.638698443770408630e-03
5.336493253707885742e-01 6.130104064941406250e-01 -4.241584334522485733e-03
5.270304679870605469e-01 4.060457348823547363e-01 -3.080059215426445007e-02
5.381314754486083984e-01 4.429304301738739014e-01 -2.426697872579097748e-02
5.162332057952880859e-01 6.207574605941772461e-01 -1.081950031220912933e-02
5.593417286872863770e-01 5.855385661125183105e-01 7.272060960531234741e-03
5.539302229881286621e-01 4.918176531791687012e-01 -5.236398428678512573e-03
5.476318001747131348e-01 6.015757322311401367e-01 1.752551295794546604e-03
5.783175826072692871e-01 4.925775229930877686e-01 6.023466121405363083e-04
5.621654987335205078e-01 5.099439024925231934e-01 -3.607023973017930984e-03
5.839966535568237305e-01 5.213708877563476562e-01 8.403522893786430359e-03
5.187891721725463867e-01 6.398209333419799805e-01 -1.068525388836860657e-02
5.428574085235595703e-01 4.540262818336486816e-01 -1.676183752715587616e-02
5.682011246681213379e-01 5.990183353424072266e-01 1.719645410776138306e-02
5.534657239913940430e-01 6.151434779167175293e-01 9.565473534166812897e-03
5.687659978866577148e-01 5.654693245887756348e-01 9.514936245977878571e-03
6.094305515289306641e-01 5.341752767562866211e-01 4.568629711866378784e-02
5.823124051094055176e-01 5.695663690567016602e-01 2.035343647003173828e-02
6.146237850189208984e-01 5.495232343673706055e-01 6.995721906423568726e-02
5.674582123756408691e-01 5.336706638336181641e-01 1.250889617949724197e-03
5.382748246192932129e-01 4.286912679672241211e-01 -1.631542481482028961e-02
5.350580215454101562e-01 4.721528589725494385e-01 -4.104218631982803345e-02
5.397241711616516113e-01 4.789098799228668213e-01 -2.963109128177165985e-02
5.327696800231933594e-01 4.600502848625183105e-01 -4.871454834938049316e-02
5.523269176483154297e-01 3.475930988788604736e-01 3.820375306531786919e-03
5.705943703651428223e-01 3.381453752517700195e-01 3.126962808892130852e-03
5.860415101051330566e-01 3.376454710960388184e-01 4.674698226153850555e-03
5.982075929641723633e-01 3.431014120578765869e-01 9.477967396378517151e-03
6.064327955245971680e-01 3.530409336090087891e-01 1.624081656336784363e-02
6.103936433792114258e-01 3.886763751506805420e-01 3.187805414199829102e-02
6.348806023597717285e-01 4.439148306846618652e-01 7.946640253067016602e-02
6.000950336456298828e-01 4.138975739479064941e-01 2.245692163705825806e-02
5.881193876266479492e-01 4.176028072834014893e-01 1.548365689814090729e-02
5.735799670219421387e-01 4.147720336914062500e-01 1.046316139400005341e-02
5.603733062744140625e-01 4.075211584568023682e-01 7.832445204257965088e-03
5.507041215896606445e-01 3.986206948757171631e-01 7.205812260508537292e-03
5.441549420356750488e-01 3.915861248970031738e-01 6.377682555466890335e-03
6.337560415267944336e-01 4.469171762466430664e-01 1.197772026062011719e-01
5.385727882385253906e-01 4.841685593128204346e-01 -2.452361956238746643e-02
5.326358675956726074e-01 4.299346208572387695e-01 -3.260336071252822876e-02
5.287575721740722656e-01 4.709558486938476562e-01 -4.990636929869651794e-02
5.220801830291748047e-01 4.789529740810394287e-01 -4.632958024740219116e-02
5.278558731079101562e-01 4.742829799652099609e-01 -4.479931667447090149e-02
5.350872874259948730e-01 4.892426133155822754e-01 -2.138012833893299103e-02
5.204384922981262207e-01 4.798714518547058105e-01 -4.929153993725776672e-02
5.184831619262695312e-01 4.842920899391174316e-01 -3.708880767226219177e-02
5.452737808227539062e-01 3.766682744026184082e-01 1.221504900604486465e-02
5.392315983772277832e-01 3.813888728618621826e-01 5.324504803866147995e-03
5.352659821510314941e-01 3.852963745594024658e-01 -2.515224972739815712e-03
5.959531068801879883e-01 3.903983235359191895e-01 2.055024541914463043e-02
6.043790578842163086e-01 3.720641434192657471e-01 2.130747027695178986e-02
4.565073847770690918e-01 3.732001483440399170e-01 7.617758121341466904e-03
4.679423570632934570e-01 3.738490641117095947e-01 7.617758121341466904e-03
4.574169218540191650e-01 3.607852756977081299e-01 7.617758121341466904e-03
4.449745118618011475e-01 3.725252449512481689e-01 7.617758121341466904e-03
4.555630981922149658e-01 3.852861821651458740e-01 7.617758121341466904e-03
5.708028078079223633e-01 3.875885605812072754e-01 1.484107039868831635e-02
5.806530714035034180e-01 3.888432681560516357e-01 1.484107039868831635e-02
5.716782808303833008e-01 3.748013377189636230e-01 1.484107039868831635e-02
5.609456896781921387e-01 3.862735629081726074e-01 1.484107039868831635e-02
5.699558258056640625e-01 4.000819027423858643e-01 1.484107039868831635e-02
