4.984108209609985352e-01 5.146437883377075195e-01 -3.953759372234344482e-02
5.041846632957458496e-01 4.580306410789489746e-01 -6.206492707133293152e-02
5.024739503860473633e-01 4.780509769916534424e-01 -3.556940704584121704e-02
4.982495307922363281e-01 4.051726460456848145e-01 -4.261645674705505371e-02
5.055039525032043457e-01 4.408982396125793457e-01 -6.462948769330978394e-02
5.069177150726318359e-01 4.201500117778778076e-01 -5.829682946205139160e-02
5.101230740547180176e-01 3.713442087173461914e-01 -2.207474410533905029e-02
4.296278655529022217e-01 3.619591593742370605e-01 1.926172524690628052e-02
5.129999518394470215e-01 3.283150196075439453e-01 -1.030587311834096909e-02
5.145955681800842285e-01 3.061410784721374512e-01 -1.003122702240943909e-02
5.193910598754882812e-01 2.371252030134201050e-01 9.870185516774654388e-03
4.983218014240264893e-01 5.185496211051940918e-01 -3.883364796638488770e-02
4.982890784740447998e-01 5.225916504859924316e-01 -3.565370291471481323e-02
4.983894228935241699e-01 5.250941514968872070e-01 -3.127922862768173218e-02
4.963853359222412109e-01 5.744467973709106445e-01 -2.681749500334262848e-02
4.963425397872924805e-01 5.791465044021606445e-01 -2.931993827223777771e-02
4.961844682693481445e-01 5.851092934608459473e-01 -3.187710046768188477e-02
4.960294961929321289e-01 5.918563604354858398e-01 -3.002892434597015381e-02
4.941839873790740967e-01 5.999624729156494141e-01 -1.967705599963665009e-02
5.033751726150512695e-01 4.677160382270812988e-01 -5.692901834845542908e-02
4.934166073799133301e-01 4.677798151969909668e-01 -4.213301837444305420e-02
3.911620676517486572e-01 3.032905161380767822e-01 7.827996462583541870e-02
4.587129354476928711e-01 3.786160647869110107e-01 7.441055960953235626e-03
4.471033215522766113e-01 3.793072104454040527e-01 7.843526080250740051e-03
4.364526271820068359e-01 3.774847984313964844e-01 1.073000952601432800e-02
4.235967695713043213e-01 3.677994906902313232e-01 2.012374997138977051e-02
4.694234430789947510e-01 3.747051954269409180e-01 9.451627731323242188e-03
4.489251077175140381e-01 3.243035674095153809e-01 6.341587752103805542e-03
4.618069529533386230e-01 3.279449939727783203e-01 7.016253657639026642e-03
4.362637400627136230e-01 3.263513445854187012e-01 9.361740201711654663e-03
4.273308515548706055e-01 3.335599303245544434e-01 1.327367778867483139e-02
4.121506810188293457e-01 3.778904080390930176e-01 2.459634095430374146e-02
4.487200975418090820e-01 6.147929430007934570e-01 -1.000993419438600540e-02
4.261363744735717773e-01 3.573028147220611572e-01 2.316683344542980194e-02
3.796236813068389893e-01 3.726176023483276367e-01 7.485105842351913452e-02
4.007190465927124023e-01 3.648754954338073730e-01 3.689162060618400574e-02
4.476502239704132080e-01 4.461085498332977295e-01 -1.035736780613660812e-02
4.830876290798187256e-01 5.111112594604492188e-01 -3.810603171586990356e-02
4.846738874912261963e-01 5.214757919311523438e-01 -3.425759077072143555e-02
4.682064354419708252e-01 5.164833068847656250e-01 -3.207760304212570190e-02
4.586321115493774414e-01 5.242021679878234863e-01 -2.383791841566562653e-02
4.732682704925537109e-01 5.238754749298095703e-01 -2.983654290437698364e-02
4.646460115909576416e-01 5.285773873329162598e-01 -2.203074842691421509e-02
4.441422820091247559e-01 5.574928522109985352e-01 -7.430350873619318008e-03
4.949817955493927002e-01 4.568102955818176270e-01 -6.125262379646301270e-02
4.946196973323822021e-01 4.403735399246215820e-01 -6.351622939109802246e-02
4.133725762367248535e-01 3.145557045936584473e-01 1.871652714908123016e-02
4.733929336071014404e-01 4.069208800792694092e-01 -7.187995128333568573e-03
4.697864055633544922e-01 4.544509947299957275e-01 -3.426439687609672546e-02
4.690783917903900146e-01 4.463446140289306641e-01 -3.032516501843929291e-02
4.136407375335693359e-01 4.425002932548522949e-01 2.998252864927053452e-03
4.964981079101562500e-01 4.211475551128387451e-01 -5.517766624689102173e-02
4.422722160816192627e-01 2.936512231826782227e-01 1.875553280115127563e-03
4.258185029029846191e-01 3.001753687858581543e-01 9.738444350659847260e-03
4.059264659881591797e-01 2.739813327789306641e-01 5.951666831970214844e-02
4.908746182918548584e-01 3.140987753868103027e-01 -7.438592147082090378e-03
4.724016487598419189e-01 3.372891843318939209e-01 1.014053169637918472e-02
4.378587007522583008e-01 5.380312800407409668e-01 -4.805015865713357925e-03
3.808814883232116699e-01 5.325846672058105469e-01 8.840902149677276611e-02
4.777072370052337646e-01 4.646134674549102783e-01 -3.034789860248565674e-02
4.860019385814666748e-01 4.702910184860229492e-01 -3.176853805780410767e-02
4.494460225105285645e-01 5.442299246788024902e-01 -5.842163693159818649e-03
4.528477191925048828e-01 5.443391799926757812e-01 -8.778600022196769714e-03
4.210404455661773682e-01 2.901845574378967285e-01 1.617215387523174286e-02
4.687179327011108398e-01 4.631107449531555176e-01 -2.874429710209369659e-02
4.631885290145874023e-01 2.963719367980957031e-01 -4.011583514511585236e-03
4.628243148326873779e-01 2.834477722644805908e-01 -4.931612871587276459e-03
4.548100829124450684e-01 2.385098487138748169e-01 2.122705057263374329e-02
4.130195081233978271e-01 2.866751253604888916e-01 3.516891598701477051e-02
4.591439962387084961e-01 2.655248343944549561e-01 7.983985356986522675e-03
4.074913263320922852e-01 3.089426159858703613e-01 2.919237315654754639e-02
3.989506065845489502e-01 3.105259537696838379e-01 5.269553884863853455e-02
4.834720790386199951e-01 5.165787935256958008e-01 -3.748604655265808105e-02
4.705839455127716064e-01 5.205109715461730957e-01 -3.154855221509933472e-02
4.614539444446563721e-01 5.265195965766906738e-01 -2.391159348189830780e-02
4.800643026828765869e-01 4.683457911014556885e-01 -2.808729931712150574e-02
4.511471390724182129e-01 5.443645715713500977e-01 -7.356844842433929443e-03
4.546471834182739258e-01 5.550131201744079590e-01 -1.359825395047664642e-02
4.543187916278839111e-01 5.442075729370117188e-01 -9.003329090774059296e-03
4.832443594932556152e-01 4.573530256748199463e-01 -4.521415382623672485e-02
4.671459496021270752e-01 5.292305350303649902e-01 -2.062131278216838837e-02
4.755667150020599365e-01 5.254421830177307129e-01 -2.603443898260593414e-02
4.860569834709167480e-01 5.241162776947021484e-01 -3.016459755599498749e-02
4.779534935951232910e-01 5.967421531677246094e-01 -1.956009492278099060e-02
4.794652462005615234e-01 5.876085758209228516e-01 -2.948515117168426514e-02
4.804505407810211182e-01 5.811234712600708008e-01 -3.069797903299331665e-02
4.817985892295837402e-01 5.754710435867309570e-01 -2.796123921871185303e-02
4.834082722663879395e-01 5.713430047035217285e-01 -2.561886981129646301e-02
4.656755030155181885e-01 5.607915520668029785e-01 -1.716316677629947662e-02
4.631258845329284668e-01 5.619316101074218750e-01 -1.924461312592029572e-02
4.599448740482330322e-01 5.640582442283630371e-01 -2.123094163835048676e-02
4.574293196201324463e-01 5.670481920242309570e-01 -1.954214647412300110e-02
4.528111517429351807e-01 5.070686936378479004e-01 -1.913745701313018799e-02
3.723165988922119141e-01 4.478268027305603027e-01 1.122177690267562866e-01
5.029098987579345703e-01 4.725933670997619629e-01 -4.285077005624771118e-02
4.600916206836700439e-01 5.544615983963012695e-01 -1.196851488202810287e-02
4.572999179363250732e-01 5.545107126235961914e-01 -1.343393698334693909e-02
4.884968996047973633e-01 4.770290553569793701e-01 -3.306742385029792786e-02
4.716073870658874512e-01 4.740452766418457031e-01 -2.131127566099166870e-02
4.873290657997131348e-01 4.737218916416168213e-01 -3.259981423616409302e-02
4.605095088481903076e-01 4.157473742961883545e-01 -4.852480255067348480e-03
4.411321282386779785e-01 4.249312281608581543e-01 -2.983836457133293152e-03
4.666122198104858398e-01 4.546067416667938232e-01 -2.465632930397987366e-02
4.261294007301330566e-01 2.515669465065002441e-01 3.891892731189727783e-02
4.321303069591522217e-01 2.708696722984313965e-01 2.061860635876655579e-02
4.397293627262115479e-01 2.817688584327697754e-01 5.155810620635747910e-03
4.519746899604797363e-01 5.722112655639648438e-01 -1.265518646687269211e-02
4.899256825447082520e-01 2.914459109306335449e-01 -9.692631661891937256e-03
4.864874780178070068e-01 2.675747275352478027e-01 9.494267869740724564e-04
4.847683608531951904e-01 2.346511334180831909e-01 1.122485473752021790e-02
4.279409050941467285e-01 3.738042116165161133e-01 1.550503447651863098e-02
3.981170058250427246e-01 3.891151547431945801e-01 2.951353788375854492e-02
4.768989086151123047e-01 3.701898455619812012e-01 1.160800084471702576e-02
4.151061177253723145e-01 3.413209319114685059e-01 2.262856997549533844e-02
4.823140501976013184e-01 3.962708711624145508e-01 -1.004847139120101929e-02
4.767844378948211670e-01 4.468184709548950195e-01 -4.449845477938652039e-02
3.871620595455169678e-01 4.017392992973327637e-01 4.016150906682014465e-02
4.045246839523315430e-01 4.002294540405273438e-01 1.816236600279808044e-02
4.188020229339599609e-01 4.067769646644592285e-01 7.637824397534132004e-03
4.414154291152954102e-01 4.056451022624969482e-01 3.545307321473956108e-03
4.584680199623107910e-01 4.000475406646728516e-01 2.090548863634467125e-03
4.719730019569396973e-01 3.929165303707122803e-01 3.245339321438223124e-04
4.991040229797363281e-01 3.744220435619354248e-01 -1.843339391052722931e-02
3.868202865123748779e-01 4.363599717617034912e-01 3.355244174599647522e-02
4.063218235969543457e-01 3.384949564933776855e-01 2.839706093072891235e-02
4.979752600193023682e-01 4.666017591953277588e-01 -5.643502622842788696e-02
4.733998775482177734e-01 4.224455952644348145e-01 -1.382314786314964294e-02
3.749498128890991211e-01 3.740066289901733398e-01 1.116973161697387695e-01
4.825089871883392334e-01 3.840432465076446533e-01 -2.353943273192271590e-05
4.651409685611724854e-01 4.565723836421966553e-01 -1.359356753528118134e-02
4.203924536705017090e-01 3.568474948406219482e-01 2.500930428504943848e-02
4.766406714916229248e-01 4.371626079082489014e-01 -3.946570679545402527e-02
3.746207952499389648e-01 4.885931313037872314e-01 1.032879203557968140e-01
4.785369634628295898e-01 3.644229769706726074e-01 1.517292764037847519e-02
4.864042401313781738e-01 4.269790649414062500e-01 -4.931620508432388306e-02
4.037134051322937012e-01 5.723571181297302246e-01 2.933745086193084717e-02
4.014196395874023438e-01 5.937656760215759277e-01 4.687898978590965271e-02
3.747034072875976562e-01 4.422692954540252686e-01 7.302352786064147949e-02
3.917376101016998291e-01 5.485465526580810547e-01 4.342240467667579651e-02
3.889248967170715332e-01 3.395167589187622070e-01 6.734193861484527588e-02
4.447375535964965820e-01 6.320154666900634766e-01 -5.630260333418846130e-03
4.987609088420867920e-01 4.715870320796966553e-01 -4.216786101460456848e-02
4.622851610183715820e-01 4.343985915184020996e-01 -1.111184060573577881e-02
3.906019330024719238e-01 3.689895868301391602e-01 4.776814952492713928e-02
4.392798840999603271e-01 3.678299188613891602e-01 1.252060849219560623e-02
4.484862685203552246e-01 3.699995577335357666e-01 1.001326926052570343e-02
4.522037208080291748e-01 5.560080409049987793e-01 -1.208612322807312012e-02
3.874256610870361328e-01 4.704444110393524170e-01 3.375633805990219116e-02
4.641430974006652832e-01 6.592357158660888672e-01 -3.254726529121398926e-03
4.299314022064208984e-01 6.328035593032836914e-01 1.861562021076679230e-02
4.163565635681152344e-01 6.167131662368774414e-01 3.099849633872509003e-02
5.171079635620117188e-01 2.718862295150756836e-01 -5.630073137581348419e-04
4.896704852581024170e-01 6.652967929840087891e-01 -5.832580383867025375e-03
4.582316875457763672e-01 3.696860671043395996e-01 1.004222966730594635e-02
4.679511487483978271e-01 3.676075935363769531e-01 1.208953000605106354e-02
4.747348129749298096e-01 3.661056756973266602e-01 1.483212783932685852e-02
3.985244035720825195e-01 3.367629051208496094e-01 4.006670415401458740e-02
4.690816402435302734e-01 3.538022339344024658e-01 1.151588186621665955e-02
4.592422246932983398e-01 3.492593765258789062e-01 9.584227576851844788e-03
4.494968950748443604e-01 3.477670252323150635e-01 9.764980524778366089e-03
4.396119415760040283e-01 3.492026329040527344e-01 1.199432183057069778e-02
4.330753087997436523e-01 3.523162007331848145e-01 1.510824263095855713e-02
3.812674880027770996e-01 3.350632786750793457e-01 9.786287695169448853e-02
4.334685802459716797e-01 3.649208545684814453e-01 1.605681329965591431e-02
5.014719367027282715e-01 4.921226501464843750e-01 -3.401390835642814636e-02
4.643090367317199707e-01 4.976004958152770996e-01 -2.429723925888538361e-02
4.779143333435058594e-01 4.610487520694732666e-01 -3.401711583137512207e-02
4.859759509563446045e-01 4.920745193958282471e-01 -3.345435857772827148e-02
5.114510655403137207e-01 3.511419892311096191e-01 -1.183842122554779053e-02
4.165155291557312012e-01 5.954581499099731445e-01 1.835537515580654144e-02
4.297970235347747803e-01 6.136177778244018555e-01 6.977961864322423935e-03
4.648179113864898682e-01 6.464847326278686523e-01 -1.628358289599418640e-02
3.904100060462951660e-01 5.681094527244567871e-01 6.784284114837646484e-02
4.757950603961944580e-01 3.600343465805053711e-01 1.376090385019779205e-02
4.899904429912567139e-01 3.991866111755371094e-01 -2.532310970127582550e-02
4.902505874633789062e-01 6.524896621704101562e-01 -1.850866898894309998e-02
4.452344179153442383e-01 6.475380659103393555e-01 5.478588864207267761e-03
3.764534592628479004e-01 4.799655973911285400e-01 6.767768412828445435e-02
4.733860492706298828e-01 5.666025876998901367e-01 -2.186070382595062256e-02
4.707818627357482910e-01 5.692312717437744141e-01 -2.414209581911563873e-02
4.683305919170379639e-01 5.734692811965942383e-01 -2.628391049802303314e-02
4.665579795837402344e-01 5.789151191711425781e-01 -2.502796240150928497e-02
4.628274142742156982e-01 5.860830545425415039e-01 -1.759296655654907227e-02
4.577566087245941162e-01 5.351908802986145020e-01 -1.485360041260719299e-02
4.548150897026062012e-01 5.342291593551635742e-01 -1.479769684374332428e-02
4.523472487926483154e-01 5.327056050300598145e-01 -1.468763127923011780e-02
4.437499046325683594e-01 5.208133459091186523e-01 -1.192223466932773590e-02
4.031299948692321777e-01 4.790462851524353027e-01 1.141480915248394012e-02
4.909407198429107666e-01 3.840541839599609375e-01 -1.332486700266599655e-02
4.878914952278137207e-01 3.503750860691070557e-01 8.570502512156963348e-03
4.808765053749084473e-01 3.527185618877410889e-01 1.241177693009376526e-02
4.601148962974548340e-01 5.350205302238464355e-01 -1.409179531037807465e-02
3.993192911148071289e-01 5.219767093658447266e-01 2.489295601844787598e-02
4.980680346488952637e-01 3.490554988384246826e-01 -5.196674261242151260e-03
4.555100500583648682e-01 5.993156433105468750e-01 -1.277712453156709671e-02
5.080176591873168945e-01 4.034858942031860352e-01 -4.587654769420623779e-02
4.984998106956481934e-01 3.906263113021850586e-01 -3.134991228580474854e-02
5.090093612670898438e-01 3.880657553672790527e-01 -3.340864926576614380e-02
4.803450405597686768e-01 4.243785440921783447e-01 -2.805468440055847168e-02
4.915122687816619873e-01 6.351037025451660156e-01 -2.247975952923297882e-02
4.929544925689697266e-01 6.158379316329956055e-01 -2.062199637293815613e-02
4.731540977954864502e-01 6.116930246353149414e-01 -1.879290305078029633e-02
4.328855872154235840e-01 5.626081824302673340e-01 -1.611694809980690479e-03
4.545646011829376221e-01 4.694555997848510742e-01 -1.178002543747425079e-02
4.423342347145080566e-01 5.831360816955566406e-01 -6.915324833244085312e-03
4.289797246456146240e-01 4.646207094192504883e-01 -7.873327471315860748e-03
4.432022571563720703e-01 4.852714240550994873e-01 -1.133266277611255646e-02
4.183785915374755859e-01 4.919424355030059814e-01 -1.222750404849648476e-03
4.679526686668395996e-01 6.296727657318115234e-01 -1.992822438478469849e-02
4.728300273418426514e-01 4.345572888851165771e-01 -2.129910886287689209e-02
4.220341145992279053e-01 5.754325985908508301e-01 7.382329553365707397e-03
4.347588419914245605e-01 5.960088968276977539e-01 -1.425787777407094836e-04
4.265428781509399414e-01 5.389541387557983398e-01 -5.411351594375446439e-05
3.892588317394256592e-01 5.002870559692382812e-01 3.537951782345771790e-02
4.119862020015716553e-01 5.416681766510009766e-01 1.014989241957664490e-02
3.813553452491760254e-01 5.156078338623046875e-01 5.973264575004577637e-02
4.335482120513916016e-01 5.069428086280822754e-01 -7.491783238947391510e-03
4.819473326206207275e-01 4.106017947196960449e-01 -1.909960433840751648e-02
4.800154566764831543e-01 4.541139006614685059e-01 -4.718139395117759705e-02
4.731482565402984619e-01 4.597342610359191895e-01 -3.580626472830772400e-02
4.851272106170654297e-01 4.424368143081665039e-01 -5.430157110095024109e-02
4.802199602127075195e-01 3.305180668830871582e-01 6.079148501157760620e-03
4.624674618244171143e-01 3.160169124603271484e-01 4.426487255841493607e-03
4.461805224418640137e-01 3.123399615287780762e-01 4.708150867372751236e-03
4.319988191127777100e-01 3.159047961235046387e-01 8.424495346844196320e-03
4.214586913585662842e-01 3.249643445014953613e-01 1.454777643084526062e-02
4.116668701171875000e-01 3.607013821601867676e-01 2.922759391367435455e-02
3.753330707550048828e-01 4.067255258560180664e-01 7.428167015314102173e-02
4.173820614814758301e-01 3.848830461502075195e-01 1.826704852283000946e-02
4.284352064132690430e-01 3.901815712451934814e-01 1.158448215574026108e-02
4.437144398689270020e-01 3.913385272026062012e-01 7.276138756424188614e-03
4.588677883148193359e-01 3.886987566947937012e-01 5.763595923781394958e-03
4.713060557842254639e-01 3.836617171764373779e-01 6.518457084894180298e-03
4.801652729511260986e-01 3.783973455429077148e-01 6.498826202005147934e-03
3.728497028350830078e-01 4.106423556804656982e-01 1.158704608678817749e-01
4.729294776916503906e-01 4.652943313121795654e-01 -3.054791316390037537e-02
4.890257120132446289e-01 4.127419292926788330e-01 -3.582403808832168579e-02
4.874736368656158447e-01 4.544465839862823486e-01 -5.584366619586944580e-02
4.928791522979736328e-01 4.640800058841705322e-01 -5.187488347291946411e-02
4.874870181083679199e-01 4.579679667949676514e-01 -5.058665573596954346e-02
4.754804372787475586e-01 4.711603820323944092e-01 -2.705340087413787842e-02
4.947120547294616699e-01 4.654217064380645752e-01 -5.492204800248146057e-02
4.955085813999176025e-01 4.703746140003204346e-01 -4.211466759443283081e-02
4.822094440460205078e-01 3.645211160182952881e-01 1.348271872848272324e-02
4.876710474491119385e-01 3.689583241939544678e-01 6.536887492984533310e-03
4.909891784191131592e-01 3.710411489009857178e-01 -1.475238241255283356e-03
4.292171299457550049e-01 3.548931181430816650e-01 1.855943165719509125e-02
4.213674068450927734e-01 3.431055545806884766e-01 1.910283975303173065e-02
5.173355937004089355e-01 4.073206782341003418e-01 -4.188776388764381409e-02
5.903326272964477539e-01 3.785690963268280029e-01 2.406956627964973450e-02
5.127894282341003418e-01 4.701045155525207520e-01 -4.159180819988250732e-02
6.301774382591247559e-01 3.310957551002502441e-01 8.521180599927902222e-02
5.577048063278198242e-01 3.881834745407104492e-01 1.060055289417505264e-02
5.686873197555541992e-01 3.917096257209777832e-01 1.165288500487804413e-02
5.792466998100280762e-01 3.927878439426422119e-01 1.507102884352207184e-02
5.941924452781677246e-01 3.850976824760437012e-01 2.516188099980354309e-02
5.484710335731506348e-01 3.822681307792663574e-01 1.197990216314792633e-02
5.779697895050048828e-01 3.375144004821777344e-01 1.024129986763000488e-02
5.645989179611206055e-01 3.384272456169128418e-01 1.011404767632484436e-02
5.899955034255981445e-01 3.420840501785278320e-01 1.384904980659484863e-02
5.973342657089233398e-01 3.509461283683776855e-01 1.813383214175701141e-02
6.016987562179565430e-01 3.974144756793975830e-01 3.006353601813316345e-02
5.365201234817504883e-01 6.235779523849487305e-01 -7.880837656557559967e-03
5.948061347007751465e-01 3.739059567451477051e-01 2.818212844431400299e-02
6.337828636169433594e-01 4.012580811977386475e-01 8.195107430219650269e-02
6.144527196884155273e-01 3.856332600116729736e-01 4.296476766467094421e-02
5.605254173278808594e-01 4.590994119644165039e-01 -7.015341427177190781e-03
5.138434767723083496e-01 5.140250921249389648e-01 -3.730763494968414307e-02
5.117227435111999512e-01 5.242006778717041016e-01 -3.354221582412719727e-02
5.283903479576110840e-01 5.221524238586425781e-01 -3.040953353047370911e-02
5.372495651245117188e-01 5.321899056434631348e-01 -2.154380641877651215e-02
5.228368639945983887e-01 5.287470221519470215e-01 -2.845288068056106567e-02
5.309061408042907715e-01 5.355645418167114258e-01 -2.012472040951251984e-02
5.489113330841064453e-01 5.689240097999572754e-01 -4.593138117343187332e-03
5.133138895034790039e-01 4.589205980300903320e-01 -6.076832115650177002e-02
5.162171125411987305e-01 4.427993893623352051e-01 -6.298072636127471924e-02
6.125006079673767090e-01 3.347195982933044434e-01 2.445682510733604431e-02
5.405263304710388184e-01 4.145203232765197754e-01 -4.976375959813594818e-03
5.383162498474121094e-01 4.622855484485626221e-01 -3.222877159714698792e-02
5.400887131690979004e-01 4.543533623218536377e-01 -2.823039516806602478e-02
5.939854383468627930e-01 4.632234573364257812e-01 8.276508189737796783e-03
5.169635415077209473e-01 4.234049022197723389e-01 -5.447109788656234741e-02
5.890578627586364746e-01 3.103793859481811523e-01 6.170149426907300949e-03
6.035171151161193848e-01 3.190167844295501709e-01 1.491738762706518173e-02
6.212369203567504883e-01 2.991905808448791504e-01 6.566561758518218994e-02
5.385093092918395996e-01 3.225762546062469482e-01 -5.829721223562955856e-03
5.526565313339233398e-01 3.455169200897216797e-01 1.268440298736095428e-02
5.578982830047607422e-01 5.515859127044677734e-01 -1.193230855278670788e-03
6.130907535552978516e-01 5.589988827705383301e-01 9.536357223987579346e-02
5.286942124366760254e-01 4.705556035041809082e-01 -2.901006489992141724e-02
5.196882486343383789e-01 4.742518663406372070e-01 -3.107858262956142426e-02
5.444626808166503906e-01 5.560422539710998535e-01 -2.801934722810983658e-03
5.412050485610961914e-01 5.552520751953125000e-01 -6.078548263758420944e-03
6.097040176391601562e-01 3.089040517807006836e-01 2.147327363491058350e-02
5.379461646080017090e-01 4.709880650043487549e-01 -2.674142457544803619e-02
5.683378577232360840e-01 3.102947175502777100e-01 -1.057336223311722279e-03
5.709676146507263184e-01 2.969750761985778809e-01 -1.963157439604401588e-03
5.811777710914611816e-01 2.535673975944519043e-01 2.489809505641460419e-02
6.139402985572814941e-01 3.091905117034912109e-01 4.081258550286293030e-02
5.738394260406494141e-01 2.786526679992675781e-01 1.125225424766540527e-02
6.189223527908325195e-01 3.291724920272827148e-01 3.514401614665985107e-02
6.233747005462646484e-01 3.357075452804565430e-01 5.901816114783287048e-02
5.130606889724731445e-01 5.195361375808715820e-01 -3.667338937520980835e-02
5.255674123764038086e-01 5.259342789649963379e-01 -3.001881390810012817e-02
5.342245697975158691e-01 5.340771079063415527e-01 -2.185951732099056244e-02
5.257046222686767578e-01 4.736640155315399170e-01 -2.685317024588584900e-02
5.427866578102111816e-01 5.557339787483215332e-01 -4.569914657622575760e-03
5.388658642768859863e-01 5.656126141548156738e-01 -1.126028224825859070e-02
5.397345423698425293e-01 5.546631217002868652e-01 -6.392014212906360626e-03
5.244066119194030762e-01 4.622115194797515869e-01 -4.378650709986686707e-02
5.285478234291076660e-01 5.356708765029907227e-01 -1.880269497632980347e-02
5.205488204956054688e-01 5.298807621002197266e-01 -2.470886893570423126e-02
5.105189085006713867e-01 5.265582799911499023e-01 -2.942790463566780090e-02
5.106664896011352539e-01 6.002103090286254883e-01 -1.892445608973503113e-02
5.123894214630126953e-01 5.918467044830322266e-01 -2.880071662366390228e-02
5.117493867874145508e-01 5.849817395210266113e-01 -3.001151047646999359e-02
5.106458067893981934e-01 5.789525508880615234e-01 -2.725118212401866913e-02
5.091537833213806152e-01 5.744258165359497070e-01 -2.493212372064590454e-02
5.273978114128112793e-01 5.684236288070678711e-01 -1.536395214498043060e-02
5.299896001815795898e-01 5.704249143600463867e-01 -1.745772734284400940e-02
5.330898761749267578e-01 5.735110044479370117e-01 -1.931825280189514160e-02
5.355207324028015137e-01 5.773231983184814453e-01 -1.750460267066955566e-02
5.473921298980712891e-01 5.178160071372985840e-01 -1.644005998969078064e-02
6.299821138381958008e-01 4.775752127170562744e-01 1.198429837822914124e-01
5.333110094070434570e-01 5.635936856269836426e-01 -9.683797135949134827e-03
5.361777544021606445e-01 5.643506646156311035e-01 -1.119470130652189255e-02
5.164541602134704590e-01 4.802692830562591553e-01 -3.232455626130104065e-02
5.333809852600097656e-01 4.810997247695922852e-01 -1.970102638006210327e-02
5.179662704467773438e-01 4.773520827293395996e-01 -3.189516440033912659e-02
5.517204403877258301e-01 4.261191487312316895e-01 -1.904516480863094330e-03
5.695127844810485840e-01 4.396648108959197998e-01 8.449665619991719723e-04
5.413140654563903809e-01 4.630492925643920898e-01 -2.246654406189918518e-02
6.061583757400512695e-01 2.728168964385986328e-01 4.397978261113166809e-02
5.985441207885742188e-01 2.896381914615631104e-01 2.523304149508476257e-02
5.935468077659606934e-01 2.979109883308410645e-01 9.524238295853137970e-03
5.393996238708496094e-01 5.814551115036010742e-01 -1.030992995947599411e-02
5.435839891433715820e-01 3.004009723663330078e-01 -8.076277561485767365e-03
5.473992228507995605e-01 2.746584713459014893e-01 2.723178127780556679e-03
5.532134175300598145e-01 2.429283857345581055e-01 1.317600440233945847e-02
5.884978175163269043e-01 3.909944593906402588e-01 2.024707756936550140e-02
6.123470067977905273e-01 4.112032651901245117e-01 3.547116369009017944e-02
5.422871708869934082e-01 3.768695592880249023e-01 1.384186930954456329e-02
6.065118312835693359e-01 3.604168891906738281e-01 2.819633856415748596e-02
5.334635376930236816e-01 4.020299911499023438e-01 -8.303026668727397919e-03
5.324618816375732422e-01 4.533222317695617676e-01 -4.280257597565650940e-02
6.241108775138854980e-01 4.285817742347717285e-01 4.684693366289138794e-02
6.041972637176513672e-01 4.221534132957458496e-01 2.389537915587425232e-02
5.895819664001464844e-01 4.261966645717620850e-01 1.260335557162761688e-02
5.685322284698486328e-01 4.200741350650787354e-01 7.431141100823879242e-03
5.535153150558471680e-01 4.104980528354644775e-01 5.124617833644151688e-03
5.423465371131896973e-01 4.007657170295715332e-01 2.594884252175688744e-03
5.204084515571594238e-01 3.768380284309387207e-01 -1.770965382456779480e-02
6.204802393913269043e-01 4.629790484905242920e-01 4.025644436478614807e-02
6.144449114799499512e-01 3.589726388454437256e-01 3.431677818298339844e-02
5.088027119636535645e-01 4.678520262241363525e-01 -5.605230852961540222e-02
5.385199189186096191e-01 4.298316240310668945e-01 -1.164154615253210068e-02
6.360417604446411133e-01 4.040276408195495605e-01 1.196067705750465393e-01
5.341029763221740723e-01 3.903233408927917480e-01 1.767751877196133137e-03
5.422345995903015137e-01 4.652758240699768066e-01 -1.127652730792760849e-02
5.995373725891113281e-01 3.744513988494873047e-01 3.034003078937530518e-02
5.339050889015197754e-01 4.437176883220672607e-01 -3.773106262087821960e-02
6.237030625343322754e-01 5.172249078750610352e-01 1.105792075395584106e-01
5.426656603813171387e-01 3.709150552749633789e-01 1.747833937406539917e-02
5.258920192718505859e-01 4.314791262149810791e-01 -4.806783422827720642e-02
5.869255065917968750e-01 5.920626521110534668e-01 3.428939729928970337e-02
5.860552787780761719e-01 6.132955551147460938e-01 5.228884890675544739e-02
6.306166648864746094e-01 4.710887968540191650e-01 8.011598885059356689e-02
6.018362641334533691e-01 5.717883706092834473e-01 4.919914156198501587e-02
6.288589835166931152e-01 3.665651381015777588e-01 7.404682040214538574e-02
5.378893017768859863e-01 6.409978866577148438e-01 -3.274199552834033966e-03
5.070814490318298340e-01 4.725677073001861572e-01 -4.194485768675804138e-02
5.476778745651245117e-01 4.441504776477813721e-01 -8.486759848892688751e-03
6.227760314941406250e-01 3.907759189605712891e-01 5.429657548666000366e-02
5.791764259338378906e-01 3.828328251838684082e-01 1.681869663298130035e-02
5.697608590126037598e-01 3.823803663253784180e-01 1.378689985722303391e-02
5.413012504577636719e-01 5.673283338546752930e-01 -9.629273787140846252e-03
6.158345341682434082e-01 4.965716004371643066e-01 4.030804336071014404e-02
5.153502821922302246e-01 6.639423966407775879e-01 -1.890583196654915810e-03
5.524775981903076172e-01 6.443752050399780273e-01 2.203017100691795349e-02
5.683441758155822754e-01 6.317640542984008789e-01 3.538862615823745728e-02
5.604567527770996094e-01 3.794745802879333496e-01 1.322756707668304443e-02
5.516405105590820312e-01 3.753408193588256836e-01 1.479173172265291214e-02
5.456465482711791992e-01 3.729816973209381104e-01 1.726143807172775269e-02
6.216071844100952148e-01 3.572726249694824219e-01 4.635659605264663696e-02
5.542438030242919922e-01 3.619046211242675781e-01 1.427606958895921707e-02
5.644494295120239258e-01 3.587546944618225098e-01 1.285863947123289108e-02
5.741653442382812500e-01 3.590006828308105469e-01 1.357476320117712021e-02
5.835679769515991211e-01 3.624394536018371582e-01 1.628454402089118958e-02
5.892337560653686523e-01 3.670785725116729736e-01 1.976797729730606079e-02
6.349213719367980957e-01 3.642582595348358154e-01 1.053997799754142761e-01
5.856925249099731445e-01 3.811345696449279785e-01 2.064110338687896729e-02
5.375784039497375488e-01 5.058842897415161133e-01 -2.221082895994186401e-02
5.290200710296630859e-01 4.670744836330413818e-01 -3.256503492593765259e-02
5.170310735702514648e-01 4.956538081169128418e-01 -3.261891379952430725e-02
5.709217190742492676e-01 6.113781929016113281e-01 2.234067767858505249e-02
5.552397966384887695e-01 6.260595917701721191e-01 1.006485242396593094e-02
5.162099003791809082e-01 6.514649987220764160e-01 -1.506775058805942535e-02
5.999685525894165039e-01 5.912154316902160645e-01 7.402557134628295898e-02
5.463905930519104004e-01 3.671534061431884766e-01 1.624726504087448120e-02
5.259471535682678223e-01 4.032672941684722900e-01 -2.411609515547752380e-02
5.354230999946594238e-01 6.557037234306335449e-01 7.955274544656276703e-03
6.246560811996459961e-01 5.079668164253234863e-01 7.460803538560867310e-02
5.193494558334350586e-01 5.721131563186645508e-01 -2.053222432732582092e-02
5.218645930290222168e-01 5.755328536033630371e-01 -2.276924252510070801e-02
5.241284370422363281e-01 5.805209875106811523e-01 -2.485190890729427338e-02
5.258049368858337402e-01 5.867769122123718262e-01 -2.352599427103996277e-02
5.269134640693664551e-01 5.926477313041687012e-01 -1.593025214970111847e-02
5.372416973114013672e-01 5.442178845405578613e-01 -1.260440889745950699e-02
5.400717258453369141e-01 5.438882708549499512e-01 -1.226499769836664200e-02
5.427812337875366211e-01 5.428676009178161621e-01 -1.199975702911615372e-02
5.543817281723022461e-01 5.334234237670898438e-01 -8.541135117411613464e-03
5.996088385581970215e-01 5.017006993293762207e-01 1.693294756114482880e-02
5.268135666847229004e-01 3.881769180297851562e-01 -1.216344069689512253e-02
5.353581309318542480e-01 3.555781245231628418e-01 1.007047574967145920e-02
5.418530106544494629e-01 3.590501844882965088e-01 1.464199088513851166e-02
5.350813865661621094e-01 5.434838533401489258e-01 -1.178417820483446121e-02
5.978910923004150391e-01 5.444602966308593750e-01 3.043107315897941589e-02
5.252413153648376465e-01 3.531171083450317383e-01 -4.172069486230611801e-03
5.322175025939941406e-01 6.070539951324462891e-01 -1.093795057386159897e-02
5.189865231513977051e-01 3.928968310356140137e-01 -3.071782179176807404e-02
5.317583084106445312e-01 4.303309917449951172e-01 -2.647085301578044891e-02
5.131929516792297363e-01 6.157144308090209961e-01 -1.798423379659652710e-02
5.593037605285644531e-01 5.762529373168945312e-01 1.755283563397824764e-03
5.506323575973510742e-01 4.803363680839538574e-01 -9.073790162801742554e-03
5.472213029861450195e-01 5.939900279045104980e-01 -4.344502929598093033e-03
5.763495564460754395e-01 4.816885292530059814e-01 -3.664859803393483162e-03
5.597674250602722168e-01 4.986548423767089844e-01 -7.968668825924396515e-03
5.830478072166442871e-01 5.109453201293945312e-01 3.487371141090989113e-03
5.156280994415283203e-01 6.344873309135437012e-01 -1.885047368705272675e-02
5.375983715057373047e-01 4.418602883815765381e-01 -1.932822167873382568e-02
5.682275295257568359e-01 5.908395051956176758e-01 1.118110958486795425e-02
5.529087185859680176e-01 6.080697774887084961e-01 2.751800231635570526e-03
5.688939690589904785e-01 5.549231767654418945e-01 4.032823722809553146e-03
6.104197502136230469e-01 5.254801511764526367e-01 4.161199182271957397e-02
5.828344225883483887e-01 5.606079101562500000e-01 1.484070345759391785e-02
6.158803701400756836e-01 5.419745445251464844e-01 6.636223196983337402e-02
5.663812160491943359e-01 5.222437977790832520e-01 -3.682289272546768188e-03
5.319621562957763672e-01 4.163485765457153320e-01 -1.736223138868808746e-02
5.281430482864379883e-01 4.597602784633636475e-01 -4.565206915140151978e-02
5.341066718101501465e-01 4.668184816837310791e-01 -3.407134488224983215e-02
5.249588489532470703e-01 4.470705389976501465e-01 -5.325594544410705566e-02
5.460602641105651855e-01 3.387126624584197998e-01 8.146343752741813660e-03
5.657953619956970215e-01 3.280776739120483398e-01 7.465506903827190399e-03
5.824008584022521973e-01 3.275663852691650391e-01 8.730941452085971832e-03
5.953396558761596680e-01 3.334481418132781982e-01 1.324638724327087402e-02
6.036742329597473145e-01 3.439471721649169922e-01 1.989961788058280945e-02
6.058534979820251465e-01 3.797052502632141113e-01 3.484725207090377808e-02
6.338668465614318848e-01 4.358446300029754639e-01 8.158494532108306885e-02
5.954347848892211914e-01 4.039782881736755371e-01 2.347374521195888519e-02
5.836744308471679688e-01 4.072800278663635254e-01 1.615638099610805511e-02
5.690429210662841797e-01 4.046922922134399414e-01 1.111860107630491257e-02
5.553905963897705078e-01 3.983667492866516113e-01 8.867703378200531006e-03
5.448436737060546875e-01 3.909276127815246582e-01 8.891788311302661896e-03
5.375307798385620117e-01 3.841378092765808105e-01 8.443585596978664398e-03
6.334578394889831543e-01 4.406857192516326904e-01 1.237552240490913391e-01
5.333629846572875977e-01 4.722091257572174072e-01 -2.884207479655742645e-02
5.251190662384033203e-01 4.168577790260314941e-01 -3.458073735237121582e-02
5.208006501197814941e-01 4.583151638507843018e-01 -5.484236776828765869e-02
5.139727592468261719e-01 4.666423201560974121e-01 -5.127996951341629028e-02
5.201295018196105957e-01 4.619254171848297119e-01 -4.955893009901046753e-02
5.299548506736755371e-01 4.773527979850769043e-01 -2.560095302760601044e-02
5.121096372604370117e-01 4.674634635448455811e-01 -5.444571003317832947e-02
5.103779435157775879e-01 4.721086919307708740e-01 -4.174670577049255371e-02
5.384890437126159668e-01 3.705859184265136719e-01 1.546023692935705185e-02
5.321863293647766113e-01 3.737093806266784668e-01 8.120856247842311859e-03
5.282689929008483887e-01 3.759798407554626465e-01 -2.088909386657178402e-04
5.924118161201477051e-01 3.706754744052886963e-01 2.341899834573268890e-02
6.011067628860473633e-01 3.611741662025451660e-01 2.427435666322708130e-02
4.489864706993103027e-01 3.568352758884429932e-01 1.396525371819734573e-02
4.603869318962097168e-01 3.574840426445007324e-01 1.396525371819734573e-02
4.496928155422210693e-01 3.426113426685333252e-01 1.396525371819734573e-02
4.374248981475830078e-01 3.560810685157775879e-01 1.396525371819734573e-02
4.481687545776367188e-01 3.708110153675079346e-01 1.396525371819734573e-02
5.721938610076904297e-01 3.699110746383666992e-01 1.766785793006420135e-02
5.836837887763977051e-01 3.715066909790039062e-01 1.766785793006420135e-02
5.734070539474487305e-01 3.549416065216064453e-01 1.766785793006420135e-02
5.607358813285827637e-01 3.682664632797241211e-01 1.766785793006420135e-02
5.710097551345825195e-01 3.849135041236877441e-01 1.766785793006420135e-02
