5.054591298103332520e-01 5.151985287666320801e-01 -3.915308415889739990e-02
5.131003856658935547e-01 4.604600071907043457e-01 -6.356265395879745483e-02
5.102910399436950684e-01 4.794660508632659912e-01 -3.623778000473976135e-02
5.062022805213928223e-01 4.065801203250885010e-01 -4.486994817852973938e-02
5.144993662834167480e-01 4.431668221950531006e-01 -6.634072214365005493e-02
5.155497193336486816e-01 4.220031201839447021e-01 -6.012553349137306213e-02
5.174817442893981934e-01 3.721387982368469238e-01 -2.405944280326366425e-02
4.352750182151794434e-01 3.601209521293640137e-01 1.507692225277423859e-02
5.198739171028137207e-01 3.301344811916351318e-01 -1.238208450376987457e-02
5.214427113533020020e-01 3.080940544605255127e-01 -1.229783613234758377e-02
5.257515311241149902e-01 2.359761744737625122e-01 6.716725416481494904e-03
5.052400827407836914e-01 5.191802978515625000e-01 -3.837051615118980408e-02
5.049617886543273926e-01 5.231834053993225098e-01 -3.519610688090324402e-02
5.048005580902099609e-01 5.257207155227661133e-01 -3.071603551506996155e-02
5.020902752876281738e-01 5.754384398460388184e-01 -2.528396807610988617e-02
5.020064115524291992e-01 5.804747343063354492e-01 -2.774918265640735626e-02
5.016900300979614258e-01 5.865681171417236328e-01 -3.038900345563888550e-02
5.013536214828491211e-01 5.930394530296325684e-01 -2.854448184370994568e-02
5.002319812774658203e-01 6.018481850624084473e-01 -1.819518208503723145e-02
5.119410157203674316e-01 4.699488878250122070e-01 -5.826003849506378174e-02
5.010175108909606934e-01 4.694949686527252197e-01 -4.352041706442832947e-02
3.916329741477966309e-01 3.020633459091186523e-01 7.178774476051330566e-02
4.644674658775329590e-01 3.784136176109313965e-01 4.456469789147377014e-03
4.528351426124572754e-01 3.789441287517547607e-01 4.363915417343378067e-03
4.420559704303741455e-01 3.768059313297271729e-01 6.817257031798362732e-03
4.289466440677642822e-01 3.656711280345916748e-01 1.578491926193237305e-02
4.751437604427337646e-01 3.744749128818511963e-01 6.890848744660615921e-03
4.552596509456634521e-01 3.235392868518829346e-01 2.427706029266119003e-03
4.678758084774017334e-01 3.272606730461120605e-01 3.724558511748909950e-03
4.427359998226165771e-01 3.254740834236145020e-01 5.031040403991937637e-03
4.337083697319030762e-01 3.323829472064971924e-01 8.808079175651073456e-03
4.166219234466552734e-01 3.763277232646942139e-01 2.017911151051521301e-02
4.534506797790527344e-01 6.163309812545776367e-01 -9.568797424435615540e-03
4.316211640834808350e-01 3.549301028251647949e-01 1.886599883437156677e-02
3.806719779968261719e-01 3.720285892486572266e-01 6.970600783824920654e-02
4.041679799556732178e-01 3.629572689533233643e-01 3.202944621443748474e-02
4.525018930435180664e-01 4.461470246315002441e-01 -1.298115495592355728e-02
4.893532395362854004e-01 5.116631984710693359e-01 -3.842067345976829529e-02
4.903809130191802979e-01 5.218129158020019531e-01 -3.434155508875846863e-02
4.733617007732391357e-01 5.166908502578735352e-01 -3.284697607159614563e-02
4.627362489700317383e-01 5.233055353164672852e-01 -2.458609454333782196e-02
4.779934287071228027e-01 5.235825777053833008e-01 -3.023982793092727661e-02
4.683105647563934326e-01 5.274282097816467285e-01 -2.239466272294521332e-02
4.477920532226562500e-01 5.570374727249145508e-01 -7.564561907202005386e-03
5.036193728446960449e-01 4.591425955295562744e-01 -6.306347250938415527e-02
5.033764839172363281e-01 4.425089657306671143e-01 -6.559304893016815186e-02
4.190211296081542969e-01 3.132805228233337402e-01 1.313842274248600006e-02
4.791137874126434326e-01 4.072296917438507080e-01 -9.557940065860748291e-03
4.765567481517791748e-01 4.552758634090423584e-01 -3.661741316318511963e-02
4.757035970687866211e-01 4.469859600067138672e-01 -3.269708156585693359e-02
4.170227050781250000e-01 4.420302212238311768e-01 -8.612005622126162052e-04
5.049312114715576172e-01 4.229384362697601318e-01 -5.744379758834838867e-02
4.495187103748321533e-01 2.926163077354431152e-01 -2.920367056503891945e-03
4.325456619262695312e-01 2.992695569992065430e-01 4.333029501140117645e-03
4.074987769126892090e-01 2.727178931236267090e-01 5.294957756996154785e-02
4.984056055545806885e-01 3.140265643596649170e-01 -1.033015456050634384e-02
4.782440066337585449e-01 3.367117047309875488e-01 7.406038697808980942e-03
4.412269890308380127e-01 5.368764400482177734e-01 -5.570038221776485443e-03
3.806874752044677734e-01 5.335533618927001953e-01 8.565520495176315308e-02
4.844623506069183350e-01 4.655394852161407471e-01 -3.218030184507369995e-02
4.929808676242828369e-01 4.713486433029174805e-01 -3.309002146124839783e-02
4.513146877288818359e-01 5.408264398574829102e-01 -6.158951669931411743e-03
4.546855390071868896e-01 5.410596728324890137e-01 -8.834121748805046082e-03
4.271241426467895508e-01 2.888378500938415527e-01 1.056519057601690292e-02
4.751484394073486328e-01 4.635964035987854004e-01 -3.086710721254348755e-02
4.707421064376831055e-01 2.956463098526000977e-01 -7.939525879919528961e-03
4.705846905708312988e-01 2.825838327407836914e-01 -9.138200432062149048e-03
4.591442346572875977e-01 2.371544539928436279e-01 1.565178483724594116e-02
4.159386157989501953e-01 2.864057421684265137e-01 2.942818962037563324e-02
4.644823968410491943e-01 2.653391361236572266e-01 3.392064245417714119e-03
4.120860993862152100e-01 3.071797788143157959e-01 2.343001216650009155e-02
4.007967114448547363e-01 3.101989626884460449e-01 4.694277048110961914e-02
4.894667565822601318e-01 5.170512199401855469e-01 -3.768127411603927612e-02
4.755313396453857422e-01 5.204655528068542480e-01 -3.209031373262405396e-02
4.654048681259155273e-01 5.255737900733947754e-01 -2.446291595697402954e-02
4.867542386054992676e-01 4.692002236843109131e-01 -2.969676442444324493e-02
4.529887437820434570e-01 5.410158634185791016e-01 -7.524383254349231720e-03
4.568979442119598389e-01 5.530487895011901855e-01 -1.338454987853765488e-02
4.561232328414916992e-01 5.409768819808959961e-01 -9.016744792461395264e-03
4.907105565071105957e-01 4.590005278587341309e-01 -4.737961664795875549e-02
4.706249237060546875e-01 5.281252264976501465e-01 -2.091200463473796844e-02
4.801215231418609619e-01 5.251835584640502930e-01 -2.627197839319705963e-02
4.914989173412322998e-01 5.244668722152709961e-01 -3.014943748712539673e-02
4.832774102687835693e-01 5.986289978027343750e-01 -1.861916482448577881e-02
4.838922917842864990e-01 5.888388752937316895e-01 -2.861743606626987457e-02
4.849798381328582764e-01 5.826171636581420898e-01 -2.987710386514663696e-02
4.864901006221771240e-01 5.768256783485412598e-01 -2.702137455344200134e-02
4.882501959800720215e-01 5.723114609718322754e-01 -2.468031272292137146e-02
4.687280356884002686e-01 5.600928664207458496e-01 -1.676515303552150726e-02
4.660914540290832520e-01 5.613222718238830566e-01 -1.883777044713497162e-02
4.627586901187896729e-01 5.635060071945190430e-01 -2.082266286015510559e-02
4.601923227310180664e-01 5.663942694664001465e-01 -1.917281746864318848e-02
4.573645889759063721e-01 5.068027973175048828e-01 -2.036221325397491455e-02
3.719910979270935059e-01 4.477065503597259521e-01 1.081673726439476013e-01
5.111085176467895508e-01 4.745561480522155762e-01 -4.382273182272911072e-02
4.625934362411499023e-01 5.526877641677856445e-01 -1.176002528518438339e-02
4.596746265888214111e-01 5.526846051216125488e-01 -1.319172885268926620e-02
4.956302046775817871e-01 4.780951440334320068e-01 -3.419125825166702271e-02
4.777687788009643555e-01 4.743248820304870605e-01 -2.284375578165054321e-02
4.944010972976684570e-01 4.747864007949829102e-01 -3.385185822844505310e-02
4.657597243785858154e-01 4.158185720443725586e-01 -7.518252357840538025e-03
4.457083344459533691e-01 4.247243106365203857e-01 -6.239774636924266815e-03
4.728875756263732910e-01 4.549968242645263672e-01 -2.685565315186977386e-02
4.290097951889038086e-01 2.502893805503845215e-01 3.271335735917091370e-02
4.361693561077117920e-01 2.706693708896636963e-01 1.529780123382806778e-02
4.468460381031036377e-01 2.805594205856323242e-01 1.344847842119634151e-04
4.560142159461975098e-01 5.727406740188598633e-01 -1.248048711568117142e-02
4.978228509426116943e-01 2.912190854549407959e-01 -1.291575934737920761e-02
4.926087260246276855e-01 2.673125267028808594e-01 -2.650803653523325920e-03
4.902314543724060059e-01 2.332568019628524780e-01 6.759245879948139191e-03
4.333508312702178955e-01 3.724670708179473877e-01 1.128048263490200043e-02
4.016931653022766113e-01 3.877508938312530518e-01 2.490686252713203430e-02
4.825747013092041016e-01 3.700207471847534180e-01 9.233226068317890167e-03
4.205029010772705078e-01 3.397159278392791748e-01 1.777751371264457703e-02
4.884327650070190430e-01 3.967551887035369873e-01 -1.234045438468456268e-02
4.841607213020324707e-01 4.481953680515289307e-01 -4.689966142177581787e-02
3.894488513469696045e-01 4.013369381427764893e-01 3.528385236859321594e-02
4.090789854526519775e-01 3.994534313678741455e-01 1.377736311405897141e-02
4.242593646049499512e-01 4.065736532211303711e-01 3.777351696044206619e-03
4.472842216491699219e-01 4.055424928665161133e-01 2.979543933179229498e-04
4.643708467483520508e-01 3.998787403106689453e-01 -5.875853239558637142e-04
4.779743552207946777e-01 3.927958905696868896e-01 -2.038613427430391312e-03
5.061470866203308105e-01 3.751993775367736816e-01 -2.075852639973163605e-02
3.889708518981933594e-01 4.359675347805023193e-01 2.901501767337322235e-02
4.108254611492156982e-01 3.367486000061035156e-01 2.309900335967540741e-02
5.062741041183471680e-01 4.687680006027221680e-01 -5.801597237586975098e-02
4.793666899204254150e-01 4.228602349758148193e-01 -1.607107743620872498e-02
3.746612966060638428e-01 3.731302618980407715e-01 1.063775345683097839e-01
4.887545108795166016e-01 3.841935992240905762e-01 -2.191580366343259811e-03
4.710102677345275879e-01 4.566970467567443848e-01 -1.542215514928102493e-02
4.258871078491210938e-01 3.544538915157318115e-01 2.057549171149730682e-02
4.838283956050872803e-01 4.382951557636260986e-01 -4.186819121241569519e-02
3.742308020591735840e-01 4.889814257621765137e-01 9.983284771442413330e-02
4.839058220386505127e-01 3.642998337745666504e-01 1.275623124092817307e-02
4.942753612995147705e-01 4.285357594490051270e-01 -5.175199359655380249e-02
4.059549570083618164e-01 5.734508633613586426e-01 2.797270193696022034e-02
4.030879735946655273e-01 5.954591035842895508e-01 4.565002769231796265e-02
3.755954504013061523e-01 4.423059821128845215e-01 6.867600232362747192e-02
3.929553627967834473e-01 5.495719909667968750e-01 4.112318903207778931e-02
3.902371525764465332e-01 3.389089107513427734e-01 6.185003370046615601e-02
4.494735598564147949e-01 6.336827278137207031e-01 -5.190633237361907959e-03
5.067720413208007812e-01 4.734889864921569824e-01 -4.328053072094917297e-02
4.677232503890991211e-01 4.345043897628784180e-01 -1.345764659345149994e-02
3.928138613700866699e-01 3.667886257171630859e-01 4.265635460615158081e-02
4.451789259910583496e-01 3.671759068965911865e-01 8.698854595422744751e-03
4.544154405593872070e-01 3.698253631591796875e-01 6.516339257359504700e-03
4.543829858303070068e-01 5.538748502731323242e-01 -1.197716128081083298e-02
3.890183568000793457e-01 4.704113900661468506e-01 2.982718683779239655e-02
4.691791534423828125e-01 6.606554388999938965e-01 -1.779343932867050171e-03
4.336999952793121338e-01 6.346078515052795410e-01 1.872831024229526520e-02
4.192814230918884277e-01 6.184605956077575684e-01 3.055169247090816498e-02
5.238008499145507812e-01 2.717556357383728027e-01 -3.045552410185337067e-03
4.948686063289642334e-01 6.662138104438781738e-01 -3.288371255621314049e-03
4.640877246856689453e-01 3.696617484092712402e-01 6.910942960530519485e-03
4.736947417259216309e-01 3.674994707107543945e-01 9.318822994828224182e-03
4.802963733673095703e-01 3.659295439720153809e-01 1.227173674851655960e-02
4.017845392227172852e-01 3.344695270061492920e-01 3.457302600145339966e-02
4.745843708515167236e-01 3.529525995254516602e-01 8.627252653241157532e-03
4.648959636688232422e-01 3.480768501758575439e-01 6.304734386503696442e-03
4.552807211875915527e-01 3.464241623878479004e-01 6.061965133994817734e-03
4.454593658447265625e-01 3.475403189659118652e-01 7.949139922857284546e-03
4.388808012008666992e-01 3.503118753433227539e-01 1.095895748585462570e-02
3.811837434768676758e-01 3.338920772075653076e-01 9.187725186347961426e-02
4.392834603786468506e-01 3.636602759361267090e-01 1.200904045253992081e-02
5.089713335037231445e-01 4.932822287082672119e-01 -3.429975733160972595e-02
4.698017537593841553e-01 4.977474510669708252e-01 -2.565627917647361755e-02
4.848538935184478760e-01 4.621892869472503662e-01 -3.594956174492835999e-02
4.926941394805908203e-01 4.929486215114593506e-01 -3.431741148233413696e-02
5.184024572372436523e-01 3.520351648330688477e-01 -1.377334911376237869e-02
4.197181165218353271e-01 5.967883467674255371e-01 1.782570406794548035e-02
4.338169395923614502e-01 6.151180267333984375e-01 6.967963185161352158e-03
4.702232778072357178e-01 6.479719877243041992e-01 -1.520777493715286255e-02
3.909512460231781006e-01 5.695883035659790039e-01 6.566203385591506958e-02
4.812350869178771973e-01 3.597044348716735840e-01 1.111467462033033371e-02
4.970044195652008057e-01 4.001427292823791504e-01 -2.759380266070365906e-02
4.959483742713928223e-01 6.534782648086547852e-01 -1.647457852959632874e-02
4.497417807579040527e-01 6.492685675621032715e-01 6.163731217384338379e-03
3.770862817764282227e-01 4.804366528987884521e-01 6.389971822500228882e-02
4.773389101028442383e-01 5.669770836830139160e-01 -2.127849310636520386e-02
4.745605885982513428e-01 5.698081254959106445e-01 -2.356440573930740356e-02
4.719692766666412354e-01 5.741738080978393555e-01 -2.575401216745376587e-02
4.700773358345031738e-01 5.795353055000305176e-01 -2.448922023177146912e-02
4.674175977706909180e-01 5.874825716018676758e-01 -1.715541072189807892e-02
4.603398144245147705e-01 5.330110192298889160e-01 -1.517877541482448578e-02
4.575637280941009521e-01 5.321454405784606934e-01 -1.525348424911499023e-02
4.552102386951446533e-01 5.306515097618103027e-01 -1.528313010931015015e-02
4.475105106830596924e-01 5.199874639511108398e-01 -1.299743261188268661e-02
4.055203795433044434e-01 4.789406061172485352e-01 7.925747893750667572e-03
4.975248575210571289e-01 3.846987783908843994e-01 -1.561392284929752350e-02
4.941113889217376709e-01 3.502174615859985352e-01 6.433039437979459763e-03
4.865405559539794922e-01 3.524728417396545410e-01 9.977907873690128326e-03
4.625289142131805420e-01 5.329200625419616699e-01 -1.432573609054088593e-02
4.010126292705535889e-01 5.223191380500793457e-01 2.228853665292263031e-02
5.052538514137268066e-01 3.495775461196899414e-01 -7.450535893440246582e-03
4.601221680641174316e-01 6.006600260734558105e-01 -1.234101224690675735e-02
5.161778330802917480e-01 4.049501121044158936e-01 -4.774080961942672729e-02
5.060238838195800781e-01 3.917288780212402344e-01 -3.361308947205543518e-02
5.167596936225891113e-01 3.892074227333068848e-01 -3.532245755195617676e-02
4.870978295803070068e-01 4.252741932868957520e-01 -3.027391433715820312e-02
4.974162578582763672e-01 6.362801790237426758e-01 -2.057313174009323120e-02
4.989122152328491211e-01 6.173324584960937500e-01 -1.888369023799896240e-02
4.785349369049072266e-01 6.133897304534912109e-01 -1.768421567976474762e-02
4.366110563278198242e-01 5.625928640365600586e-01 -1.970204291865229607e-03
4.598451852798461914e-01 4.694289267063140869e-01 -1.377481408417224884e-02
4.464439749717712402e-01 5.838025808334350586e-01 -6.832560524344444275e-03
4.329001605510711670e-01 4.645701646804809570e-01 -1.076820027083158493e-02
4.476732015609741211e-01 4.851420819759368896e-01 -1.331818290054798126e-02
4.215085804462432861e-01 4.917573332786560059e-01 -3.813909133896231651e-03
4.734150171279907227e-01 6.312682628631591797e-01 -1.890256814658641815e-02
4.790994524955749512e-01 4.350895285606384277e-01 -2.347555756568908691e-02
4.254920482635498047e-01 5.760828852653503418e-01 6.803708616644144058e-03
4.388761520385742188e-01 5.970985889434814453e-01 -8.745735976845026016e-05
4.299341440200805664e-01 5.383797883987426758e-01 -1.286647515371441841e-03
3.904938697814941406e-01 5.005998015403747559e-01 3.208693861961364746e-02
4.146817922592163086e-01 5.418289303779602051e-01 8.469000458717346191e-03
3.820181787014007568e-01 5.164222717285156250e-01 5.655103176832199097e-02
4.371985197067260742e-01 5.062464475631713867e-01 -9.356299415230751038e-03
4.884315431118011475e-01 4.113273322582244873e-01 -2.133936621248722076e-02
4.874919652938842773e-01 4.557007849216461182e-01 -4.949860274791717529e-02
4.799829423427581787e-01 4.607186913490295410e-01 -3.794087469577789307e-02
4.932548403739929199e-01 4.443343281745910645e-01 -5.673502758145332336e-02
4.866776168346405029e-01 3.302260935306549072e-01 3.404021961614489555e-03
4.691982865333557129e-01 3.154931068420410156e-01 9.038092684932053089e-04
4.531697332859039307e-01 3.116987645626068115e-01 5.296077579259872437e-04
4.388862252235412598e-01 3.152049183845520020e-01 3.726419992744922638e-03
4.278472065925598145e-01 3.238958716392517090e-01 9.589424356818199158e-03
4.162112772464752197e-01 3.586134314537048340e-01 2.459566295146942139e-02
3.763621151447296143e-01 4.064446985721588135e-01 6.943761557340621948e-02
4.224238097667694092e-01 3.837132155895233154e-01 1.406285073608160019e-02
4.338771402835845947e-01 3.896630108356475830e-01 7.749656680971384048e-03
4.494200646877288818e-01 3.910462856292724609e-01 3.943946678191423416e-03
4.646094143390655518e-01 3.884068131446838379e-01 3.029749495908617973e-03
4.770489633083343506e-01 3.833431005477905273e-01 4.153896588832139969e-03
4.859892725944519043e-01 3.782251179218292236e-01 4.400057718157768250e-03
3.725858330726623535e-01 4.101330637931823730e-01 1.111575141549110413e-01
4.795324206352233887e-01 4.659915864467620850e-01 -3.251560032367706299e-02
4.964748919010162354e-01 4.139944612979888916e-01 -3.814195096492767334e-02
4.955642521381378174e-01 4.565576314926147461e-01 -5.793414637446403503e-02
5.006762146949768066e-01 4.660515487194061279e-01 -5.351875349879264832e-02
4.951891601085662842e-01 4.598830044269561768e-01 -5.256389826536178589e-02
4.819298982620239258e-01 4.717346131801605225e-01 -2.868716418743133545e-02
5.027764439582824707e-01 4.675151109695434570e-01 -5.653577297925949097e-02
5.032821297645568848e-01 4.721854627132415771e-01 -4.336648061871528625e-02
4.877830445766448975e-01 3.644517064094543457e-01 1.130793709307909012e-02
4.936608374118804932e-01 3.689215779304504395e-01 4.547637887299060822e-03
4.975470602512359619e-01 3.713909089565277100e-01 -3.594718873500823975e-03
4.349007308483123779e-01 3.526671528816223145e-01 1.432474795728921890e-02
4.273433089256286621e-01 3.413999676704406738e-01 1.458644866943359375e-02
5.254011750221252441e-01 4.087016582489013672e-01 -4.314179345965385437e-02
5.951883196830749512e-01 3.783046305179595947e-01 2.697939053177833557e-02
5.213991999626159668e-01 4.719656705856323242e-01 -4.221405833959579468e-02
6.335425972938537598e-01 3.297013640403747559e-01 9.050059318542480469e-02
5.637913942337036133e-01 3.879534602165222168e-01 1.219798810780048370e-02
5.744273066520690918e-01 3.908969163894653320e-01 1.368780806660652161e-02
5.846707820892333984e-01 3.920046985149383545e-01 1.755361817777156830e-02
5.991508960723876953e-01 3.852064609527587891e-01 2.834221906960010529e-02
5.547364354133605957e-01 3.830229938030242920e-01 1.300610695034265518e-02
5.825165510177612305e-01 3.393508195877075195e-01 1.214028336107730865e-02
5.695569515228271484e-01 3.406723439693450928e-01 1.137802284210920334e-02
5.943052172660827637e-01 3.434443473815917969e-01 1.623250171542167664e-02
6.015520691871643066e-01 3.519839644432067871e-01 2.089690975844860077e-02
6.065651774406433105e-01 3.974475264549255371e-01 3.368069231510162354e-02
5.421804189682006836e-01 6.238610148429870605e-01 -4.167535342276096344e-03
5.994633436203002930e-01 3.741711974143981934e-01 3.128313273191452026e-02
6.372105479240417480e-01 3.999996781349182129e-01 8.767610788345336914e-02
6.188265681266784668e-01 3.867407441139221191e-01 4.710399731993675232e-02
5.675829648971557617e-01 4.589688479900360107e-01 -4.964005667716264725e-03
5.213317275047302246e-01 5.141494274139404297e-01 -3.633408248424530029e-02
5.187901258468627930e-01 5.242652893066406250e-01 -3.242633119225502014e-02
5.357299447059631348e-01 5.212203860282897949e-01 -2.856438420712947845e-02
5.444861650466918945e-01 5.298486351966857910e-01 -1.872850954532623291e-02
5.300909280776977539e-01 5.276629328727722168e-01 -2.655184268951416016e-02
5.382637977600097656e-01 5.332784652709960938e-01 -1.744989864528179169e-02
5.555472373962402344e-01 5.678691267967224121e-01 -2.463675918988883495e-04
5.222725868225097656e-01 4.612711966037750244e-01 -6.194574385881423950e-02
5.251414179801940918e-01 4.449175000190734863e-01 -6.429216265678405762e-02
6.157998442649841309e-01 3.378059566020965576e-01 2.733029238879680634e-02
5.471674799919128418e-01 4.147217869758605957e-01 -4.275235813111066818e-03
5.465705990791320801e-01 4.629763066768646240e-01 -3.168202191591262817e-02
5.480162501335144043e-01 4.548115432262420654e-01 -2.759955823421478271e-02
6.006659269332885742e-01 4.624575376510620117e-01 1.201314292848110199e-02
5.255260467529296875e-01 4.251529574394226074e-01 -5.575978755950927734e-02
5.923166275024414062e-01 3.146500587463378906e-01 7.095413282513618469e-03
6.066901087760925293e-01 3.225931227207183838e-01 1.676407828927040100e-02
6.253336668014526367e-01 2.982165813446044922e-01 6.963448971509933472e-02
5.433896780014038086e-01 3.277616500854492188e-01 -6.918588653206825256e-03
5.581360459327697754e-01 3.478681445121765137e-01 1.365355402231216431e-02
5.648275613784790039e-01 5.500252246856689453e-01 3.371013095602393150e-03
6.167001128196716309e-01 5.582007169723510742e-01 1.033730879426002502e-01
5.369357466697692871e-01 4.714715480804443359e-01 -2.861635386943817139e-02
5.278841853141784668e-01 4.753152132034301758e-01 -3.128962963819503784e-02
5.518698096275329590e-01 5.507172942161560059e-01 1.560956239700317383e-03
5.485385656356811523e-01 5.501475334167480469e-01 -1.983451889827847481e-03
6.123665571212768555e-01 3.132336437702178955e-01 2.366933971643447876e-02
5.460534691810607910e-01 4.712627232074737549e-01 -2.602344565093517303e-02
5.720365047454833984e-01 3.153187930583953857e-01 -1.084267394617199898e-03
5.744517445564270020e-01 3.024241924285888672e-01 -2.112117595970630646e-03
5.869938135147094727e-01 2.528687715530395508e-01 2.532413788139820099e-02
6.186513900756835938e-01 3.093636035919189453e-01 4.369579255580902100e-02
5.798490047454833984e-01 2.792241573333740234e-01 1.139338687062263489e-02
6.218589544296264648e-01 3.328137397766113281e-01 3.842914476990699768e-02
6.275393962860107422e-01 3.353884816169738770e-01 6.304229050874710083e-02
5.203547477722167969e-01 5.196939110755920410e-01 -3.560030460357666016e-02
5.328646302223205566e-01 5.249634981155395508e-01 -2.809635736048221588e-02
5.415045022964477539e-01 5.318351387977600098e-01 -1.913064904510974884e-02
5.339331626892089844e-01 4.744689762592315674e-01 -2.669883146882057190e-02
5.501407384872436523e-01 5.505247712135314941e-01 -3.868372878059744835e-04
5.458102822303771973e-01 5.614924430847167969e-01 -7.300437428057193756e-03
5.469933152198791504e-01 5.496878027915954590e-01 -2.369210356846451759e-03
5.330128669738769531e-01 4.640154540538787842e-01 -4.397812858223915100e-02
5.357652902603149414e-01 5.334514379501342773e-01 -1.617541536688804626e-02
5.276635885238647461e-01 5.288124084472656250e-01 -2.277735807001590729e-02
5.173785686492919922e-01 5.265735983848571777e-01 -2.818501554429531097e-02
5.170148611068725586e-01 6.017676591873168945e-01 -1.678237877786159515e-02
5.183457732200622559e-01 5.920648574829101562e-01 -2.660076133906841278e-02
5.179367065429687500e-01 5.855664014816284180e-01 -2.777921222150325775e-02
5.169249176979064941e-01 5.794776082038879395e-01 -2.493504807353019714e-02
5.154255032539367676e-01 5.746017694473266602e-01 -2.268251590430736542e-02
5.341819524765014648e-01 5.658738017082214355e-01 -1.202297862619161606e-02
5.368160009384155273e-01 5.677623748779296875e-01 -1.409027632325887680e-02
5.398795604705810547e-01 5.707372426986694336e-01 -1.586967334151268005e-02
5.422128438949584961e-01 5.743206143379211426e-01 -1.392882410436868668e-02
5.549056529998779297e-01 5.173591375350952148e-01 -1.361447479575872421e-02
6.321616172790527344e-01 4.761233925819396973e-01 1.278151124715805054e-01
5.401799082756042480e-01 5.598828792572021484e-01 -5.878465715795755386e-03
5.430944561958312988e-01 5.604405999183654785e-01 -7.335885427892208099e-03
5.245430469512939453e-01 4.812662601470947266e-01 -3.237663954496383667e-02
5.413795709609985352e-01 4.811382293701171875e-01 -1.897638663649559021e-02
5.261485576629638672e-01 4.784027338027954102e-01 -3.210150822997093201e-02
5.583062171936035156e-01 4.260023832321166992e-01 -5.159558495506644249e-04
5.761088728904724121e-01 4.392417967319488525e-01 3.018409945070743561e-03
5.491125583648681641e-01 4.632118344306945801e-01 -2.157820574939250946e-02
6.110658645629882812e-01 2.721263468265533447e-01 4.633817821741104126e-02
6.038286089897155762e-01 2.901539206504821777e-01 2.684244140982627869e-02
5.964182019233703613e-01 3.026962280273437500e-01 1.062942668795585632e-02
5.459758639335632324e-01 5.813394188880920410e-01 -6.417573429644107819e-03
5.481276512145996094e-01 3.063231408596038818e-01 -9.333252906799316406e-03
5.539323687553405762e-01 2.748641669750213623e-01 1.557539450004696846e-03
5.595800280570983887e-01 2.420078366994857788e-01 1.173621881753206253e-02
5.936649441719055176e-01 3.905307352542877197e-01 2.315434627234935760e-02
6.168235540390014648e-01 4.108305275440216064e-01 3.977410867810249329e-02
5.486326217651367188e-01 3.782259821891784668e-01 1.467012800276279449e-02
6.106506586074829102e-01 3.618804216384887695e-01 3.150697425007820129e-02
5.401808023452758789e-01 4.024594426155090332e-01 -8.129403926432132721e-03
5.409762859344482422e-01 4.547071754932403564e-01 -4.286387562751770020e-02
6.290575861930847168e-01 4.275990426540374756e-01 5.200754851102828979e-02
6.091557741165161133e-01 4.211715757846832275e-01 2.794007398188114166e-02
5.950996875762939453e-01 4.250121712684631348e-01 1.591484062373638153e-02
5.746119618415832520e-01 4.193457663059234619e-01 9.656388312578201294e-03
5.597794651985168457e-01 4.104544520378112793e-01 6.612899247556924820e-03
5.486969947814941406e-01 4.013515710830688477e-01 3.388277720659971237e-03
5.276092290878295898e-01 3.776333332061767578e-01 -1.902265287935733795e-02
6.261639595031738281e-01 4.619593620300292969e-01 4.570103809237480164e-02
6.182855367660522461e-01 3.611462414264678955e-01 3.799271583557128906e-02
5.174870491027832031e-01 4.700682163238525391e-01 -5.712147057056427002e-02
5.456200242042541504e-01 4.301393926143646240e-01 -1.090607792139053345e-02
6.381375193595886230e-01 4.021697342395782471e-01 1.268518418073654175e-01
5.405102372169494629e-01 3.912722170352935791e-01 2.040690043941140175e-03
5.497703552246093750e-01 4.651246368885040283e-01 -1.006903871893882751e-02
6.041393876075744629e-01 3.750504553318023682e-01 3.364615887403488159e-02
5.420484542846679688e-01 4.447408914566040039e-01 -3.774650394916534424e-02
6.265473365783691406e-01 5.160063505172729492e-01 1.186311691999435425e-01
5.488931536674499512e-01 3.724661767482757568e-01 1.841006800532341003e-02
5.342271327972412109e-01 4.329640567302703857e-01 -4.875816032290458679e-02
5.924903154373168945e-01 5.916729569435119629e-01 4.031286388635635376e-02
5.909196734428405762e-01 6.129597425460815430e-01 5.922671034932136536e-02
6.349379420280456543e-01 4.700963795185089111e-01 8.660905808210372925e-02
6.074785590171813965e-01 5.714995265007019043e-01 5.560909956693649292e-02
6.326001286506652832e-01 3.656497895717620850e-01 7.900459319353103638e-02
5.432311892509460449e-01 6.410433650016784668e-01 6.483562756329774857e-04
5.154702663421630859e-01 4.745285511016845703e-01 -4.274844378232955933e-02
5.547091960906982422e-01 4.441022872924804688e-01 -7.166334893554449081e-03
6.270282864570617676e-01 3.917130827903747559e-01 5.906629189848899841e-02
5.844730138778686523e-01 3.817055225372314453e-01 1.921848021447658539e-02
5.754521489143371582e-01 3.812349438667297363e-01 1.579207740724086761e-02
5.482650995254516602e-01 5.629699230194091797e-01 -5.521058104932308197e-03
6.219954490661621094e-01 4.958132803440093994e-01 4.605220630764961243e-02
5.203963518142700195e-01 6.642577648162841797e-01 1.702341134659945965e-03
5.572320222854614258e-01 6.440201997756958008e-01 2.744791470468044281e-02
5.731514692306518555e-01 6.313132643699645996e-01 4.158060997724533081e-02
5.664525032043457031e-01 3.789580762386322021e-01 1.480005215853452682e-02
5.578247308731079102e-01 3.758717775344848633e-01 1.603351533412933350e-02
5.518910884857177734e-01 3.742349445819854736e-01 1.829114370048046112e-02
6.253060102462768555e-01 3.599636852741241455e-01 5.049372836947441101e-02
5.601207613945007324e-01 3.632267415523529053e-01 1.557091157883405685e-02
5.700213909149169922e-01 3.595111668109893799e-01 1.444673072546720505e-02
5.794469118118286133e-01 3.592313528060913086e-01 1.554914098232984543e-02
5.885700583457946777e-01 3.624131679534912109e-01 1.867436431348323822e-02
5.940743088722229004e-01 3.671364784240722656e-01 2.247573994100093842e-02
6.377013921737670898e-01 3.625023066997528076e-01 1.117481067776679993e-01
5.907239317893981934e-01 3.804389238357543945e-01 2.335216291248798370e-02
5.453388094902038574e-01 5.058201551437377930e-01 -2.047027461230754852e-02
5.373788475990295410e-01 4.682866036891937256e-01 -3.243961930274963379e-02
5.248706340789794922e-01 4.964817464351654053e-01 -3.218178451061248779e-02
5.761755108833312988e-01 6.109471321105957031e-01 2.780514955520629883e-02
5.604766607284545898e-01 6.257496476173400879e-01 1.478284690529108047e-02
5.217436552047729492e-01 6.520224213600158691e-01 -1.209768094122409821e-02
6.044133901596069336e-01 5.908204913139343262e-01 8.156345039606094360e-02
5.524999499320983887e-01 3.686870038509368896e-01 1.730389893054962158e-02
5.333365797996520996e-01 4.042088985443115234e-01 -2.472238987684249878e-02
5.403127670288085938e-01 6.555732488632202148e-01 1.254375558346509933e-02
6.295179128646850586e-01 5.072544813156127930e-01 8.122447133064270020e-02
5.259753465652465820e-01 5.709799528121948242e-01 -1.769133098423480988e-02
5.284976363182067871e-01 5.744907259941101074e-01 -1.983769424259662628e-02
5.306958556175231934e-01 5.794470906257629395e-01 -2.188163809478282928e-02
5.321629047393798828e-01 5.854384899139404297e-01 -2.047625370323657990e-02
5.334523916244506836e-01 5.934839248657226562e-01 -1.272316183894872665e-02
5.444339513778686523e-01 5.405967235565185547e-01 -9.168144315481185913e-03
5.472673773765563965e-01 5.402207374572753906e-01 -8.643405511975288391e-03
5.500000715255737305e-01 5.391591191291809082e-01 -8.281129412353038788e-03
5.616945624351501465e-01 5.323767662048339844e-01 -4.630306735634803772e-03
6.064713001251220703e-01 5.011557340621948242e-01 2.171670645475387573e-02
5.337348580360412598e-01 3.888157010078430176e-01 -1.272574625909328461e-02
5.413389205932617188e-01 3.581298887729644775e-01 1.015651691704988480e-02
5.478742122650146484e-01 3.611248135566711426e-01 1.531117316335439682e-02
5.421662330627441406e-01 5.400415062904357910e-01 -8.426321670413017273e-03
6.043930053710937500e-01 5.440804958343505859e-01 3.612596169114112854e-02
5.312819480895996094e-01 3.557922244071960449e-01 -5.141938570886850357e-03
5.382675528526306152e-01 6.074806451797485352e-01 -7.552139461040496826e-03
5.266155600547790527e-01 3.939884305000305176e-01 -3.209404274821281433e-02
5.393885374069213867e-01 4.311291575431823730e-01 -2.650252170860767365e-02
5.192402005195617676e-01 6.168462634086608887e-01 -1.548894681036472321e-02
5.654223561286926270e-01 5.753825306892395020e-01 6.482873111963272095e-03
5.579324960708618164e-01 4.800131618976593018e-01 -7.184560410678386688e-03
5.532518029212951660e-01 5.936414003372192383e-01 -1.946046104421839118e-04
5.834591388702392578e-01 4.814449846744537354e-01 -5.720170447602868080e-04
5.669078826904296875e-01 4.983090460300445557e-01 -5.109514109790325165e-03
5.899976491928100586e-01 5.104833245277404785e-01 7.724077440798282623e-03
5.214257836341857910e-01 6.353182196617126465e-01 -1.604038290679454803e-02
5.450443625450134277e-01 4.422502517700195312e-01 -1.875236630439758301e-02
5.739313960075378418e-01 5.902296304702758789e-01 1.636284776031970978e-02
5.585680603981018066e-01 6.077566742897033691e-01 7.227614987641572952e-03
5.753804445266723633e-01 5.538474321365356445e-01 8.931308053433895111e-03
6.166806221008300781e-01 5.249833464622497559e-01 4.758211225271224976e-02
5.892181396484375000e-01 5.600268840789794922e-01 2.019633352756500244e-02
6.211181879043579102e-01 5.415385365486145020e-01 7.307798415422439575e-02
5.733681917190551758e-01 5.213715434074401855e-01 1.844963262556120753e-04
5.391742587089538574e-01 4.170042276382446289e-01 -1.724718697369098663e-02
5.367890596389770508e-01 4.614501595497131348e-01 -4.583911225199699402e-02
5.424647331237792969e-01 4.677504301071166992e-01 -3.375342488288879395e-02
5.337289571762084961e-01 4.489576816558837891e-01 -5.392840504646301270e-02
5.513366460800170898e-01 3.422302007675170898e-01 8.487230166792869568e-03
5.702500343322753906e-01 3.313568532466888428e-01 8.230227977037429810e-03
5.864682197570800781e-01 3.301195204257965088e-01 1.008903980255126953e-02
5.992503166198730469e-01 3.354854583740234375e-01 1.534560695290565491e-02
6.075929999351501465e-01 3.457328081130981445e-01 2.260004915297031403e-02
6.103487014770507812e-01 3.806449472904205322e-01 3.847353905439376831e-02
6.376127004623413086e-01 4.347008466720581055e-01 8.787885308265686035e-02
6.005960106849670410e-01 4.035185277462005615e-01 2.687587775290012360e-02
5.891759395599365234e-01 4.065438508987426758e-01 1.896375231444835663e-02
5.749101042747497559e-01 4.041166007518768311e-01 1.324936654418706894e-02
5.615428090095520020e-01 3.984220325946807861e-01 1.044143270701169968e-02
5.511254072189331055e-01 3.918022811412811279e-01 9.769557975232601166e-03
5.438965559005737305e-01 3.854481577873229980e-01 8.983992040157318115e-03
6.352880001068115234e-01 4.390397965908050537e-01 1.315520703792572021e-01
5.415701270103454590e-01 4.727935492992401123e-01 -2.839771658182144165e-02
5.329907536506652832e-01 4.180634021759033203e-01 -3.518856689333915710e-02
5.297214984893798828e-01 4.604618847370147705e-01 -5.558649450540542603e-02
5.227494835853576660e-01 4.686969518661499023e-01 -5.215563625097274780e-02
5.289195775985717773e-01 4.639610350131988525e-01 -5.015804618597030640e-02
5.381067395210266113e-01 4.777590334415435791e-01 -2.520838752388954163e-02
5.208714008331298828e-01 4.696279466152191162e-01 -5.543540790677070618e-02
5.188911557197570801e-01 4.740037620067596436e-01 -4.246140271425247192e-02
5.448148250579833984e-01 3.722680211067199707e-01 1.606556586921215057e-02
5.385484695434570312e-01 3.754467666149139404e-01 8.197671733796596527e-03
5.346577167510986328e-01 3.774549663066864014e-01 -5.984784802421927452e-04
5.971505045890808105e-01 3.708747923374176025e-01 2.631456591188907623e-02
6.054338812828063965e-01 3.621450662612915039e-01 2.736536599695682526e-02
4.540666639804840088e-01 3.563092947006225586e-01 1.048539765179157257e-02
4.656988680362701416e-01 3.569748699665069580e-01 1.048539765179157257e-02
4.551013708114624023e-01 3.422168195247650146e-01 1.048539765179157257e-02
4.423314929008483887e-01 3.555747568607330322e-01 1.048539765179157257e-02
4.529436826705932617e-01 3.701879382133483887e-01 1.048539765179157257e-02
5.780180692672729492e-01 3.701638877391815186e-01 1.965596154332160950e-02
5.895580053329467773e-01 3.714828789234161377e-01 1.965596154332160950e-02
5.791290998458862305e-01 3.560132980346679688e-01 1.965596154332160950e-02
5.664710402488708496e-01 3.688250482082366943e-01 1.965596154332160950e-02
5.769391655921936035e-01 3.843633234500885010e-01 1.965596154332160950e-02
