5.020045638084411621e-01 4.920095801353454590e-01 -4.326884075999259949e-02
5.060672163963317871e-01 4.315868318080902100e-01 -6.097361817955970764e-02
5.041245818138122559e-01 4.540590643882751465e-01 -3.692972660064697266e-02
5.003743171691894531e-01 3.830357193946838379e-01 -3.850231692194938660e-02
5.073241591453552246e-01 4.148816466331481934e-01 -6.256165355443954468e-02
5.087544918060302734e-01 3.959541916847229004e-01 -5.509775504469871521e-02
5.121163725852966309e-01 3.528637290000915527e-01 -1.611129008233547211e-02
4.325498342514038086e-01 3.477855920791625977e-01 2.579860389232635498e-02
5.149123668670654297e-01 3.134028911590576172e-01 -2.194256754592061043e-03
5.164480209350585938e-01 2.916687130928039551e-01 -1.995845668716356158e-04
5.206307172775268555e-01 2.257204204797744751e-01 2.534293569624423981e-02
5.018684864044189453e-01 4.957909286022186279e-01 -4.298043996095657349e-02
5.015835762023925781e-01 4.998220205307006836e-01 -4.018852114677429199e-02
5.014377236366271973e-01 5.024561882019042969e-01 -3.621160611510276794e-02
4.995044767856597900e-01 5.437715053558349609e-01 -3.281314671039581299e-02
4.993873834609985352e-01 5.485185384750366211e-01 -3.576597571372985840e-02
4.990076422691345215e-01 5.548495054244995117e-01 -3.888223320245742798e-02
4.984995424747467041e-01 5.619860291481018066e-01 -3.789665177464485168e-02
4.949133694171905518e-01 5.750749111175537109e-01 -2.920938283205032349e-02
5.052055120468139648e-01 4.419416487216949463e-01 -5.650128051638603210e-02
4.955473542213439941e-01 4.431867301464080811e-01 -4.223275557160377502e-02
3.926598727703094482e-01 2.979148924350738525e-01 8.918648958206176758e-02
4.619230031967163086e-01 3.629759550094604492e-01 1.308865379542112350e-02
4.505058228969573975e-01 3.640795350074768066e-01 1.360415481030941010e-02
4.398238956928253174e-01 3.628118038177490234e-01 1.665177009999752045e-02
4.265681803226470947e-01 3.535107672214508057e-01 2.629898115992546082e-02
4.721980690956115723e-01 3.588494658470153809e-01 1.505938079208135605e-02
4.510423839092254639e-01 3.096828460693359375e-01 1.381531450897455215e-02
4.638491570949554443e-01 3.127396702766418457e-01 1.456029433757066727e-02
4.385119378566741943e-01 3.124240934848785400e-01 1.680615358054637909e-02
4.297288656234741211e-01 3.200986981391906738e-01 2.064569480717182159e-02
4.152476787567138672e-01 3.640714287757873535e-01 3.016409836709499359e-02
4.500569105148315430e-01 5.939872264862060547e-01 -2.151099592447280884e-02
4.287897646427154541e-01 3.431054353713989258e-01 2.988063916563987732e-02
3.809728920459747314e-01 3.651169240474700928e-01 8.092813938856124878e-02
4.033951163291931152e-01 3.519939184188842773e-01 4.328413680195808411e-02
4.502504765987396240e-01 4.268018603324890137e-01 -9.232720360159873962e-03
4.871027469635009766e-01 4.874864220619201660e-01 -4.150190576910972595e-02
4.884571433067321777e-01 4.984745383262634277e-01 -3.868817910552024841e-02
4.723701477050781250e-01 4.934304058551788330e-01 -3.571480512619018555e-02
4.629209339618682861e-01 5.019309520721435547e-01 -2.800141274929046631e-02
4.772883057594299316e-01 5.010895729064941406e-01 -3.426661342382431030e-02
4.688846170902252197e-01 5.063781142234802246e-01 -2.686275541782379150e-02
4.454653263092041016e-01 5.368726849555969238e-01 -1.474596560001373291e-02
4.969778656959533691e-01 4.306181371212005615e-01 -6.000751256942749023e-02
4.966412782669067383e-01 4.146596193313598633e-01 -6.127834320068359375e-02
4.159169197082519531e-01 3.017759323120117188e-01 2.777284570038318634e-02
4.758439362049102783e-01 3.891729116439819336e-01 -3.471664618700742722e-03
4.717898666858673096e-01 4.312440752983093262e-01 -3.314660862088203430e-02
4.712339937686920166e-01 4.240500032901763916e-01 -2.882605232298374176e-02
4.161711931228637695e-01 4.253122806549072266e-01 4.452068358659744263e-03
4.985131025314331055e-01 3.971518576145172119e-01 -5.189714953303337097e-02
4.445197284221649170e-01 2.790675759315490723e-01 1.152135524898767471e-02
4.282920360565185547e-01 2.867927551269531250e-01 1.930971443653106689e-02
4.075079858303070068e-01 2.672962546348571777e-01 7.248337566852569580e-02
4.929256141185760498e-01 2.961261570453643799e-01 1.079268637113273144e-03
4.744030237197875977e-01 3.215901255607604980e-01 1.729338429868221283e-02
4.391421675682067871e-01 5.184704065322875977e-01 -1.064604893326759338e-02
3.819303810596466064e-01 5.255168676376342773e-01 8.153112977743148804e-02
4.797601699829101562e-01 4.410901367664337158e-01 -3.010294213891029358e-02
4.880876243114471436e-01 4.467085003852844238e-01 -3.237737715244293213e-02
4.534216523170471191e-01 5.224617719650268555e-01 -1.175468135625123978e-02
4.568651914596557617e-01 5.223505496978759766e-01 -1.467340160161256790e-02
4.231586456298828125e-01 2.773331403732299805e-01 2.673077583312988281e-02
4.707736670970916748e-01 4.403375685214996338e-01 -2.831295132637023926e-02
4.651451706886291504e-01 2.801602184772491455e-01 5.388199817389249802e-03
4.645595252513885498e-01 2.674641311168670654e-01 5.640331655740737915e-03
4.562571048736572266e-01 2.285038232803344727e-01 3.653932735323905945e-02
4.152528941631317139e-01 2.777201533317565918e-01 4.718530550599098206e-02
4.611757397651672363e-01 2.534164190292358398e-01 2.139876782894134521e-02
4.095553755760192871e-01 2.965564131736755371e-01 3.889566287398338318e-02
4.009871482849121094e-01 3.027989268302917480e-01 6.340543180704116821e-02
4.874214828014373779e-01 4.933164417743682861e-01 -4.138033837080001831e-02
4.746907949447631836e-01 4.975812137126922607e-01 -3.564599528908729553e-02
4.657232761383056641e-01 5.042297244071960449e-01 -2.846686542034149170e-02
4.821363091468811035e-01 4.449411332607269287e-01 -2.818184904754161835e-02
4.551466703414916992e-01 5.224801898002624512e-01 -1.328245736658573151e-02
4.586845338344573975e-01 5.298468470573425293e-01 -2.009907737374305725e-02
4.583953320980072021e-01 5.221059918403625488e-01 -1.492878980934619904e-02
4.853217601776123047e-01 4.327719807624816895e-01 -4.399254918098449707e-02
4.713562726974487305e-01 5.071164965629577637e-01 -2.566089481115341187e-02
4.794988632202148438e-01 5.027500987052917480e-01 -3.083548136055469513e-02
4.896137416362762451e-01 5.012353658676147461e-01 -3.493960946798324585e-02
4.793533086776733398e-01 5.720568895339965820e-01 -2.901745028793811798e-02
4.823966026306152344e-01 5.575638413429260254e-01 -3.716762736439704895e-02
4.837568998336791992e-01 5.506965517997741699e-01 -3.761160001158714294e-02
4.853656291961669922e-01 5.446627736091613770e-01 -3.424051403999328613e-02
4.869980812072753906e-01 5.404557585716247559e-01 -3.147945553064346313e-02
4.697771072387695312e-01 5.325350761413574219e-01 -2.303089760243892670e-02
4.670702815055847168e-01 5.339216589927673340e-01 -2.547252736985683441e-02
4.637538194656372070e-01 5.363711714744567871e-01 -2.792878635227680206e-02
4.609817266464233398e-01 5.396322011947631836e-01 -2.662250213325023651e-02
4.542644321918487549e-01 4.854618012905120850e-01 -2.224643155932426453e-02
3.730261325836181641e-01 4.433123469352722168e-01 1.117375567555427551e-01
5.046772360801696777e-01 4.476154148578643799e-01 -4.344933480024337769e-02
4.643125832080841064e-01 5.286680459976196289e-01 -1.797251775860786438e-02
4.614943563938140869e-01 5.289894342422485352e-01 -1.972124539315700531e-02
4.904080927371978760e-01 4.534749090671539307e-01 -3.433288261294364929e-02
4.736292362213134766e-01 4.515554904937744141e-01 -2.196810953319072723e-02
4.893465042114257812e-01 4.501644372940063477e-01 -3.345953300595283508e-02
4.629451036453247070e-01 3.981503844261169434e-01 -1.813998795114457607e-03
4.437270760536193848e-01 4.072106182575225830e-01 -4.852725251112133265e-04
4.688185751438140869e-01 4.326352477073669434e-01 -2.376879379153251648e-02
4.277493953704833984e-01 2.432009577751159668e-01 5.321620404720306396e-02
4.344493150711059570e-01 2.605254352092742920e-01 3.350943326950073242e-02
4.416507482528686523e-01 2.677079439163208008e-01 1.608361303806304932e-02
4.533944725990295410e-01 5.500196218490600586e-01 -2.083640173077583313e-02
4.916752576828002930e-01 2.737369537353515625e-01 4.688623594120144844e-04
4.881463348865509033e-01 2.544957995414733887e-01 1.428150106221437454e-02
4.860166907310485840e-01 2.237350046634674072e-01 2.680593170225620270e-02
4.311339855194091797e-01 3.594010174274444580e-01 2.152378670871257782e-02
4.014316201210021973e-01 3.757342696189880371e-01 3.452463448047637939e-02
4.792824685573577881e-01 3.542549014091491699e-01 1.735174469649791718e-02
4.176989793777465820e-01 3.283508121967315674e-01 3.018589876592159271e-02
4.847896993160247803e-01 3.784390687942504883e-01 -5.787378642708063126e-03
4.789057075977325439e-01 4.228458106517791748e-01 -4.274597391486167908e-02
3.891682922840118408e-01 3.901731967926025391e-01 4.428943619132041931e-02
4.081146717071533203e-01 3.860197663307189941e-01 2.243863791227340698e-02
4.226258397102355957e-01 3.916231691837310791e-01 1.147973630577325821e-02
4.452987015247344971e-01 3.895047307014465332e-01 7.223722524940967560e-03
4.621406197547912598e-01 3.834046423435211182e-01 6.015975493937730789e-03
4.753082990646362305e-01 3.760919868946075439e-01 4.669831600040197372e-03
5.012972354888916016e-01 3.561514019966125488e-01 -1.259839907288551331e-02
3.887975811958312988e-01 4.233258962631225586e-01 3.540398925542831421e-02
4.087666273117065430e-01 3.258515000343322754e-01 3.634668514132499695e-02
4.999801218509674072e-01 4.409250319004058838e-01 -5.587978288531303406e-02
4.757271409034729004e-01 4.031248390674591064e-01 -1.108882110565900803e-02
3.757755458354949951e-01 3.700489699840545654e-01 1.169534251093864441e-01
4.855519533157348633e-01 3.672817051410675049e-01 4.861934110522270203e-03
4.674187898635864258e-01 4.354822933673858643e-01 -1.307456381618976593e-02
4.231229126453399658e-01 3.430006504058837891e-01 3.168251365423202515e-02
4.788494110107421875e-01 4.143403470516204834e-01 -3.724703192710876465e-02
3.754553496837615967e-01 4.831129908561706543e-01 9.970335662364959717e-02
4.806231856346130371e-01 3.487164676189422607e-01 2.129198983311653137e-02
4.886344969272613525e-01 4.036169350147247314e-01 -4.642049223184585571e-02
4.043715298175811768e-01 5.575891137123107910e-01 2.059436403214931488e-02
4.021537005901336670e-01 5.816897749900817871e-01 3.614879772067070007e-02
3.759459257125854492e-01 4.334565699100494385e-01 7.391245663166046143e-02
3.925619125366210938e-01 5.359204411506652832e-01 3.634655848145484924e-02
3.906465470790863037e-01 3.320252299308776855e-01 7.590596377849578857e-02
4.455607235431671143e-01 6.126295328140258789e-01 -1.849833875894546509e-02
5.006523728370666504e-01 4.466800093650817871e-01 -4.270962998270988464e-02
4.647569656372070312e-01 4.152305424213409424e-01 -9.188191965222358704e-03
3.931734859943389893e-01 3.564713001251220703e-01 5.411174893379211426e-02
4.425957798957824707e-01 3.534532189369201660e-01 1.878539100289344788e-02
4.517941474914550781e-01 3.551738262176513672e-01 1.615558378398418427e-02
4.560319781303405762e-01 5.311529040336608887e-01 -1.876464299857616425e-02
3.891356885433197021e-01 4.571914672851562500e-01 3.280396386981010437e-02
4.647852778434753418e-01 6.404488086700439453e-01 -1.808148436248302460e-02
4.305060207843780518e-01 6.168329119682312012e-01 5.515347700566053391e-03
4.168829321861267090e-01 6.023629903793334961e-01 1.896321959793567657e-02
5.185185670852661133e-01 2.584115266799926758e-01 1.230304781347513199e-02
4.903897941112518311e-01 6.464653015136718750e-01 -2.101960219442844391e-02
4.612667560577392578e-01 3.544990122318267822e-01 1.607131399214267731e-02
4.705920815467834473e-01 3.521520197391510010e-01 1.807035878300666809e-02
4.770679175853729248e-01 3.504613935947418213e-01 2.089263126254081726e-02
4.005801677703857422e-01 3.245030641555786133e-01 4.826576262712478638e-02
4.712310433387756348e-01 3.377109766006469727e-01 1.819864846765995026e-02
4.615664780139923096e-01 3.330422043800354004e-01 1.648380234837532043e-02
4.518399536609649658e-01 3.317841291427612305e-01 1.682294905185699463e-02
4.420162439346313477e-01 3.336828052997589111e-01 1.905111968517303467e-02
4.355691671371459961e-01 3.373659253120422363e-01 2.205687202513217926e-02
3.824913501739501953e-01 3.304343819618225098e-01 1.061675548553466797e-01
4.366390109062194824e-01 3.507762551307678223e-01 2.244449406862258911e-02
5.028820037841796875e-01 4.679127335548400879e-01 -3.628804907202720642e-02
4.658420681953430176e-01 4.748607873916625977e-01 -2.669767476618289948e-02
4.799020290374755859e-01 4.371997416019439697e-01 -3.323974087834358215e-02
4.876015782356262207e-01 4.679524600505828857e-01 -3.567020967602729797e-02
5.134026408195495605e-01 3.352157473564147949e-01 -4.852140322327613831e-03
4.171044826507568359e-01 5.791363716125488281e-01 7.737897802144289017e-03
4.304560720920562744e-01 5.959511399269104004e-01 -4.943273961544036865e-03
4.658184051513671875e-01 6.256241798400878906e-01 -3.008207306265830994e-02
3.913740217685699463e-01 5.586584210395812988e-01 5.875834450125694275e-02
4.778318405151367188e-01 3.442907035350799561e-01 2.018253877758979797e-02
4.923118948936462402e-01 3.791730701923370361e-01 -2.092432044446468353e-02
4.911631345748901367e-01 6.314635872840881348e-01 -3.279652819037437439e-02
4.458481073379516602e-01 6.297875642776489258e-01 -8.501287549734115601e-03
3.775422275066375732e-01 4.705545008182525635e-01 6.571732461452484131e-02
4.772541224956512451e-01 5.364519357681274414e-01 -2.765932120382785797e-02
4.745867550373077393e-01 5.392661690711975098e-01 -3.031709417700767517e-02
4.718807637691497803e-01 5.438377857208251953e-01 -3.303327783942222595e-02
4.697457551956176758e-01 5.496160984039306641e-01 -3.239393606781959534e-02
4.643330574035644531e-01 5.624350905418395996e-01 -2.644198574125766754e-02
4.620938003063201904e-01 5.135403275489807129e-01 -2.017426304519176483e-02
4.591141939163208008e-01 5.125822424888610840e-01 -1.995255611836910248e-02
4.566372632980346680e-01 5.110989809036254883e-01 -1.956784352660179138e-02
4.450224637985229492e-01 5.002232789993286133e-01 -1.597357541322708130e-02
4.050815105438232422e-01 4.627743661403656006e-01 1.002550590783357620e-02
4.933172762393951416e-01 3.660151958465576172e-01 -8.290826342999935150e-03
4.901097118854522705e-01 3.339523077011108398e-01 1.534966845065355301e-02
4.828568100929260254e-01 3.367949724197387695e-01 1.920049823820590973e-02
4.645418822765350342e-01 5.134023427963256836e-01 -1.956761255860328674e-02
4.006301760673522949e-01 5.069255828857421875e-01 2.006977051496505737e-02
5.007410645484924316e-01 3.321605920791625977e-01 1.708229538053274155e-03
4.570600390434265137e-01 5.773725509643554688e-01 -2.310016751289367676e-02
5.099357366561889648e-01 3.811597228050231934e-01 -4.176988080143928528e-02
5.006651878356933594e-01 3.702052831649780273e-01 -2.623337320983409882e-02
5.109756588935852051e-01 3.674485385417938232e-01 -2.829769067466259003e-02
4.826436638832092285e-01 4.033035337924957275e-01 -2.516634576022624969e-02
4.924452304840087891e-01 6.124604344367980957e-01 -3.540096059441566467e-02
4.938321709632873535e-01 5.920546650886535645e-01 -3.196578100323677063e-02
4.746049940586090088e-01 5.883007645606994629e-01 -2.993179671466350555e-02
4.341489374637603760e-01 5.432639718055725098e-01 -9.478553198277950287e-03
4.568427205085754395e-01 4.488213956356048584e-01 -1.213345304131507874e-02
4.437925815582275391e-01 5.625904798507690430e-01 -1.628673821687698364e-02
4.313818812370300293e-01 4.455085098743438721e-01 -8.127694018185138702e-03
4.451504945755004883e-01 4.650303721427917480e-01 -1.293856184929609299e-02
4.202227294445037842e-01 4.737188518047332764e-01 -3.396308282390236855e-03
4.692822992801666260e-01 6.073213815689086914e-01 -3.238486871123313904e-02
4.750785231590270996e-01 4.138872623443603516e-01 -1.921550184488296509e-02
4.230955243110656738e-01 5.573443174362182617e-01 -1.587759586982429028e-03
4.358991980552673340e-01 5.767459273338317871e-01 -1.077855471521615982e-02
4.278312623500823975e-01 5.203866958618164062e-01 -6.007989402860403061e-03
3.906664252281188965e-01 4.870460927486419678e-01 3.202282264828681946e-02
4.132144749164581299e-01 5.245153307914733887e-01 4.087796900421380997e-03
3.823412358760833740e-01 5.051404833793640137e-01 5.491016060113906860e-02
4.349789619445800781e-01 4.875683486461639404e-01 -1.059242058545351028e-02
4.843210875988006592e-01 3.909818530082702637e-01 -1.555900461971759796e-02
4.820922315120697021e-01 4.295120537281036377e-01 -4.565461352467536926e-02
4.751010537147521973e-01 4.360707104206085205e-01 -3.505497798323631287e-02
4.873143434524536133e-01 4.175145328044891357e-01 -5.225391313433647156e-02
4.822257757186889648e-01 3.140841722488403320e-01 1.386514585465192795e-02
4.645760655403137207e-01 3.007300198078155518e-01 1.275122538208961487e-02
4.484657049179077148e-01 2.980134785175323486e-01 1.303731091320514679e-02
4.344582855701446533e-01 3.023761808872222900e-01 1.672635786235332489e-02
4.240328073501586914e-01 3.118899464607238770e-01 2.276460081338882446e-02
4.144587218761444092e-01 3.472813665866851807e-01 3.574722260236740112e-02
3.766427040100097656e-01 3.985866904258728027e-01 7.784552872180938721e-02
4.207346439361572266e-01 3.705371618270874023e-01 2.348544821143150330e-02
4.320147037506103516e-01 3.753186166286468506e-01 1.649837754666805267e-02
4.473694562911987305e-01 3.757534623146057129e-01 1.203313097357749939e-02
4.622966647148132324e-01 3.725467920303344727e-01 1.057325862348079681e-02
4.742871522903442383e-01 3.672578334808349609e-01 1.151762064546346664e-02
4.828886985778808594e-01 3.619419038295745850e-01 1.169147714972496033e-02
3.735832571983337402e-01 4.067150652408599854e-01 1.183394342660903931e-01
4.749656915664672852e-01 4.420047402381896973e-01 -3.023088350892066956e-02
4.912806451320648193e-01 3.911055624485015869e-01 -3.219822049140930176e-02
4.896560907363891602e-01 4.289191365242004395e-01 -5.437386408448219299e-02
4.950941205024719238e-01 4.390440583229064941e-01 -5.128546059131622314e-02
4.896964132785797119e-01 4.330208003520965576e-01 -4.942192509770393372e-02
4.775076806545257568e-01 4.481392204761505127e-01 -2.732503972947597504e-02
4.968297481536865234e-01 4.399715065956115723e-01 -5.437682941555976868e-02
4.975235164165496826e-01 4.456090033054351807e-01 -4.244416579604148865e-02
4.843368828296661377e-01 3.485743105411529541e-01 1.951801031827926636e-02
4.901604652404785156e-01 3.524543046951293945e-01 1.234177593141794205e-02
4.938179254531860352e-01 3.543561995029449463e-01 4.065779037773609161e-03
4.317837655544281006e-01 3.403578996658325195e-01 2.537848614156246185e-02
4.239733517169952393e-01 3.298068344593048096e-01 2.624630741775035858e-02
5.191777944564819336e-01 3.852021694183349609e-01 -3.820090740919113159e-02
5.926432609558105469e-01 3.648109138011932373e-01 2.788550592958927155e-02
5.142894387245178223e-01 4.455905556678771973e-01 -4.203860461711883545e-02
6.334096193313598633e-01 3.244447708129882812e-01 9.335351735353469849e-02
5.597855448722839355e-01 3.739292025566101074e-01 1.455462165176868439e-02
5.707994699478149414e-01 3.776654303073883057e-01 1.537624001502990723e-02
5.814235210418701172e-01 3.786253929138183594e-01 1.860855147242546082e-02
5.964934229850769043e-01 3.710538744926452637e-01 2.848763577640056610e-02
5.506126284599304199e-01 3.674418628215789795e-01 1.622283458709716797e-02
5.801159143447875977e-01 3.226566314697265625e-01 1.554090436547994614e-02
5.668166875839233398e-01 3.234309554100036621e-01 1.591865532100200653e-02
5.921907424926757812e-01 3.274500966072082520e-01 1.878627389669418335e-02
5.996066927909851074e-01 3.365690410137176514e-01 2.273900993168354034e-02
6.039409637451171875e-01 3.834351003170013428e-01 3.258527442812919617e-02
5.380045771598815918e-01 6.038926839828491211e-01 -2.057000435888767242e-02
5.971794128417968750e-01 3.599829077720642090e-01 3.203583881258964539e-02
6.374831199645996094e-01 3.935418426990509033e-01 8.365557342767715454e-02
6.169413924217224121e-01 3.725321888923645020e-01 4.579015076160430908e-02
5.623053908348083496e-01 4.405161142349243164e-01 -7.522400002926588058e-03
5.170500874519348145e-01 4.912440180778503418e-01 -4.115737974643707275e-02
5.143750309944152832e-01 5.018099546432495117e-01 -3.830735012888908386e-02
5.308377742767333984e-01 5.005503892898559570e-01 -3.504552319645881653e-02
5.388845801353454590e-01 5.115849971771240234e-01 -2.707587182521820068e-02
5.248707532882690430e-01 5.070506334304809570e-01 -3.362828865647315979e-02
5.323289036750793457e-01 5.145441889762878418e-01 -2.598288655281066895e-02
5.490548014640808105e-01 5.498421788215637207e-01 -1.354058366268873215e-02
5.151225924491882324e-01 4.328503608703613281e-01 -5.980652198195457458e-02
5.179458260536193848e-01 4.172199964523315430e-01 -6.109736487269401550e-02
6.148102283477783203e-01 3.210203647613525391e-01 3.017673082649707794e-02
5.424737334251403809e-01 3.970648050308227539e-01 -2.408931497484445572e-03
5.402828454971313477e-01 4.398392736911773682e-01 -3.238320723176002502e-02
5.420579314231872559e-01 4.327751398086547852e-01 -2.801580168306827545e-02
5.965530276298522949e-01 4.470077157020568848e-01 7.103588897734880447e-03
5.186895728111267090e-01 3.994946181774139404e-01 -5.161138251423835754e-02
5.912919044494628906e-01 2.949418127536773682e-01 1.360728591680526733e-02
6.057287454605102539e-01 3.045600652694702148e-01 2.171761542558670044e-02
6.239305734634399414e-01 2.909058034420013428e-01 7.608630508184432983e-02
5.405333042144775391e-01 3.049782812595367432e-01 1.974624348804354668e-03
5.548240542411804199e-01 3.303978443145751953e-01 1.838805712759494781e-02
5.581690669059753418e-01 5.338355898857116699e-01 -9.045094251632690430e-03
6.171188950538635254e-01 5.531245470046997070e-01 8.573836088180541992e-02
5.304538011550903320e-01 4.476943314075469971e-01 -2.959027327597141266e-02
5.212132930755615234e-01 4.510672092437744141e-01 -3.209985420107841492e-02
5.453833937644958496e-01 5.357788801193237305e-01 -1.045540906488895416e-02
5.421089529991149902e-01 5.345566868782043457e-01 -1.354395411908626556e-02
6.121681332588195801e-01 2.954782545566558838e-01 2.903549931943416595e-02
5.398219823837280273e-01 4.491137862205505371e-01 -2.754767797887325287e-02
5.705764889717102051e-01 2.936955392360687256e-01 6.818390917032957077e-03
5.732969045639038086e-01 2.810638546943664551e-01 6.993018090724945068e-03
5.822820663452148438e-01 2.424537986516952515e-01 3.874139860272407532e-02
6.161711812019348145e-01 2.984344959259033203e-01 4.944072663784027100e-02
5.749320983886718750e-01 2.653034925460815430e-01 2.272559329867362976e-02
6.214448809623718262e-01 3.165898323059082031e-01 4.125982150435447693e-02
6.260350346565246582e-01 3.264625370502471924e-01 6.578250974416732788e-02
5.160598158836364746e-01 4.970189630985260010e-01 -4.099490866065025330e-02
5.278891324996948242e-01 5.042570829391479492e-01 -3.499544039368629456e-02
5.358585119247436523e-01 5.132166743278503418e-01 -2.759009227156639099e-02
5.273833870887756348e-01 4.508530199527740479e-01 -2.769874781370162964e-02
5.437142252922058105e-01 5.352581143379211426e-01 -1.208959985524415970e-02
5.400276780128479004e-01 5.422876477241516113e-01 -1.915306597948074341e-02
5.406454801559448242e-01 5.337576866149902344e-01 -1.384683419018983841e-02
5.261552333831787109e-01 4.380723536014556885e-01 -4.345790296792984009e-02
5.297497510910034180e-01 5.144926905632019043e-01 -2.485615201294422150e-02
5.223695039749145508e-01 5.081524252891540527e-01 -3.023661486804485321e-02
5.128651261329650879e-01 5.042372345924377441e-01 -3.457917273044586182e-02
5.111845731735229492e-01 5.758465528488159180e-01 -2.861716225743293762e-02
5.141844153404235840e-01 5.628358721733093262e-01 -3.678298369050025940e-02
5.138443112373352051e-01 5.555822253227233887e-01 -3.722166270017623901e-02
5.129647850990295410e-01 5.491739511489868164e-01 -3.384678810834884644e-02
5.115731358528137207e-01 5.445637106895446777e-01 -3.108084946870803833e-02
5.287509560585021973e-01 5.419317483901977539e-01 -2.220093086361885071e-02
5.314208865165710449e-01 5.443326234817504883e-01 -2.467167936265468597e-02
5.345041751861572266e-01 5.478689670562744141e-01 -2.705521322786808014e-02
5.368555784225463867e-01 5.520107746124267578e-01 -2.575994282960891724e-02
5.484509468078613281e-01 4.975589513778686523e-01 -2.125469967722892761e-02
6.342312097549438477e-01 4.735236763954162598e-01 1.162750199437141418e-01
5.342637896537780762e-01 5.392194986343383789e-01 -1.700508594512939453e-02
5.372397899627685547e-01 5.405372381210327148e-01 -1.881228014826774597e-02
5.179159641265869141e-01 4.570086300373077393e-01 -3.404067456722259521e-02
5.350518822669982910e-01 4.595318436622619629e-01 -2.132643200457096100e-02
5.194606781005859375e-01 4.541301429271697998e-01 -3.316878527402877808e-02
5.537469387054443359e-01 4.090067744255065918e-01 -2.837835054378956556e-04
5.715919733047485352e-01 4.226192831993103027e-01 1.537871779873967171e-03
5.432014465332031250e-01 4.419682621955871582e-01 -2.289148792624473572e-02
6.080675125122070312e-01 2.628911137580871582e-01 5.621797591447830200e-02
6.002190709114074707e-01 2.774549722671508789e-01 3.538226708769798279e-02
5.959565639495849609e-01 2.834847569465637207e-01 1.804948784410953522e-02
5.396857857704162598e-01 5.604145526885986328e-01 -1.981467008590698242e-02
5.457541346549987793e-01 2.834596335887908936e-01 1.285556936636567116e-03
5.484415888786315918e-01 2.610084414482116699e-01 1.500295568257570267e-02
5.541204810142517090e-01 2.314580380916595459e-01 2.798153832554817200e-02
5.907352566719055176e-01 3.769281208515167236e-01 2.359181642532348633e-02
6.146603226661682129e-01 3.974241316318511963e-01 3.703344985842704773e-02
5.444149374961853027e-01 3.615567386150360107e-01 1.835400424897670746e-02
6.087700128555297852e-01 3.467386960983276367e-01 3.248683735728263855e-02
5.353545546531677246e-01 3.843430876731872559e-01 -4.948498215526342392e-03
5.343298912048339844e-01 4.298060536384582520e-01 -4.208419471979141235e-02
6.273634433746337891e-01 4.174158573150634766e-01 4.706816375255584717e-02
6.060865521430969238e-01 4.075644910335540771e-01 2.495573647320270538e-02
5.911597013473510742e-01 4.108258485794067383e-01 1.379525847733020782e-02
5.700652003288269043e-01 4.040062427520751953e-01 9.200336411595344543e-03
5.551220774650573730e-01 3.941131234169006348e-01 7.546023000031709671e-03
5.438549518585205078e-01 3.840569853782653809e-01 5.774523131549358368e-03
5.223447084426879883e-01 3.585782051086425781e-01 -1.223200466483831406e-02
6.239205002784729004e-01 4.508785903453826904e-01 3.824770078063011169e-02
6.168388724327087402e-01 3.458170890808105469e-01 3.869734331965446472e-02
5.105104446411132812e-01 4.422325491905212402e-01 -5.572906509041786194e-02
5.405132770538330078e-01 4.109188020229339600e-01 -1.008570007979869843e-02
6.398521661758422852e-01 3.996738791465759277e-01 1.218665987253189087e-01
5.355419516563415527e-01 3.733184635639190674e-01 5.710204597562551498e-03
5.440081954002380371e-01 4.451126158237457275e-01 -1.207796111702919006e-02
6.018371582031250000e-01 3.605651855468750000e-01 3.400325775146484375e-02
5.357636809349060059e-01 4.213308691978454590e-01 -3.654155135154724121e-02
6.279689073562622070e-01 5.125728845596313477e-01 1.040825620293617249e-01
5.448254346847534180e-01 3.557705283164978027e-01 2.235355973243713379e-02
5.275877118110656738e-01 4.082711040973663330e-01 -4.588619247078895569e-02
5.903849601745605469e-01 5.791113376617431641e-01 2.259174734354019165e-02
5.896646976470947266e-01 6.030262708663940430e-01 3.938432782888412476e-02
6.347293853759765625e-01 4.629854261875152588e-01 7.665400207042694092e-02
6.056250333786010742e-01 5.607093572616577148e-01 3.864910453557968140e-02
6.319276094436645508e-01 3.582482635974884033e-01 7.846193015575408936e-02
5.399274826049804688e-01 6.229259967803955078e-01 -1.755030080676078796e-02
5.087317228317260742e-01 4.476956427097320557e-01 -4.263038560748100281e-02
5.495626926422119141e-01 4.255940616130828857e-01 -7.933689281344413757e-03
6.258252859115600586e-01 3.783403635025024414e-01 5.671877041459083557e-02
5.813986659049987793e-01 3.693373203277587891e-01 2.072127535939216614e-02
5.719032287597656250e-01 3.689469397068023682e-01 1.786264590919017792e-02
5.424767136573791504e-01 5.444363355636596680e-01 -1.779343374073505402e-02
6.194398999214172363e-01 4.844357967376708984e-01 3.568101301789283752e-02
5.168305039405822754e-01 6.460714340209960938e-01 -1.715634763240814209e-02
5.552324056625366211e-01 6.301707029342651367e-01 7.555529009550809860e-03
5.715919733047485352e-01 6.194013357162475586e-01 2.156691811978816986e-02
5.625830292701721191e-01 3.659164309501647949e-01 1.754208467900753021e-02
5.538741946220397949e-01 3.613154888153076172e-01 1.932905800640583038e-02
5.479217767715454102e-01 3.583052158355712891e-01 2.200600504875183105e-02
6.243236064910888672e-01 3.450713157653808594e-01 5.072900280356407166e-02
5.563003420829772949e-01 3.473705053329467773e-01 1.948526687920093536e-02
5.664535164833068848e-01 3.444856107234954834e-01 1.801587641239166260e-02
5.761200189590454102e-01 3.447221219539642334e-01 1.857642643153667450e-02
5.856019258499145508e-01 3.480900526046752930e-01 2.094679884612560272e-02
5.913825035095214844e-01 3.527390956878662109e-01 2.412946149706840515e-02
6.383432149887084961e-01 3.588440418243408203e-01 1.108519509434700012e-01
5.879728198051452637e-01 3.675070703029632568e-01 2.445954270660877228e-02
5.388871431350708008e-01 4.842612445354461670e-01 -2.592100948095321655e-02
5.308976769447326660e-01 4.438382983207702637e-01 -3.268839418888092041e-02
5.182558894157409668e-01 4.720000624656677246e-01 -3.534743562340736389e-02
5.740221142768859863e-01 5.969647169113159180e-01 9.345839731395244598e-03
5.578364133834838867e-01 6.100726127624511719e-01 -3.745212219655513763e-03
5.177415013313293457e-01 6.313935518264770508e-01 -2.949932403862476349e-02
6.038109660148620605e-01 5.832347869873046875e-01 6.251032650470733643e-02
5.485191941261291504e-01 3.522043824195861816e-01 2.132384479045867920e-02
5.278060436248779297e-01 3.832998573780059814e-01 -2.039605751633644104e-02
5.375707149505615234e-01 6.394525170326232910e-01 -7.017923519015312195e-03
6.287935972213745117e-01 4.996022582054138184e-01 6.846778094768524170e-02
5.212374925613403320e-01 5.436741113662719727e-01 -2.697371132671833038e-02
5.236912369728088379e-01 5.473796725273132324e-01 -2.965349145233631134e-02
5.258773565292358398e-01 5.527523756027221680e-01 -3.235262259840965271e-02
5.273485183715820312e-01 5.593444108963012695e-01 -3.170404583215713501e-02
5.272700786590576172e-01 5.697146058082580566e-01 -2.562369778752326965e-02
5.382004976272583008e-01 5.237087011337280273e-01 -1.919359527528285980e-02
5.412000417709350586e-01 5.236316919326782227e-01 -1.888082176446914673e-02
5.439514517784118652e-01 5.228389501571655273e-01 -1.850281655788421631e-02
5.551286935806274414e-01 5.144497156143188477e-01 -1.463389769196510315e-02
6.027194261550903320e-01 4.865889549255371094e-01 1.271608471870422363e-02
5.286951065063476562e-01 3.701599538326263428e-01 -7.698633708059787750e-03
5.372990965843200684e-01 3.395587801933288574e-01 1.594672538340091705e-02
5.439463257789611816e-01 3.436277806758880615e-01 2.015115506947040558e-02
5.358194112777709961e-01 5.227109193801879883e-01 -1.856611110270023346e-02
6.010816693305969238e-01 5.308061838150024414e-01 2.257514372467994690e-02
5.266885161399841309e-01 3.361101746559143066e-01 2.168365055695176125e-03
5.331594347953796387e-01 5.860486626625061035e-01 -2.224870584905147552e-02
5.208646655082702637e-01 3.724840879440307617e-01 -2.595024928450584412e-02
5.336253643035888672e-01 4.095063805580139160e-01 -2.448114007711410522e-02
5.140405893325805664e-01 5.927763581275939941e-01 -2.957404591143131256e-02
5.605664849281311035e-01 5.586000680923461914e-01 -8.011104539036750793e-03
5.521228909492492676e-01 4.606715440750122070e-01 -1.089859288185834885e-02
5.482755303382873535e-01 5.748589038848876953e-01 -1.517875306308269501e-02
5.784941315650939941e-01 4.634906947612762451e-01 -5.931200925260782242e-03
5.613018870353698730e-01 4.794842600822448730e-01 -1.142988540232181549e-02
5.855575203895568848e-01 4.939205348491668701e-01 -1.072266953997313976e-03
5.168312788009643555e-01 6.127797961235046387e-01 -3.187633678317070007e-02
5.395723581314086914e-01 4.217115938663482666e-01 -1.838590949773788452e-02
5.704778432846069336e-01 5.745803117752075195e-01 4.484544842853210866e-05
5.547065734863281250e-01 5.903394222259521484e-01 -9.545510634779930115e-03
5.703142285346984863e-01 5.381228923797607422e-01 -4.112252034246921539e-03
6.140623688697814941e-01 5.135654807090759277e-01 3.480554372072219849e-02
5.853604078292846680e-01 5.451403856277465820e-01 6.223203614354133606e-03
6.199698448181152344e-01 5.328616499900817871e-01 5.759259685873985291e-02
5.679461359977722168e-01 5.042746067047119141e-01 -8.849336765706539154e-03
5.338494181632995605e-01 3.969103097915649414e-01 -1.475877407938241959e-02
5.299503803253173828e-01 4.356327652931213379e-01 -4.506729915738105774e-02
5.360411405563354492e-01 4.438644647598266602e-01 -3.443456068634986877e-02
5.266937613487243652e-01 4.224019050598144531e-01 -5.186140537261962891e-02
5.482305288314819336e-01 3.225089609622955322e-01 1.471745874732732773e-02
5.680047273635864258e-01 3.123921751976013184e-01 1.415565796196460724e-02
5.845638513565063477e-01 3.122994899749755859e-01 1.496935822069644928e-02
5.974461436271667480e-01 3.187003135681152344e-01 1.890071853995323181e-02
6.058354377746582031e-01 3.297377228736877441e-01 2.508546784520149231e-02
6.082538366317749023e-01 3.662016987800598145e-01 3.816277906298637390e-02
6.378826498985290527e-01 4.279768168926239014e-01 8.067931979894638062e-02
5.975700616836547852e-01 3.895348906517028809e-01 2.582864090800285339e-02
5.856810808181762695e-01 3.924790918827056885e-01 1.865915022790431976e-02
5.710024237632751465e-01 3.896807432174682617e-01 1.386974100023508072e-02
5.572814941406250000e-01 3.831127285957336426e-01 1.206703763455152512e-02
5.467192530632019043e-01 3.752106428146362305e-01 1.263377908617258072e-02
5.393414497375488281e-01 3.680454194545745850e-01 1.255927700549364090e-02
6.376018524169921875e-01 4.367593824863433838e-01 1.231867969036102295e-01
5.351881980895996094e-01 4.497301578521728516e-01 -2.958791889250278473e-02
5.269104838371276855e-01 3.952822983264923096e-01 -3.167188167572021484e-02
5.225175023078918457e-01 4.330408871173858643e-01 -5.399513617157936096e-02
5.154721736907958984e-01 4.416586160659790039e-01 -5.105336755514144897e-02
5.217742323875427246e-01 4.372233152389526367e-01 -4.902306944131851196e-02
5.316613316535949707e-01 4.551014304161071777e-01 -2.675440907478332520e-02
5.137051343917846680e-01 4.420963525772094727e-01 -5.420064553618431091e-02
5.119335651397705078e-01 4.474155008792877197e-01 -4.230227693915367126e-02
5.405371189117431641e-01 3.549593687057495117e-01 2.036243677139282227e-02
5.339332818984985352e-01 3.574076890945434570e-01 1.302932947874069214e-02
5.296911001205444336e-01 3.589379787445068359e-01 4.668937064707279205e-03
5.946677327156066895e-01 3.564794063568115234e-01 2.752798609435558319e-02
6.033487319946289062e-01 3.471467792987823486e-01 2.847128175199031830e-02
4.510674178600311279e-01 3.414214551448822021e-01 2.047283947467803955e-02
4.623034894466400146e-01 3.416631221771240234e-01 2.047283947467803955e-02
4.512163400650024414e-01 3.274077773094177246e-01 2.047283947467803955e-02
4.396071135997772217e-01 3.411679267883300781e-01 2.047283947467803955e-02
4.508037865161895752e-01 3.552871346473693848e-01 2.047283947467803955e-02
5.749642252922058105e-01 3.570752143859863281e-01 2.213757298886775970e-02
5.864528417587280273e-01 3.590126037597656250e-01 2.213757298886775970e-02
5.764647722244262695e-01 3.421326279640197754e-01 2.213757298886775970e-02
5.635550618171691895e-01 3.551374077796936035e-01 2.213757298886775970e-02
5.734876394271850586e-01 3.720643222332000732e-01 2.213757298886775970e-02
