5.033365488052368164e-01 5.106866359710693359e-01 -4.079453274607658386e-02
5.098377466201782227e-01 4.535167813301086426e-01 -6.219632923603057861e-02
5.074002742767333984e-01 4.733025431632995605e-01 -3.703078627586364746e-02
5.038864016532897949e-01 4.031588435173034668e-01 -4.175722599029541016e-02
5.112869739532470703e-01 4.370188117027282715e-01 -6.424872577190399170e-02
5.126218795776367188e-01 4.174797236919403076e-01 -5.749910697340965271e-02
5.154701471328735352e-01 3.715824484825134277e-01 -2.061477303504943848e-02
4.310782849788665771e-01 3.642131984233856201e-01 1.961322128772735596e-02
5.182972550392150879e-01 3.335745930671691895e-01 -8.015175350010395050e-03
5.200528502464294434e-01 3.126652240753173828e-01 -6.711697205901145935e-03
5.251333713531494141e-01 2.440883517265319824e-01 1.561964489519596100e-02
5.031426548957824707e-01 5.145108699798583984e-01 -4.035362601280212402e-02
5.028392672538757324e-01 5.186764001846313477e-01 -3.763006627559661865e-02
5.026170015335083008e-01 5.214251279830932617e-01 -3.365617245435714722e-02
4.990702867507934570e-01 5.818149447441101074e-01 -2.590524777770042419e-02
4.989454448223114014e-01 5.869319438934326172e-01 -2.856383472681045532e-02
4.985564053058624268e-01 5.931485891342163086e-01 -3.113572672009468079e-02
4.980454444885253906e-01 5.994775295257568359e-01 -2.904313430190086365e-02
4.958004653453826904e-01 6.065173149108886719e-01 -1.954436860978603363e-02
5.088109374046325684e-01 4.631544947624206543e-01 -5.747079849243164062e-02
4.982620477676391602e-01 4.630960226058959961e-01 -4.321444407105445862e-02
3.963854908943176270e-01 3.066869974136352539e-01 7.778790593147277832e-02
4.632086753845214844e-01 3.761804103851318359e-01 8.600686676800251007e-03
4.512716531753540039e-01 3.778591156005859375e-01 8.674234151840209961e-03
4.399715065956115723e-01 3.769636750221252441e-01 1.115903351455926895e-02
4.249386191368103027e-01 3.687022030353546143e-01 2.004914544522762299e-02
4.738374948501586914e-01 3.715462684631347656e-01 1.047902368009090424e-02
4.533052146434783936e-01 3.298810720443725586e-01 7.794763892889022827e-03
4.659495949745178223e-01 3.330933153629302979e-01 8.943179622292518616e-03
4.406941831111907959e-01 3.312915265560150146e-01 1.033320184797048569e-02
4.315551817417144775e-01 3.375539183616638184e-01 1.406347658485174179e-02
4.144606590270996094e-01 3.768363595008850098e-01 2.380654029548168182e-02
4.488119184970855713e-01 6.166400909423828125e-01 -1.126292813569307327e-02
4.270944595336914062e-01 3.617261052131652832e-01 2.334856986999511719e-02
3.831507563591003418e-01 3.736100792884826660e-01 7.264755666255950928e-02
4.039590954780578613e-01 3.647121489048004150e-01 3.589227795600891113e-02
4.516150355339050293e-01 4.413275122642517090e-01 -1.141061540693044662e-02
4.871101081371307373e-01 5.070525407791137695e-01 -3.957886993885040283e-02
4.883193671703338623e-01 5.174413919448852539e-01 -3.638616576790809631e-02
4.710448682308197021e-01 5.127397775650024414e-01 -3.374090045690536499e-02
4.606151282787322998e-01 5.205422639846801758e-01 -2.491850964725017548e-02
4.761079549789428711e-01 5.199785828590393066e-01 -3.174390643835067749e-02
4.667953848838806152e-01 5.249953269958496094e-01 -2.343448065221309662e-02
4.434442222118377686e-01 5.552853941917419434e-01 -7.959982380270957947e-03
5.005780458450317383e-01 4.521702826023101807e-01 -6.145100668072700500e-02
5.003764629364013672e-01 4.363208115100860596e-01 -6.323266774415969849e-02
4.184910953044891357e-01 3.179252743721008301e-01 1.903110742568969727e-02
4.783176779747009277e-01 4.043463766574859619e-01 -6.984286475926637650e-03
4.737572968006134033e-01 4.488641023635864258e-01 -3.521699085831642151e-02
4.731047749519348145e-01 4.411326646804809570e-01 -3.107130713760852814e-02
4.176035523414611816e-01 4.373328685760498047e-01 7.892629946582019329e-04
5.022599697113037109e-01 4.181962311267852783e-01 -5.460166186094284058e-02
4.487220644950866699e-01 2.985482215881347656e-01 3.380617825314402580e-03
4.318108558654785156e-01 3.049400746822357178e-01 1.047455146908760071e-02
4.122727215290069580e-01 2.784272134304046631e-01 6.083637103438377380e-02
4.963819980621337891e-01 3.166222274303436279e-01 -5.266972817480564117e-03
4.763658344745635986e-01 3.404695391654968262e-01 1.211010571569204330e-02
4.376332461833953857e-01 5.335747599601745605e-01 -5.713133607059717178e-03
3.802399635314941406e-01 5.334071516990661621e-01 7.984298467636108398e-02
4.816164970397949219e-01 4.590654671192169189e-01 -3.145777061581611633e-02
4.900395572185516357e-01 4.650586247444152832e-01 -3.336649388074874878e-02
4.496593475341796875e-01 5.419723987579345703e-01 -6.456377450376749039e-03
4.532356262207031250e-01 5.424230694770812988e-01 -9.120341390371322632e-03
4.272801578044891357e-01 2.947784066200256348e-01 1.730968430638313293e-02
4.722819030284881592e-01 4.571526348590850830e-01 -3.006791695952415466e-02
4.696114063262939453e-01 3.009178638458251953e-01 -1.928561367094516754e-03
4.696902632713317871e-01 2.879223823547363281e-01 -2.325587905943393707e-03
4.620572924613952637e-01 2.443355619907379150e-01 2.564263157546520233e-02
4.199805855751037598e-01 2.915141582489013672e-01 3.700822591781616211e-02
4.666174054145812988e-01 2.708882689476013184e-01 1.197838969528675079e-02
4.126811623573303223e-01 3.120457530021667480e-01 2.954329922795295715e-02
4.049573242664337158e-01 3.144452571868896484e-01 5.336196348071098328e-02
4.873229563236236572e-01 5.124185681343078613e-01 -3.917933255434036255e-02
4.734191298484802246e-01 5.165417790412902832e-01 -3.321652859449386597e-02
4.635379314422607422e-01 5.228344798088073730e-01 -2.511500753462314606e-02
4.838084280490875244e-01 4.627805650234222412e-01 -2.954841963946819305e-02
4.514490664005279541e-01 5.423071384429931641e-01 -7.863754406571388245e-03
4.547179639339447021e-01 5.552757978439331055e-01 -1.322777103632688522e-02
4.547621607780456543e-01 5.423642396926879883e-01 -9.322478435933589935e-03
4.880693554878234863e-01 4.524633288383483887e-01 -4.585328325629234314e-02
4.692937135696411133e-01 5.256822109222412109e-01 -2.227827720344066620e-02
4.783913493156433105e-01 5.216449499130249023e-01 -2.827247232198715210e-02
4.895074069499969482e-01 5.202208757400512695e-01 -3.266362845897674561e-02
4.781550765037536621e-01 6.021522283554077148e-01 -1.964497752487659454e-02
4.797859191894531250e-01 5.941591262817382812e-01 -2.871151454746723175e-02
4.812078177928924561e-01 5.883107781410217285e-01 -3.002038970589637756e-02
4.830647706985473633e-01 5.823758840560913086e-01 -2.726524509489536285e-02
4.850995242595672607e-01 5.779139995574951172e-01 -2.486477233469486237e-02
4.665490984916687012e-01 5.639434456825256348e-01 -1.646320894360542297e-02
4.635831117630004883e-01 5.649206638336181641e-01 -1.845325529575347900e-02
4.598602652549743652e-01 5.666333436965942383e-01 -2.026896737515926361e-02
4.568879902362823486e-01 5.689019560813903809e-01 -1.867352053523063660e-02
4.538989961147308350e-01 5.010492205619812012e-01 -2.034856006503105164e-02
3.736903369426727295e-01 4.488707780838012695e-01 1.054665446281433105e-01
5.081340670585632324e-01 4.681005775928497314e-01 -4.405061155557632446e-02
4.607949256896972656e-01 5.556169152259826660e-01 -1.161652151495218277e-02
4.576898813247680664e-01 5.553004741668701172e-01 -1.302935741841793060e-02
4.925271868705749512e-01 4.718251228332519531e-01 -3.466620668768882751e-02
4.747195243835449219e-01 4.679307937622070312e-01 -2.292632125318050385e-02
4.913756847381591797e-01 4.685142934322357178e-01 -3.425363823771476746e-02
4.653565287590026855e-01 4.122466742992401123e-01 -5.265096668154001236e-03
4.458820223808288574e-01 4.204941093921661377e-01 -4.287793301045894623e-03
4.702611863613128662e-01 4.490939080715179443e-01 -2.572625875473022461e-02
4.332991540431976318e-01 2.567864954471588135e-01 4.188541322946548462e-02
4.396595954895019531e-01 2.763290405273437500e-01 2.359026484191417694e-02
4.465987682342529297e-01 2.865732312202453613e-01 7.328638341277837753e-03
4.510170519351959229e-01 5.726526379585266113e-01 -1.277386955916881561e-02
4.962328970432281494e-01 2.950776815414428711e-01 -6.579085253179073334e-03
4.932203888893127441e-01 2.728497385978698730e-01 5.650466773658990860e-03
4.914409220218658447e-01 2.409876883029937744e-01 1.658545248210430145e-02
4.301336407661437988e-01 3.737262189388275146e-01 1.554951630532741547e-02
4.004455506801605225e-01 3.867458701133728027e-01 2.819756232202053070e-02
4.809403121471405029e-01 3.670048415660858154e-01 1.270931120961904526e-02
4.188835024833679199e-01 3.436089158058166504e-01 2.285069040954113007e-02
4.874901175498962402e-01 3.945994377136230469e-01 -9.550007060170173645e-03
4.815666079521179199e-01 4.419640898704528809e-01 -4.495516791939735413e-02
3.911626338958740234e-01 3.999790549278259277e-01 3.789733350276947021e-02
4.062752723693847656e-01 3.964132666587829590e-01 1.695119403302669525e-02
4.203359484672546387e-01 4.024640023708343506e-01 6.868987344205379486e-03
4.435913562774658203e-01 4.017466306686401367e-01 3.014469984918832779e-03
4.611609280109405518e-01 3.965105414390563965e-01 2.185009187087416649e-03
4.748739600181579590e-01 3.898522257804870605e-01 7.643044809810817242e-04
5.045374035835266113e-01 3.742853403091430664e-01 -1.719437353312969208e-02
3.898692727088928223e-01 4.330232143402099609e-01 3.047690168023109436e-02
4.105356931686401367e-01 3.402007818222045898e-01 2.829939313232898712e-02
5.032923221588134766e-01 4.619830250740051270e-01 -5.701949447393417358e-02
4.777118861675262451e-01 4.189715683460235596e-01 -1.397941168397665024e-02
3.779814243316650391e-01 3.758643865585327148e-01 1.073315665125846863e-01
4.856322407722473145e-01 3.817825019359588623e-01 7.289047352969646454e-04
4.685525298118591309e-01 4.510270953178405762e-01 -1.465118117630481720e-02
4.220492243766784668e-01 3.588196635246276855e-01 2.496201358735561371e-02
4.813739955425262451e-01 4.327581822872161865e-01 -3.971253708004951477e-02
3.747555017471313477e-01 4.892088472843170166e-01 9.548821300268173218e-02
4.817205667495727539e-01 3.627647161483764648e-01 1.648595370352268219e-02
4.918332993984222412e-01 4.235379397869110107e-01 -4.909139499068260193e-02
4.030316174030303955e-01 5.718493461608886719e-01 2.522432990372180939e-02
3.999690711498260498e-01 5.949945449829101562e-01 3.988782688975334167e-02
3.763621747493743896e-01 4.415913224220275879e-01 6.842039525508880615e-02
3.911570906639099121e-01 5.480939745903015137e-01 3.796470537781715393e-02
3.937271237373352051e-01 3.417781591415405273e-01 6.653320789337158203e-02
4.443427622318267822e-01 6.349864006042480469e-01 -7.913145236670970917e-03
5.038478970527648926e-01 4.670465588569641113e-01 -4.340774565935134888e-02
4.663723111152648926e-01 4.300844669342041016e-01 -1.175720710307359695e-02
3.938373327255249023e-01 3.685965538024902344e-01 4.635873064398765564e-02
4.429224729537963867e-01 3.677328824996948242e-01 1.329110469669103622e-02
4.530370831489562988e-01 3.687578141689300537e-01 1.099144201725721359e-02
4.519554972648620605e-01 5.555745959281921387e-01 -1.196407526731491089e-02
3.889902830123901367e-01 4.671566486358642578e-01 2.969738282263278961e-02
4.633968472480773926e-01 6.645799875259399414e-01 -6.745503749698400497e-03
4.283616542816162109e-01 6.354897618293762207e-01 1.389238052070140839e-02
4.146570563316345215e-01 6.183956861495971680e-01 2.542199194431304932e-02
5.227370262145996094e-01 2.776403427124023438e-01 4.336928948760032654e-03
4.897610843181610107e-01 6.717413067817687988e-01 -8.851570077240467072e-03
4.628035128116607666e-01 3.675736188888549805e-01 1.110992208123207092e-02
4.723139703273773193e-01 3.647443056106567383e-01 1.319723762571811676e-02
4.785028100013732910e-01 3.633589446544647217e-01 1.599026657640933990e-02
4.028073549270629883e-01 3.380322158336639404e-01 3.964525833725929260e-02
4.727347791194915771e-01 3.631968796253204346e-01 1.317323930561542511e-02
4.629932641983032227e-01 3.655571639537811279e-01 1.098874490708112717e-02
4.535100162029266357e-01 3.662353754043579102e-01 1.102106366306543350e-02
4.434058666229248047e-01 3.652420043945312500e-01 1.295591983944177628e-02
4.359552562236785889e-01 3.640352785587310791e-01 1.588587090373039246e-02
3.853686153888702393e-01 3.374843001365661621e-01 9.536236524581909180e-02
4.360141456127166748e-01 3.659463822841644287e-01 1.653128489851951599e-02
5.059169530868530273e-01 4.865249395370483398e-01 -3.545467928051948547e-02
4.661492407321929932e-01 4.912596344947814941e-01 -2.599467709660530090e-02
4.820556044578552246e-01 4.556658565998077393e-01 -3.496243804693222046e-02
4.892082214355468750e-01 4.859698116779327393e-01 -3.494942933320999146e-02
5.166415572166442871e-01 3.537317216396331787e-01 -9.965926408767700195e-03
4.156821072101593018e-01 5.957010388374328613e-01 1.509557291865348816e-02
4.291025102138519287e-01 6.150903105735778809e-01 4.199740476906299591e-03
4.649240970611572266e-01 6.506880521774291992e-01 -1.812525279819965363e-02
3.892881870269775391e-01 5.693187713623046875e-01 5.933437123894691467e-02
4.790124595165252686e-01 3.622515201568603516e-01 1.521769911050796509e-02
4.953197538852691650e-01 3.974859714508056641e-01 -2.447678707540035248e-02
4.909185171127319336e-01 6.579749584197998047e-01 -1.995923183858394623e-02
4.439465105533599854e-01 6.515007615089416504e-01 1.543293357826769352e-03
3.767838478088378906e-01 4.792729020118713379e-01 6.213674694299697876e-02
4.745384454727172852e-01 5.717380046844482422e-01 -2.116784825921058655e-02
4.714278280735015869e-01 5.743910074234008789e-01 -2.329786866903305054e-02
4.683710038661956787e-01 5.785284042358398438e-01 -2.523318678140640259e-02
4.660362005233764648e-01 5.833736658096313477e-01 -2.396523766219615936e-02
4.620045125484466553e-01 5.893160700798034668e-01 -1.759891584515571594e-02
4.590951204299926758e-01 5.322595834732055664e-01 -1.579283736646175385e-02
4.560357928276062012e-01 5.310978293418884277e-01 -1.562312990427017212e-02
4.534621834754943848e-01 5.294436216354370117e-01 -1.541642192751169205e-02
4.441450536251068115e-01 5.151678323745727539e-01 -1.267230603843927383e-02
4.053570330142974854e-01 4.745329320430755615e-01 8.191304281353950500e-03
4.963158667087554932e-01 3.832630217075347900e-01 -1.247219741344451904e-02
4.922190010547637939e-01 3.499382734298706055e-01 1.038458477705717087e-02
4.849609434604644775e-01 3.525204658508300781e-01 1.407097838819026947e-02
4.614711999893188477e-01 5.321041941642761230e-01 -1.516281813383102417e-02
3.997466564178466797e-01 5.192092061042785645e-01 2.095696702599525452e-02
5.028203725814819336e-01 3.492243587970733643e-01 -3.384355222806334496e-03
4.552744925022125244e-01 6.011420488357543945e-01 -1.345335133373737335e-02
5.135753154754638672e-01 4.017808735370635986e-01 -4.479735717177391052e-02
5.040631294250488281e-01 3.894119262695312500e-01 -3.011278063058853149e-02
5.144516229629516602e-01 3.872025609016418457e-01 -3.199872002005577087e-02
4.850643277168273926e-01 4.209851920604705811e-01 -2.797697111964225769e-02
4.925972819328308105e-01 6.397425532341003418e-01 -2.288277260959148407e-02
4.943391680717468262e-01 6.210182309150695801e-01 -2.058300375938415527e-02
4.736794531345367432e-01 6.156250834465026855e-01 -1.897001825273036957e-02
4.328306913375854492e-01 5.601015090942382812e-01 -2.627792069688439369e-03
4.578024744987487793e-01 4.638080298900604248e-01 -1.309719029814004898e-02
4.419440627098083496e-01 5.825967192649841309e-01 -7.723234593868255615e-03
4.324384629726409912e-01 4.595641791820526123e-01 -9.489499032497406006e-03
4.459351301193237305e-01 4.798336327075958252e-01 -1.263925898820161819e-02
4.209654927253723145e-01 4.870204925537109375e-01 -3.059139009565114975e-03
4.685182273387908936e-01 6.330325603485107422e-01 -2.068078331649303436e-02
4.769699871540069580e-01 4.302957952022552490e-01 -2.168763615190982819e-02
4.219508171081542969e-01 5.739651322364807129e-01 5.307504907250404358e-03
4.344988167285919189e-01 5.961992740631103516e-01 -1.810278277844190598e-03
4.271586239337921143e-01 5.348215103149414062e-01 -1.553626731038093567e-03
3.897415995597839355e-01 4.976700544357299805e-01 3.077973425388336182e-02
4.123780727386474609e-01 5.386958122253417969e-01 7.708179764449596405e-03
3.810623288154602051e-01 5.151324272155761719e-01 5.356565490365028381e-02
4.353314340114593506e-01 5.013281702995300293e-01 -8.918102830648422241e-03
4.868220090866088867e-01 4.081048667430877686e-01 -1.876038685441017151e-02
4.848498702049255371e-01 4.491249918937683105e-01 -4.768848419189453125e-02
4.771199822425842285e-01 4.541238248348236084e-01 -3.686296939849853516e-02
4.906001985073089600e-01 4.381018280982971191e-01 -5.459019914269447327e-02
4.848195612430572510e-01 3.325874209403991699e-01 8.412353694438934326e-03
4.674325585365295410e-01 3.201648592948913574e-01 6.487167440354824066e-03
4.512772560119628906e-01 3.168169856071472168e-01 6.277326028794050217e-03
4.370707571506500244e-01 3.201169967651367188e-01 9.497298859059810638e-03
4.259948730468750000e-01 3.284150362014770508e-01 1.527437381446361542e-02
4.143001735210418701e-01 3.613674044609069824e-01 2.869945578277111053e-02
3.781299591064453125e-01 4.067400395870208740e-01 7.087957113981246948e-02
4.194571077823638916e-01 3.832986950874328613e-01 1.775228604674339294e-02
4.311844408512115479e-01 3.881370127201080322e-01 1.132003497332334518e-02
4.469865560531616211e-01 3.889963328838348389e-01 7.373339030891656876e-03
4.625127315521240234e-01 3.859413862228393555e-01 6.531152408570051193e-03
4.749656617641448975e-01 3.804936110973358154e-01 7.220964878797531128e-03
4.837728738784790039e-01 3.755121231079101562e-01 7.487192749977111816e-03
3.751740455627441406e-01 4.121300280094146729e-01 1.102361604571342468e-01
4.766297340393066406e-01 4.594232141971588135e-01 -3.186029195785522461e-02
4.944070577621459961e-01 4.102456271648406982e-01 -3.531839326024055481e-02
4.928473532199859619e-01 4.497818350791931152e-01 -5.613209307193756104e-02
4.979977011680603027e-01 4.595083296298980713e-01 -5.252431705594062805e-02
4.926175177097320557e-01 4.533345401287078857e-01 -5.107229575514793396e-02
4.788849055767059326e-01 4.652680158615112305e-01 -2.854651026427745819e-02
4.999482631683349609e-01 4.608233273029327393e-01 -5.554691702127456665e-02
5.004423856735229492e-01 4.657374918460845947e-01 -4.328816011548042297e-02
4.859862029552459717e-01 3.619410097599029541e-01 1.477525383234024048e-02
4.913859963417053223e-01 3.667763173580169678e-01 7.822008803486824036e-03
4.946664571762084961e-01 3.697726726531982422e-01 -5.071811028756201267e-04
4.310127794742584229e-01 3.628801107406616211e-01 1.900114119052886963e-02
4.246447980403900146e-01 3.460901975631713867e-01 1.956992223858833313e-02
5.226442813873291016e-01 4.056638181209564209e-01 -4.084634035825729370e-02
5.952075719833374023e-01 3.870233595371246338e-01 2.567457221448421478e-02
5.185436010360717773e-01 4.658040404319763184e-01 -4.253573715686798096e-02
6.338414549827575684e-01 3.383505940437316895e-01 8.763206750154495239e-02
5.621693730354309082e-01 3.899027109146118164e-01 1.260529085993766785e-02
5.730202198028564453e-01 3.941246569156646729e-01 1.348827872425317764e-02
5.837379693984985352e-01 3.961256146430969238e-01 1.665983907878398895e-02
5.992450714111328125e-01 3.922730982303619385e-01 2.642203867435455322e-02
5.534861087799072266e-01 3.833453655242919922e-01 1.363135781139135361e-02
5.823615193367004395e-01 3.486637175083160400e-01 1.275461073964834213e-02
5.699446201324462891e-01 3.487947285175323486e-01 1.287327986210584641e-02
5.938959717750549316e-01 3.526161015033721924e-01 1.601395383477210999e-02
6.009932756423950195e-01 3.606022000312805176e-01 2.016218937933444977e-02
6.065494418144226074e-01 4.020361900329589844e-01 3.064096719026565552e-02
5.385405421257019043e-01 6.273028850555419922e-01 -8.357097394764423370e-03
5.993162393569946289e-01 3.851834535598754883e-01 2.962440438568592072e-02
6.375489234924316406e-01 4.063354134559631348e-01 8.134958893060684204e-02
6.179794669151306152e-01 3.907910585403442383e-01 4.335764423012733459e-02
5.647204518318176270e-01 4.566088318824768066e-01 -7.018605712801218033e-03
5.195078253746032715e-01 5.103500485420227051e-01 -3.832222148776054382e-02
5.167777538299560547e-01 5.206323266029357910e-01 -3.518193587660789490e-02
5.342547893524169922e-01 5.188450813293457031e-01 -3.118756227195262909e-02
5.429419875144958496e-01 5.292925834655761719e-01 -2.140582725405693054e-02
5.280259847640991211e-01 5.254914760589599609e-01 -2.947410754859447479e-02
5.359770655632019043e-01 5.327685475349426270e-01 -2.036460861563682556e-02
5.527809858322143555e-01 5.689238309860229492e-01 -3.607679391279816628e-03
5.189610719680786133e-01 4.546327590942382812e-01 -6.086514890193939209e-02
5.218185186386108398e-01 4.391832053661346436e-01 -6.256935745477676392e-02
6.173602342605590820e-01 3.415383696556091309e-01 2.607016637921333313e-02
5.448363423347473145e-01 4.132486879825592041e-01 -4.192983731627464294e-03
5.444990992546081543e-01 4.581260383129119873e-01 -3.264728188514709473e-02
5.460866093635559082e-01 4.505575895309448242e-01 -2.840255945920944214e-02
5.974847078323364258e-01 4.616010189056396484e-01 7.609327789396047592e-03
5.224753022193908691e-01 4.208390414714813232e-01 -5.370628833770751953e-02
5.956743359565734863e-01 3.178663253784179688e-01 8.521004579961299896e-03
6.093466281890869141e-01 3.263871669769287109e-01 1.673926785588264465e-02
6.244571208953857422e-01 3.071110844612121582e-01 6.952073425054550171e-02
5.453600287437438965e-01 3.266702890396118164e-01 -3.447896568104624748e-03
5.585317015647888184e-01 3.534856438636779785e-01 1.534127909690141678e-02
5.617249011993408203e-01 5.495737195014953613e-01 -4.184304270893335342e-04
6.156387925148010254e-01 5.635296702384948730e-01 8.965610712766647339e-02
5.347862839698791504e-01 4.660767316818237305e-01 -2.967658080160617828e-02
5.255472660064697266e-01 4.697277247905731201e-01 -3.243252635002136230e-02
5.493783950805664062e-01 5.553979873657226562e-01 -1.779649872332811356e-03
5.458354353904724121e-01 5.547207593917846680e-01 -4.878311883658170700e-03
6.151825189590454102e-01 3.167513906955718994e-01 2.379894070327281952e-02
5.441529750823974609e-01 4.664688408374786377e-01 -2.751382440328598022e-02
5.756443142890930176e-01 3.167757689952850342e-01 1.595950103364884853e-03
5.784106254577636719e-01 3.042161464691162109e-01 1.242729951627552509e-03
5.850397944450378418e-01 2.613905668258666992e-01 3.079643100500106812e-02
6.166191101074218750e-01 3.175103068351745605e-01 4.389994218945503235e-02
5.773302316665649414e-01 2.859854698181152344e-01 1.588771305978298187e-02
6.233724951744079590e-01 3.366882503032684326e-01 3.683769330382347107e-02
6.263598799705505371e-01 3.434270918369293213e-01 6.113918870687484741e-02
5.185030698776245117e-01 5.158415436744689941e-01 -3.790535405278205872e-02
5.311816930770874023e-01 5.225735902786254883e-01 -3.081156127154827118e-02
5.396985411643981934e-01 5.311764478683471680e-01 -2.186353318393230438e-02
5.318297743797302246e-01 4.690501689910888672e-01 -2.798513695597648621e-02
5.475683212280273438e-01 5.551682710647583008e-01 -3.482364583760499954e-03
5.436146855354309082e-01 5.673123002052307129e-01 -9.447085671126842499e-03
5.443535447120666504e-01 5.541065335273742676e-01 -5.219211801886558533e-03
5.302922129631042480e-01 4.581824541091918945e-01 -4.407842829823493958e-02
5.332854986190795898e-01 5.327600240707397461e-01 -1.931274868547916412e-02
5.253829956054687500e-01 5.266516804695129395e-01 -2.607706561684608459e-02
5.152342319488525391e-01 5.230836868286132812e-01 -3.140661492943763733e-02
5.135984420776367188e-01 6.064347624778747559e-01 -1.850378140807151794e-02
5.160589814186096191e-01 5.990275740623474121e-01 -2.739983983337879181e-02
5.156080126762390137e-01 5.927918553352355957e-01 -2.864889055490493774e-02
5.144453048706054688e-01 5.864622592926025391e-01 -2.590203844010829926e-02
5.127099752426147461e-01 5.815187692642211914e-01 -2.356343530118465424e-02
5.314050912857055664e-01 5.725895762443542480e-01 -1.344634220004081726e-02
5.343508720397949219e-01 5.745593309402465820e-01 -1.542851049453020096e-02
5.378239154815673828e-01 5.773198604583740234e-01 -1.711423881351947784e-02
5.404679775238037109e-01 5.804944038391113281e-01 -1.539977826178073883e-02
5.523517131805419922e-01 5.138135552406311035e-01 -1.643664948642253876e-02
6.333112120628356934e-01 4.827612638473510742e-01 1.161876022815704346e-01
5.374149084091186523e-01 5.658590793609619141e-01 -7.910519838333129883e-03
5.406485199928283691e-01 5.664346814155578613e-01 -9.369088336825370789e-03
5.221540331840515137e-01 4.755688905715942383e-01 -3.368885815143585205e-02
5.395645499229431152e-01 4.762559831142425537e-01 -2.085350826382637024e-02
5.237851142883300781e-01 4.727626740932464600e-01 -3.333960473537445068e-02
5.557523965835571289e-01 4.243735969066619873e-01 -1.506810425780713558e-03
5.730802416801452637e-01 4.377258718013763428e-01 6.542057381011545658e-04
5.472580790519714355e-01 4.590757787227630615e-01 -2.293861098587512970e-02
6.093682050704956055e-01 2.808532118797302246e-01 4.903248697519302368e-02
6.012704372406005859e-01 2.979087829589843750e-01 2.919258736073970795e-02
6.003215312957763672e-01 3.061873316764831543e-01 1.260133553296327591e-02
5.433260202407836914e-01 5.839387178421020508e-01 -9.104946628212928772e-03
5.506787300109863281e-01 3.063400089740753174e-01 -4.747682251036167145e-03
5.519406795501708984e-01 2.810131311416625977e-01 7.726486772298812866e-03
5.580285191535949707e-01 2.504222691059112549e-01 1.927832514047622681e-02
5.932822823524475098e-01 3.959712982177734375e-01 2.158401161432266235e-02
6.164360046386718750e-01 4.135432541370391846e-01 3.561434522271156311e-02
5.479381084442138672e-01 3.775999248027801514e-01 1.549213565886020660e-02
6.106527447700500488e-01 3.679427504539489746e-01 2.967779710888862610e-02
5.378436446189880371e-01 4.013413190841674805e-01 -7.343619596213102341e-03
5.383259654045104980e-01 4.496020078659057617e-01 -4.284418001770973206e-02
6.276188492774963379e-01 4.310302436351776123e-01 4.617211595177650452e-02
6.094750165939331055e-01 4.230091869831085205e-01 2.413800172507762909e-02
5.957657098770141602e-01 4.256683886051177979e-01 1.318244263529777527e-02
5.746022462844848633e-01 4.190811812877655029e-01 7.982777431607246399e-03
5.593085289001464844e-01 4.093865454196929932e-01 6.020624656230211258e-03
5.480396151542663574e-01 3.997419178485870361e-01 3.618290880694985390e-03
5.253552794456481934e-01 3.771263659000396729e-01 -1.628776825964450836e-02
6.243532896041870117e-01 4.639099538326263428e-01 3.885096311569213867e-02
6.184674501419067383e-01 3.655970990657806396e-01 3.559857979416847229e-02
5.143083333969116211e-01 4.634328484535217285e-01 -5.655124410986900330e-02
5.436691045761108398e-01 4.276880621910095215e-01 -1.120698358863592148e-02
6.397507786750793457e-01 4.098856747150421143e-01 1.184879317879676819e-01
5.399746894836425781e-01 3.895162642002105713e-01 2.935510827228426933e-03
5.480614304542541504e-01 4.612897038459777832e-01 -1.170739438384771347e-02
6.044138669967651367e-01 3.832193017005920410e-01 3.157136216759681702e-02
5.396749377250671387e-01 4.404229223728179932e-01 -3.754847869277000427e-02
6.269458532333374023e-01 5.218556523323059082e-01 1.057440638542175293e-01
5.483338236808776855e-01 3.731180131435394287e-01 1.936972513794898987e-02
5.313224196434020996e-01 4.287825822830200195e-01 -4.750509560108184814e-02
5.892639160156250000e-01 5.948827266693115234e-01 3.155442699790000916e-02
5.879930257797241211e-01 6.178517341613769531e-01 4.753192141652107239e-02
6.349411010742187500e-01 4.747692346572875977e-01 7.720163464546203613e-02
6.045144796371459961e-01 5.748997330665588379e-01 4.529510810971260071e-02
6.322724819183349609e-01 3.728062510490417480e-01 7.482842355966567993e-02
5.397799015045166016e-01 6.459600925445556641e-01 -4.906182177364826202e-03
5.124994516372680664e-01 4.681523740291595459e-01 -4.312317445874214172e-02
5.525354743003845215e-01 4.415655434131622314e-01 -8.362476713955402374e-03
6.256735324859619141e-01 3.952703475952148438e-01 5.442739278078079224e-02
5.837124586105346680e-01 3.873202800750732422e-01 1.868370175361633301e-02
5.740117430686950684e-01 3.855471909046173096e-01 1.573474891483783722e-02
5.462698340415954590e-01 5.684732794761657715e-01 -8.050056174397468567e-03
6.199057698249816895e-01 4.974625408649444580e-01 3.801787644624710083e-02
5.164526104927062988e-01 6.705383062362670898e-01 -4.763186909258365631e-03
5.545527935028076172e-01 6.498429775238037109e-01 1.886994205415248871e-02
5.704681873321533203e-01 6.366009116172790527e-01 3.169789165258407593e-02
5.648809671401977539e-01 3.822388947010040283e-01 1.514687761664390564e-02
5.565981268882751465e-01 3.776035010814666748e-01 1.660777255892753601e-02
5.512567162513732910e-01 3.747074306011199951e-01 1.902902312576770782e-02
6.252427697181701660e-01 3.640882670879364014e-01 4.744435101747512817e-02
5.572792887687683105e-01 3.750891387462615967e-01 1.671456731855869293e-02
5.664598941802978516e-01 3.791079223155975342e-01 1.517479214817285538e-02
5.753056406974792480e-01 3.819376826286315918e-01 1.587997190654277802e-02
5.846902132034301758e-01 3.837164640426635742e-01 1.840780675411224365e-02
5.913603305816650391e-01 3.846213221549987793e-01 2.179083973169326782e-02
6.388067007064819336e-01 3.706777095794677734e-01 1.060287877917289734e-01
5.903789401054382324e-01 3.875146210193634033e-01 2.230883575975894928e-02
5.431465506553649902e-01 5.011092424392700195e-01 -2.301846817135810852e-02
5.351327061653137207e-01 4.627737700939178467e-01 -3.313347697257995605e-02
5.223509073257446289e-01 4.902052581310272217e-01 -3.373113274574279785e-02
5.731709599494934082e-01 6.146243810653686523e-01 2.028487063944339752e-02
5.574219226837158203e-01 6.301342248916625977e-01 8.261982351541519165e-03
5.175482630729675293e-01 6.568197607994079590e-01 -1.653109118342399597e-02
6.019638180732727051e-01 5.958619117736816406e-01 6.816659122705459595e-02
5.512476563453674316e-01 3.731044828891754150e-01 1.836403273046016693e-02
5.308449864387512207e-01 4.022668600082397461e-01 -2.296268939971923828e-02
5.372546315193176270e-01 6.618221402168273926e-01 5.147927906364202499e-03
6.289643645286560059e-01 5.114596486091613770e-01 7.076103240251541138e-02
5.232948660850524902e-01 5.780492424964904785e-01 -1.887904293835163116e-02
5.261555910110473633e-01 5.816384553909301758e-01 -2.090957202017307281e-02
5.287092328071594238e-01 5.865575671195983887e-01 -2.274035662412643433e-02
5.304496884346008301e-01 5.922569036483764648e-01 -2.141927368938922882e-02
5.307355523109436035e-01 5.974801182746887207e-01 -1.485609263181686401e-02
5.420327782630920410e-01 5.422860980033874512e-01 -1.210509054362773895e-02
5.452098250389099121e-01 5.418905019760131836e-01 -1.157600618898868561e-02
5.481854677200317383e-01 5.407631397247314453e-01 -1.124205347150564194e-02
5.587460994720458984e-01 5.301198363304138184e-01 -7.786126341670751572e-03
6.033048629760742188e-01 5.009493231773376465e-01 1.551277190446853638e-02
5.314108133316040039e-01 3.880701661109924316e-01 -1.097620744258165359e-02
5.413417816162109375e-01 3.582993745803833008e-01 1.230510976165533066e-02
5.475123524665832520e-01 3.627725243568420410e-01 1.683798991143703461e-02
5.396543741226196289e-01 5.413848161697387695e-01 -1.146826986223459244e-02
6.010001897811889648e-01 5.454153418540954590e-01 2.821669355034828186e-02
5.312624573707580566e-01 3.547626137733459473e-01 -2.116603543981909752e-03
5.349839329719543457e-01 6.106083989143371582e-01 -1.070989854633808136e-02
5.241087675094604492e-01 3.920731544494628906e-01 -2.931175567209720612e-02
5.370606780052185059e-01 4.279463291168212891e-01 -2.597078680992126465e-02
5.153354406356811523e-01 6.205637454986572266e-01 -1.777734979987144470e-02
5.622778534889221191e-01 5.764136910438537598e-01 2.271974459290504456e-03
5.555401444435119629e-01 4.766250848770141602e-01 -9.429479017853736877e-03
5.502532720565795898e-01 5.957493782043457031e-01 -3.887578612193465233e-03
5.799385905265808105e-01 4.796687364578247070e-01 -3.863390302285552025e-03
5.636509656906127930e-01 4.956631660461425781e-01 -7.990052923560142517e-03
5.861149430274963379e-01 5.093985795974731445e-01 3.347737248986959457e-03
5.171484351158142090e-01 6.388784646987915039e-01 -1.920379139482975006e-02
5.431767106056213379e-01 4.388891458511352539e-01 -1.917829923331737518e-02
5.706403255462646484e-01 5.923993587493896484e-01 1.053307577967643738e-02
5.553243160247802734e-01 6.107472181320190430e-01 2.187058329582214355e-03
5.718494057655334473e-01 5.537521839141845703e-01 4.330363590270280838e-03
6.140892505645751953e-01 5.268600583076477051e-01 3.879792988300323486e-02
5.856585502624511719e-01 5.610578060150146484e-01 1.411793194711208344e-02
6.193812489509582520e-01 5.454225540161132812e-01 6.190512329339981079e-02
5.696451663970947266e-01 5.194877982139587402e-01 -3.441824810579419136e-03
5.369468331336975098e-01 4.148474335670471191e-01 -1.659219525754451752e-02
5.340617895126342773e-01 4.557728469371795654e-01 -4.578453674912452698e-02
5.403024554252624512e-01 4.624762237071990967e-01 -3.469136729836463928e-02
5.306394100189208984e-01 4.435234069824218750e-01 -5.320545658469200134e-02
5.526099801063537598e-01 3.436690866947174072e-01 1.100984402000904083e-02
5.722206830978393555e-01 3.353893160820007324e-01 1.023909728974103928e-02
5.881726145744323730e-01 3.356345295906066895e-01 1.117842551320791245e-02
6.005642414093017578e-01 3.414195477962493896e-01 1.534781884402036667e-02
6.084185242652893066e-01 3.518663644790649414e-01 2.178845554590225220e-02
6.101849675178527832e-01 3.861167728900909424e-01 3.566166386008262634e-02
6.378670334815979004e-01 4.401572942733764648e-01 7.986369729042053223e-02
6.008641719818115234e-01 4.075912237167358398e-01 2.429934963583946228e-02
5.892617702484130859e-01 4.091195762157440186e-01 1.711345277726650238e-02
5.744733214378356934e-01 4.057399630546569824e-01 1.222018711268901825e-02
5.606220364570617676e-01 3.990298509597778320e-01 1.044574938714504242e-02
5.502310991287231445e-01 3.910872936248779297e-01 1.016857568174600601e-02
5.431501269340515137e-01 3.841956853866577148e-01 9.880822151899337769e-03
6.368960738182067871e-01 4.462553560733795166e-01 1.213886961340904236e-01
5.395351052284240723e-01 4.676092565059661865e-01 -2.968469262123107910e-02
5.302827954292297363e-01 4.150532484054565430e-01 -3.375301510095596313e-02
5.265548229217529297e-01 4.542674422264099121e-01 -5.492040887475013733e-02
5.196450948715209961e-01 4.624558985233306885e-01 -5.181328952312469482e-02
5.258961319923400879e-01 4.579367339611053467e-01 -4.982336983084678650e-02
5.361675024032592773e-01 4.726034104824066162e-01 -2.669885940849781036e-02
5.176813602447509766e-01 4.631762206554412842e-01 -5.497422069311141968e-02
5.159711837768554688e-01 4.677439630031585693e-01 -4.279749095439910889e-02
5.443142056465148926e-01 3.715542554855346680e-01 1.720936223864555359e-02
5.379570126533508301e-01 3.741941452026367188e-01 9.749093092978000641e-03
5.341986417770385742e-01 3.759943842887878418e-01 1.043632160872220993e-03
5.958110690116882324e-01 3.850108087062835693e-01 2.512110583484172821e-02
6.053048372268676758e-01 3.702129721641540527e-01 2.602943778038024902e-02
4.552954435348510742e-01 3.637340664863586426e-01 1.492516696453094482e-02
4.660488963127136230e-01 3.639778494834899902e-01 1.492516696453094482e-02
4.560614228248596191e-01 3.515443801879882812e-01 1.492516696453094482e-02
4.444626867771148682e-01 3.633995354175567627e-01 1.492516696453094482e-02
4.545058608055114746e-01 3.755834102630615234e-01 1.492516696453094482e-02
5.739415884017944336e-01 3.811081051826477051e-01 1.960204727947711945e-02
5.854691863059997559e-01 3.831783533096313477e-01 1.960204727947711945e-02
5.752214789390563965e-01 3.683146238327026367e-01 1.960204727947711945e-02
5.623153448104858398e-01 3.789772391319274902e-01 1.960204727947711945e-02
5.727027058601379395e-01 3.935923874378204346e-01 1.960204727947711945e-02
