5.083898305892944336e-01 5.308933258056640625e-01 -3.847584128379821777e-02
5.162124037742614746e-01 4.761203825473785400e-01 -6.173354759812355042e-02
5.128679275512695312e-01 4.953207373619079590e-01 -3.522488102316856384e-02
5.101518630981445312e-01 4.205453991889953613e-01 -4.339543357491493225e-02
5.179153084754943848e-01 4.586375355720520020e-01 -6.438260525465011597e-02
5.192458033561706543e-01 4.369285106658935547e-01 -5.822526663541793823e-02
5.217179059982299805e-01 3.849397599697113037e-01 -2.266940660774707794e-02
4.372628331184387207e-01 3.705264925956726074e-01 1.416234206408262253e-02
5.248621702194213867e-01 3.394789695739746094e-01 -1.108456403017044067e-02
5.267572402954101562e-01 3.165371119976043701e-01 -1.091257762163877487e-02
5.313698649406433105e-01 2.450968176126480103e-01 8.222196251153945923e-03
5.081102252006530762e-01 5.354241728782653809e-01 -3.763940930366516113e-02
5.076073408126831055e-01 5.402486324310302734e-01 -3.444740176200866699e-02
5.072294473648071289e-01 5.433750152587890625e-01 -2.991656027734279633e-02
5.045305490493774414e-01 5.845240354537963867e-01 -2.564854547381401062e-02
5.043610930442810059e-01 5.902085900306701660e-01 -2.795203588902950287e-02
5.039249062538146973e-01 5.972681641578674316e-01 -3.060261346399784088e-02
5.033707618713378906e-01 6.046718955039978027e-01 -2.899154089391231537e-02
5.005326271057128906e-01 6.155650615692138672e-01 -1.910777576267719269e-02
5.148026347160339355e-01 4.857309460639953613e-01 -5.657745525240898132e-02
5.036862492561340332e-01 4.850328862667083740e-01 -4.232058674097061157e-02
3.952732086181640625e-01 3.064848184585571289e-01 7.021277397871017456e-02
4.674353003501892090e-01 3.893792629241943359e-01 4.015484359115362167e-03
4.556122720241546631e-01 3.899405598640441895e-01 3.839650191366672516e-03
4.447806775569915771e-01 3.874385356903076172e-01 6.213660817593336105e-03
4.314471483230590820e-01 3.760495781898498535e-01 1.483623497188091278e-02
4.782705605030059814e-01 3.851293921470642090e-01 6.606804672628641129e-03
4.575664699077606201e-01 3.325412869453430176e-01 1.987117342650890350e-03
4.704965353012084961e-01 3.365689516067504883e-01 3.426205366849899292e-03
4.447315931320190430e-01 3.343073725700378418e-01 4.489815328270196915e-03
4.355756640434265137e-01 3.412490487098693848e-01 8.099504746496677399e-03
4.201629161834716797e-01 3.859449625015258789e-01 1.901314221322536469e-02
4.545227289199829102e-01 6.296959519386291504e-01 -1.117394398897886276e-02
4.337399005889892578e-01 3.649857640266418457e-01 1.784387975931167603e-02
3.842945098876953125e-01 3.777300119400024414e-01 6.720009446144104004e-02
4.078210592269897461e-01 3.713932633399963379e-01 3.059911914169788361e-02
4.564581513404846191e-01 4.586004316806793213e-01 -1.318803150206804276e-02
4.929881691932678223e-01 5.263180732727050781e-01 -3.785672411322593689e-02
4.937348067760467529e-01 5.384638905525207520e-01 -3.376068174839019775e-02
4.772475063800811768e-01 5.312354564666748047e-01 -3.258264809846878052e-02
4.668243825435638428e-01 5.384701490402221680e-01 -2.491606026887893677e-02
4.817771911621093750e-01 5.399570465087890625e-01 -2.999922819435596466e-02
4.725269973278045654e-01 5.438339114189147949e-01 -2.271840535104274750e-02
4.500254392623901367e-01 5.715212821960449219e-01 -9.181726723909378052e-03
5.067871212959289551e-01 4.745618402957916260e-01 -6.130122765898704529e-02
5.067957639694213867e-01 4.576374590396881104e-01 -6.373958289623260498e-02
4.209355115890502930e-01 3.213800191879272461e-01 1.258026529103517532e-02
4.831092059612274170e-01 4.193453192710876465e-01 -9.364909492433071136e-03
4.795604050159454346e-01 4.697381556034088135e-01 -3.579134866595268250e-02
4.788629114627838135e-01 4.610204696655273438e-01 -3.198345378041267395e-02
4.215424954891204834e-01 4.528312385082244873e-01 -1.699885586276650429e-03
5.086295604705810547e-01 4.375278353691101074e-01 -5.572676286101341248e-02
4.512887001037597656e-01 3.014528155326843262e-01 -2.694539492949843407e-03
4.341657757759094238e-01 3.075705170631408691e-01 4.293465986847877502e-03
4.116252660751342773e-01 2.774218916893005371e-01 5.200678482651710510e-02
5.012252330780029297e-01 3.241659700870513916e-01 -9.468388743698596954e-03
4.811282157897949219e-01 3.464479446411132812e-01 7.102491334080696106e-03
4.439445436000823975e-01 5.519669055938720703e-01 -7.075396366417407990e-03
3.827939033508300781e-01 5.412980914115905762e-01 8.241561055183410645e-02
4.871141016483306885e-01 4.805270731449127197e-01 -3.142420947551727295e-02
4.954773187637329102e-01 4.866029620170593262e-01 -3.215535730123519897e-02
4.558194875717163086e-01 5.568858981132507324e-01 -7.658381946384906769e-03
4.592719972133636475e-01 5.569991469383239746e-01 -1.025655493140220642e-02
4.286880791187286377e-01 2.965342402458190918e-01 1.034166850149631500e-02
4.778575003147125244e-01 4.780524671077728271e-01 -3.020804747939109802e-02
4.730172157287597656e-01 3.051576614379882812e-01 -7.412862963974475861e-03
4.726491868495941162e-01 2.915464639663696289e-01 -8.478179574012756348e-03
4.642702043056488037e-01 2.436416745185852051e-01 1.615322753787040710e-02
4.207583367824554443e-01 2.920300960540771484e-01 2.863553166389465332e-02
4.695007205009460449e-01 2.724847197532653809e-01 3.774045733734965324e-03
4.142878055572509766e-01 3.147835433483123779e-01 2.257448993623256683e-02
4.053502678871154785e-01 3.155981898307800293e-01 4.542886093258857727e-02
4.930239319801330566e-01 5.326765775680541992e-01 -3.710728883743286133e-02
4.793984293937683105e-01 5.359459519386291504e-01 -3.186806663870811462e-02
4.694952964782714844e-01 5.413036346435546875e-01 -2.478400245308876038e-02
4.892828166484832764e-01 4.842661619186401367e-01 -2.891606092453002930e-02
4.575552940368652344e-01 5.570091009140014648e-01 -8.978168480098247528e-03
4.613407850265502930e-01 5.666072368621826172e-01 -1.482114195823669434e-02
4.608022868633270264e-01 5.569379925727844238e-01 -1.042129099369049072e-02
4.936651885509490967e-01 4.741970896720886230e-01 -4.615229740738868713e-02
4.748952388763427734e-01 5.449699163436889648e-01 -2.116437256336212158e-02
4.838151931762695312e-01 5.420852303504943848e-01 -2.603263780474662781e-02
4.946593940258026123e-01 5.416461229324340820e-01 -2.953126654028892517e-02
4.843648672103881836e-01 6.119291186332702637e-01 -1.968652196228504181e-02
4.866853356361389160e-01 5.999709367752075195e-01 -2.926628291606903076e-02
4.881443083286285400e-01 5.927506685256958008e-01 -3.033819422125816345e-02
4.898826479911804199e-01 5.859994888305664062e-01 -2.746914327144622803e-02
4.916388392448425293e-01 5.810859799385070801e-01 -2.524090930819511414e-02
4.731768965721130371e-01 5.709369778633117676e-01 -1.789241097867488861e-02
4.703622162342071533e-01 5.725076198577880859e-01 -1.994382031261920929e-02
4.668646752834320068e-01 5.753290653228759766e-01 -2.203524485230445862e-02
4.640046358108520508e-01 5.789391398429870605e-01 -2.053983882069587708e-02
4.604950249195098877e-01 5.216084718704223633e-01 -2.079253084957599640e-02
3.742081522941589355e-01 4.536038041114807129e-01 1.047554537653923035e-01
5.138129591941833496e-01 4.903009533882141113e-01 -4.252694174647331238e-02
4.672510623931884766e-01 5.653790831565856934e-01 -1.315907575190067291e-02
4.642846882343292236e-01 5.657060146331787109e-01 -1.459434814751148224e-02
4.981472492218017578e-01 4.935428202152252197e-01 -3.335286676883697510e-02
4.802121520042419434e-01 4.890319705009460449e-01 -2.242607064545154572e-02
4.968962371349334717e-01 4.901532530784606934e-01 -3.290921449661254883e-02
4.698278009891510010e-01 4.277103841304779053e-01 -7.572283968329429626e-03
4.500542879104614258e-01 4.362413883209228516e-01 -6.501674186438322067e-03
4.758598804473876953e-01 4.689846932888031006e-01 -2.634293586015701294e-02
4.336292445659637451e-01 2.555179595947265625e-01 3.247899189591407776e-02
4.411800503730773926e-01 2.767662107944488525e-01 1.509414054453372955e-02
4.484488964080810547e-01 2.887068390846252441e-01 2.945544838439673185e-04
4.581002295017242432e-01 5.864806771278381348e-01 -1.403932832181453705e-02
5.003278255462646484e-01 3.007564544677734375e-01 -1.192087400704622269e-02
4.977249503135681152e-01 2.758378386497497559e-01 -1.825674320571124554e-03
4.956391453742980957e-01 2.411039024591445923e-01 7.858893834054470062e-03
4.359594881534576416e-01 3.830163180828094482e-01 1.051452942192554474e-02
4.060356318950653076e-01 3.968562185764312744e-01 2.347875572741031647e-02
4.858246445655822754e-01 3.805214464664459229e-01 8.976036682724952698e-03
4.228650033473968506e-01 3.484857082366943359e-01 1.679892092943191528e-02
4.924663007259368896e-01 4.089618027210235596e-01 -1.190821826457977295e-02
4.873789846897125244e-01 4.628639519214630127e-01 -4.570489376783370972e-02
3.935218155384063721e-01 4.090474843978881836e-01 3.347465023398399353e-02
4.133473038673400879e-01 4.093820452690124512e-01 1.258387044072151184e-02
4.284713864326477051e-01 4.169782996177673340e-01 2.896036952733993530e-03
4.512369036674499512e-01 4.164384305477142334e-01 -1.931198494276031852e-04
4.682481884956359863e-01 4.109949767589569092e-01 -8.683224441483616829e-04
4.818107485771179199e-01 4.038193225860595703e-01 -2.018382772803306580e-03
5.104424357414245605e-01 3.876223564147949219e-01 -1.964616775512695312e-02
3.931186795234680176e-01 4.446664452552795410e-01 2.718963846564292908e-02
4.136282503604888916e-01 3.448877930641174316e-01 2.201374247670173645e-02
5.092024207115173340e-01 4.844069480895996094e-01 -5.639882385730743408e-02
4.831218719482421875e-01 4.357401132583618164e-01 -1.578241772949695587e-02
3.771870136260986328e-01 3.775907158851623535e-01 1.034856885671615601e-01
4.925418496131896973e-01 3.950032591819763184e-01 -2.008869079872965813e-03
4.739471375942230225e-01 4.704416990280151367e-01 -1.534782256931066513e-02
4.281378984451293945e-01 3.644477128982543945e-01 1.948228478431701660e-02
4.872002303600311279e-01 4.524499475955963135e-01 -4.080643132328987122e-02
3.764130473136901855e-01 4.957102537155151367e-01 9.648211300373077393e-02
4.871038794517517090e-01 3.745028376579284668e-01 1.236379239708185196e-02
4.978701472282409668e-01 4.428225457668304443e-01 -5.029544606804847717e-02
4.079745411872863770e-01 5.844379067420959473e-01 2.552625350654125214e-02
4.043321013450622559e-01 6.058731675148010254e-01 4.288642480969429016e-02
3.791167736053466797e-01 4.492830932140350342e-01 6.594246625900268555e-02
3.956962823867797852e-01 5.592597126960754395e-01 3.864476084709167480e-02
3.942345976829528809e-01 3.443527221679687500e-01 5.979159101843833923e-02
4.498928487300872803e-01 6.472139358520507812e-01 -6.860491819679737091e-03
5.094605088233947754e-01 4.891287982463836670e-01 -4.203725233674049377e-02
4.714298546314239502e-01 4.472599625587463379e-01 -1.339082792401313782e-02
3.967194855213165283e-01 3.745280504226684570e-01 4.088800027966499329e-02
4.472410380840301514e-01 3.780144155025482178e-01 7.989905774593353271e-03
4.566656649112701416e-01 3.807677030563354492e-01 5.947303492575883865e-03
4.586303830146789551e-01 5.679717659950256348e-01 -1.346658263355493546e-02
3.931717872619628906e-01 4.796317219734191895e-01 2.792664989829063416e-02
4.687590599060058594e-01 6.751694083213806152e-01 -3.493387484923005104e-03
4.338547289371490479e-01 6.474025249481201172e-01 1.639845967292785645e-02
4.198523163795471191e-01 6.302705407142639160e-01 2.795935794711112976e-02
5.290911197662353516e-01 2.813935279846191406e-01 -1.827272935770452023e-03
4.942394495010375977e-01 6.815756559371948242e-01 -4.775714594870805740e-03
4.666273593902587891e-01 3.804368674755096436e-01 6.469121668487787247e-03
4.764663577079772949e-01 3.779764771461486816e-01 8.898720145225524902e-03
4.832874238491058350e-01 3.762817978858947754e-01 1.187606342136859894e-02
4.049226939678192139e-01 3.420222997665405273e-01 3.317987173795700073e-02
4.775097072124481201e-01 3.621851801872253418e-01 8.190891705453395844e-03
4.676762223243713379e-01 3.567650020122528076e-01 5.865790881216526031e-03
4.578577280044555664e-01 3.548194169998168945e-01 5.548043176531791687e-03
4.477593302726745605e-01 3.561399579048156738e-01 7.302965503185987473e-03
4.410514831542968750e-01 3.594024181365966797e-01 1.013366598635911942e-02
3.841929137706756592e-01 3.381597399711608887e-01 8.958663046360015869e-02
4.412291347980499268e-01 3.742745816707611084e-01 1.117010042071342468e-02
5.113881230354309082e-01 5.090478658676147461e-01 -3.353168442845344543e-02
4.726764261722564697e-01 5.126870870590209961e-01 -2.556634321808815002e-02
4.876264035701751709e-01 4.771907031536102295e-01 -3.506333008408546448e-02
4.953535199165344238e-01 5.083909034729003906e-01 -3.372019901871681213e-02
5.229069590568542480e-01 3.633511662483215332e-01 -1.259111519902944565e-02
4.210249185562133789e-01 6.087574958801269531e-01 1.549445278942584991e-02
4.345388114452362061e-01 6.280173659324645996e-01 4.935453645884990692e-03
4.703522324562072754e-01 6.622359752655029297e-01 -1.648334227502346039e-02
3.927213251590728760e-01 5.786166191101074219e-01 6.280170381069183350e-02
4.843068718910217285e-01 3.694649934768676758e-01 1.073075830936431885e-02
5.010158419609069824e-01 4.132022857666015625e-01 -2.665575593709945679e-02
4.957070350646972656e-01 6.686405539512634277e-01 -1.751142740249633789e-02
4.495906531810760498e-01 6.629701852798461914e-01 4.142905585467815399e-03
3.805151581764221191e-01 4.880177378654479980e-01 6.122826412320137024e-02
4.813497066497802734e-01 5.763696432113647461e-01 -2.210599556565284729e-02
4.785134196281433105e-01 5.795697569847106934e-01 -2.434872649610042572e-02
4.756743311882019043e-01 5.846975445747375488e-01 -2.667197957634925842e-02
4.734430313110351562e-01 5.909783244132995605e-01 -2.559930272400379181e-02
4.690957665443420410e-01 6.008090972900390625e-01 -1.851305738091468811e-02
4.649881720542907715e-01 5.494427680969238281e-01 -1.602314040064811707e-02
4.620494544506072998e-01 5.482277274131774902e-01 -1.616716198623180389e-02
4.596269726753234863e-01 5.464351773262023926e-01 -1.622344739735126495e-02
4.506298899650573730e-01 5.349887609481811523e-01 -1.401920244097709656e-02
4.098230898380279541e-01 4.896062612533569336e-01 6.660767365247011185e-03
5.016975402832031250e-01 3.970261514186859131e-01 -1.486125309020280838e-02
4.972734749317169189e-01 3.603474795818328857e-01 6.522422656416893005e-03
4.897080361843109131e-01 3.625186085700988770e-01 9.756734594702720642e-03
4.673531055450439453e-01 5.496873259544372559e-01 -1.518894080072641373e-02
4.045774936676025391e-01 5.329294204711914062e-01 2.034071460366249084e-02
5.085471868515014648e-01 3.594986200332641602e-01 -6.765601690858602524e-03
4.616199731826782227e-01 6.140228509902954102e-01 -1.386741828173398972e-02
5.200867652893066406e-01 4.192121922969818115e-01 -4.606622084975242615e-02
5.101245045661926270e-01 4.049907922744750977e-01 -3.230132535099983215e-02
5.208470821380615234e-01 4.027847647666931152e-01 -3.383482620120048523e-02
4.908124208450317383e-01 4.388639926910400391e-01 -2.948322892189025879e-02
4.975113868713378906e-01 6.509739160537719727e-01 -2.154836617410182953e-02
4.991944134235382080e-01 6.314694881439208984e-01 -1.986374333500862122e-02
4.795189201831817627e-01 6.269638538360595703e-01 -1.889326050877571106e-02
4.387367665767669678e-01 5.761417150497436523e-01 -3.776888595893979073e-03
4.628606438636779785e-01 4.829489886760711670e-01 -1.393129210919141769e-02
4.482108354568481445e-01 5.971862673759460449e-01 -8.580412715673446655e-03
4.371408522129058838e-01 4.766315817832946777e-01 -1.135326549410820007e-02
4.510834813117980957e-01 4.985744655132293701e-01 -1.386700198054313660e-02
4.254634380340576172e-01 5.038849115371704102e-01 -4.958770237863063812e-03
4.741033911705017090e-01 6.451601982116699219e-01 -2.013732865452766418e-02
4.825860857963562012e-01 4.485750794410705566e-01 -2.298403531312942505e-02
4.273503422737121582e-01 5.886661410331726074e-01 4.769588820636272430e-03
4.402076601982116699e-01 6.101502776145935059e-01 -1.979840220883488655e-03
4.326784312725067139e-01 5.520711541175842285e-01 -2.896650927141308784e-03
3.943831920623779297e-01 5.101718306541442871e-01 3.003416024148464203e-02
4.175703823566436768e-01 5.538732409477233887e-01 6.632186006754636765e-03
3.851842880249023438e-01 5.247998237609863281e-01 5.392167717218399048e-02
4.406013488769531250e-01 5.200926661491394043e-01 -1.030052639544010162e-02
4.923088848590850830e-01 4.242637753486633301e-01 -2.076536603271961212e-02
4.905485808849334717e-01 4.707572758197784424e-01 -4.822757840156555176e-02
4.828664362430572510e-01 4.754963219165802002e-01 -3.702641278505325317e-02
4.965704381465911865e-01 4.592032432556152344e-01 -5.510114878416061401e-02
4.895895123481750488e-01 3.402246534824371338e-01 3.469432471320033073e-03
4.716413617134094238e-01 3.249061703681945801e-01 9.237738559022545815e-04
4.551995098590850830e-01 3.207304477691650391e-01 3.722798719536513090e-04
4.407113492488861084e-01 3.238928914070129395e-01 3.361636772751808167e-03
4.296624958515167236e-01 3.325279653072357178e-01 9.004200808703899384e-03
4.191900491714477539e-01 3.677718341350555420e-01 2.340360730886459351e-02
3.799259066581726074e-01 4.127249121665954590e-01 6.674060225486755371e-02
4.258367419242858887e-01 3.938176333904266357e-01 1.304356381297111511e-02
4.373415708541870117e-01 4.000372290611267090e-01 6.985331885516643524e-03
4.528248608112335205e-01 4.018557369709014893e-01 3.432645695284008980e-03
4.680331647396087646e-01 3.993738889694213867e-01 2.596340607851743698e-03
4.805238842964172363e-01 3.941805362701416016e-01 4.007059149444103241e-03
4.895228743553161621e-01 3.888765275478363037e-01 4.327569622546434402e-03
3.748940527439117432e-01 4.151848256587982178e-01 1.079006940126419067e-01
4.822180271148681641e-01 4.807715713977813721e-01 -3.175145760178565979e-02
5.003420710563659668e-01 4.276972115039825439e-01 -3.699950501322746277e-02
4.986787438392639160e-01 4.718062579631805420e-01 -5.636294558644294739e-02
5.035464763641357422e-01 4.815609455108642578e-01 -5.203156173229217529e-02
4.981936812400817871e-01 4.752264916896820068e-01 -5.114680901169776917e-02
4.844284057617187500e-01 4.866273403167724609e-01 -2.802585996687412262e-02
5.056942701339721680e-01 4.830722808837890625e-01 -5.495035275816917419e-02
5.059476494789123535e-01 4.877721071243286133e-01 -4.213697463274002075e-02
4.911414682865142822e-01 3.748103082180023193e-01 1.107159256935119629e-02
4.971487820148468018e-01 3.794204890727996826e-01 4.650328308343887329e-03
5.011783838272094727e-01 3.818574845790863037e-01 -3.112547332420945168e-03
4.370695352554321289e-01 3.622193336486816406e-01 1.340561173856258392e-02
4.293140769004821777e-01 3.506565690040588379e-01 1.367251574993133545e-02
5.291559100151062012e-01 4.232351183891296387e-01 -4.146996513009071350e-02
5.989879369735717773e-01 3.904040455818176270e-01 2.772577106952667236e-02
5.239577293395996094e-01 4.879800081253051758e-01 -4.085985198616981506e-02
6.373475193977355957e-01 3.421888947486877441e-01 9.070640057325363159e-02
5.661565065383911133e-01 4.006059765815734863e-01 1.286252588033676147e-02
5.770306587219238281e-01 4.042263329029083252e-01 1.447254884988069534e-02
5.875059962272644043e-01 4.055954217910766602e-01 1.839894987642765045e-02
6.023403406143188477e-01 3.969691693782806396e-01 2.912853471934795380e-02
5.571340918540954590e-01 3.949732184410095215e-01 1.364036928862333298e-02
5.879772901535034180e-01 3.493049740791320801e-01 1.297947764396667480e-02
5.744593143463134766e-01 3.502966165542602539e-01 1.212019659578800201e-02
5.997143983840942383e-01 3.540754318237304688e-01 1.715457439422607422e-02
6.064985990524291992e-01 3.631192147731781006e-01 2.178250253200531006e-02
6.092042922973632812e-01 4.100456237792968750e-01 3.446964547038078308e-02
5.414164662361145020e-01 6.396916508674621582e-01 -5.081330891698598862e-03
6.034297943115234375e-01 3.850360512733459473e-01 3.199902921915054321e-02
6.389929056167602539e-01 4.142078757286071777e-01 8.779323101043701172e-02
6.214897632598876953e-01 3.977226018905639648e-01 4.780101031064987183e-02
5.691454410552978516e-01 4.746666550636291504e-01 -4.171443171799182892e-03
5.236349105834960938e-01 5.305854678153991699e-01 -3.559319674968719482e-02
5.207623839378356934e-01 5.423724055290222168e-01 -3.169049322605133057e-02
5.375069379806518555e-01 5.393308997154235840e-01 -2.793809212744235992e-02
5.456480979919433594e-01 5.495642423629760742e-01 -1.853446289896965027e-02
5.314004421234130859e-01 5.469383597373962402e-01 -2.599168382585048676e-02
5.389728546142578125e-01 5.534420609474182129e-01 -1.730325445532798767e-02
5.544171929359436035e-01 5.853611230850219727e-01 -1.085733529180288315e-03
5.252268314361572266e-01 4.772605001926422119e-01 -6.007038801908493042e-02
5.284739732742309570e-01 4.607557654380798340e-01 -6.229599192738533020e-02
6.212172508239746094e-01 3.481321036815643311e-01 2.870943024754524231e-02
5.500196814537048340e-01 4.288446605205535889e-01 -3.430586075410246849e-03
5.487626194953918457e-01 4.794718325138092041e-01 -3.031370602548122406e-02
5.502623319625854492e-01 4.710036516189575195e-01 -2.633324638009071350e-02
6.013105511665344238e-01 4.784300923347473145e-01 1.299495622515678406e-02
5.290786027908325195e-01 4.403986632823944092e-01 -5.385041609406471252e-02
5.995274186134338379e-01 3.256437182426452637e-01 8.863108232617378235e-03
6.132503151893615723e-01 3.331676721572875977e-01 1.851353421807289124e-02
6.301478147506713867e-01 3.099087476730346680e-01 7.032021135091781616e-02
5.497306585311889648e-01 3.388448953628540039e-01 -5.441839806735515594e-03
5.622797608375549316e-01 3.577620089054107666e-01 1.418995391577482224e-02
5.636855959892272949e-01 5.683462023735046387e-01 2.829198725521564484e-03
6.137308478355407715e-01 5.727256536483764648e-01 1.019804775714874268e-01
5.391012430191040039e-01 4.878623187541961670e-01 -2.756963297724723816e-02
5.302596092224121094e-01 4.915311634540557861e-01 -3.020727075636386871e-02
5.520515441894531250e-01 5.719308853149414062e-01 8.773123845458030701e-04
5.486943721771240234e-01 5.708647966384887695e-01 -2.696382347494363785e-03
6.190388202667236328e-01 3.228351771831512451e-01 2.529053390026092529e-02
5.479547977447509766e-01 4.878590404987335205e-01 -2.485070563852787018e-02
5.794200897216796875e-01 3.264802694320678711e-01 5.056969239376485348e-04
5.823655128479003906e-01 3.132351636886596680e-01 -4.286809125915169716e-04
5.925808548927307129e-01 2.633899748325347900e-01 2.680981345474720001e-02
6.236548423767089844e-01 3.207078576087951660e-01 4.489418119192123413e-02
5.855513215065002441e-01 2.893913984298706055e-01 1.286892965435981750e-02
6.272196173667907715e-01 3.418775200843811035e-01 3.966993838548660278e-02
6.315671205520629883e-01 3.476247191429138184e-01 6.378877162933349609e-02
5.225635170936584473e-01 5.369366407394409180e-01 -3.484638780355453491e-02
5.345178842544555664e-01 5.436295270919799805e-01 -2.752337977290153503e-02
5.425345897674560547e-01 5.517469644546508789e-01 -1.894926838576793671e-02
5.360789895057678223e-01 4.907888472080230713e-01 -2.563327178359031677e-02
5.503429174423217773e-01 5.714855790138244629e-01 -1.088489661924540997e-03
5.462597608566284180e-01 5.801747441291809082e-01 -8.129053749144077301e-03
5.471610426902770996e-01 5.702431797981262207e-01 -3.060044022276997566e-03
5.354961752891540527e-01 4.803196787834167480e-01 -4.241149500012397766e-02
5.362244844436645508e-01 5.537378191947937012e-01 -1.600238867104053497e-02
5.287655591964721680e-01 5.484653711318969727e-01 -2.224341221153736115e-02
5.191073417663574219e-01 5.451920628547668457e-01 -2.739867195487022400e-02
5.166561007499694824e-01 6.160808801651000977e-01 -1.763470098376274109e-02
5.194419026374816895e-01 6.053124070167541504e-01 -2.702486887574195862e-02
5.191653370857238770e-01 5.977239012718200684e-01 -2.803838811814785004e-02
5.182616710662841797e-01 5.905762910842895508e-01 -2.518479526042938232e-02
5.167821049690246582e-01 5.852211713790893555e-01 -2.306522987782955170e-02
5.344574451446533203e-01 5.809199810028076172e-01 -1.271830033510923386e-02
5.372670292854309082e-01 5.834443569183349609e-01 -1.475833728909492493e-02
5.404546260833740234e-01 5.874007940292358398e-01 -1.658317819237709045e-02
5.428248643875122070e-01 5.918701887130737305e-01 -1.470482628792524338e-02
5.553149580955505371e-01 5.348075032234191895e-01 -1.337731629610061646e-02
6.315026283264160156e-01 4.903307557106018066e-01 1.265455633401870728e-01
5.402784943580627441e-01 5.770199298858642578e-01 -6.708070170134305954e-03
5.433718562126159668e-01 5.783234238624572754e-01 -8.149215951561927795e-03
5.268642306327819824e-01 4.975700080394744873e-01 -3.138492256402969360e-02
5.431035757064819336e-01 4.977257251739501953e-01 -1.814622431993484497e-02
5.284786820411682129e-01 4.946682453155517578e-01 -3.101450018584728241e-02
5.606889724731445312e-01 4.406445622444152832e-01 3.622833755798637867e-04
5.778788328170776367e-01 4.545612037181854248e-01 4.100880585610866547e-03
5.510766506195068359e-01 4.795351624488830566e-01 -2.050190418958663940e-02
6.165714263916015625e-01 2.831540703773498535e-01 4.745743796229362488e-02
6.095009446144104004e-01 3.007754385471343994e-01 2.825015969574451447e-02
6.040585637092590332e-01 3.130005002021789551e-01 1.232020184397697449e-02
5.448916554450988770e-01 5.975547432899475098e-01 -7.318126969039440155e-03
5.554258823394775391e-01 3.171480298042297363e-01 -7.724118418991565704e-03
5.593628287315368652e-01 2.850019037723541260e-01 2.962573198601603508e-03
5.651355385780334473e-01 2.519934177398681641e-01 1.331183966249227524e-02
5.966788530349731445e-01 4.035454392433166504e-01 2.397525310516357422e-02
6.190395355224609375e-01 4.241890907287597656e-01 4.048100858926773071e-02
5.512143969535827637e-01 3.898500800132751465e-01 1.522689871490001678e-02
6.147851943969726562e-01 3.728029727935791016e-01 3.243130072951316833e-02
5.434757471084594727e-01 4.161972999572753906e-01 -7.190082687884569168e-03
5.436152815818786621e-01 4.709770679473876953e-01 -4.125751927495002747e-02
6.302765011787414551e-01 4.428397715091705322e-01 5.261422693729400635e-02
6.112820506095886230e-01 4.362501204013824463e-01 2.871192805469036102e-02
5.972388982772827148e-01 4.411040842533111572e-01 1.674284972250461578e-02
5.766717195510864258e-01 4.345608949661254883e-01 1.053523551672697067e-02
5.619462132453918457e-01 4.245176017284393311e-01 7.361853495240211487e-03
5.512399673461914062e-01 4.148750007152557373e-01 4.120730794966220856e-03
5.316751003265380859e-01 3.906869888305664062e-01 -1.765336841344833374e-02
6.262112259864807129e-01 4.777533710002899170e-01 4.627809301018714905e-02
6.222801804542541504e-01 3.714536726474761963e-01 3.891572728753089905e-02
5.202780961990356445e-01 4.860174357891082764e-01 -5.541087687015533447e-02
5.481855869293212891e-01 4.449262022972106934e-01 -1.003303099423646927e-02
6.394432783126831055e-01 4.156893491744995117e-01 1.260559707880020142e-01
5.434754490852355957e-01 4.047275185585021973e-01 2.792196813970804214e-03
5.515127182006835938e-01 4.813307225704193115e-01 -9.376053698360919952e-03
6.076911091804504395e-01 3.859018981456756592e-01 3.440605476498603821e-02
5.447680354118347168e-01 4.606102406978607178e-01 -3.625083342194557190e-02
6.246909499168395996e-01 5.304192304611206055e-01 1.172825992107391357e-01
5.516690015792846680e-01 3.836228251457214355e-01 1.889145374298095703e-02
5.374760031700134277e-01 4.484521150588989258e-01 -4.699819162487983704e-02
5.898347496986389160e-01 6.073494553565979004e-01 3.944265842437744141e-02
5.875878930091857910e-01 6.280049085617065430e-01 5.772850289940834045e-02
6.343327760696411133e-01 4.852130115032196045e-01 8.645280450582504272e-02
6.043172478675842285e-01 5.867627859115600586e-01 5.501702800393104553e-02
6.355569362640380859e-01 3.789357542991638184e-01 7.935923337936401367e-02
5.422886013984680176e-01 6.572467684745788574e-01 -2.644046035129576921e-04
5.181156396865844727e-01 4.904023110866546631e-01 -4.144677147269248962e-02
5.567924976348876953e-01 4.594109952449798584e-01 -6.357178092002868652e-03
6.290580034255981445e-01 4.023059010505676270e-01 5.961782485246658325e-02
5.877922773361206055e-01 3.952442407608032227e-01 1.999739184975624084e-02
5.783829092979431152e-01 3.946314752101898193e-01 1.655704155564308167e-02
5.487487912178039551e-01 5.824090838432312012e-01 -6.336627062410116196e-03
6.207525134086608887e-01 5.115275382995605469e-01 4.637423157691955566e-02
5.195917487144470215e-01 6.803654432296752930e-01 3.209767746739089489e-04
5.555525422096252441e-01 6.601583361625671387e-01 2.587710879743099213e-02
5.706903934478759766e-01 6.470550894737243652e-01 3.999766707420349121e-02
5.691387057304382324e-01 3.916243314743041992e-01 1.550386752933263779e-02
5.603575110435485840e-01 3.876013755798339844e-01 1.666194014251232147e-02
5.544634461402893066e-01 3.854975104331970215e-01 1.884797960519790649e-02
6.289128065109252930e-01 3.690542578697204590e-01 5.131300911307334900e-02
5.635662078857421875e-01 3.726800680160522461e-01 1.609403081238269806e-02
5.739832520484924316e-01 3.682850003242492676e-01 1.509242132306098938e-02
5.840415358543395996e-01 3.682815432548522949e-01 1.627572998404502869e-02
5.933787822723388672e-01 3.721845149993896484e-01 1.945783197879791260e-02
5.986734032630920410e-01 3.775433599948883057e-01 2.322010137140750885e-02
6.403008699417114258e-01 3.755783438682556152e-01 1.114408075809478760e-01
5.943422913551330566e-01 3.934199810028076172e-01 2.412057854235172272e-02
5.463730096817016602e-01 5.229369997978210449e-01 -1.989705674350261688e-02
5.396496057510375977e-01 4.846606552600860596e-01 -3.120413795113563538e-02
5.268458724021911621e-01 5.128778815269470215e-01 -3.139900416135787964e-02
5.742746591567993164e-01 6.271018981933593750e-01 2.673217654228210449e-02
5.590075850486755371e-01 6.419876217842102051e-01 1.373879611492156982e-02
5.212856531143188477e-01 6.678820848464965820e-01 -1.295631472021341324e-02
6.008896827697753906e-01 6.054414510726928711e-01 8.019550144672393799e-02
5.555287003517150879e-01 3.792894184589385986e-01 1.782721094787120819e-02
5.368845462799072266e-01 4.183087348937988281e-01 -2.346862666308879852e-02
5.391479730606079102e-01 6.718967556953430176e-01 1.108887232840061188e-02
6.275293231010437012e-01 5.224234461784362793e-01 8.091802895069122314e-02
5.266438126564025879e-01 5.837655067443847656e-01 -1.821458525955677032e-02
5.292372703552246094e-01 5.878586173057556152e-01 -2.030418440699577332e-02
5.314881205558776855e-01 5.938206911087036133e-01 -2.240739203989505768e-02
5.329146981239318848e-01 6.008226871490478516e-01 -2.113733440637588501e-02
5.325672030448913574e-01 6.086490750312805176e-01 -1.359151862561702728e-02
5.447970032691955566e-01 5.612756609916687012e-01 -9.450244717299938202e-03
5.478778481483459473e-01 5.609945058822631836e-01 -8.934495039284229279e-03
5.507106184959411621e-01 5.599126815795898438e-01 -8.547525852918624878e-03
5.612403154373168945e-01 5.502927899360656738e-01 -4.810093436390161514e-03
6.056115627288818359e-01 5.170166492462158203e-01 2.227579802274703979e-02
5.374521613121032715e-01 4.021973013877868652e-01 -1.159348152577877045e-02
5.452526211738586426e-01 3.693117499351501465e-01 1.065481081604957581e-02
5.513639450073242188e-01 3.719028532505035400e-01 1.585435308516025543e-02
5.423449277877807617e-01 5.606523752212524414e-01 -8.688373491168022156e-03
6.021922826766967773e-01 5.597196817398071289e-01 3.597810491919517517e-02
5.358225107192993164e-01 3.677145242691040039e-01 -4.149743355810642242e-03
5.374178886413574219e-01 6.229324340820312500e-01 -8.513850159943103790e-03
5.305336117744445801e-01 4.078678488731384277e-01 -3.060576133430004120e-02
5.422696471214294434e-01 4.462078809738159180e-01 -2.528704144060611725e-02
5.189530253410339355e-01 6.316016316413879395e-01 -1.640871353447437286e-02
5.643999576568603516e-01 5.924877524375915527e-01 5.635629408061504364e-03
5.593194961547851562e-01 4.964727461338043213e-01 -6.643081083893775940e-03
5.522347092628479004e-01 6.099939942359924316e-01 -1.186101115308701992e-03
5.840314626693725586e-01 4.974334239959716797e-01 1.036845787893980742e-04
5.676410198211669922e-01 5.149466395378112793e-01 -4.828041419386863708e-03
5.896766185760498047e-01 5.267146229743957520e-01 7.994135841727256775e-03
5.211911797523498535e-01 6.506730318069458008e-01 -1.687427982687950134e-02
5.474315881729125977e-01 4.576542079448699951e-01 -1.773686520755290985e-02
5.725882649421691895e-01 6.068326234817504883e-01 1.545968186110258102e-02
5.573824644088745117e-01 6.240645051002502441e-01 6.221731659024953842e-03
5.743805170059204102e-01 5.712572336196899414e-01 8.488510735332965851e-03
6.145583987236022949e-01 5.405375957489013672e-01 4.758013784885406494e-02
5.875165462493896484e-01 5.763580799102783203e-01 1.977707259356975555e-02
6.182490587234497070e-01 5.566972494125366211e-01 7.265357673168182373e-02
5.731807351112365723e-01 5.385543704032897949e-01 2.385966363362967968e-04
5.422371625900268555e-01 4.313986897468566895e-01 -1.619761437177658081e-02
5.393201112747192383e-01 4.778270125389099121e-01 -4.418860748410224915e-02
5.446432828903198242e-01 4.842658340930938721e-01 -3.242051228880882263e-02
5.367525219917297363e-01 4.650245904922485352e-01 -5.207311734557151794e-02
5.562675595283508301e-01 3.527047932147979736e-01 9.150006808340549469e-03
5.761533975601196289e-01 3.417271077632904053e-01 9.249060414731502533e-03
5.927050709724426270e-01 3.409550189971923828e-01 1.137713808566331863e-02
6.052041649818420410e-01 3.466898202896118164e-01 1.665876992046833038e-02
6.127557158470153809e-01 3.569318056106567383e-01 2.381854504346847534e-02
6.134728193283081055e-01 3.915508091449737549e-01 3.923600912094116211e-02
6.383433341979980469e-01 4.495155811309814453e-01 8.786566555500030518e-02
6.031090617179870605e-01 4.171359539031982422e-01 2.764888666570186615e-02
5.915702581405639648e-01 4.209803640842437744e-01 1.978639699518680573e-02
5.771496295928955078e-01 4.180743396282196045e-01 1.406614761799573898e-02
5.637632608413696289e-01 4.114350974559783936e-01 1.106031797826290131e-02
5.535715818405151367e-01 4.041664302349090576e-01 1.040886528789997101e-02
5.466299057006835938e-01 3.977031111717224121e-01 9.547008201479911804e-03
6.357131004333496094e-01 4.528645873069763184e-01 1.303891539573669434e-01
5.435967445373535156e-01 4.893404841423034668e-01 -2.721780724823474884e-02
5.363889932632446289e-01 4.328199326992034912e-01 -3.371335193514823914e-02
5.325085520744323730e-01 4.767260551452636719e-01 -5.377326905727386475e-02
5.253576636314392090e-01 4.847680926322937012e-01 -5.052446946501731873e-02
5.315425992012023926e-01 4.801744818687438965e-01 -4.850032925605773926e-02
5.400357246398925781e-01 4.942550063133239746e-01 -2.419677935540676117e-02
5.235578417778015137e-01 4.856684207916259766e-01 -5.373076349496841431e-02
5.214692354202270508e-01 4.899668097496032715e-01 -4.112551733851432800e-02
5.477193593978881836e-01 3.837202489376068115e-01 1.654052361845970154e-02
5.417110919952392578e-01 3.874911963939666748e-01 8.796711452305316925e-03
5.381189584732055664e-01 3.905171155929565430e-01 2.758202026598155499e-04
6.014577746391296387e-01 3.815969824790954590e-01 2.705935575067996979e-02
6.096626520156860352e-01 3.731655776500701904e-01 2.816120348870754242e-02
4.563997387886047363e-01 3.667544126510620117e-01 9.868684224784374237e-03
4.681334793567657471e-01 3.675733506679534912e-01 9.868684224784374237e-03
4.572861790657043457e-01 3.518226146697998047e-01 9.868684224784374237e-03
4.444667100906372070e-01 3.658245205879211426e-01 9.868684224784374237e-03
4.554062485694885254e-01 3.814109861850738525e-01 9.868684224784374237e-03
5.810892581939697266e-01 3.822759091854095459e-01 2.033323422074317932e-02
5.926888585090637207e-01 3.839911222457885742e-01 2.033323422074317932e-02
5.820886492729187012e-01 3.666447997093200684e-01 2.033323422074317932e-02
5.694361329078674316e-01 3.804791569709777832e-01 2.033323422074317932e-02
5.801136493682861328e-01 3.978648781776428223e-01 2.033323422074317932e-02
