5.010725855827331543e-01 5.417650938034057617e-01 -3.395433723926544189e-02
5.091674923896789551e-01 4.833292365074157715e-01 -6.055724993348121643e-02
5.067615509033203125e-01 5.004222393035888672e-01 -3.270847350358963013e-02
5.028631091117858887e-01 4.266723096370697021e-01 -4.441963508725166321e-02
5.105673074722290039e-01 4.658797681331634521e-01 -6.401217728853225708e-02
5.118155479431152344e-01 4.434870481491088867e-01 -5.886223167181015015e-02
5.143357515335083008e-01 3.900554478168487549e-01 -2.634210884571075439e-02
4.327898621559143066e-01 3.789295256137847900e-01 1.413511764258146286e-02
5.169337987899780273e-01 3.462138175964355469e-01 -1.692515052855014801e-02
5.184816122055053711e-01 3.235780596733093262e-01 -1.822090148925781250e-02
5.230190157890319824e-01 2.476620376110076904e-01 -3.358337329700589180e-03
5.007636547088623047e-01 5.468082427978515625e-01 -3.264157101511955261e-02
5.004696846008300781e-01 5.514305233955383301e-01 -2.908429875969886780e-02
5.003644824028015137e-01 5.545380115509033203e-01 -2.403325028717517853e-02
4.999228119850158691e-01 5.564600825309753418e-01 -2.318699657917022705e-02
4.995257258415222168e-01 5.637955665588378906e-01 -2.510201930999755859e-02
4.989812672138214111e-01 5.728638768196105957e-01 -2.791183441877365112e-02
4.984781742095947266e-01 5.821406245231628418e-01 -2.696563675999641418e-02
4.977970421314239502e-01 6.039106845855712891e-01 -1.728215441107749939e-02
5.081534385681152344e-01 4.922754764556884766e-01 -5.494834482669830322e-02
4.972206652164459229e-01 4.910027086734771729e-01 -4.005092754960060120e-02
3.916648626327514648e-01 3.117341995239257812e-01 6.870893388986587524e-02
4.619836509227752686e-01 3.977683484554290771e-01 3.157665953040122986e-03
4.504449069499969482e-01 3.980569243431091309e-01 3.558319993317127228e-03
4.398387372493743896e-01 3.953516185283660889e-01 6.380205508321523666e-03
4.272624850273132324e-01 3.840950131416320801e-01 1.542369835078716278e-02
4.723180532455444336e-01 3.938989937305450439e-01 5.235638469457626343e-03
4.514057040214538574e-01 3.427361845970153809e-01 -1.805431566026527435e-05
4.640979766845703125e-01 3.463465571403503418e-01 7.395283319056034088e-04
4.390324056148529053e-01 3.448866009712219238e-01 3.135202452540397644e-03
4.304348528385162354e-01 3.517138361930847168e-01 7.263951469212770462e-03
4.159164428710937500e-01 3.931976854801177979e-01 2.054517157375812531e-02
4.535095393657684326e-01 6.245893836021423340e-01 -5.770685616880655289e-03
4.294177889823913574e-01 3.735039532184600830e-01 1.780758425593376160e-02
3.809889256954193115e-01 3.828218579292297363e-01 7.002639025449752808e-02
4.037068486213684082e-01 3.791432976722717285e-01 3.202251344919204712e-02
4.511809945106506348e-01 4.634342491626739502e-01 -1.021557301282882690e-02
4.881597161293029785e-01 5.363562703132629395e-01 -3.309447690844535828e-02
4.890879988670349121e-01 5.487526655197143555e-01 -2.802300639450550079e-02
4.754836857318878174e-01 5.396711230278015137e-01 -2.721846848726272583e-02
4.666944444179534912e-01 5.439721345901489258e-01 -1.943732425570487976e-02
4.791545271873474121e-01 5.481009483337402344e-01 -2.404621243476867676e-02
4.710747003555297852e-01 5.487502217292785645e-01 -1.681904681026935577e-02
4.478099048137664795e-01 5.676769018173217773e-01 -3.614622633904218674e-03
4.997600615024566650e-01 4.818696975708007812e-01 -5.987343564629554749e-02
4.995588362216949463e-01 4.649213552474975586e-01 -6.304183602333068848e-02
4.155694246292114258e-01 3.325289189815521240e-01 1.116771996021270752e-02
4.772531688213348389e-01 4.243045449256896973e-01 -9.259856306016445160e-03
4.735161364078521729e-01 4.753991663455963135e-01 -3.319814428687095642e-02
4.730075895786285400e-01 4.664590656757354736e-01 -2.968868985772132874e-02
4.164800941944122314e-01 4.578432142734527588e-01 2.978252246975898743e-03
5.013261437416076660e-01 4.442481994628906250e-01 -5.586924776434898376e-02
4.448409974575042725e-01 3.145155906677246094e-01 -6.459223572164773941e-03
4.281798601150512695e-01 3.197710514068603516e-01 1.620836206711828709e-03
4.064058661460876465e-01 2.829813361167907715e-01 4.807378724217414856e-02
4.936777353286743164e-01 3.366026282310485840e-01 -1.450525503605604172e-02
4.745288491249084473e-01 3.558031618595123291e-01 4.290801938623189926e-03
4.404634237289428711e-01 5.506325364112854004e-01 -9.314589551649987698e-04
3.831170201301574707e-01 5.426789522171020508e-01 9.419865906238555908e-02
4.812035262584686279e-01 4.859246611595153809e-01 -2.881546877324581146e-02
4.895330667495727539e-01 4.917359352111816406e-01 -2.951004356145858765e-02
4.555461406707763672e-01 5.513294339179992676e-01 -1.699520624242722988e-03
4.582463502883911133e-01 5.511648654937744141e-01 -4.645825829356908798e-03
4.226464629173278809e-01 3.083862066268920898e-01 7.229063659906387329e-03
4.721310734748840332e-01 4.829533398151397705e-01 -2.721202373504638672e-02
4.660941660404205322e-01 3.183974325656890869e-01 -1.196265965700149536e-02
4.655990600585937500e-01 3.047249913215637207e-01 -1.381418853998184204e-02
4.566195607185363770e-01 2.486473917961120605e-01 7.867998443543910980e-03
4.142855405807495117e-01 2.982674241065979004e-01 2.475697919726371765e-02
4.615722298622131348e-01 2.788586318492889404e-01 -3.464239416643977165e-03
4.089697003364562988e-01 3.248358368873596191e-01 2.097147703170776367e-02
4.000415802001953125e-01 3.213446140289306641e-01 4.343225061893463135e-02
4.883353412151336670e-01 5.434476733207702637e-01 -3.184292092919349670e-02
4.772758781909942627e-01 5.443729758262634277e-01 -2.616842091083526611e-02
4.688087105751037598e-01 5.465272665023803711e-01 -1.907478086650371552e-02
4.834259748458862305e-01 4.893051683902740479e-01 -2.622674964368343353e-02
4.569309353828430176e-01 5.512755513191223145e-01 -3.220013575628399849e-03
4.618313014507293701e-01 5.544058084487915039e-01 -1.007889863103628159e-02
4.596630930900573730e-01 5.510957241058349609e-01 -4.911211319267749786e-03
4.872488677501678467e-01 4.806747436523437500e-01 -4.407393559813499451e-02
4.727972745895385742e-01 5.502691864967346191e-01 -1.497572381049394608e-02
4.807011485099792480e-01 5.503975152969360352e-01 -1.965007558465003967e-02
4.899086058139801025e-01 5.519325137138366699e-01 -2.327703684568405151e-02
4.827821850776672363e-01 6.013897657394409180e-01 -1.724454574286937714e-02
4.849613010883331299e-01 5.785838365554809570e-01 -2.669873461127281189e-02
4.860732257366180420e-01 5.693871378898620605e-01 -2.742150425910949707e-02
4.876447021961212158e-01 5.605942606925964355e-01 -2.432306297123432159e-02
4.894545376300811768e-01 5.538746118545532227e-01 -2.240118943154811859e-02
4.725570678710937500e-01 5.510187149047851562e-01 -1.420209277421236038e-02
4.700052738189697266e-01 5.541546344757080078e-01 -1.621726155281066895e-02
4.672998189926147461e-01 5.583453178405761719e-01 -1.831744797527790070e-02
4.649084508419036865e-01 5.633598566055297852e-01 -1.665073074400424957e-02
4.559606611728668213e-01 5.241787433624267578e-01 -1.575294882059097290e-02
3.741846084594726562e-01 4.572197198867797852e-01 1.131334975361824036e-01
5.074512362480163574e-01 4.961578845977783203e-01 -4.032726213335990906e-02
4.666497707366943359e-01 5.509678721427917480e-01 -8.717267774045467377e-03
4.643362462520599365e-01 5.525273084640502930e-01 -1.002920698374509811e-02
4.923745989799499512e-01 4.984314143657684326e-01 -3.040687553584575653e-02
4.748935997486114502e-01 4.932508170604705811e-01 -1.918731071054935455e-02
4.910253882408142090e-01 4.951620399951934814e-01 -3.013142570853233337e-02
4.643465876579284668e-01 4.327224195003509521e-01 -6.322021596133708954e-03
4.447030425071716309e-01 4.414236247539520264e-01 -3.981746733188629150e-03
4.702942371368408203e-01 4.738798737525939941e-01 -2.359803579747676849e-02
4.270653724670410156e-01 2.611236572265625000e-01 2.632159553468227386e-02
4.338788390159606934e-01 2.832090258598327637e-01 9.515517391264438629e-03
4.419598579406738281e-01 3.012846708297729492e-01 -4.116583615541458130e-03
4.565454721450805664e-01 5.804858207702636719e-01 -9.435046464204788208e-03
4.926033616065979004e-01 3.135747909545898438e-01 -1.821159198880195618e-02
4.895246028900146484e-01 2.813170850276947021e-01 -1.041754707694053650e-02
4.874759614467620850e-01 2.449963092803955078e-01 -2.218398964032530785e-03
4.314351379871368408e-01 3.909600079059600830e-01 1.101770717650651932e-02
4.020266532897949219e-01 4.035392105579376221e-01 2.608568593859672546e-02
4.794138073921203613e-01 3.897657394409179688e-01 7.215884048491716385e-03
4.182764887809753418e-01 3.583463132381439209e-01 1.652299426496028900e-02
4.861863851547241211e-01 4.140066504478454590e-01 -1.263488084077835083e-02
4.809415936470031738e-01 4.694330096244812012e-01 -4.382262006402015686e-02
3.895816802978515625e-01 4.144710898399353027e-01 3.755689784884452820e-02
4.090641736984252930e-01 4.156864881515502930e-01 1.552765537053346634e-02
4.234688878059387207e-01 4.230776429176330566e-01 5.379154346883296967e-03
4.455723166465759277e-01 4.230452179908752441e-01 1.343868556432425976e-03
4.622924923896789551e-01 4.182252883911132812e-01 -3.743236011359840631e-04
4.753502607345581055e-01 4.115386903285980225e-01 -2.494028070941567421e-03
5.031872391700744629e-01 3.929812014102935791e-01 -2.260763756930828094e-02
3.894710838794708252e-01 4.497253000736236572e-01 3.317437693476676941e-02
4.089950323104858398e-01 3.543420732021331787e-01 2.186119556427001953e-02
5.024756193161010742e-01 4.910331070423126221e-01 -5.455579608678817749e-02
4.774335324764251709e-01 4.408599138259887695e-01 -1.470520161092281342e-02
3.760204315185546875e-01 3.819621801376342773e-01 1.073394045233726501e-01
4.855924546718597412e-01 4.033669829368591309e-01 -3.345615230500698090e-03
4.687543809413909912e-01 4.749093949794769287e-01 -1.250819303095340729e-02
4.240682125091552734e-01 3.731960654258728027e-01 1.971608959138393402e-02
4.809158146381378174e-01 4.586734175682067871e-01 -3.934095427393913269e-02
3.768058419227600098e-01 4.988387227058410645e-01 1.066675335168838501e-01
4.805432856082916260e-01 3.839515149593353271e-01 1.024619769304990768e-02
4.909789562225341797e-01 4.494161903858184814e-01 -4.972488060593605042e-02
4.064166545867919922e-01 5.835710167884826660e-01 3.478086739778518677e-02
4.050000309944152832e-01 6.038812994956970215e-01 5.415888875722885132e-02
3.772798180580139160e-01 4.538941979408264160e-01 7.310269027948379517e-02
3.937308788299560547e-01 5.598496794700622559e-01 4.876941815018653870e-02
3.900699317455291748e-01 3.497485518455505371e-01 6.007778644561767578e-02
4.496355652809143066e-01 6.415895819664001465e-01 -7.720983558101579547e-05
5.030418634414672852e-01 4.950644075870513916e-01 -3.971556574106216431e-02
4.660777151584625244e-01 4.521699547767639160e-01 -1.134815998375415802e-02
3.926504850387573242e-01 3.815424144268035889e-01 4.291895404458045959e-02
4.423805773258209229e-01 3.865036666393280029e-01 7.653587497770786285e-03
4.515398442745208740e-01 3.892855644226074219e-01 5.235544405877590179e-03
4.594736695289611816e-01 5.568364262580871582e-01 -8.377334102988243103e-03
3.897965550422668457e-01 4.840385913848876953e-01 3.560882434248924255e-02
4.689306318759918213e-01 6.668010354042053223e-01 3.390250960364937782e-03
4.352646768093109131e-01 6.425315141677856445e-01 2.516977861523628235e-02
4.211079478263854980e-01 6.268381476402282715e-01 3.785420954227447510e-02
5.208063721656799316e-01 2.856876254081726074e-01 -1.158884633332490921e-02
4.929770231246948242e-01 6.720688343048095703e-01 1.104084309190511703e-03
4.612021148204803467e-01 3.890875577926635742e-01 5.279210861772298813e-03
4.706726670265197754e-01 3.869186639785766602e-01 7.316990755498409271e-03
4.770924448966979980e-01 3.855372071266174316e-01 9.961010888218879700e-03
4.003787040710449219e-01 3.503713011741638184e-01 3.321802988648414612e-02
4.711323082447052002e-01 3.698559999465942383e-01 5.921085830777883530e-03
4.616063237190246582e-01 3.636030554771423340e-01 3.820027690380811691e-03
4.519313871860504150e-01 3.616754710674285889e-01 3.890000050887465477e-03
4.421606063842773438e-01 3.635055720806121826e-01 6.147095002233982086e-03
4.359083473682403564e-01 3.673183917999267578e-01 9.407902136445045471e-03
3.819941580295562744e-01 3.430591523647308350e-01 9.067943692207336426e-02
4.365483522415161133e-01 3.827208876609802246e-01 1.107773371040821075e-02
5.055199861526489258e-01 5.138202905654907227e-01 -3.052237629890441895e-02
4.680007696151733398e-01 5.162971019744873047e-01 -2.115305513143539429e-02
4.815906584262847900e-01 4.830081462860107422e-01 -3.274039179086685181e-02
4.899773895740509033e-01 5.130734443664550781e-01 -3.030122444033622742e-02
5.154350399971008301e-01 3.687364459037780762e-01 -1.734018512070178986e-02
4.203840494155883789e-01 6.064491868019104004e-01 2.388083562254905701e-02
4.343085587024688721e-01 6.242027282714843750e-01 1.254987437278032303e-02
4.694781005382537842e-01 6.547544598579406738e-01 -1.068254932761192322e-02
3.930808007717132568e-01 5.779552459716796875e-01 7.496257871389389038e-02
4.777421653270721436e-01 3.783472180366516113e-01 8.514693938195705414e-03
4.941939711570739746e-01 4.187734127044677734e-01 -2.774657309055328369e-02
4.937922358512878418e-01 6.597896218299865723e-01 -1.265862211585044861e-02
4.506406784057617188e-01 6.563592553138732910e-01 1.193479821085929871e-02
3.791702389717102051e-01 4.918140769004821777e-01 7.009317725896835327e-02
4.802573025226593018e-01 5.518393516540527344e-01 -1.881595514714717865e-02
4.776197075843811035e-01 5.569638013839721680e-01 -2.098705619573593140e-02
4.753846526145935059e-01 5.636377334594726562e-01 -2.347930893301963806e-02
4.735901057720184326e-01 5.717222690582275391e-01 -2.244912087917327881e-02
4.679466485977172852e-01 5.923262834548950195e-01 -1.492645591497421265e-02
4.644663631916046143e-01 5.499181151390075684e-01 -1.026960927993059158e-02
4.621471464633941650e-01 5.489328503608703613e-01 -1.038870681077241898e-02
4.601910710334777832e-01 5.476514101028442383e-01 -1.047549396753311157e-02
4.462401866912841797e-01 5.358765721321105957e-01 -8.451132103800773621e-03
4.050119221210479736e-01 4.936972260475158691e-01 1.336950808763504028e-02
4.949225783348083496e-01 4.022511541843414307e-01 -1.675011031329631805e-02
4.901265501976013184e-01 3.699390590190887451e-01 3.255035728216171265e-03
4.828426241874694824e-01 3.718986213207244873e-01 7.034777197986841202e-03
4.666590094566345215e-01 5.507208108901977539e-01 -9.269376285374164581e-03
4.009271860122680664e-01 5.349432826042175293e-01 2.875136397778987885e-02
5.009069442749023438e-01 3.693800568580627441e-01 -1.067619118839502335e-02
4.603550434112548828e-01 6.079904437065124512e-01 -9.632222354412078857e-03
5.126729011535644531e-01 4.251734316349029541e-01 -4.767880961298942566e-02
5.028677582740783691e-01 4.106666147708892822e-01 -3.452073410153388977e-02
5.134592056274414062e-01 4.082728922367095947e-01 -3.660043701529502869e-02
4.846259653568267822e-01 4.445683360099792480e-01 -2.882329747080802917e-02
4.950686991214752197e-01 6.425076723098754883e-01 -1.811662316322326660e-02
4.965069591999053955e-01 6.219543814659118652e-01 -1.740574277937412262e-02
4.778013825416564941e-01 6.187272071838378906e-01 -1.577031612396240234e-02
4.364926815032958984e-01 5.742000341415405273e-01 2.315667690709233284e-03
4.578655660152435303e-01 4.869484901428222656e-01 -1.049594860523939133e-02
4.469027221202850342e-01 5.933661460876464844e-01 -3.389997640624642372e-03
4.314998388290405273e-01 4.809769093990325928e-01 -7.050416897982358932e-03
4.458633661270141602e-01 5.019558072090148926e-01 -9.499263949692249298e-03
4.198781251907348633e-01 5.072237849235534668e-01 7.907532854005694389e-04
4.725434184074401855e-01 6.381017565727233887e-01 -1.576518639922142029e-02
4.769656956195831299e-01 4.538715183734893799e-01 -2.143746800720691681e-02
4.257048964500427246e-01 5.869722962379455566e-01 1.199744828045368195e-02
4.392165541648864746e-01 6.068181991577148438e-01 4.385546781122684479e-03
4.290093183517456055e-01 5.520675182342529297e-01 3.690359881147742271e-03
3.912719190120697021e-01 5.134937763214111328e-01 3.874854743480682373e-02
4.142545461654663086e-01 5.542690157890319824e-01 1.409781724214553833e-02
3.836807608604431152e-01 5.272226929664611816e-01 6.410264968872070312e-02
4.352738857269287109e-01 5.222412943840026855e-01 -4.887260496616363525e-03
4.860599637031555176e-01 4.296256601810455322e-01 -2.070515602827072144e-02
4.840953648090362549e-01 4.773905575275421143e-01 -4.626615345478057861e-02
4.768069088459014893e-01 4.812502264976501465e-01 -3.438760712742805481e-02
4.896712601184844971e-01 4.663205742835998535e-01 -5.379876866936683655e-02
4.826503396034240723e-01 3.509201109409332275e-01 -2.613757969811558723e-04
4.650738835334777832e-01 3.363571166992187500e-01 -2.611788921058177948e-03
4.490071535110473633e-01 3.324817419052124023e-01 -2.482447773218154907e-03
4.349329769611358643e-01 3.354597091674804688e-01 1.417260966263711452e-03
4.244951009750366211e-01 3.436627388000488281e-01 7.769998628646135330e-03
4.151602685451507568e-01 3.759418725967407227e-01 2.410568110644817352e-02
3.773332238197326660e-01 4.177226424217224121e-01 7.192645967006683350e-02
4.215492904186248779e-01 4.009516239166259766e-01 1.459540426731109619e-02
4.325067996978759766e-01 4.070881009101867676e-01 8.147825486958026886e-03
4.475713372230529785e-01 4.092161059379577637e-01 4.033038392663002014e-03
4.623824357986450195e-01 4.071610271930694580e-01 2.408026019111275673e-03
4.743409752845764160e-01 4.023565649986267090e-01 3.063153242692351341e-03
4.828698635101318359e-01 3.973759114742279053e-01 2.828946337103843689e-03
3.743174076080322266e-01 4.190854728221893311e-01 1.140315830707550049e-01
4.763661026954650879e-01 4.859079420566558838e-01 -2.890232391655445099e-02
4.934841990470886230e-01 4.337268471717834473e-01 -3.719425201416015625e-02
4.918340146541595459e-01 4.788778722286224365e-01 -5.473195761442184448e-02
4.968546032905578613e-01 4.879768192768096924e-01 -5.011281743645668030e-02
4.915126860141754150e-01 4.818953871726989746e-01 -4.932232946157455444e-02
4.787998497486114502e-01 4.912583529949188232e-01 -2.507898956537246704e-02
4.989633560180664062e-01 4.896383583545684814e-01 -5.305213108658790588e-02
4.995214641094207764e-01 4.936831891536712646e-01 -3.984716162085533142e-02
4.843741059303283691e-01 3.843870162963867188e-01 8.835392072796821594e-03
4.900623857975006104e-01 3.884147405624389648e-01 2.264640759676694870e-03
4.938334226608276367e-01 3.908596634864807129e-01 -5.501739215105772018e-03
4.323529601097106934e-01 3.704929947853088379e-01 1.303429435938596725e-02
4.247722625732421875e-01 3.606071472167968750e-01 1.332771033048629761e-02
5.218628644943237305e-01 4.288227260112762451e-01 -4.334880039095878601e-02
5.952592492103576660e-01 3.953344225883483887e-01 2.137149497866630554e-02
5.179991722106933594e-01 4.933581650257110596e-01 -3.924499452114105225e-02
6.332463622093200684e-01 3.390437364578247070e-01 7.918396592140197754e-02
5.611342191696166992e-01 4.075072407722473145e-01 7.910488173365592957e-03
5.724943280220031738e-01 4.106535613536834717e-01 9.245432913303375244e-03
5.833165645599365234e-01 4.109727442264556885e-01 1.289874315261840820e-02
5.985000729560852051e-01 4.006369709968566895e-01 2.303009480237960815e-02
5.516449809074401855e-01 4.018615186214447021e-01 8.990239351987838745e-03
5.819506049156188965e-01 3.534793257713317871e-01 5.968637764453887939e-03
5.680136084556579590e-01 3.553025126457214355e-01 5.466842092573642731e-03
5.943368077278137207e-01 3.575953245162963867e-01 1.001224014908075333e-02
6.017479896545410156e-01 3.662839829921722412e-01 1.463748700916767120e-02
6.052109599113464355e-01 4.123498797416687012e-01 2.874642424285411835e-02
5.376981496810913086e-01 6.332268118858337402e-01 -2.471535699442028999e-03
5.996270179748535156e-01 3.889624774456024170e-01 2.536030299961566925e-02
6.355533003807067871e-01 4.115916788578033447e-01 8.073744922876358032e-02
6.170986890792846680e-01 3.988950550556182861e-01 4.110050946474075317e-02
5.637082457542419434e-01 4.765523076057434082e-01 -5.222533829510211945e-03
5.143139958381652832e-01 5.404031872749328613e-01 -3.180101141333580017e-02
5.118627548217773438e-01 5.524688959121704102e-01 -2.679419703781604767e-02
5.262787342071533203e-01 5.477194786071777344e-01 -2.456867508590221405e-02
5.340470671653747559e-01 5.546911954879760742e-01 -1.583548821508884430e-02
5.215709209442138672e-01 5.550676584243774414e-01 -2.173844166100025177e-02
5.292082428932189941e-01 5.582922101020812988e-01 -1.372711453586816788e-02
5.501276850700378418e-01 5.794779658317565918e-01 8.255657739937305450e-04
5.183850526809692383e-01 4.840426146984100342e-01 -5.918436124920845032e-02
5.211988687515258789e-01 4.674007296562194824e-01 -6.224340945482254028e-02
6.156770586967468262e-01 3.494930267333984375e-01 1.977314986288547516e-02
5.437760353088378906e-01 4.318649768829345703e-01 -5.953176412731409073e-03
5.427885651588439941e-01 4.832355976104736328e-01 -3.015531785786151886e-02
5.441437959671020508e-01 4.744457900524139404e-01 -2.657052688300609589e-02
5.967211127281188965e-01 4.787943065166473389e-01 1.092700753360986710e-02
5.217410922050476074e-01 4.465112984180450439e-01 -5.483332648873329163e-02
5.929182767868041992e-01 3.281947374343872070e-01 -1.224975276272743940e-04
6.071489453315734863e-01 3.350967168807983398e-01 9.320195764303207397e-03
6.250146627426147461e-01 3.077829480171203613e-01 5.743348598480224609e-02
5.423681735992431641e-01 3.423920571804046631e-01 -1.226454321295022964e-02
5.556724071502685547e-01 3.636104464530944824e-01 8.130753412842750549e-03
5.599007606506347656e-01 5.646792650222778320e-01 4.509155638515949249e-03
6.130197048187255859e-01 5.687388777732849121e-01 1.042162925004959106e-01
5.334793329238891602e-01 4.918732941150665283e-01 -2.663328126072883606e-02
5.246141552925109863e-01 4.957040250301361084e-01 -2.839336544275283813e-02
5.438172817230224609e-01 5.656633973121643066e-01 3.008978907018899918e-03
5.410927534103393555e-01 5.647110342979431152e-01 -4.612723423633724451e-04
6.126777529716491699e-01 3.246429860591888428e-01 1.528444793075323105e-02
5.423681139945983887e-01 4.909136295318603516e-01 -2.420799247920513153e-02
5.725073218345642090e-01 3.293354511260986328e-01 -7.614737842231988907e-03
5.749939084053039551e-01 3.163686990737915039e-01 -9.418268688023090363e-03
5.853087902069091797e-01 2.636183500289916992e-01 1.330412924289703369e-02
6.178515553474426270e-01 3.206366598606109619e-01 3.341881185770034790e-02
5.777756571769714355e-01 2.918777465820312500e-01 1.441371510736644268e-03
6.215337514877319336e-01 3.428786396980285645e-01 3.002026118338108063e-02
6.268323063850402832e-01 3.464699387550354004e-01 5.308793857693672180e-02
5.132118463516235352e-01 5.473853945732116699e-01 -3.052452020347118378e-02
5.238636732101440430e-01 5.519044995307922363e-01 -2.368230186402797699e-02
5.317200422286987305e-01 5.566532611846923828e-01 -1.576987281441688538e-02
5.305685400962829590e-01 4.946335256099700928e-01 -2.438530325889587402e-02
5.424386262893676758e-01 5.652267932891845703e-01 1.139405067078769207e-03
5.373309850692749023e-01 5.667087435722351074e-01 -6.374992430210113525e-03
5.396471023559570312e-01 5.641667842864990234e-01 -8.297374588437378407e-04
5.293588638305664062e-01 4.855906069278717041e-01 -4.198041558265686035e-02
5.272907018661499023e-01 5.592197179794311523e-01 -1.202926132827997208e-02
5.198283791542053223e-01 5.568406581878662109e-01 -1.745058782398700714e-02
5.108069777488708496e-01 5.553841590881347656e-01 -2.200433239340782166e-02
5.127420425415039062e-01 6.047381162643432617e-01 -1.604886166751384735e-02
5.122257471084594727e-01 5.829050540924072266e-01 -2.539440430700778961e-02
5.119976401329040527e-01 5.734100341796875000e-01 -2.605387941002845764e-02
5.114654898643493652e-01 5.642933845520019531e-01 -2.298429235816001892e-02
5.105183720588684082e-01 5.572055578231811523e-01 -2.110158279538154602e-02
5.271297097206115723e-01 5.598790049552917480e-01 -1.125037763267755508e-02
5.294299125671386719e-01 5.637342929840087891e-01 -1.326071750372648239e-02
5.316903591156005859e-01 5.687369704246520996e-01 -1.522856485098600388e-02
5.335720777511596680e-01 5.743439197540283203e-01 -1.340232603251934052e-02
5.503792762756347656e-01 5.352456569671630859e-01 -1.163573842495679855e-02
6.299004554748535156e-01 4.866898357868194580e-01 1.241581216454505920e-01
5.327378511428833008e-01 5.617203116416931152e-01 -5.117900669574737549e-03
5.349871516227722168e-01 5.640704035758972168e-01 -6.467143539339303970e-03
5.209733843803405762e-01 5.016841888427734375e-01 -2.928510867059230804e-02
5.376665592193603516e-01 5.003641247749328613e-01 -1.678334735333919525e-02
5.227225422859191895e-01 4.988074898719787598e-01 -2.905146777629852295e-02
5.546948909759521484e-01 4.431155920028686523e-01 -1.956338761374354362e-03
5.723427534103393555e-01 4.563010334968566895e-01 1.780393184162676334e-03
5.452845096588134766e-01 4.823549985885620117e-01 -2.034015581011772156e-02
6.102512478828430176e-01 2.821174263954162598e-01 3.396413475275039673e-02
6.025397777557373047e-01 3.018306791782379150e-01 1.657388918101787567e-02
5.971577167510986328e-01 3.157738447189331055e-01 2.392605179920792580e-03
5.403549075126647949e-01 5.898416638374328613e-01 -5.725419614464044571e-03
5.473766922950744629e-01 3.207611739635467529e-01 -1.591520383954048157e-02
5.512685775756835938e-01 2.883738875389099121e-01 -7.808211259543895721e-03
5.572223067283630371e-01 2.532624006271362305e-01 5.905093858018517494e-04
5.928202867507934570e-01 4.080399572849273682e-01 1.821049302816390991e-02
6.153547763824462891e-01 4.251640439033508301e-01 3.507203608751296997e-02
5.453523993492126465e-01 3.967440128326416016e-01 1.055278442800045013e-02
6.101124286651611328e-01 3.750905990600585938e-01 2.481128089129924774e-02
5.369802117347717285e-01 4.197276234626770020e-01 -1.002321485430002213e-02
5.371421575546264648e-01 4.759217798709869385e-01 -4.134111106395721436e-02
6.258378028869628906e-01 4.414783120155334473e-01 4.760142788290977478e-02
6.077871918678283691e-01 4.374434947967529297e-01 2.412104420363903046e-02
5.936300754547119141e-01 4.429516494274139404e-01 1.281905546784400940e-02
5.725919008255004883e-01 4.377786219120025635e-01 7.130968850106000900e-03
5.573930740356445312e-01 4.288920164108276367e-01 4.099979996681213379e-03
5.461422204971313477e-01 4.199882447719573975e-01 9.001226280815899372e-04
5.245072841644287109e-01 3.953876495361328125e-01 -2.152271009981632233e-02
6.220523118972778320e-01 4.764899611473083496e-01 4.323863983154296875e-02
6.173086762428283691e-01 3.727613985538482666e-01 3.080191835761070251e-02
5.137731432914733887e-01 4.923317432403564453e-01 -5.399132892489433289e-02
5.419362187385559082e-01 4.481868743896484375e-01 -1.150002796202898026e-02
6.370720863342285156e-01 4.116334915161132812e-01 1.189425662159919739e-01
5.378264784812927246e-01 4.104899466037750244e-01 -7.154922932386398315e-04
5.459170937538146973e-01 4.836858212947845459e-01 -9.170443750917911530e-03
6.037222146987915039e-01 3.891149759292602539e-01 2.766132168471813202e-02
5.382097959518432617e-01 4.651473760604858398e-01 -3.680203855037689209e-02
6.233876943588256836e-01 5.270151495933532715e-01 1.172268912196159363e-01
5.455222129821777344e-01 3.906717896461486816e-01 1.373177953064441681e-02
5.304479598999023438e-01 4.538735151290893555e-01 -4.789187014102935791e-02
5.880508422851562500e-01 6.033379435539245605e-01 4.214864596724510193e-02
5.861200690269470215e-01 6.231238842010498047e-01 6.186472997069358826e-02
6.310907006263732910e-01 4.827987253665924072e-01 8.375243842601776123e-02
6.030994057655334473e-01 5.832105278968811035e-01 5.739651247859001160e-02
6.315559744834899902e-01 3.768053948879241943e-01 7.031477242708206177e-02
5.389963984489440918e-01 6.503533720970153809e-01 3.488362766802310944e-03
5.118905305862426758e-01 4.960802793502807617e-01 -3.938132151961326599e-02
5.509483218193054199e-01 4.619585573673248291e-01 -7.444709539413452148e-03
6.248966455459594727e-01 4.028114080429077148e-01 5.274064838886260986e-02
5.836462378501892090e-01 4.020025134086608887e-01 1.407144404947757721e-02
5.737247467041015625e-01 4.021652042865753174e-01 1.091480720788240433e-02
5.395143628120422363e-01 5.697320103645324707e-01 -4.459518473595380783e-03
6.174231767654418945e-01 5.102025270462036133e-01 4.541834816336631775e-02
5.170487165451049805e-01 6.711981892585754395e-01 5.478410515934228897e-03
5.524557828903198242e-01 6.536774635314941406e-01 3.010742738842964172e-02
5.681414604187011719e-01 6.415526866912841797e-01 4.412602633237838745e-02
5.639386773109436035e-01 3.994225561618804932e-01 1.011171750724315643e-02
5.546805858612060547e-01 3.952274322509765625e-01 1.144192554056644440e-02
5.485011339187622070e-01 3.927932679653167725e-01 1.366994343698024750e-02
6.238788366317749023e-01 3.697192370891571045e-01 4.277460649609565735e-02
5.575208663940429688e-01 3.788637220859527588e-01 1.019756216555833817e-02
5.682071447372436523e-01 3.737466931343078613e-01 8.844587951898574829e-03
5.787274837493896484e-01 3.730984926223754883e-01 9.730527177453041077e-03
5.886756181716918945e-01 3.763624429702758789e-01 1.272459886968135834e-02
5.944271087646484375e-01 3.814143836498260498e-01 1.646312326192855835e-02
6.370453238487243652e-01 3.717909455299377441e-01 1.019044741988182068e-01
5.904933214187622070e-01 3.992640376091003418e-01 1.798546314239501953e-02
5.408003926277160645e-01 5.247157812118530273e-01 -1.793880574405193329e-02
5.338228940963745117e-01 4.890697002410888672e-01 -3.057095594704151154e-02
5.208508968353271484e-01 5.166950225830078125e-01 -2.897951751947402954e-02
5.715650320053100586e-01 6.223585009574890137e-01 2.987172082066535950e-02
5.558609962463378906e-01 6.365065574645996094e-01 1.724078878760337830e-02
5.183317661285400391e-01 6.595534682273864746e-01 -8.766833692789077759e-03
6.001827716827392578e-01 6.008049845695495605e-01 8.394416421651840210e-02
5.493727922439575195e-01 3.861025869846343994e-01 1.232771668583154678e-02
5.299684405326843262e-01 4.228332936763763428e-01 -2.598042972385883331e-02
5.360102057456970215e-01 6.640935540199279785e-01 1.558071374893188477e-02
6.248397827148437500e-01 5.198355913162231445e-01 8.040281385183334351e-02
5.196487903594970703e-01 5.581454634666442871e-01 -1.653945818543434143e-02
5.216578245162963867e-01 5.639665126800537109e-01 -1.863583363592624664e-02
5.231947898864746094e-01 5.712571144104003906e-01 -2.103668451309204102e-02
5.243062973022460938e-01 5.798146724700927734e-01 -1.992964185774326324e-02
5.280151963233947754e-01 5.988252758979797363e-01 -1.215206459164619446e-02
5.352512598037719727e-01 5.614225268363952637e-01 -6.589824799448251724e-03
5.376465916633605957e-01 5.611033439636230469e-01 -6.364541593939065933e-03
5.397822856903076172e-01 5.603813529014587402e-01 -6.235320586711168289e-03
5.571985244750976562e-01 5.489326715469360352e-01 -3.365498036146163940e-03
6.024518609046936035e-01 5.164888501167297363e-01 2.181150205433368683e-02
5.306220054626464844e-01 4.063556790351867676e-01 -1.494219899177551270e-02
5.386286973953247070e-01 3.755058348178863525e-01 5.533160641789436340e-03
5.449380874633789062e-01 3.784803450107574463e-01 1.032990496605634689e-02
5.328863859176635742e-01 5.615732073783874512e-01 -5.618012044578790665e-03
6.002585887908935547e-01 5.575383901596069336e-01 3.710765764117240906e-02
5.287165641784667969e-01 3.735211193561553955e-01 -9.228949435055255890e-03
5.332884192466735840e-01 6.156363487243652344e-01 -6.687995512038469315e-03
5.232912898063659668e-01 4.129476547241210938e-01 -3.358713164925575256e-02
5.356596708297729492e-01 4.504481554031372070e-01 -2.650760859251022339e-02
5.152449607849121094e-01 6.226426362991333008e-01 -1.440647989511489868e-02
5.604873895645141602e-01 5.881294012069702148e-01 7.450868841260671616e-03
5.541930198669433594e-01 4.980209767818450928e-01 -6.391524802893400192e-03
5.478934049606323242e-01 6.042915582656860352e-01 6.501936004497110844e-04
5.798352956771850586e-01 4.982483386993408203e-01 -7.084130193106830120e-04
5.632826685905456543e-01 5.156357288360595703e-01 -4.456295631825923920e-03
5.867952704429626465e-01 5.264899134635925293e-01 7.893796078860759735e-03
5.177854299545288086e-01 6.427824497222900391e-01 -1.401178166270256042e-02
5.412204861640930176e-01 4.611083865165710449e-01 -1.854158565402030945e-02
5.692518353462219238e-01 6.025060415267944336e-01 1.774898357689380646e-02
5.536281466484069824e-01 6.188421249389648438e-01 8.818841539323329926e-03
5.710380673408508301e-01 5.684499144554138184e-01 9.922979399561882019e-03
6.120978593826293945e-01 5.386832952499389648e-01 4.810300841927528381e-02
5.849415063858032227e-01 5.734405517578125000e-01 2.121110819280147552e-02
6.164488196372985840e-01 5.536444783210754395e-01 7.400058954954147339e-02
5.699099302291870117e-01 5.379747748374938965e-01 9.601362398825585842e-04
5.356544256210327148e-01 4.353029131889343262e-01 -1.816163212060928345e-02
5.330432057380676270e-01 4.830538034439086914e-01 -4.402153566479682922e-02
5.387955904006958008e-01 4.883429110050201416e-01 -3.181887418031692505e-02
5.298840403556823730e-01 4.709671735763549805e-01 -5.210030078887939453e-02
5.495339035987854004e-01 3.577718436717987061e-01 2.852175617590546608e-03
5.695884823799133301e-01 3.459610939025878906e-01 1.949305529706180096e-03
5.864750742912292480e-01 3.445277214050292969e-01 3.489756956696510315e-03
5.994548201560974121e-01 3.496553003787994385e-01 8.580887690186500549e-03
6.075885295867919922e-01 3.594377934932708740e-01 1.569596119225025177e-02
6.093003749847412109e-01 3.938278853893280029e-01 3.251039236783981323e-02
6.349343657493591309e-01 4.470089375972747803e-01 8.294027298688888550e-02
5.992864966392517090e-01 4.198490679264068604e-01 2.238860353827476501e-02
5.875148773193359375e-01 4.245012402534484863e-01 1.501922868192195892e-02
5.727908015251159668e-01 4.227825701236724854e-01 9.761837311089038849e-03
5.589469075202941895e-01 4.170284867286682129e-01 6.974511779844760895e-03
5.482872128486633301e-01 4.101038873195648193e-01 6.523559335619211197e-03
5.409627556800842285e-01 4.039139151573181152e-01 5.647815298289060593e-03
6.338210105895996094e-01 4.488929212093353271e-01 1.255818158388137817e-01
5.380228757858276367e-01 4.928775131702423096e-01 -2.636676840484142303e-02
5.293789505958557129e-01 4.378150105476379395e-01 -3.537972643971443176e-02
5.259498357772827148e-01 4.828308224678039551e-01 -5.329373851418495178e-02
5.192169547080993652e-01 4.905768930912017822e-01 -4.926982894539833069e-02
5.253046154975891113e-01 4.859014451503753662e-01 -4.784155264496803284e-02
5.345518589019775391e-01 4.974819719791412354e-01 -2.291653491556644440e-02
5.172175168991088867e-01 4.917308092117309570e-01 -5.236967280507087708e-02
5.153989195823669434e-01 4.954413175582885742e-01 -3.928742185235023499e-02
5.415487289428710938e-01 3.906352221965789795e-01 1.176107674837112427e-02
5.355583429336547852e-01 3.939689993858337402e-01 4.521020688116550446e-03
5.318332314491271973e-01 3.967584371566772461e-01 -3.639790229499340057e-03
5.974714756011962891e-01 3.853798508644104004e-01 2.034571208059787750e-02
6.053051948547363281e-01 3.761588335037231445e-01 2.111984789371490479e-02
4.524684846401214600e-01 3.756789267063140869e-01 8.715504780411720276e-03
4.638275802135467529e-01 3.766476213932037354e-01 8.715504780411720276e-03
4.534002244472503662e-01 3.612207174301147461e-01 8.715504780411720276e-03
4.409187138080596924e-01 3.747163414955139160e-01 8.715504780411720276e-03
4.514884948730468750e-01 3.899755477905273438e-01 8.715504780411720276e-03
5.761808156967163086e-01 3.886637687683105469e-01 1.433079410344362259e-02
5.882039666175842285e-01 3.896574079990386963e-01 1.433079410344362259e-02
5.770184993743896484e-01 3.731577098369598389e-01 1.433079410344362259e-02
5.641367435455322266e-01 3.876183927059173584e-01 1.433079410344362259e-02
5.753580927848815918e-01 4.041257500648498535e-01 1.433079410344362259e-02
