5.080223679542541504e-01 5.258388519287109375e-01 -3.557758778333663940e-02
5.118687748908996582e-01 4.713212251663208008e-01 -6.083022430539131165e-02
5.091691017150878906e-01 4.895946979522705078e-01 -3.341922536492347717e-02
5.057291388511657715e-01 4.158836007118225098e-01 -4.425857961177825928e-02
5.134084224700927734e-01 4.541411697864532471e-01 -6.400713324546813965e-02
5.147231221199035645e-01 4.323740005493164062e-01 -5.855598300695419312e-02
5.173274278640747070e-01 3.801910877227783203e-01 -2.512122876942157745e-02
4.352017045021057129e-01 3.660709261894226074e-01 1.222465094178915024e-02
5.201492905616760254e-01 3.351497650146484375e-01 -1.511337235569953918e-02
5.218523740768432617e-01 3.126789927482604980e-01 -1.592298410832881927e-02
5.262221693992614746e-01 2.427853941917419434e-01 1.174815843114629388e-04
5.077736377716064453e-01 5.307874083518981934e-01 -3.451577946543693542e-02
5.072669982910156250e-01 5.359209775924682617e-01 -3.110057860612869263e-02
5.068296194076538086e-01 5.391840934753417969e-01 -2.613079734146595001e-02
5.060169696807861328e-01 5.613945722579956055e-01 -2.217064425349235535e-02
5.056985616683959961e-01 5.692791342735290527e-01 -2.393409609794616699e-02
5.049049258232116699e-01 5.790562629699707031e-01 -2.627324499189853668e-02
5.039837956428527832e-01 5.881091356277465820e-01 -2.433323301374912262e-02
4.985138773918151855e-01 6.047198176383972168e-01 -1.379850972443819046e-02
5.107132196426391602e-01 4.804223179817199707e-01 -5.539667233824729919e-02
5.001043081283569336e-01 4.793887436389923096e-01 -4.088621959090232849e-02
3.933301568031311035e-01 3.026543259620666504e-01 6.622566282749176025e-02
4.647441208362579346e-01 3.841149508953094482e-01 2.023794921115040779e-03
4.531290531158447266e-01 3.846369981765747070e-01 2.098856028169393539e-03
4.423092007637023926e-01 3.823975920677185059e-01 4.611999727785587311e-03
4.290247261524200439e-01 3.715471327304840088e-01 1.322375982999801636e-02
4.752738773822784424e-01 3.801213800907135010e-01 4.464250523597002029e-03
4.546805024147033691e-01 3.295926153659820557e-01 -9.144187788479030132e-04
4.673607349395751953e-01 3.332772850990295410e-01 2.563577436376363039e-04
4.421853423118591309e-01 3.313961625099182129e-01 1.842253259383141994e-03
4.332675933837890625e-01 3.381565809249877930e-01 5.652480293065309525e-03
4.171950817108154297e-01 3.813884556293487549e-01 1.781910657882690430e-02
4.533886611461639404e-01 6.184042096138000488e-01 -4.585010465234518051e-03
4.315226078033447266e-01 3.610052168369293213e-01 1.581209897994995117e-02
3.815705180168151855e-01 3.719835579395294189e-01 6.612381339073181152e-02
4.046437144279479980e-01 3.672890067100524902e-01 2.909662388265132904e-02
4.536741077899932861e-01 4.531728923320770264e-01 -1.222567074000835419e-02
4.942123293876647949e-01 5.207726955413818359e-01 -3.486434370279312134e-02
4.949302375316619873e-01 5.337281823158264160e-01 -3.033234551548957825e-02
4.800665080547332764e-01 5.248666405677795410e-01 -2.948130667209625244e-02
4.708502590656280518e-01 5.303952693939208984e-01 -2.192244306206703186e-02
4.842604696750640869e-01 5.340274572372436523e-01 -2.667975798249244690e-02
4.761911630630493164e-01 5.362657308578491211e-01 -1.957325823605060577e-02
4.498417973518371582e-01 5.630430579185485840e-01 -5.266269203275442123e-03
5.025625824928283691e-01 4.697157442569732666e-01 -6.033086404204368591e-02
5.024174451828002930e-01 4.530940651893615723e-01 -6.325609236955642700e-02
4.185369014739990234e-01 3.182913064956665039e-01 9.771810844540596008e-03
4.795396327972412109e-01 4.140797555446624756e-01 -1.027185656130313873e-02
4.766677021980285645e-01 4.646700024604797363e-01 -3.459380939602851868e-02
4.759490787982940674e-01 4.560974538326263428e-01 -3.107239305973052979e-02
4.190122485160827637e-01 4.475803077220916748e-01 -5.164846079424023628e-04
5.042169690132141113e-01 4.329727292060852051e-01 -5.590100586414337158e-02
4.487342834472656250e-01 2.987203299999237061e-01 -6.369650363922119141e-03
4.317820668220520020e-01 3.048211336135864258e-01 1.031621592119336128e-03
4.086073338985443115e-01 2.745290994644165039e-01 4.675867408514022827e-02
4.976864457130432129e-01 3.210571408271789551e-01 -1.328607369214296341e-02
4.777839481830596924e-01 3.426449596881866455e-01 3.901481628417968750e-03
4.437085390090942383e-01 5.445334911346435547e-01 -3.478056285530328751e-03
3.823089003562927246e-01 5.314192771911621094e-01 8.783561736345291138e-02
4.844026863574981689e-01 4.750871360301971436e-01 -3.007748164236545563e-02
4.925405383110046387e-01 4.809691011905670166e-01 -3.052484057843685150e-02
4.608578085899353027e-01 5.428304672241210938e-01 -4.410343244671821594e-03
4.641312658786773682e-01 5.430018305778503418e-01 -7.175667677074670792e-03
4.263197481632232666e-01 2.938035726547241211e-01 6.650145631283521652e-03
4.753899872303009033e-01 4.728218019008636475e-01 -2.874360047280788422e-02
4.700649380683898926e-01 3.022179007530212402e-01 -1.126422639936208725e-02
4.697392284870147705e-01 2.885962724685668945e-01 -1.286688540130853653e-02
4.594773352146148682e-01 2.417132556438446045e-01 8.985567837953567505e-03
4.167154729366302490e-01 2.886248230934143066e-01 2.409167215228080750e-02
4.644317030906677246e-01 2.698337733745574951e-01 -2.234504790976643562e-03
4.117660820484161377e-01 3.115842640399932861e-01 1.949724368751049042e-02
4.021654129028320312e-01 3.114494979381561279e-01 4.172279313206672668e-02
4.942812621593475342e-01 5.278034210205078125e-01 -3.392269462347030640e-02
4.821260869503021240e-01 5.299287438392639160e-01 -2.864883653819561005e-02
4.733999967575073242e-01 5.335758328437805176e-01 -2.169910073280334473e-02
4.866477549076080322e-01 4.787088632583618164e-01 -2.741570584475994110e-02
4.625479578971862793e-01 5.429751276969909668e-01 -5.844347644597291946e-03
4.668444693088531494e-01 5.496119856834411621e-01 -1.151892915368080139e-02
4.656541049480438232e-01 5.430346131324768066e-01 -7.325217593461275101e-03
4.902760982513427734e-01 4.687978327274322510e-01 -4.506413638591766357e-02
4.784355461597442627e-01 5.378009080886840820e-01 -1.777111552655696869e-02
4.861218631267547607e-01 5.363561511039733887e-01 -2.238037250936031342e-02
4.957133531570434570e-01 5.369420051574707031e-01 -2.571235224604606628e-02
4.829872250556945801e-01 6.013258695602416992e-01 -1.432824321091175079e-02
4.888962805271148682e-01 5.830316543579101562e-01 -2.458152733743190765e-02
4.907135367393493652e-01 5.743847489356994629e-01 -2.599082328379154205e-02
4.928374588489532471e-01 5.648174285888671875e-01 -2.343219704926013947e-02
4.947747886180877686e-01 5.579301118850708008e-01 -2.170602232217788696e-02
4.782410562038421631e-01 5.499733686447143555e-01 -1.471958030015230179e-02
4.753639996051788330e-01 5.527945160865783691e-01 -1.645182073116302490e-02
4.718414545059204102e-01 5.568771362304687500e-01 -1.836488395929336548e-02
4.688184857368469238e-01 5.612680315971374512e-01 -1.673773676156997681e-02
4.592484235763549805e-01 5.155507326126098633e-01 -1.824299804866313934e-02
3.733428716659545898e-01 4.454482197761535645e-01 1.071485057473182678e-01
5.099200010299682617e-01 4.846655130386352539e-01 -4.101392254233360291e-02
4.727306067943572998e-01 5.468953847885131836e-01 -1.014613080769777298e-02
4.698511362075805664e-01 5.480788946151733398e-01 -1.137972343713045120e-02
4.950999617576599121e-01 4.878653883934020996e-01 -3.137239813804626465e-02
4.780437350273132324e-01 4.835018813610076904e-01 -2.063383162021636963e-02
4.938994050025939941e-01 4.844805002212524414e-01 -3.113405592739582062e-02
4.665517210960388184e-01 4.224708080291748047e-01 -7.911933586001396179e-03
4.469706714153289795e-01 4.311162531375885010e-01 -6.201814394444227219e-03
4.732833802700042725e-01 4.638858735561370850e-01 -2.516546659171581268e-02
4.295890331268310547e-01 2.532864809036254883e-01 2.613690868020057678e-02
4.364417493343353271e-01 2.738482952117919922e-01 9.778158739209175110e-03
4.459179043769836426e-01 2.859422564506530762e-01 -3.947958815842866898e-03
4.576002955436706543e-01 5.772006511688232422e-01 -9.729300625622272491e-03
4.969067871570587158e-01 2.977447509765625000e-01 -1.653340645134449005e-02
4.926511645317077637e-01 2.732273936271667480e-01 -8.302846923470497131e-03
4.905788302421569824e-01 2.391378879547119141e-01 1.421219785697758198e-04
4.335478246212005615e-01 3.782204389572143555e-01 8.963190950453281403e-03
4.028570055961608887e-01 3.921623826026916504e-01 2.274017408490180969e-02
4.824991822242736816e-01 3.756586611270904541e-01 6.644310429692268372e-03
4.202618300914764404e-01 3.448391556739807129e-01 1.452536229044198990e-02
4.886124134063720703e-01 4.037407636642456055e-01 -1.319698058068752289e-02
4.839082956314086914e-01 4.578972756862640381e-01 -4.483395069837570190e-02
3.906370401382446289e-01 4.034404754638671875e-01 3.344455361366271973e-02
4.101776778697967529e-01 4.044951796531677246e-01 1.223478466272354126e-02
4.251974523067474365e-01 4.120103716850280762e-01 2.553354948759078979e-03
4.478469192981719971e-01 4.114567637443542480e-01 -7.183296838775277138e-04
4.647513031959533691e-01 4.060223400592803955e-01 -1.843827660195529461e-03
4.781251251697540283e-01 3.990764915943145752e-01 -3.409163793548941612e-03
5.060712099075317383e-01 3.828201591968536377e-01 -2.186664566397666931e-02
3.908098340034484863e-01 4.388625919818878174e-01 2.846798673272132874e-02
4.107440114021301270e-01 3.412578999996185303e-01 1.970117166638374329e-02
5.051956176757812500e-01 4.790695905685424805e-01 -5.513561889529228210e-02
4.798527956008911133e-01 4.305776655673980713e-01 -1.600108668208122253e-02
3.759393692016601562e-01 3.714518249034881592e-01 1.026307493448257446e-01
4.886954128742218018e-01 3.905496597290039062e-01 -3.829214023426175117e-03
4.716020524501800537e-01 4.652319252490997314e-01 -1.420853380113840103e-02
4.257552921772003174e-01 3.603184223175048828e-01 1.755766756832599640e-02
4.837171733379364014e-01 4.476329088211059570e-01 -4.030422121286392212e-02
3.758246898651123047e-01 4.867443442344665527e-01 1.004200279712677002e-01
4.835285544395446777e-01 3.698216378688812256e-01 9.736366569995880127e-03
4.938015639781951904e-01 4.381271302700042725e-01 -5.018302425742149353e-02
4.065594673156738281e-01 5.746312737464904785e-01 3.132094442844390869e-02
4.035556018352508545e-01 5.944897532463073730e-01 4.980295151472091675e-02
3.772823214530944824e-01 4.423817396163940430e-01 6.771904975175857544e-02
3.943688869476318359e-01 5.500848293304443359e-01 4.398911073803901672e-02
3.914675116539001465e-01 3.394405245780944824e-01 5.725221335887908936e-02
4.487334787845611572e-01 6.351176500320434570e-01 6.712158210575580597e-04
5.056845545768737793e-01 4.835304319858551025e-01 -4.049233347177505493e-02
4.684854745864868164e-01 4.420250952243804932e-01 -1.302950829267501831e-02
3.933824300765991211e-01 3.703756332397460938e-01 3.957924991846084595e-02
4.452108144760131836e-01 3.728442490100860596e-01 6.056126207113265991e-03
4.545216560363769531e-01 3.753494918346405029e-01 3.913856111466884613e-03
4.639853239059448242e-01 5.512839555740356445e-01 -1.004169136285781860e-02
3.913806974887847900e-01 4.730766713619232178e-01 3.054823167622089386e-02
4.676753282546997070e-01 6.619440317153930664e-01 5.311955232173204422e-03
4.329458773136138916e-01 6.347001194953918457e-01 2.420516312122344971e-02
4.188995361328125000e-01 6.181114912033081055e-01 3.525186330080032349e-02
5.240752100944519043e-01 2.784987092018127441e-01 -8.681840263307094574e-03
4.930396080017089844e-01 6.684079170227050781e-01 3.934965934604406357e-03
4.641861021518707275e-01 3.750956356525421143e-01 4.265153780579566956e-03
4.736876189708709717e-01 3.728618323802947998e-01 6.551493424922227859e-03
4.800738990306854248e-01 3.713505864143371582e-01 9.365096688270568848e-03
4.019022583961486816e-01 3.383661508560180664e-01 3.083354793488979340e-02
4.743044376373291016e-01 3.586437106132507324e-01 5.268053617328405380e-03
4.646050631999969482e-01 3.539145588874816895e-01 2.988423453643918037e-03
4.550269842147827148e-01 3.523899912834167480e-01 2.821808215230703354e-03
4.452644586563110352e-01 3.536303341388702393e-01 4.787957295775413513e-03
4.387742578983306885e-01 3.564251959323883057e-01 7.772600743919610977e-03
3.828471302986145020e-01 3.333381712436676025e-01 8.703243732452392578e-02
4.392590224742889404e-01 3.694783449172973633e-01 9.281188249588012695e-03
5.077900886535644531e-01 5.034744739532470703e-01 -3.135712072253227234e-02
4.708196520805358887e-01 5.069541335105895996e-01 -2.310360968112945557e-02
4.847724735736846924e-01 4.717900753021240234e-01 -3.390608355402946472e-02
4.924428761005401611e-01 5.028603076934814453e-01 -3.134495764970779419e-02
5.184592008590698242e-01 3.585982024669647217e-01 -1.586270146071910858e-02
4.196305274963378906e-01 5.980827808380126953e-01 2.188474871218204498e-02
4.333525896072387695e-01 6.165426373481750488e-01 1.195796858519315720e-02
4.689553081989288330e-01 6.498829126358032227e-01 -8.638971485197544098e-03
3.921481370925903320e-01 5.678896307945251465e-01 6.916752457618713379e-02
4.808680713176727295e-01 3.652027249336242676e-01 7.957939989864826202e-03
4.968925416469573975e-01 4.082716107368469238e-01 -2.787441387772560120e-02
4.941170811653137207e-01 6.561893820762634277e-01 -9.836062788963317871e-03
4.486479163169860840e-01 6.498976349830627441e-01 1.254219748079776764e-02
3.790609836578369141e-01 4.803699553012847900e-01 6.441046297550201416e-02
4.855564832687377930e-01 5.537914037704467773e-01 -1.870159246027469635e-02
4.827204942703247070e-01 5.586080551147460938e-01 -2.055793814361095428e-02
4.796079397201538086e-01 5.656113028526306152e-01 -2.270064130425453186e-02
4.770410358905792236e-01 5.732456445693969727e-01 -2.141816541552543640e-02
4.682773053646087646e-01 5.907648801803588867e-01 -1.369749568402767181e-02
4.698538184165954590e-01 5.393959283828735352e-01 -1.299585029482841492e-02
4.670017957687377930e-01 5.379717946052551270e-01 -1.315475534647703171e-02
4.646067619323730469e-01 5.361234545707702637e-01 -1.323416456580162048e-02
4.499975740909576416e-01 5.284211635589599609e-01 -1.120497472584247589e-02
4.079802930355072021e-01 4.832776188850402832e-01 9.294859133660793304e-03
4.975550174713134766e-01 3.919886350631713867e-01 -1.666350103914737701e-02
4.936279058456420898e-01 3.563527762889862061e-01 3.340564668178558350e-03
4.862008094787597656e-01 3.582947254180908203e-01 6.729648448526859283e-03
4.722549021244049072e-01 5.402220487594604492e-01 -1.202443521469831467e-02
4.031928181648254395e-01 5.250805616378784180e-01 2.452210523188114166e-02
5.046244263648986816e-01 3.559280633926391602e-01 -9.860876016318798065e-03
4.605933129787445068e-01 6.034867763519287109e-01 -8.186297491192817688e-03
5.156099200248718262e-01 4.145523905754089355e-01 -4.710971936583518982e-02
5.057193636894226074e-01 4.002292156219482422e-01 -3.396360576152801514e-02
5.164074897766113281e-01 3.980456292629241943e-01 -3.568505495786666870e-02
4.872201681137084961e-01 4.338771104812622070e-01 -2.966666594147682190e-02
4.957070350646972656e-01 6.390920281410217285e-01 -1.459286455065011978e-02
4.972535073757171631e-01 6.201971173286437988e-01 -1.364014204591512680e-02
4.781261980533599854e-01 6.158696413040161133e-01 -1.263240352272987366e-02
4.377413392066955566e-01 5.673936009407043457e-01 7.205437868833541870e-04
4.606910645961761475e-01 4.773259162902832031e-01 -1.237884163856506348e-02
4.472585916519165039e-01 5.874531269073486328e-01 -3.486713394522666931e-03
4.347369968891143799e-01 4.708934128284454346e-01 -9.539367631077766418e-03
4.491357803344726562e-01 4.924932718276977539e-01 -1.184920128434896469e-02
4.236322045326232910e-01 4.973861873149871826e-01 -2.262880094349384308e-03
4.726505279541015625e-01 6.334274411201477051e-01 -1.305640768259763718e-02
4.795163273811340332e-01 4.435489475727081299e-01 -2.270262688398361206e-02
4.260261356830596924e-01 5.791008472442626953e-01 1.017610542476177216e-02
4.390446543693542480e-01 5.996249318122863770e-01 4.137503448873758316e-03
4.316313862800598145e-01 5.443744659423828125e-01 1.086392207071185112e-03
3.929111063480377197e-01 5.027319788932800293e-01 3.372675180435180664e-02
4.162363409996032715e-01 5.456591844558715820e-01 1.097519695758819580e-02
3.838683962821960449e-01 5.163515806198120117e-01 5.842223018407821655e-02
4.392228126525878906e-01 5.135671496391296387e-01 -7.574608549475669861e-03
4.885988235473632812e-01 4.191634356975555420e-01 -2.147828601300716400e-02
4.871347844600677490e-01 4.655602574348449707e-01 -4.724264889955520630e-02
4.800184071063995361e-01 4.702598452568054199e-01 -3.569336235523223877e-02
4.925834238529205322e-01 4.544392526149749756e-01 -5.440675467252731323e-02
4.861792623996734619e-01 3.365555405616760254e-01 -1.238927070517092943e-04
4.685773849487304688e-01 3.216522336006164551e-01 -2.591285388916730881e-03
4.524463415145874023e-01 3.176643252372741699e-01 -2.854533959180116653e-03
4.381729960441589355e-01 3.207908272743225098e-01 4.802678886335343122e-04
4.272592961788177490e-01 3.293097019195556641e-01 6.360444705933332443e-03
4.163956046104431152e-01 3.635542988777160645e-01 2.164266258478164673e-02
3.775845766067504883e-01 4.063865840435028076e-01 6.710603833198547363e-02
4.229818582534790039e-01 3.890690803527832031e-01 1.198059506714344025e-02
4.343788027763366699e-01 3.950683176517486572e-01 5.934101529419422150e-03
4.498417377471923828e-01 3.967193663120269775e-01 2.270959084853529930e-03
4.649137854576110840e-01 3.942538797855377197e-01 1.055458909831941128e-03
4.771656692028045654e-01 3.892976045608520508e-01 2.192957326769828796e-03
4.859411418437957764e-01 3.842719793319702148e-01 2.254407620057463646e-03
3.736679553985595703e-01 4.079521894454956055e-01 1.085996925830841064e-01
4.796247780323028564e-01 4.754235446453094482e-01 -3.028355352580547333e-02
4.962234795093536377e-01 4.228619337081909180e-01 -3.756049275398254395e-02
4.947908520698547363e-01 4.667124450206756592e-01 -5.541065707802772522e-02
4.997737407684326172e-01 4.760256707668304443e-01 -5.079843476414680481e-02
4.945312142372131348e-01 4.698174595832824707e-01 -5.010574311017990112e-02
4.820266664028167725e-01 4.810985028743743896e-01 -2.640639804303646088e-02
5.017942786216735840e-01 4.776650071144104004e-01 -5.369145050644874573e-02
5.022985935211181641e-01 4.821110963821411133e-01 -4.064895957708358765e-02
4.875661134719848633e-01 3.701735436916351318e-01 8.471774868667125702e-03
4.933801591396331787e-01 3.750633299350738525e-01 2.121512545272707939e-03
4.972561001777648926e-01 3.777177333831787109e-01 -5.402578972280025482e-03
4.348199963569641113e-01 3.587870001792907715e-01 1.122007798403501511e-02
4.270005226135253906e-01 3.471122384071350098e-01 1.143728755414485931e-02
5.247229933738708496e-01 4.184286594390869141e-01 -4.262305796146392822e-02
5.950230360031127930e-01 3.852193057537078857e-01 2.344849333167076111e-02
5.198794007301330566e-01 4.821217656135559082e-01 -3.964583948254585266e-02
6.337119936943054199e-01 3.355742692947387695e-01 8.358640223741531372e-02
5.638385415077209473e-01 3.942576050758361816e-01 9.391890838742256165e-03
5.742397308349609375e-01 3.975119590759277344e-01 1.094454433768987656e-02
5.843619108200073242e-01 3.990684747695922852e-01 1.474902778863906860e-02
5.987851619720458984e-01 3.923738002777099609e-01 2.504955045878887177e-02
5.550917983055114746e-01 3.890538215637207031e-01 1.029985770583152771e-02
5.835505127906799316e-01 3.469508290290832520e-01 8.281288668513298035e-03
5.708007812500000000e-01 3.478915393352508545e-01 7.519090548157691956e-03
5.950552225112915039e-01 3.511877655982971191e-01 1.240941695868968964e-02
6.019254922866821289e-01 3.596214056015014648e-01 1.702702417969703674e-02
6.059265136718750000e-01 4.053919613361358643e-01 3.058159537613391876e-02
5.392982363700866699e-01 6.285436153411865234e-01 4.372803086880594492e-04
5.993438959121704102e-01 3.811392784118652344e-01 2.751225978136062622e-02
6.370009183883666992e-01 4.063710570335388184e-01 8.288738876581192017e-02
6.181892752647399902e-01 3.948464691638946533e-01 4.326958209276199341e-02
5.650830268859863281e-01 4.683232307434082031e-01 -4.596025682985782623e-03
5.215606689453125000e-01 5.247187614440917969e-01 -3.292104974389076233e-02
5.187557935714721680e-01 5.373533964157104492e-01 -2.854589745402336121e-02
5.339355468750000000e-01 5.324872732162475586e-01 -2.548482269048690796e-02
5.413352251052856445e-01 5.404274463653564453e-01 -1.650604978203773499e-02
5.283861160278320312e-01 5.405641198158264160e-01 -2.323512174189090729e-02
5.353713631629943848e-01 5.449411869049072266e-01 -1.497112028300762177e-02
5.507878065109252930e-01 5.762631297111511230e-01 1.460515428334474564e-03
5.209028124809265137e-01 4.722407758235931396e-01 -5.928437411785125732e-02
5.239449143409729004e-01 4.560149312019348145e-01 -6.203877180814743042e-02
6.165291666984558105e-01 3.460314273834228516e-01 2.308263257145881653e-02
5.459548830986022949e-01 4.230536222457885742e-01 -5.205667112022638321e-03
5.442640781402587891e-01 4.737450182437896729e-01 -2.993330173194408417e-02
5.458028912544250488e-01 4.653117060661315918e-01 -2.626010589301586151e-02
5.974738001823425293e-01 4.718385040760040283e-01 1.167017593979835510e-02
5.245732665061950684e-01 4.356615841388702393e-01 -5.431403592228889465e-02
5.941685438156127930e-01 3.226357698440551758e-01 3.151352517306804657e-03
6.080321073532104492e-01 3.308110237121582031e-01 1.274344883859157562e-02
6.260116696357727051e-01 3.045889735221862793e-01 6.224342435598373413e-02
5.451881289482116699e-01 3.340754508972167969e-01 -9.964351542294025421e-03
5.593319535255432129e-01 3.546333312988281250e-01 9.851270355284214020e-03
5.597684979438781738e-01 5.601820349693298340e-01 4.772484302520751953e-03
6.138520836830139160e-01 5.625212192535400391e-01 1.044750586152076721e-01
5.346431136131286621e-01 4.819487035274505615e-01 -2.677286788821220398e-02
5.259931087493896484e-01 4.854789078235626221e-01 -2.885173633694648743e-02
5.485469102859497070e-01 5.561090707778930664e-01 2.678640652447938919e-03
5.454404354095458984e-01 5.553919672966003418e-01 -8.971940842457115650e-04
6.137605309486389160e-01 3.216401934623718262e-01 1.893884688615798950e-02
5.434706211090087891e-01 4.818925559520721436e-01 -2.418084256350994110e-02
5.741806626319885254e-01 3.225550651550292969e-01 -4.714252892881631851e-03
5.768356919288635254e-01 3.099023997783660889e-01 -6.190202664583921432e-03
5.879454612731933594e-01 2.600970566272735596e-01 1.806188747286796570e-02
6.194462180137634277e-01 3.157250881195068359e-01 3.742351755499839783e-02
5.809815526008605957e-01 2.858789563179016113e-01 5.287441890686750412e-03
6.225058436393737793e-01 3.410715162754058838e-01 3.354037925601005554e-02
6.277390122413635254e-01 3.415352404117584229e-01 5.675421655178070068e-02
5.205045938491821289e-01 5.316854715347290039e-01 -3.197501599788665771e-02
5.312228798866271973e-01 5.370279550552368164e-01 -2.491474151611328125e-02
5.385654568672180176e-01 5.429226756095886230e-01 -1.675682142376899719e-02
5.316478610038757324e-01 4.847914278507232666e-01 -2.462888136506080627e-02
5.469344854354858398e-01 5.558233857154846191e-01 7.147047435864806175e-04
5.430042743682861328e-01 5.621775984764099121e-01 -5.952253937721252441e-03
5.438981652259826660e-01 5.549414157867431641e-01 -1.216429402120411396e-03
5.311664342880249023e-01 4.745492041110992432e-01 -4.187519475817680359e-02
5.327458381652832031e-01 5.457838177680969238e-01 -1.341070141643285751e-02
5.259159207344055176e-01 5.423449277877807617e-01 -1.913382112979888916e-02
5.171792507171630859e-01 5.402396917343139648e-01 -2.386023290455341339e-02
5.141137838363647461e-01 6.052895188331604004e-01 -1.262852549552917480e-02
5.185136795043945312e-01 5.885583758354187012e-01 -2.272564545273780823e-02
5.185518860816955566e-01 5.794045329093933105e-01 -2.406148798763751984e-02
5.178223252296447754e-01 5.693550109863281250e-01 -2.151650004088878632e-02
5.165569186210632324e-01 5.620663762092590332e-01 -1.986397430300712585e-02
5.321578383445739746e-01 5.596576929092407227e-01 -1.036809943616390228e-02
5.348833799362182617e-01 5.634042024612426758e-01 -1.210181042551994324e-02
5.379063487052917480e-01 5.686737298965454102e-01 -1.381778251379728317e-02
5.401864647865295410e-01 5.740346908569335938e-01 -1.191990450024604797e-02
5.508776307106018066e-01 5.279090404510498047e-01 -1.197776943445205688e-02
6.310893297195434570e-01 4.806784093379974365e-01 1.255306303501129150e-01
5.373095870018005371e-01 5.577024817466735840e-01 -4.755156114697456360e-03
5.402116775512695312e-01 5.598080754280090332e-01 -6.028624717146158218e-03
5.227431058883666992e-01 4.915158748626708984e-01 -2.969045750796794891e-02
5.386127829551696777e-01 4.915482401847839355e-01 -1.698488183319568634e-02
5.242863893508911133e-01 4.885945916175842285e-01 -2.950778231024742126e-02
5.566220879554748535e-01 4.346880614757537842e-01 -1.208129804581403732e-03
5.739045143127441406e-01 4.484481811523437500e-01 2.665086649358272552e-03
5.466706752777099609e-01 4.736055135726928711e-01 -2.018220350146293640e-02
6.121567487716674805e-01 2.789256572723388672e-01 3.887519612908363342e-02
6.050679087638854980e-01 2.966203093528747559e-01 2.061102166771888733e-02
5.984848737716674805e-01 3.108721375465393066e-01 5.967273376882076263e-03
5.416548848152160645e-01 5.878655314445495605e-01 -4.163589328527450562e-03
5.503811836242675781e-01 3.129667639732360840e-01 -1.309303380548954010e-02
5.545939207077026367e-01 2.819079160690307617e-01 -4.327244125306606293e-03
5.602329969406127930e-01 2.492914050817489624e-01 4.805789794772863388e-03
5.932661294937133789e-01 3.977117836475372314e-01 2.014834620058536530e-02
6.158277392387390137e-01 4.193938672542572021e-01 3.675771504640579224e-02
5.492543578147888184e-01 3.840910494327545166e-01 1.183268241584300995e-02
6.107457876205444336e-01 3.695725798606872559e-01 2.741752378642559052e-02
5.393785238265991211e-01 4.106146097183227539e-01 -9.172090329229831696e-03
5.391402840614318848e-01 4.654809832572937012e-01 -4.103514924645423889e-02
6.273990273475646973e-01 4.355110526084899902e-01 4.915393888950347900e-02
6.080347895622253418e-01 4.300654530525207520e-01 2.559415064752101898e-02
5.940024852752685547e-01 4.339507222175598145e-01 1.407512184232473373e-02
5.737240910530090332e-01 4.273507893085479736e-01 8.232029154896736145e-03
5.592326521873474121e-01 4.176450967788696289e-01 5.071147345006465912e-03
5.484729409217834473e-01 4.081273376941680908e-01 1.798627083189785480e-03
5.273622274398803711e-01 3.857682049274444580e-01 -2.020374312996864319e-02
6.231694221496582031e-01 4.703070819377899170e-01 4.417995363473892212e-02
6.183578372001647949e-01 3.691004514694213867e-01 3.366601094603538513e-02
5.161685347557067871e-01 4.805853962898254395e-01 -5.429381504654884338e-02
5.439563393592834473e-01 4.391608238220214844e-01 -1.106981560587882996e-02
6.379400491714477539e-01 4.071059226989746094e-01 1.217142641544342041e-01
5.405848026275634766e-01 3.978160023689270020e-01 2.285648661199957132e-04
5.471607446670532227e-01 4.752405881881713867e-01 -9.115758351981639862e-03
6.039475798606872559e-01 3.822031617164611816e-01 2.986494451761245728e-02
5.403060317039489746e-01 4.551987648010253906e-01 -3.639341890811920166e-02
6.245831847190856934e-01 5.204923748970031738e-01 1.180143505334854126e-01
5.496340394020080566e-01 3.782332539558410645e-01 1.513762399554252625e-02
5.330154299736022949e-01 4.433783888816833496e-01 -4.736781865358352661e-02
5.888984799385070801e-01 5.977235436439514160e-01 4.280347749590873718e-02
5.876390337944030762e-01 6.174752116203308105e-01 6.248497962951660156e-02
6.326887011528015137e-01 4.766670167446136475e-01 8.448456972837448120e-02
6.034029126167297363e-01 5.773448348045349121e-01 5.747629329562187195e-02
6.326221227645874023e-01 3.718260228633880615e-01 7.328283041715621948e-02
5.407563447952270508e-01 6.455765962600708008e-01 6.126378197222948074e-03
5.141462683677673340e-01 4.847021400928497314e-01 -3.998316451907157898e-02
5.526455640792846680e-01 4.533956050872802734e-01 -7.044850848615169525e-03
6.259805560111999512e-01 4.002481102943420410e-01 5.496879294514656067e-02
5.843653678894042969e-01 3.884217441082000732e-01 1.601571962237358093e-02
5.754801034927368164e-01 3.876985311508178711e-01 1.271699648350477219e-02
5.455065965652465820e-01 5.646438002586364746e-01 -4.151658620685338974e-03
6.179455518722534180e-01 5.036256909370422363e-01 4.578923434019088745e-02
5.184996128082275391e-01 6.674108505249023438e-01 8.585006929934024811e-03
5.549281239509582520e-01 6.483297944068908691e-01 3.232780471444129944e-02
5.704863071441650391e-01 6.359229087829589844e-01 4.555584117770195007e-02
5.666924715042114258e-01 3.851620852947235107e-01 1.175598241388797760e-02
5.583498477935791016e-01 3.818085491657257080e-01 1.295498479157686234e-02
5.525845885276794434e-01 3.799975812435150146e-01 1.511615235358476639e-02
6.251706480979919434e-01 3.680923581123352051e-01 4.576027020812034607e-02
5.606728196144104004e-01 3.698278367519378662e-01 1.188197731971740723e-02
5.704357028007507324e-01 3.666915893554687500e-01 1.071972865611314774e-02
5.798264741897583008e-01 3.667233288288116455e-01 1.179587375372648239e-02
5.888068079948425293e-01 3.699580430984497070e-01 1.492397487163543701e-02
5.941551923751831055e-01 3.744678497314453125e-01 1.865677721798419952e-02
6.375491619110107422e-01 3.679300248622894287e-01 1.055452078580856323e-01
5.905369520187377930e-01 3.872694373130798340e-01 1.999259367585182190e-02
5.419875383377075195e-01 5.164743065834045410e-01 -1.826345920562744141e-02
5.351560115814208984e-01 4.788051843643188477e-01 -3.060645423829555511e-02
5.227909088134765625e-01 5.070010423660278320e-01 -2.934295870363712311e-02
5.732172727584838867e-01 6.168105602264404297e-01 3.117983229458332062e-02
5.577678680419921875e-01 6.311098337173461914e-01 1.923373341560363770e-02
5.196046829223632812e-01 6.556736826896667480e-01 -5.739771761000156403e-03
6.010398864746093750e-01 5.950888991355895996e-01 8.403876423835754395e-02
5.532081127166748047e-01 3.747327923774719238e-01 1.386531069874763489e-02
5.326032042503356934e-01 4.131094217300415039e-01 -2.514344826340675354e-02
5.382375717163085938e-01 6.594636440277099609e-01 1.848529651761054993e-02
6.261999607086181641e-01 5.135123729705810547e-01 8.060141652822494507e-02
5.252712965011596680e-01 5.612338185310363770e-01 -1.541516091674566269e-02
5.276650190353393555e-01 5.670176744461059570e-01 -1.715660654008388519e-02
5.298202037811279297e-01 5.750054121017456055e-01 -1.913568563759326935e-02
5.310187339782714844e-01 5.835230946540832520e-01 -1.773114129900932312e-02
5.296356081962585449e-01 5.983355641365051270e-01 -9.653109125792980194e-03
5.407896041870117188e-01 5.498595237731933594e-01 -7.472346536815166473e-03
5.436947941780090332e-01 5.492544174194335938e-01 -7.087107282131910324e-03
5.463353991508483887e-01 5.480335950851440430e-01 -6.823141593486070633e-03
5.569539666175842285e-01 5.429009795188903809e-01 -3.470574738457798958e-03
6.022408604621887207e-01 5.095099806785583496e-01 2.225849777460098267e-02
5.332762002944946289e-01 3.969398140907287598e-01 -1.388922333717346191e-02
5.423164963722229004e-01 3.643242716789245605e-01 6.879431195557117462e-03
5.488582253456115723e-01 3.672821521759033203e-01 1.184437051415443420e-02
5.382835865020751953e-01 5.498929619789123535e-01 -6.566938012838363647e-03
5.998971462249755859e-01 5.511738061904907227e-01 3.745777159929275513e-02
5.322163701057434082e-01 3.620527386665344238e-01 -7.638715207576751709e-03
5.349162220954895020e-01 6.123937368392944336e-01 -3.767137415707111359e-03
5.261765718460083008e-01 4.029747247695922852e-01 -3.252398595213890076e-02
5.379059314727783203e-01 4.407284855842590332e-01 -2.606095932424068451e-02
5.165706872940063477e-01 6.204634904861450195e-01 -1.058727875351905823e-02
5.616446733474731445e-01 5.833318233489990234e-01 8.545728400349617004e-03
5.551388859748840332e-01 4.899230003356933594e-01 -6.138730328530073166e-03
5.496754050254821777e-01 6.001100540161132812e-01 2.649438567459583282e-03
5.801573395729064941e-01 4.906762242317199707e-01 9.539956226944923401e-05
5.636277198791503906e-01 5.079463720321655273e-01 -4.159949254244565964e-03
5.861021876335144043e-01 5.192713141441345215e-01 8.557857945561408997e-03
5.190577507019042969e-01 6.389538645744323730e-01 -1.038127113133668900e-02
5.430757999420166016e-01 4.519297778606414795e-01 -1.820814423263072968e-02
5.706391930580139160e-01 5.971945524215698242e-01 1.901529729366302490e-02
5.554767847061157227e-01 6.137411594390869141e-01 1.092331204563379288e-02
5.712534189224243164e-01 5.629354119300842285e-01 1.055818982422351837e-02
6.122195720672607422e-01 5.321031212806701660e-01 4.823607578873634338e-02
5.851150751113891602e-01 5.677054524421691895e-01 2.187406644225120544e-02
6.172391772270202637e-01 5.474697351455688477e-01 7.389162480831146240e-02
5.693424940109252930e-01 5.311464667320251465e-01 1.304562320001423359e-03
5.380043983459472656e-01 4.258785843849182129e-01 -1.755509153008460999e-02
5.349044203758239746e-01 4.721936881542205811e-01 -4.380351305007934570e-02
5.401546955108642578e-01 4.784734249114990234e-01 -3.176709637045860291e-02
5.322747826576232910e-01 4.599052667617797852e-01 -5.181893706321716309e-02
5.528098344802856445e-01 3.486654162406921387e-01 4.688061773777008057e-03
5.718690156936645508e-01 3.384696543216705322e-01 4.347883164882659912e-03
5.878939032554626465e-01 3.377057313919067383e-01 6.240863353013992310e-03
6.003494262695312500e-01 3.432885110378265381e-01 1.144859474152326584e-02
6.081972122192382812e-01 3.535818755626678467e-01 1.859891787171363831e-02
6.099784374237060547e-01 3.881513476371765137e-01 3.470859304070472717e-02
6.365205645561218262e-01 4.412485361099243164e-01 8.434371650218963623e-02
5.999347567558288574e-01 4.114886820316314697e-01 2.408837340772151947e-02
5.886009335517883301e-01 4.144423007965087891e-01 1.657434925436973572e-02
5.744629502296447754e-01 4.113808274269104004e-01 1.112709753215312958e-02
5.613334178924560547e-01 4.050939977169036865e-01 8.140300400555133820e-03
5.512064695358276367e-01 3.981269598007202148e-01 7.571015972644090652e-03
5.441887974739074707e-01 3.916561305522918701e-01 6.642649415880441666e-03
6.349205970764160156e-01 4.436574876308441162e-01 1.276287585496902466e-01
5.391342639923095703e-01 4.834045171737670898e-01 -2.641712315380573273e-02
5.320040583610534668e-01 4.276838004589080811e-01 -3.474980592727661133e-02
5.281603336334228516e-01 4.713336825370788574e-01 -5.321538820862770081e-02
5.212555527687072754e-01 4.790696203708648682e-01 -4.952150210738182068e-02
5.272900462150573730e-01 4.744957387447357178e-01 -4.784558713436126709e-02
5.355533361434936523e-01 4.881624281406402588e-01 -2.313660457730293274e-02
5.194422006607055664e-01 4.801117479801177979e-01 -5.265124142169952393e-02
5.174399018287658691e-01 4.841688573360443115e-01 -3.979573771357536316e-02
5.456079840660095215e-01 3.781097829341888428e-01 1.302403118461370468e-02
5.390901565551757812e-01 3.815829455852508545e-01 5.620239302515983582e-03
5.350642204284667969e-01 3.838346004486083984e-01 -2.541912952437996864e-03
5.971426963806152344e-01 3.780295252799987793e-01 2.252262830734252930e-02
6.055105328559875488e-01 3.695291578769683838e-01 2.346638590097427368e-02
4.540536999702453613e-01 3.615424335002899170e-01 7.501430809497833252e-03
4.653750658035278320e-01 3.622964322566986084e-01 7.501430809497833252e-03
4.548709094524383545e-01 3.473027646541595459e-01 7.501430809497833252e-03
4.425547122955322266e-01 3.607318401336669922e-01 7.501430809497833252e-03
4.531481862068176270e-01 3.755574524402618408e-01 7.501430809497833252e-03
5.773681998252868652e-01 3.760308623313903809e-01 1.618856750428676605e-02
5.881677269935607910e-01 3.776056468486785889e-01 1.618856750428676605e-02
5.786013603210449219e-01 3.624109923839569092e-01 1.618856750428676605e-02
5.665724873542785645e-01 3.744806051254272461e-01 1.618856750428676605e-02
5.761799812316894531e-01 3.896641135215759277e-01 1.618856750428676605e-02
