5.046911239624023438e-01 5.259114503860473633e-01 -3.601051494479179382e-02
5.110863447189331055e-01 4.678770005702972412e-01 -6.205820664763450623e-02
5.083886981010437012e-01 4.864897429943084717e-01 -3.427177667617797852e-02
5.050066709518432617e-01 4.128797054290771484e-01 -4.495095089077949524e-02
5.125985145568847656e-01 4.507291615009307861e-01 -6.527403742074966431e-02
5.139629244804382324e-01 4.291318953037261963e-01 -5.978197231888771057e-02
5.167993307113647461e-01 3.775415420532226562e-01 -2.596035599708557129e-02
4.335480630397796631e-01 3.650014102458953857e-01 1.439964678138494492e-02
5.196502208709716797e-01 3.346062898635864258e-01 -1.586056128144264221e-02
5.213324427604675293e-01 3.127298057079315186e-01 -1.663351804018020630e-02
5.259072780609130859e-01 2.435240894556045532e-01 -2.792286977637559175e-04
5.044760107994079590e-01 5.309829115867614746e-01 -3.486524894833564758e-02
5.040896534919738770e-01 5.360166430473327637e-01 -3.141876682639122009e-02
5.038189291954040527e-01 5.390882492065429688e-01 -2.638135291635990143e-02
5.028778910636901855e-01 5.626980066299438477e-01 -2.237429097294807434e-02
5.026662945747375488e-01 5.695871710777282715e-01 -2.425141632556915283e-02
5.021352171897888184e-01 5.783244371414184570e-01 -2.675465866923332214e-02
5.015335083007812500e-01 5.869582891464233398e-01 -2.495615184307098389e-02
4.975112676620483398e-01 6.034114360809326172e-01 -1.452498137950897217e-02
5.099719762802124023e-01 4.770683050155639648e-01 -5.656048655509948730e-02
4.991868138313293457e-01 4.761357009410858154e-01 -4.160275682806968689e-02
3.946237862110137939e-01 3.037053346633911133e-01 6.967788934707641602e-02
4.634541273117065430e-01 3.823343515396118164e-01 3.599829971790313721e-03
4.517235159873962402e-01 3.827454745769500732e-01 3.813949180766940117e-03
4.408260583877563477e-01 3.805355429649353027e-01 6.489934399724006653e-03
4.271135926246643066e-01 3.705571889877319336e-01 1.546447724103927612e-02
4.742675721645355225e-01 3.785214424133300781e-01 5.616320762783288956e-03
4.539255201816558838e-01 3.299034833908081055e-01 6.679040961898863316e-04
4.665985405445098877e-01 3.337615430355072021e-01 1.606316422112286091e-03
4.412214457988739014e-01 3.311772942543029785e-01 3.632469801232218742e-03
4.320504069328308105e-01 3.375236392021179199e-01 7.672708947211503983e-03
4.157405495643615723e-01 3.802941739559173584e-01 2.021350525319576263e-02
4.518462419509887695e-01 6.175425052642822266e-01 -3.923895768821239471e-03
4.297804534435272217e-01 3.607900440692901611e-01 1.806782372295856476e-02
3.827428817749023438e-01 3.721021115779876709e-01 6.993187218904495239e-02
4.038673639297485352e-01 3.677657246589660645e-01 3.184910491108894348e-02
4.528747797012329102e-01 4.504348635673522949e-01 -1.113646198064088821e-02
4.906083345413208008e-01 5.212114453315734863e-01 -3.502824157476425171e-02
4.914598762989044189e-01 5.339050889015197754e-01 -3.031707927584648132e-02
4.765102863311767578e-01 5.254861712455749512e-01 -2.906375937163829803e-02
4.673063457012176514e-01 5.308178663253784180e-01 -2.080716378986835480e-02
4.807062149047851562e-01 5.342390537261962891e-01 -2.614538930356502533e-02
4.724732637405395508e-01 5.362617373466491699e-01 -1.846808195114135742e-02
4.468570351600646973e-01 5.602925419807434082e-01 -3.521676873788237572e-03
5.016595125198364258e-01 4.662906825542449951e-01 -6.135727092623710632e-02
5.014644265174865723e-01 4.497486650943756104e-01 -6.430199742317199707e-02
4.176782667636871338e-01 3.178534805774688721e-01 1.180006377398967743e-02
4.792083501815795898e-01 4.114949703216552734e-01 -9.621384553611278534e-03
4.753214120864868164e-01 4.613670706748962402e-01 -3.451919928193092346e-02
4.747078120708465576e-01 4.528309404850006104e-01 -3.086490742862224579e-02
4.186147451400756836e-01 4.450575709342956543e-01 1.498763798736035824e-03
5.033758878707885742e-01 4.297703802585601807e-01 -5.680748820304870605e-02
4.481920897960662842e-01 2.970764040946960449e-01 -5.396086256951093674e-03
4.310376644134521484e-01 3.038493990898132324e-01 2.382827689871191978e-03
4.100570678710937500e-01 2.759000957012176514e-01 4.964476823806762695e-02
4.971378147602081299e-01 3.175333440303802490e-01 -1.339635532349348068e-02
4.770425558090209961e-01 3.427352309226989746e-01 5.178638733923435211e-03
4.405748248100280762e-01 5.412891507148742676e-01 -1.437717932276427746e-03
3.828783631324768066e-01 5.306210517883300781e-01 9.201785922050476074e-02
4.830383658409118652e-01 4.717257916927337646e-01 -3.007604926824569702e-02
4.913317561149597168e-01 4.777089953422546387e-01 -3.106516413390636444e-02
4.569143950939178467e-01 5.423739552497863770e-01 -2.349777612835168839e-03
4.601380825042724609e-01 5.425943136215209961e-01 -5.212476477026939392e-03
4.259492456912994385e-01 2.938006520271301270e-01 8.321193978190422058e-03
4.739784598350524902e-01 4.695459902286529541e-01 -2.860976196825504303e-02
4.695487618446350098e-01 2.996686100959777832e-01 -1.076648477464914322e-02
4.692909717559814453e-01 2.864724397659301758e-01 -1.234524603933095932e-02
4.603415131568908691e-01 2.432162910699844360e-01 1.043625362217426300e-02
4.178685545921325684e-01 2.900559902191162109e-01 2.649279497563838959e-02
4.650944471359252930e-01 2.709106206893920898e-01 -1.117602805607020855e-03
4.113303422927856445e-01 3.124614953994750977e-01 2.184483967721462250e-02
4.032400846481323242e-01 3.126031458377838135e-01 4.479280486702919006e-02
4.907396435737609863e-01 5.281594395637512207e-01 -3.397412970662117004e-02
4.785367548465728760e-01 5.302724838256835938e-01 -2.813622169196605682e-02
4.697751104831695557e-01 5.337396860122680664e-01 -2.059546671807765961e-02
4.853014647960662842e-01 4.754028320312500000e-01 -2.766482345759868622e-02
4.585625529289245605e-01 5.425186753273010254e-01 -3.850632812827825546e-03
4.630825519561767578e-01 5.495365858078002930e-01 -9.859822690486907959e-03
4.616512060165405273e-01 5.426830053329467773e-01 -5.430723540484905243e-03
4.891709089279174805e-01 4.653934836387634277e-01 -4.544922336935997009e-02
4.746676683425903320e-01 5.376719236373901367e-01 -1.668491773307323456e-02
4.825581610202789307e-01 5.364280343055725098e-01 -2.180094830691814423e-02
4.923605918884277344e-01 5.369539260864257812e-01 -2.560932561755180359e-02
4.814651012420654297e-01 5.998871922492980957e-01 -1.474786829203367233e-02
4.862832725048065186e-01 5.818970799446105957e-01 -2.487156912684440613e-02
4.877314269542694092e-01 5.736772418022155762e-01 -2.616229094564914703e-02
4.895066022872924805e-01 5.652619004249572754e-01 -2.340909652411937714e-02
4.912431538105010986e-01 5.592799782752990723e-01 -2.160378918051719666e-02
4.743299186229705811e-01 5.509697198867797852e-01 -1.363571919500827789e-02
4.716165959835052490e-01 5.532073974609375000e-01 -1.542541757225990295e-02
4.683330059051513672e-01 5.567893981933593750e-01 -1.731249503791332245e-02
4.655731916427612305e-01 5.609217286109924316e-01 -1.558102667331695557e-02
4.569254219532012939e-01 5.124084353446960449e-01 -1.700136065483093262e-02
3.746122717857360840e-01 4.453696012496948242e-01 1.116557419300079346e-01
5.091981887817382812e-01 4.814361929893493652e-01 -4.197578504681587219e-02
4.687409102916717529e-01 5.474106669425964355e-01 -8.537700399756431580e-03
4.659679830074310303e-01 5.482234954833984375e-01 -9.777734987437725067e-03
4.939255714416503906e-01 4.846789240837097168e-01 -3.190089389681816101e-02
4.767089486122131348e-01 4.802782535552978516e-01 -2.053518220782279968e-02
4.927165508270263672e-01 4.812514185905456543e-01 -3.170516341924667358e-02
4.662003815174102783e-01 4.198807775974273682e-01 -6.955407094210386276e-03
4.465869665145874023e-01 4.285830855369567871e-01 -5.005741491913795471e-03
4.719955027103424072e-01 4.606465995311737061e-01 -2.482926659286022186e-02
4.309564232826232910e-01 2.549161612987518311e-01 2.835435047745704651e-02
4.375143647193908691e-01 2.753592729568481445e-01 1.159531157463788986e-02
4.455841183662414551e-01 2.851786017417907715e-01 -2.699721138924360275e-03
4.550736248493194580e-01 5.749635696411132812e-01 -8.460026234388351440e-03
4.964978396892547607e-01 2.944464087486267090e-01 -1.662184298038482666e-02
4.927892982959747314e-01 2.735871076583862305e-01 -7.869740016758441925e-03
4.908531308174133301e-01 2.402635067701339722e-01 6.979468744248151779e-04
4.318446516990661621e-01 3.765558898448944092e-01 1.104059536010026932e-02
4.015485048294067383e-01 3.910135030746459961e-01 2.549676597118377686e-02
4.817356765270233154e-01 3.740384578704833984e-01 7.686347700655460358e-03
4.189499616622924805e-01 3.443980216979980469e-01 1.689077168703079224e-02
4.882956147193908691e-01 4.012092053890228271e-01 -1.285674143582582474e-02
4.827705323696136475e-01 4.545510113239288330e-01 -4.509437456727027893e-02
3.912764489650726318e-01 4.023249745368957520e-01 3.664895519614219666e-02
4.083378314971923828e-01 4.017298221588134766e-01 1.476636901497840881e-02
4.229878187179565430e-01 4.084187150001525879e-01 4.666247405111789703e-03
4.458763301372528076e-01 4.081736207008361816e-01 7.452036370523273945e-04
4.631889462471008301e-01 4.032508134841918945e-01 -6.692636525258421898e-04
4.769822061061859131e-01 3.964504897594451904e-01 -2.615041797980666161e-03
5.056034326553344727e-01 3.802642226219177246e-01 -2.231283672153949738e-02
3.911078274250030518e-01 4.370858967304229736e-01 3.165432438254356384e-02
4.099507331848144531e-01 3.416349589824676514e-01 2.229672856628894806e-02
5.043643712997436523e-01 4.757398664951324463e-01 -5.613225698471069336e-02
4.791933000087738037e-01 4.277263283729553223e-01 -1.539621502161026001e-02
3.773145973682403564e-01 3.719643950462341309e-01 1.068830639123916626e-01
4.877422451972961426e-01 3.877073526382446289e-01 -3.294632071629166603e-03
4.704026579856872559e-01 4.620469212532043457e-01 -1.356890611350536346e-02
4.238579869270324707e-01 3.598631322383880615e-01 1.989734731614589691e-02
4.826740026473999023e-01 4.443787932395935059e-01 -4.043852910399436951e-02
3.768724799156188965e-01 4.863038361072540283e-01 1.048185974359512329e-01
4.829318523406982422e-01 3.685386180877685547e-01 1.091780140995979309e-02
4.929009079933166504e-01 4.349478483200073242e-01 -5.073022469878196716e-02
4.057573080062866211e-01 5.731232762336730957e-01 3.415570780634880066e-02
4.031473398208618164e-01 5.935374498367309570e-01 5.294353887438774109e-02
3.781574368476867676e-01 4.415603876113891602e-01 7.163012772798538208e-02
3.939911425113677979e-01 5.485583543777465820e-01 4.723076149821281433e-02
3.925593793392181396e-01 3.400312662124633789e-01 6.075232848525047302e-02
4.474830627441406250e-01 6.347083449363708496e-01 1.418543281033635139e-03
5.048778653144836426e-01 4.802843630313873291e-01 -4.134926199913024902e-02
4.677886664867401123e-01 4.391975104808807373e-01 -1.219496876001358032e-02
3.932777047157287598e-01 3.719031810760498047e-01 4.275498539209365845e-02
4.437782764434814453e-01 3.708399534225463867e-01 7.999432273209095001e-03
4.531550109386444092e-01 3.733297884464263916e-01 5.654624197632074356e-03
4.603803455829620361e-01 5.511881709098815918e-01 -8.287575095891952515e-03
3.913573026657104492e-01 4.711233079433441162e-01 3.372440487146377563e-02
4.668757319450378418e-01 6.618356108665466309e-01 5.237063858658075333e-03
4.321301281452178955e-01 6.343331933021545410e-01 2.580558881163597107e-02
4.182114601135253906e-01 6.174557805061340332e-01 3.766948357224464417e-02
5.236855149269104004e-01 2.784817218780517578e-01 -9.011081419885158539e-03
4.924653172492980957e-01 6.682564616203308105e-01 3.208175767213106155e-03
4.628851115703582764e-01 3.733153045177459717e-01 5.763149354606866837e-03
4.726074039936065674e-01 3.714143335819244385e-01 7.854763418436050415e-03
4.792743623256683350e-01 3.699876070022583008e-01 1.056010462343692780e-02
4.017279744148254395e-01 3.400946259498596191e-01 3.371940180659294128e-02
4.735306799411773682e-01 3.608611226081848145e-01 6.707685533910989761e-03
4.636905789375305176e-01 3.577463030815124512e-01 4.433221649378538132e-03
4.543007612228393555e-01 3.562324047088623047e-01 4.461918957531452179e-03
4.445016384124755859e-01 3.564485311508178711e-01 6.637741811573505402e-03
4.376681149005889893e-01 3.579740524291992188e-01 9.819636121392250061e-03
3.841267824172973633e-01 3.340787887573242188e-01 9.092815965414047241e-02
4.377333819866180420e-01 3.678043484687805176e-01 1.134569197893142700e-02
5.068191885948181152e-01 5.007193684577941895e-01 -3.207893297076225281e-02
4.689391255378723145e-01 5.038748979568481445e-01 -2.256998978555202484e-02
4.834380745887756348e-01 4.684126377105712891e-01 -3.407209739089012146e-02
4.909735620021820068e-01 5.000199079513549805e-01 -3.172180429100990295e-02
5.180127620697021484e-01 3.568562269210815430e-01 -1.652821898460388184e-02
4.185804724693298340e-01 5.969275236129760742e-01 2.411735057830810547e-02
4.321305453777313232e-01 6.157944202423095703e-01 1.345011685043573380e-02
4.678786993026733398e-01 6.495669484138488770e-01 -8.704921230673789978e-03
3.921917974948883057e-01 5.668896436691284180e-01 7.282038033008575439e-02
4.802593290805816650e-01 3.651689291000366211e-01 9.229573421180248260e-03
4.963254928588867188e-01 4.055014252662658691e-01 -2.800714038312435150e-02
4.933496415615081787e-01 6.559194922447204590e-01 -1.042162720113992691e-02
4.477710127830505371e-01 6.497331261634826660e-01 1.331221591681241989e-02
3.797169923782348633e-01 4.792653024196624756e-01 6.821807473897933960e-02
4.818081557750701904e-01 5.550789833068847656e-01 -1.812750473618507385e-02
4.791350364685058594e-01 5.591692924499511719e-01 -2.003934979438781738e-02
4.763842225074768066e-01 5.653365850448608398e-01 -2.217319980263710022e-02
4.742118120193481445e-01 5.724567174911499023e-01 -2.086048386991024017e-02
4.661768376827239990e-01 5.889672040939331055e-01 -1.319498103111982346e-02
4.659695029258728027e-01 5.391436219215393066e-01 -1.142641808837652206e-02
4.632095694541931152e-01 5.378123521804809570e-01 -1.149214711040258408e-02
4.609367251396179199e-01 5.361033678054809570e-01 -1.150658354163169861e-02
4.471293985843658447e-01 5.251567959785461426e-01 -9.351216256618499756e-03
4.073110222816467285e-01 4.808457791805267334e-01 1.170027535408735275e-02
4.971832633018493652e-01 3.894779980182647705e-01 -1.670470088720321655e-02
4.931725859642028809e-01 3.544425368309020996e-01 4.083804320544004440e-03
4.857187271118164062e-01 3.573243021965026855e-01 7.764227688312530518e-03
4.682708382606506348e-01 5.398758649826049805e-01 -1.043935865163803101e-02
4.023075997829437256e-01 5.229856967926025391e-01 2.737364545464515686e-02
5.040590763092041016e-01 3.529871702194213867e-01 -9.831328876316547394e-03
4.587895572185516357e-01 6.020870208740234375e-01 -7.664976175874471664e-03
5.149242281913757324e-01 4.114860892295837402e-01 -4.817260056734085083e-02
5.051028728485107422e-01 3.974046111106872559e-01 -3.456048294901847839e-02
5.158003568649291992e-01 3.951430916786193848e-01 -3.659369051456451416e-02
4.864467680454254150e-01 4.308636784553527832e-01 -2.961017563939094543e-02
4.947769343852996826e-01 6.385316848754882812e-01 -1.530866697430610657e-02
4.962579309940338135e-01 6.192327141761779785e-01 -1.440174970775842667e-02
4.766550064086914062e-01 6.147782802581787109e-01 -1.294797379523515701e-02
4.355580508708953857e-01 5.650931596755981445e-01 2.579880645498633385e-03
4.594188928604125977e-01 4.743005335330963135e-01 -1.149738579988479614e-02
4.452584981918334961e-01 5.856806039810180664e-01 -2.197575289756059647e-03
4.337379038333892822e-01 4.681465029716491699e-01 -8.067363873124122620e-03
4.475689232349395752e-01 4.895310103893280029e-01 -1.047501247376203537e-02
4.223843216896057129e-01 4.946641623973846436e-01 -1.888371334644034505e-04
4.713071286678314209e-01 6.327740550041198730e-01 -1.324049197137355804e-02
4.786172807216644287e-01 4.404625892639160156e-01 -2.233396843075752258e-02
4.244964122772216797e-01 5.773661732673645020e-01 1.224611513316631317e-02
4.374377727508544922e-01 5.984086394309997559e-01 5.526747554540634155e-03
4.293967485427856445e-01 5.415987968444824219e-01 3.210390452295541763e-03
3.925885260105133057e-01 5.008161067962646484e-01 3.690015524625778198e-02
4.147838950157165527e-01 5.433954000473022461e-01 1.344437152147293091e-02
3.841216862201690674e-01 5.150428414344787598e-01 6.205770000815391541e-02
4.371452927589416504e-01 5.104883909225463867e-01 -5.818506702780723572e-03
4.880167543888092041e-01 4.163700342178344727e-01 -2.120694518089294434e-02
4.859865605831146240e-01 4.621415436267852783e-01 -4.761590436100959778e-02
4.786454737186431885e-01 4.669106602668762207e-01 -3.579299896955490112e-02
4.915507137775421143e-01 4.510743618011474609e-01 -5.513560771942138672e-02
4.854705631732940674e-01 3.346983790397644043e-01 8.546094177290797234e-04
4.677940607070922852e-01 3.203664124011993408e-01 -1.511107315309345722e-03
4.514787793159484863e-01 3.164950013160705566e-01 -1.592094544321298599e-03
4.370395541191101074e-01 3.198187351226806641e-01 2.082090126350522041e-03
4.259691238403320312e-01 3.283249735832214355e-01 8.337633684277534485e-03
4.149858355522155762e-01 3.636843264102935791e-01 2.411787584424018860e-02
3.786135911941528320e-01 4.060104489326477051e-01 7.106602936983108521e-02
4.211848974227905273e-01 3.871949017047882080e-01 1.426101010292768478e-02
4.326372742652893066e-01 3.927659988403320312e-01 7.842346094548702240e-03
4.481854140758514404e-01 3.944830596446990967e-01 3.826070576906204224e-03
4.635510146617889404e-01 3.922738730907440186e-01 2.512383507564663887e-03
4.761954247951507568e-01 3.874087035655975342e-01 3.150501288473606110e-03
4.851994514465332031e-01 3.822175264358520508e-01 3.072749124839901924e-03
3.750557005405426025e-01 4.082219302654266357e-01 1.130628362298011780e-01
4.782059490680694580e-01 4.721039235591888428e-01 -3.031782433390617371e-02
4.955062568187713623e-01 4.199011027812957764e-01 -3.784505277872085571e-02
4.937591552734375000e-01 4.633162617683410645e-01 -5.615209788084030151e-02
4.988712668418884277e-01 4.727498590946197510e-01 -5.165491625666618347e-02
4.935159981250762939e-01 4.664532840251922607e-01 -5.074420943856239319e-02
4.806627035140991211e-01 4.778414964675903320e-01 -2.650083601474761963e-02
5.009155273437500000e-01 4.743562936782836914e-01 -5.463761836290359497e-02
5.014091730117797852e-01 4.788641333580017090e-01 -4.144392535090446472e-02
4.869950711727142334e-01 3.685148358345031738e-01 9.423883631825447083e-03
4.928317070007324219e-01 3.728030622005462646e-01 2.717087510973215103e-03
4.964902400970458984e-01 3.747947514057159424e-01 -5.242725368589162827e-03
4.333480000495910645e-01 3.593935668468475342e-01 1.333543844521045685e-02
4.254272580146789551e-01 3.464301824569702148e-01 1.369587797671556473e-02
5.241526961326599121e-01 4.153606295585632324e-01 -4.387202486395835876e-02
5.960771441459655762e-01 3.853835463523864746e-01 2.181843668222427368e-02
5.194793939590454102e-01 4.788866937160491943e-01 -4.079276695847511292e-02
6.333627104759216309e-01 3.348542451858520508e-01 8.094588667154312134e-02
5.641580820083618164e-01 3.936411738395690918e-01 8.526838384568691254e-03
5.746671557426452637e-01 3.970802426338195801e-01 9.731334634125232697e-03
5.849347114562988281e-01 3.986156582832336426e-01 1.323089469224214554e-02
5.999153852462768555e-01 3.917625546455383301e-01 2.329943142831325531e-02
5.553452968597412109e-01 3.882250785827636719e-01 9.521002881228923798e-03
5.838296413421630859e-01 3.471979796886444092e-01 6.729471031576395035e-03
5.709355473518371582e-01 3.480940759181976318e-01 6.391403265297412872e-03
5.956197977066040039e-01 3.512051701545715332e-01 1.057379785925149918e-02
6.028600931167602539e-01 3.593287169933319092e-01 1.515475660562515259e-02
6.070171594619750977e-01 4.040234088897705078e-01 2.874135039746761322e-02
5.393993854522705078e-01 6.275820732116699219e-01 -4.397221491672098637e-04
6.006106734275817871e-01 3.812678456306457520e-01 2.579925023019313812e-02
6.367328763008117676e-01 4.044842123985290527e-01 8.091903477907180786e-02
6.193368434906005859e-01 3.929081559181213379e-01 4.123676195740699768e-02
5.651680827140808105e-01 4.655074775218963623e-01 -5.854480899870395660e-03
5.187166929244995117e-01 5.248507857322692871e-01 -3.365470841526985168e-02
5.160881280899047852e-01 5.374205708503723145e-01 -2.898974530398845673e-02
5.315997004508972168e-01 5.325905680656433105e-01 -2.625631913542747498e-02
5.393921732902526855e-01 5.406076908111572266e-01 -1.698165200650691986e-02
5.260888934135437012e-01 5.405925512313842773e-01 -2.364469505846500397e-02
5.334709882736206055e-01 5.449674725532531738e-01 -1.512631308287382126e-02
5.514203310012817383e-01 5.740256309509277344e-01 1.271594897843897343e-03
5.203061103820800781e-01 4.687749147415161133e-01 -6.067704781889915466e-02
5.233084559440612793e-01 4.526192843914031982e-01 -6.349867582321166992e-02
6.175402998924255371e-01 3.444046974182128906e-01 2.061060816049575806e-02
5.458873510360717773e-01 4.203395247459411621e-01 -6.200797390192747116e-03
5.444593429565429688e-01 4.707001149654388428e-01 -3.145384043455123901e-02
5.460072159767150879e-01 4.623325765132904053e-01 -2.770021185278892517e-02
5.976945161819458008e-01 4.688771963119506836e-01 9.941330179572105408e-03
5.239614844322204590e-01 4.324242472648620605e-01 -5.575335025787353516e-02
5.943657159805297852e-01 3.219180703163146973e-01 1.064059324562549591e-03
6.086849570274353027e-01 3.296922445297241211e-01 1.025558914989233017e-02
6.253660917282104492e-01 3.041945099830627441e-01 5.963143706321716309e-02
5.448009371757507324e-01 3.326841890811920166e-01 -1.107502169907093048e-02
5.594791173934936523e-01 3.544601500034332275e-01 9.075895883142948151e-03
5.605363845825195312e-01 5.574756860733032227e-01 4.429966676980257034e-03
6.142290830612182617e-01 5.596738457679748535e-01 1.029915884137153625e-01
5.348155498504638672e-01 4.788428246974945068e-01 -2.796423994004726410e-02
5.259249806404113770e-01 4.824536442756652832e-01 -2.997118793427944183e-02
5.473293662071228027e-01 5.565962195396423340e-01 2.718381350859999657e-03
5.442764163017272949e-01 5.558027029037475586e-01 -6.730896420776844025e-04
6.144779324531555176e-01 3.200978934764862061e-01 1.648304425179958344e-02
5.437682867050170898e-01 4.789579808712005615e-01 -2.558428049087524414e-02
5.740373730659484863e-01 3.217338919639587402e-01 -6.366595160216093063e-03
5.765566825866699219e-01 3.089729547500610352e-01 -7.928923703730106354e-03
5.870281457901000977e-01 2.603057920932769775e-01 1.625065505504608154e-02
6.188449859619140625e-01 3.153690397739410400e-01 3.522199019789695740e-02
5.800423026084899902e-01 2.858043015003204346e-01 3.763441694900393486e-03
6.236123442649841309e-01 3.390840888023376465e-01 3.107372671365737915e-02
6.274057626724243164e-01 3.408407270908355713e-01 5.462367460131645203e-02
5.176932811737060547e-01 5.318563580513000488e-01 -3.256450966000556946e-02
5.288869738578796387e-01 5.370917320251464844e-01 -2.547117322683334351e-02
5.366063714027404785e-01 5.429892539978027344e-01 -1.705416850745677948e-02
5.317776799201965332e-01 4.817735254764556885e-01 -2.583511546254158020e-02
5.457637906074523926e-01 5.562548637390136719e-01 8.538614492863416672e-04
5.414509177207946777e-01 5.628316998481750488e-01 -5.846733693033456802e-03
5.427302122116088867e-01 5.553640127182006836e-01 -1.027302350848913193e-03
5.310201644897460938e-01 4.712007045745849609e-01 -4.336084425449371338e-02
5.309541821479797363e-01 5.457474589347839355e-01 -1.350798550993204117e-02
5.237609744071960449e-01 5.423111319541931152e-01 -1.942430622875690460e-02
5.146747827529907227e-01 5.402065515518188477e-01 -2.424139715731143951e-02
5.136758089065551758e-01 6.039442420005798340e-01 -1.342572830617427826e-02
5.163252949714660645e-01 5.875806808471679688e-01 -2.344305813312530518e-02
5.160740613937377930e-01 5.788143873214721680e-01 -2.466215007007122040e-02
5.152313709259033203e-01 5.698790550231933594e-01 -2.193854004144668579e-02
5.139046907424926758e-01 5.634081363677978516e-01 -2.016762085258960724e-02
5.303183794021606445e-01 5.607802271842956543e-01 -1.042195782065391541e-02
5.330268740653991699e-01 5.642006397247314453e-01 -1.222383230924606323e-02
5.360302925109863281e-01 5.691369771957397461e-01 -1.393209677189588547e-02
5.384007692337036133e-01 5.744007229804992676e-01 -1.205169223248958588e-02
5.510876774787902832e-01 5.252102613449096680e-01 -1.269489619880914688e-02
6.312681436538696289e-01 4.783046543598175049e-01 1.237605288624763489e-01
5.357071757316589355e-01 5.586216449737548828e-01 -4.630116745829582214e-03
5.386381745338439941e-01 5.604989528656005859e-01 -5.912106949836015701e-03
5.224409103393554688e-01 4.885277748107910156e-01 -3.076768666505813599e-02
5.388270020484924316e-01 4.887119531631469727e-01 -1.808048598468303680e-02
5.241070985794067383e-01 4.855912029743194580e-01 -3.063741140067577362e-02
5.566478967666625977e-01 4.319382309913635254e-01 -2.337471116334199905e-03
5.739518404006958008e-01 4.456234276294708252e-01 1.167544280178844929e-03
5.469458699226379395e-01 4.706894755363464355e-01 -2.152091637253761292e-02
6.112671494483947754e-01 2.788508534431457520e-01 3.653876110911369324e-02
6.042431592941284180e-01 2.964980602264404297e-01 1.866631768643856049e-02
5.986383557319641113e-01 3.099381327629089355e-01 3.904700977727770805e-03
5.419088602066040039e-01 5.859738588333129883e-01 -4.463430028408765793e-03
5.497471690177917480e-01 3.116208910942077637e-01 -1.427943818271160126e-02
5.538101792335510254e-01 2.816871404647827148e-01 -5.316631402820348740e-03
5.594913959503173828e-01 2.497256398200988770e-01 3.675539512187242508e-03
5.941309928894042969e-01 3.971813023090362549e-01 1.844253204762935638e-02
6.169881224632263184e-01 4.176517128944396973e-01 3.481036797165870667e-02
5.494831800460815430e-01 3.831406235694885254e-01 1.113307382911443710e-02
6.118690967559814453e-01 3.684094250202178955e-01 2.538564242422580719e-02
5.391779541969299316e-01 4.079235792160034180e-01 -1.014185231178998947e-02
5.390556454658508301e-01 4.622435271739959717e-01 -4.259679093956947327e-02
6.275181770324707031e-01 4.328789710998535156e-01 4.705807939171791077e-02
6.091237068176269531e-01 4.283226430416107178e-01 2.369229681789875031e-02
5.948908329010009766e-01 4.321278631687164307e-01 1.248656492680311203e-02
5.743229389190673828e-01 4.256550073623657227e-01 6.890347227454185486e-03
5.596798062324523926e-01 4.160350561141967773e-01 4.077052697539329529e-03
5.487855672836303711e-01 4.066071510314941406e-01 9.042101446539163589e-04
5.268824696540832520e-01 3.830915391445159912e-01 -2.119339071214199066e-02
6.234688758850097656e-01 4.673196971416473389e-01 4.214126989245414734e-02
6.194357872009277344e-01 3.674117028713226318e-01 3.142255917191505432e-02
5.155293941497802734e-01 4.772345125675201416e-01 -5.558383092284202576e-02
5.439764857292175293e-01 4.363624155521392822e-01 -1.209064200520515442e-02
6.379358768463134766e-01 4.056189656257629395e-01 1.195000261068344116e-01
5.407665371894836426e-01 3.964676856994628906e-01 -5.662477342411875725e-04
5.474874377250671387e-01 4.723734855651855469e-01 -1.009636372327804565e-02
6.053424477577209473e-01 3.816210329532623291e-01 2.807094901800155640e-02
5.402587056159973145e-01 4.520936012268066406e-01 -3.786163777112960815e-02
6.247923374176025391e-01 5.177699923515319824e-01 1.163398325443267822e-01
5.498621463775634766e-01 3.774157762527465820e-01 1.446806546300649643e-02
5.326284170150756836e-01 4.401943087577819824e-01 -4.887403920292854309e-02
5.893815159797668457e-01 5.951730012893676758e-01 4.184189811348915100e-02
5.881481766700744629e-01 6.152191162109375000e-01 6.133840605616569519e-02
6.327731609344482422e-01 4.738416969776153564e-01 8.264349400997161865e-02
6.038597226142883301e-01 5.744206309318542480e-01 5.619953572750091553e-02
6.322720646858215332e-01 3.705752193927764893e-01 7.123447209596633911e-02
5.409400463104248047e-01 6.448485851287841797e-01 5.122401751577854156e-03
5.135501623153686523e-01 4.814664423465728760e-01 -4.101039841771125793e-02
5.527716875076293945e-01 4.505966305732727051e-01 -8.131813257932662964e-03
6.273979544639587402e-01 3.979663848876953125e-01 5.287798866629600525e-02
5.849496722221374512e-01 3.886292576789855957e-01 1.463947724550962448e-02
5.758069157600402832e-01 3.877485096454620361e-01 1.151853241026401520e-02
5.439614653587341309e-01 5.654038190841674805e-01 -4.078948404639959335e-03
6.183902621269226074e-01 5.005114078521728516e-01 4.401548206806182861e-02
5.183438062667846680e-01 6.671732068061828613e-01 7.496099919080734253e-03
5.553717017173767090e-01 6.474200487136840820e-01 3.120397403836250305e-02
5.709741115570068359e-01 6.343795657157897949e-01 4.450903460383415222e-02
5.669494867324829102e-01 3.849840164184570312e-01 1.076597161591053009e-02
5.585592389106750488e-01 3.813163638114929199e-01 1.211767643690109253e-02
5.528074502944946289e-01 3.792214691638946533e-01 1.436630822718143463e-02
6.263489723205566406e-01 3.659423589706420898e-01 4.349739104509353638e-02
5.605984926223754883e-01 3.702108561992645264e-01 1.102587115019559860e-02
5.704452991485595703e-01 3.680418729782104492e-01 9.528880007565021515e-03
5.798895955085754395e-01 3.684809207916259766e-01 1.036262139678001404e-02
5.891002416610717773e-01 3.714413940906524658e-01 1.329323370009660721e-02
5.948018431663513184e-01 3.753816783428192139e-01 1.701639965176582336e-02
6.373995542526245117e-01 3.668578863143920898e-01 1.030794307589530945e-01
5.913683772087097168e-01 3.874674439430236816e-01 1.845240965485572815e-02
5.419989228248596191e-01 5.137820243835449219e-01 -1.926315203309059143e-02
5.352809429168701172e-01 4.756256639957427979e-01 -3.189925849437713623e-02
5.222835540771484375e-01 5.043182969093322754e-01 -3.035761602222919464e-02
5.737324357032775879e-01 6.148747801780700684e-01 3.035869821906089783e-02
5.581600666046142578e-01 6.298369169235229492e-01 1.834541372954845428e-02
5.193658471107482910e-01 6.552097201347351074e-01 -6.685321219265460968e-03
6.015551090240478516e-01 5.924203395843505859e-01 8.264113962650299072e-02
5.532928705215454102e-01 3.743185698986053467e-01 1.309936586767435074e-02
5.322580933570861816e-01 4.102457463741302490e-01 -2.620124630630016327e-02
5.384227633476257324e-01 6.589956283569335938e-01 1.726946420967578888e-02
6.263459920883178711e-01 5.104339718818664551e-01 7.889854162931442261e-02
5.230150222778320312e-01 5.624817013740539551e-01 -1.564328186213970184e-02
5.254500508308410645e-01 5.676757693290710449e-01 -1.748359762132167816e-02
5.276170372962951660e-01 5.749804377555847168e-01 -1.948205940425395966e-02
5.290223360061645508e-01 5.831590294837951660e-01 -1.811711862683296204e-02
5.296118259429931641e-01 5.967516899108886719e-01 -1.019259449094533920e-02
5.393248200416564941e-01 5.499828457832336426e-01 -7.477370556443929672e-03
5.421473383903503418e-01 5.494148731231689453e-01 -7.162066176533699036e-03
5.446912646293640137e-01 5.482802987098693848e-01 -6.996515206992626190e-03
5.574772953987121582e-01 5.402038097381591797e-01 -3.935856744647026062e-03
6.026281714439392090e-01 5.065068602561950684e-01 2.063104137778282166e-02
5.329292416572570801e-01 3.942681550979614258e-01 -1.483407057821750641e-02
5.423425436019897461e-01 3.632752895355224609e-01 6.331410259008407593e-03
5.489735603332519531e-01 3.666024506092071533e-01 1.112456247210502625e-02
5.368770360946655273e-01 5.499925613403320312e-01 -6.480690091848373413e-03
6.004796028137207031e-01 5.482723116874694824e-01 3.614559024572372437e-02
5.319620370864868164e-01 3.607782721519470215e-01 -8.359379135072231293e-03
5.348954796791076660e-01 6.110705137252807617e-01 -4.493098706007003784e-03
5.256628394126892090e-01 4.000482261180877686e-01 -3.360079228878021240e-02
5.377824306488037109e-01 4.377854168415069580e-01 -2.723067998886108398e-02
5.161477327346801758e-01 6.194137334823608398e-01 -1.148985512554645538e-02
5.621054172515869141e-01 5.811054706573486328e-01 8.106807246804237366e-03
5.553914308547973633e-01 4.871267676353454590e-01 -7.233892567455768585e-03
5.499160289764404297e-01 5.984038114547729492e-01 2.126848092302680016e-03
5.803084373474121094e-01 4.877702295780181885e-01 -1.303031691350042820e-03
5.637916326522827148e-01 5.051604509353637695e-01 -5.169128999114036560e-03
5.864863395690917969e-01 5.163910984992980957e-01 7.401561364531517029e-03
5.187237858772277832e-01 6.382619738578796387e-01 -1.137169264256954193e-02
5.432019233703613281e-01 4.490403234958648682e-01 -1.935909315943717957e-02
5.711403489112854004e-01 5.951066613197326660e-01 1.832179725170135498e-02
5.557383298873901367e-01 6.122679710388183594e-01 1.020119898021221161e-02
5.717915296554565430e-01 5.602781772613525391e-01 9.899674914777278900e-03
6.127437949180603027e-01 5.290088653564453125e-01 4.669406265020370483e-02
5.856429934501647949e-01 5.650157332420349121e-01 2.095733955502510071e-02
6.175253391265869141e-01 5.443387627601623535e-01 7.232926040887832642e-02
5.697263479232788086e-01 5.283759832382202148e-01 4.178213421255350113e-04
5.378550887107849121e-01 4.230650961399078369e-01 -1.860282383859157562e-02
5.348022580146789551e-01 4.688501954078674316e-01 -4.535799100995063782e-02
5.403157472610473633e-01 4.753685295581817627e-01 -3.321237117052078247e-02
5.319181680679321289e-01 4.565385580062866211e-01 -5.349008738994598389e-02
5.527999401092529297e-01 3.478291332721710205e-01 3.934373147785663605e-03
5.719038248062133789e-01 3.381685614585876465e-01 3.052860964089632034e-03
5.880978703498840332e-01 3.374749422073364258e-01 4.514465574175119400e-03
6.008827090263366699e-01 3.427647948265075684e-01 9.386003017425537109e-03
6.091198325157165527e-01 3.526962399482727051e-01 1.643829979002475739e-02
6.111913323402404785e-01 3.867731690406799316e-01 3.277508169412612915e-02
6.364874839782714844e-01 4.388254284858703613e-01 8.240847289562225342e-02
6.009712219238281250e-01 4.102518558502197266e-01 2.238943427801132202e-02
5.893359184265136719e-01 4.132201969623565674e-01 1.502352301031351089e-02
5.749976038932800293e-01 4.102431535720825195e-01 9.816301986575126648e-03
5.617436170578002930e-01 4.039264321327209473e-01 7.304152008146047592e-03
5.515407323837280273e-01 3.968803584575653076e-01 6.768139544874429703e-03
5.444474816322326660e-01 3.904059529304504395e-01 6.008291617035865784e-03
6.350670456886291504e-01 4.417428672313690186e-01 1.256793439388275146e-01
5.393465161323547363e-01 4.803945422172546387e-01 -2.775794640183448792e-02
5.316219925880432129e-01 4.246718883514404297e-01 -3.599472343921661377e-02
5.277769565582275391e-01 4.678739607334136963e-01 -5.470773577690124512e-02
5.207911133766174316e-01 4.757418930530548096e-01 -5.080761760473251343e-02
5.269647836685180664e-01 4.711067378520965576e-01 -4.926593974232673645e-02
5.357411503791809082e-01 4.852575957775115967e-01 -2.431374974548816681e-02
5.188897848129272461e-01 4.767657220363616943e-01 -5.395606160163879395e-02
5.169562101364135742e-01 4.809355437755584717e-01 -4.088480025529861450e-02
5.458160042762756348e-01 3.771672546863555908e-01 1.240260526537895203e-02
5.392332673072814941e-01 3.803804516792297363e-01 5.040448624640703201e-03
5.350680947303771973e-01 3.826254606246948242e-01 -3.307599807158112526e-03
5.981194376945495605e-01 3.784960508346557617e-01 2.083048224449157715e-02
6.067287921905517578e-01 3.689491450786590576e-01 2.161281183362007141e-02
4.534772336483001709e-01 3.630712628364562988e-01 9.199266321957111359e-03
4.657257497310638428e-01 3.639614284038543701e-01 9.199266321957111359e-03
4.542963206768035889e-01 3.494168817996978760e-01 9.199266321957111359e-03
4.412237405776977539e-01 3.620820641517639160e-01 9.199266321957111359e-03
4.526769518852233887e-01 3.763442039489746094e-01 9.199266321957111359e-03
5.789317488670349121e-01 3.763419091701507568e-01 1.494393683969974518e-02
5.901495218276977539e-01 3.779516816139221191e-01 1.494393683969974518e-02
5.802221894264221191e-01 3.628182411193847656e-01 1.494393683969974518e-02
5.676932334899902344e-01 3.746956586837768555e-01 1.494393683969974518e-02
5.776612758636474609e-01 3.898708522319793701e-01 1.494393683969974518e-02
