5.044220685958862305e-01 5.303332209587097168e-01 -3.505402803421020508e-02
5.117154717445373535e-01 4.800878465175628662e-01 -6.212829053401947021e-02
5.092331767082214355e-01 4.972774088382720947e-01 -3.437608107924461365e-02
5.055582523345947266e-01 4.244513213634490967e-01 -4.585612192749977112e-02
5.132141709327697754e-01 4.628877043724060059e-01 -6.539317220449447632e-02
5.144634842872619629e-01 4.410459995269775391e-01 -6.015180051326751709e-02
5.169453620910644531e-01 3.886094391345977783e-01 -2.736322581768035889e-02
4.319643974304199219e-01 3.754091262817382812e-01 1.132393442094326019e-02
5.196284055709838867e-01 3.464910984039306641e-01 -1.766781136393547058e-02
5.213382840156555176e-01 3.246961832046508789e-01 -1.850735209882259369e-02
5.260311365127563477e-01 2.528911828994750977e-01 -3.163432702422142029e-03
5.039930343627929688e-01 5.349140763282775879e-01 -3.397960215806961060e-02
5.035582780838012695e-01 5.392182469367980957e-01 -3.074890002608299255e-02
5.033238530158996582e-01 5.419515371322631836e-01 -2.609637752175331116e-02
5.002611279487609863e-01 5.857531428337097168e-01 -1.884762011468410492e-02
4.998930394649505615e-01 5.921220183372497559e-01 -2.078554965555667877e-02
4.992004632949829102e-01 5.998835563659667969e-01 -2.291438542306423187e-02
4.985390305519104004e-01 6.079261302947998047e-01 -2.043110877275466919e-02
4.981962144374847412e-01 6.221891045570373535e-01 -9.679535403847694397e-03
5.106129050254821777e-01 4.890324771404266357e-01 -5.666260793805122375e-02
4.995589852333068848e-01 4.876836538314819336e-01 -4.201161488890647888e-02
3.951455652713775635e-01 3.122134208679199219e-01 6.381164491176605225e-02
4.628321528434753418e-01 3.920104503631591797e-01 1.508633606135845184e-03
4.509020149707794189e-01 3.928248286247253418e-01 1.487528439611196518e-03
4.398007094860076904e-01 3.909684419631958008e-01 3.839219920337200165e-03
4.258108735084533691e-01 3.806806504726409912e-01 1.229230687022209167e-02
4.737539291381835938e-01 3.879695534706115723e-01 3.532391274347901344e-03
4.537677168846130371e-01 3.408715724945068359e-01 -1.806350192055106163e-03
4.665248394012451172e-01 3.450396656990051270e-01 -6.286625284701585770e-04
4.409864544868469238e-01 3.417845964431762695e-01 8.300424087792634964e-04
4.316828250885009766e-01 3.478393554687500000e-01 4.705016501247882843e-03
4.150835275650024414e-01 3.904020190238952637e-01 1.682773232460021973e-02
4.523326456546783447e-01 6.314558982849121094e-01 4.693003138527274132e-04
4.281366467475891113e-01 3.712606430053710938e-01 1.482300739735364914e-02
3.836652636528015137e-01 3.813340067863464355e-01 6.478768587112426758e-02
4.045960903167724609e-01 3.782417178153991699e-01 2.786082029342651367e-02
4.534712433815002441e-01 4.603066444396972656e-01 -1.237895246595144272e-02
4.886803030967712402e-01 5.261281728744506836e-01 -3.430516645312309265e-02
4.891692698001861572e-01 5.373772382736206055e-01 -2.974610775709152222e-02
4.728771150112152100e-01 5.306213498115539551e-01 -2.838815189898014069e-02
4.621910452842712402e-01 5.370478630065917969e-01 -1.949652843177318573e-02
4.768036305904388428e-01 5.384178161621093750e-01 -2.538924477994441986e-02
4.671944379806518555e-01 5.417274236679077148e-01 -1.715278998017311096e-02
4.469954371452331543e-01 5.721005201339721680e-01 -3.206881519872695208e-04
5.023266077041625977e-01 4.785014092922210693e-01 -6.157140433788299561e-02
5.022413730621337891e-01 4.618434309959411621e-01 -6.459310650825500488e-02
4.184174239635467529e-01 3.280121684074401855e-01 7.812388706952333450e-03
4.797471165657043457e-01 4.216149151325225830e-01 -1.116309966892004013e-02
4.756287336349487305e-01 4.719800353050231934e-01 -3.554166108369827271e-02
4.749709665775299072e-01 4.632273912429809570e-01 -3.196563944220542908e-02
4.196680188179016113e-01 4.543720483779907227e-01 -7.916041649878025055e-04
5.040442943572998047e-01 4.416438937187194824e-01 -5.742176994681358337e-02
4.492431879043579102e-01 3.074073791503906250e-01 -8.527813479304313660e-03
4.319758713245391846e-01 3.141083121299743652e-01 -1.294950023293495178e-03
4.111244678497314453e-01 2.847885787487030029e-01 4.437047615647315979e-02
4.976773560047149658e-01 3.285006284713745117e-01 -1.558327674865722656e-02
4.770286381244659424e-01 3.538548946380615234e-01 3.058890113607048988e-03
4.410681724548339844e-01 5.510113239288330078e-01 6.616084137931466103e-04
3.830252289772033691e-01 5.407677888870239258e-01 8.786883950233459473e-02
4.832201004028320312e-01 4.825108647346496582e-01 -3.087039478123188019e-02
4.914707541465759277e-01 4.884921610355377197e-01 -3.165331855416297913e-02
4.504007995128631592e-01 5.539858341217041016e-01 3.482719330349937081e-05
4.536920189857482910e-01 5.540847182273864746e-01 -2.612747950479388237e-03
4.273578226566314697e-01 3.039929568767547607e-01 4.309115465730428696e-03
4.740113615989685059e-01 4.797571599483489990e-01 -2.960837818682193756e-02
4.705228507518768311e-01 3.104137182235717773e-01 -1.339795999228954315e-02
4.706071019172668457e-01 2.971838712692260742e-01 -1.516290847212076187e-02
4.618368148803710938e-01 2.525735199451446533e-01 6.607460789382457733e-03
4.194384515285491943e-01 3.001307845115661621e-01 2.195406332612037659e-02
4.667167365550994873e-01 2.812727689743041992e-01 -4.514541011303663254e-03
4.125630557537078857e-01 3.227535486221313477e-01 1.743450947105884552e-02
4.044305384159088135e-01 3.223176300525665283e-01 3.979664295911788940e-02
4.885167479515075684e-01 5.322834849357604980e-01 -3.324753418564796448e-02
4.747043848037719727e-01 5.349798798561096191e-01 -2.731136418879032135e-02
4.645954966545104980e-01 5.396755337715148926e-01 -1.922204904258251190e-02
4.853384196758270264e-01 4.860369563102722168e-01 -2.847147919237613678e-02
4.520379006862640381e-01 5.540788769721984863e-01 -1.356441061943769455e-03
4.558827280998229980e-01 5.662251114845275879e-01 -6.376676727086305618e-03
4.551565945148468018e-01 5.540382266044616699e-01 -2.787850797176361084e-03
4.896370470523834229e-01 4.770949184894561768e-01 -4.616288468241691589e-02
4.693675041198730469e-01 5.427255630493164062e-01 -1.560467109084129333e-02
4.787534475326538086e-01 5.402955412864685059e-01 -2.133894152939319611e-02
4.901173412799835205e-01 5.401889681816101074e-01 -2.539362385869026184e-02
4.811207950115203857e-01 6.182920336723327637e-01 -9.993557818233966827e-03
4.820379018783569336e-01 6.036714911460876465e-01 -2.046000584959983826e-02
4.834448099136352539e-01 5.958824753761291504e-01 -2.226783894002437592e-02
4.852213263511657715e-01 5.884162783622741699e-01 -1.994701847434043884e-02
4.871516823768615723e-01 5.827969908714294434e-01 -1.814530417323112488e-02
4.678583443164825439e-01 5.718778967857360840e-01 -1.016014162451028824e-02
4.650952816009521484e-01 5.737996101379394531e-01 -1.179927680641412735e-02
4.616911113262176514e-01 5.770190954208374023e-01 -1.330677606165409088e-02
4.590214192867279053e-01 5.809001922607421875e-01 -1.143878512084484100e-02
4.570618867874145508e-01 5.220106840133666992e-01 -1.620524935424327850e-02
3.747929334640502930e-01 4.546012282371520996e-01 1.057715713977813721e-01
5.098983645439147949e-01 4.929955005645751953e-01 -4.220725223422050476e-02
4.617848992347717285e-01 5.649242997169494629e-01 -5.251632537692785263e-03
4.587638378143310547e-01 5.653033852577209473e-01 -6.384216248989105225e-03
4.942052364349365234e-01 4.952843189239501953e-01 -3.217744827270507812e-02
4.765035510063171387e-01 4.901562929153442383e-01 -2.127484977245330811e-02
4.929085373878479004e-01 4.919531345367431641e-01 -3.220314159989356995e-02
4.668736159801483154e-01 4.295991063117980957e-01 -8.650513365864753723e-03
4.475462734699249268e-01 4.380517303943634033e-01 -7.031779270619153976e-03
4.720482230186462402e-01 4.707970917224884033e-01 -2.592337504029273987e-02
4.324671626091003418e-01 2.640797793865203857e-01 2.387368679046630859e-02
4.392890930175781250e-01 2.856649160385131836e-01 7.584684528410434723e-03
4.470733702182769775e-01 2.955105602741241455e-01 -6.089658010751008987e-03
4.547205865383148193e-01 5.891947746276855469e-01 -4.448667168617248535e-03
4.976578652858734131e-01 3.057735562324523926e-01 -1.888360269367694855e-02
4.938313364982604980e-01 2.838804125785827637e-01 -1.064671203494071960e-02
4.918208420276641846e-01 2.496603131294250488e-01 -2.544825198128819466e-03
4.305997788906097412e-01 3.868222236633300781e-01 8.069320581853389740e-03
4.013422727584838867e-01 4.010887742042541504e-01 2.192432805895805359e-02
4.812192618846893311e-01 3.833981752395629883e-01 5.574834067374467850e-03
4.190327227115631104e-01 3.547425270080566406e-01 1.335723046213388443e-02
4.887812137603759766e-01 4.116810560226440430e-01 -1.438065711408853531e-02
4.833269417285919189e-01 4.658592939376831055e-01 -4.593786224722862244e-02
3.925857543945312500e-01 4.117934703826904297e-01 3.268069401383399963e-02
4.068807065486907959e-01 4.111348390579223633e-01 1.169914472848176956e-02
4.206909537315368652e-01 4.175884127616882324e-01 2.210069447755813599e-03
4.437273144721984863e-01 4.174173176288604736e-01 -1.381087815389037132e-03
4.613876044750213623e-01 4.126053750514984131e-01 -2.497111447155475616e-03
4.753425419330596924e-01 4.060146510601043701e-01 -4.335321485996246338e-03
5.059174299240112305e-01 3.912585377693176270e-01 -2.387939020991325378e-02
3.921231925487518311e-01 4.463705718517303467e-01 2.818208001554012299e-02
4.107097983360290527e-01 3.521304130554199219e-01 1.832519657909870148e-02
5.049413442611694336e-01 4.877309799194335938e-01 -5.634857341647148132e-02
4.794599115848541260e-01 4.378862977027893066e-01 -1.675661839544773102e-02
3.776927292346954346e-01 3.804056942462921143e-01 1.003974303603172302e-01
4.863152205944061279e-01 3.975329995155334473e-01 -5.019640084356069565e-03
4.702683985233306885e-01 4.718334972858428955e-01 -1.461015176028013229e-02
4.228339195251464844e-01 3.697775304317474365e-01 1.651020348072052002e-02
4.831414818763732910e-01 4.553508758544921875e-01 -4.140191152691841125e-02
3.768163621425628662e-01 4.958076477050781250e-01 9.958226978778839111e-02
4.822058379650115967e-01 3.781771659851074219e-01 8.721244521439075470e-03
4.935420751571655273e-01 4.464925229549407959e-01 -5.151326954364776611e-02
4.072080254554748535e-01 5.841375589370727539e-01 3.465792909264564514e-02
4.041988849639892578e-01 6.047750711441040039e-01 5.205092579126358032e-02
3.786720037460327148e-01 4.510824680328369141e-01 6.709118932485580444e-02
3.950660824775695801e-01 5.593184232711791992e-01 4.593431949615478516e-02
3.935486674308776855e-01 3.493768870830535889e-01 5.557880550622940063e-02
4.481849074363708496e-01 6.481493711471557617e-01 5.525136366486549377e-03
5.054690241813659668e-01 4.918878674507141113e-01 -4.164936020970344543e-02
4.680555462837219238e-01 4.490067064762115479e-01 -1.356824766844511032e-02
3.950535058975219727e-01 3.827228844165802002e-01 3.835083171725273132e-02
4.428450167179107666e-01 3.812228441238403320e-01 5.338056944310665131e-03
4.525952041149139404e-01 3.834055364131927490e-01 3.217842429876327515e-03
4.533225595951080322e-01 5.676234960556030273e-01 -4.913769662380218506e-03
3.919620513916015625e-01 4.806410968303680420e-01 3.079773858189582825e-02
4.669498205184936523e-01 6.755633950233459473e-01 9.297018870711326599e-03
4.327476024627685547e-01 6.467740535736083984e-01 2.796516381204128265e-02
4.191811680793762207e-01 6.292201876640319824e-01 3.857243806123733521e-02
5.238669514656066895e-01 2.887930572032928467e-01 -1.135877054184675217e-02
4.922741949558258057e-01 6.820238828659057617e-01 7.747923955321311951e-03
4.623958170413970947e-01 3.830493986606597900e-01 3.452557139098644257e-03
4.721466302871704102e-01 3.808639645576477051e-01 5.593237001448869705e-03
4.787262082099914551e-01 3.793992996215820312e-01 8.299696259200572968e-03
4.032193720340728760e-01 3.510645627975463867e-01 2.928453497588634491e-02
4.727990031242370605e-01 3.732772171497344971e-01 4.540425725281238556e-03
4.628164172172546387e-01 3.716101050376892090e-01 2.111608395352959633e-03
4.533421993255615234e-01 3.702923655509948730e-01 1.959002809599041939e-03
4.434416294097900391e-01 3.696194291114807129e-01 3.907291684299707413e-03
4.363402426242828369e-01 3.701026141643524170e-01 6.950475741177797318e-03
3.844356536865234375e-01 3.423752784729003906e-01 8.458260446786880493e-02
4.364367127418518066e-01 3.782860636711120605e-01 8.434209972620010376e-03
5.079535245895385742e-01 5.110096335411071777e-01 -3.175074607133865356e-02
4.690390527248382568e-01 5.136637687683105469e-01 -2.237867191433906555e-02
4.837765693664550781e-01 4.794866442680358887e-01 -3.491618484258651733e-02
4.915026724338531494e-01 5.102148652076721191e-01 -3.142040595412254333e-02
5.179942846298217773e-01 3.681029677391052246e-01 -1.818726211786270142e-02
4.199447035789489746e-01 6.085559129714965820e-01 2.623441442847251892e-02
4.332465529441833496e-01 6.281303763389587402e-01 1.664488203823566437e-02
4.682488441467285156e-01 6.638680100440979004e-01 -3.699442371726036072e-03
3.928502202033996582e-01 5.777317285537719727e-01 6.996392458677291870e-02
4.794845879077911377e-01 3.758715093135833740e-01 7.024540100246667862e-03
4.968358576297760010e-01 4.166003167629241943e-01 -2.923774719238281250e-02
4.934259951114654541e-01 6.702811717987060547e-01 -4.910944495350122452e-03
4.480694234371185303e-01 6.629505157470703125e-01 1.655885763466358185e-02
3.799274563789367676e-01 4.891337454319000244e-01 6.433401256799697876e-02
4.764277935028076172e-01 5.780783891677856445e-01 -1.471408270299434662e-02
4.735630452632904053e-01 5.818295478820800781e-01 -1.644782535731792450e-02
4.708206057548522949e-01 5.875941514968872070e-01 -1.809567958116531372e-02
4.686826765537261963e-01 5.944601297378540039e-01 -1.641418784856796265e-02
4.654997885227203369e-01 6.056208014488220215e-01 -8.667871356010437012e-03
4.594619870185852051e-01 5.468038320541381836e-01 -9.484120644629001617e-03
4.568201303482055664e-01 5.458064675331115723e-01 -9.539202786982059479e-03
4.546226263046264648e-01 5.441665053367614746e-01 -9.644230827689170837e-03
4.475006461143493652e-01 5.345722436904907227e-01 -7.891862653195858002e-03
4.081785380840301514e-01 4.905125200748443604e-01 9.884406812489032745e-03
4.975926280021667480e-01 4.002626836299896240e-01 -1.826744340360164642e-02
4.932440519332885742e-01 3.649059534072875977e-01 2.090945141389966011e-03
4.855910837650299072e-01 3.676442801952362061e-01 5.608194041997194290e-03
4.616248011589050293e-01 5.470043420791625977e-01 -8.623096160590648651e-03
4.032855629920959473e-01 5.332413315773010254e-01 2.636328525841236115e-02
5.040764212608337402e-01 3.637726306915283203e-01 -1.167179737240076065e-02
4.587779641151428223e-01 6.168060302734375000e-01 -3.104723058640956879e-03
5.152971148490905762e-01 4.231309294700622559e-01 -4.885573685169219971e-02
5.055915713310241699e-01 4.087224602699279785e-01 -3.571885451674461365e-02
5.160688161849975586e-01 4.065354168415069580e-01 -3.758011385798454285e-02
4.868286252021789551e-01 4.416370689868927002e-01 -3.074188344180583954e-02
4.950928688049316406e-01 6.537390947341918945e-01 -9.579163976013660431e-03
4.967720508575439453e-01 6.359763145446777344e-01 -9.006318636238574982e-03
4.766651093959808350e-01 6.311592459678649902e-01 -7.749314419925212860e-03
4.364511370658874512e-01 5.762913227081298828e-01 5.541747901588678360e-03
4.596513211727142334e-01 4.840605854988098145e-01 -1.219491194933652878e-02
4.456535577774047852e-01 5.984638929367065430e-01 1.743248431012034416e-03
4.346882402896881104e-01 4.781326353549957275e-01 -9.040000848472118378e-03
4.482969939708709717e-01 4.994510412216186523e-01 -1.048946939408779144e-02
4.236258864402770996e-01 5.045480728149414062e-01 -5.797884077765047550e-04
4.716072678565979004e-01 6.478442549705505371e-01 -7.975594140589237213e-03
4.788030982017517090e-01 4.506856799125671387e-01 -2.352800033986568451e-02
4.257963597774505615e-01 5.887277126312255859e-01 1.470526680350303650e-02
4.383550882339477539e-01 6.108180880546569824e-01 9.099148213863372803e-03
4.305754899978637695e-01 5.515260696411132812e-01 4.865820519626140594e-03
3.932116031646728516e-01 5.107133984565734863e-01 3.464213386178016663e-02
4.160725474357604980e-01 5.538184642791748047e-01 1.426114886999130249e-02
3.846313059329986572e-01 5.253716707229614258e-01 5.911742523312568665e-02
4.381923377513885498e-01 5.199056863784790039e-01 -5.252174101769924164e-03
4.884231686592102051e-01 4.270673394203186035e-01 -2.250355668365955353e-02
4.865185916423797607e-01 4.737562835216522217e-01 -4.835956916213035583e-02
4.789518117904663086e-01 4.777442216873168945e-01 -3.668528050184249878e-02
4.922531247138977051e-01 4.629239439964294434e-01 -5.580445751547813416e-02
4.857635200023651123e-01 3.456690609455108643e-01 -1.219409983605146408e-03
4.682437181472778320e-01 3.314241468906402588e-01 -3.896375885233283043e-03
4.518952071666717529e-01 3.271299004554748535e-01 -4.261383786797523499e-03
4.373554587364196777e-01 3.302477002143859863e-01 -9.374521323479712009e-04
4.261260330677032471e-01 3.385496735572814941e-01 5.012549925595521927e-03
4.148886799812316895e-01 3.737683296203613281e-01 2.047216333448886871e-02
3.794683814048767090e-01 4.154086112976074219e-01 6.619680672883987427e-02
4.199479818344116211e-01 3.970772325992584229e-01 1.124469004571437836e-02
4.312052726745605469e-01 4.027078151702880859e-01 5.248781293630599976e-03
4.468646645545959473e-01 4.043066799640655518e-01 1.585337915457785130e-03
4.625038206577301025e-01 4.019341468811035156e-01 6.155942683108150959e-04
4.752226471900939941e-01 3.969704210758209229e-01 1.226764055900275707e-03
4.843411445617675781e-01 3.918977081775665283e-01 1.244639744982123375e-03
3.754152059555053711e-01 4.170242547988891602e-01 1.068096682429313660e-01
4.783143997192382812e-01 4.825837314128875732e-01 -3.122892975807189941e-02
4.960690736770629883e-01 4.312226176261901855e-01 -3.889663144946098328e-02
4.943692982196807861e-01 4.754107296466827393e-01 -5.659825354814529419e-02
4.992970824241638184e-01 4.846142232418060303e-01 -5.198720470070838928e-02
4.939795732498168945e-01 4.783847332000732422e-01 -5.125597119331359863e-02
4.805489182472229004e-01 4.880908727645874023e-01 -2.728884480893611908e-02
5.014432668685913086e-01 4.863346219062805176e-01 -5.488972365856170654e-02
5.018878579139709473e-01 4.904544651508331299e-01 -4.179439321160316467e-02
4.865442812442779541e-01 3.780600130558013916e-01 7.302974816411733627e-03
4.922636151313781738e-01 3.826985955238342285e-01 8.381420047953724861e-04
4.955708682537078857e-01 3.849881589412689209e-01 -7.053595501929521561e-03
4.317820072174072266e-01 3.706688880920410156e-01 1.027941145002841949e-02
4.249702692031860352e-01 3.566487133502960205e-01 1.051578205078840256e-02
5.243610739707946777e-01 4.267899096012115479e-01 -4.441308975219726562e-02
5.939722061157226562e-01 3.959560692310333252e-01 2.121722884476184845e-02
5.204762816429138184e-01 4.902195930480957031e-01 -4.092550277709960938e-02
6.328126192092895508e-01 3.431180119514465332e-01 7.837948948144912720e-02
5.628966093063354492e-01 4.029458761215209961e-01 8.006550371646881104e-03
5.733299255371093750e-01 4.061987400054931641e-01 9.284379892051219940e-03
5.835413336753845215e-01 4.074276983737945557e-01 1.276482082903385162e-02
5.982947349548339844e-01 4.019321203231811523e-01 2.272546663880348206e-02
5.542798638343811035e-01 3.972362577915191650e-01 8.682570420205593109e-03
5.812535285949707031e-01 3.580710291862487793e-01 6.230441853404045105e-03
5.689423680305480957e-01 3.587994873523712158e-01 5.728407762944698334e-03
5.927389860153198242e-01 3.618715107440948486e-01 1.007262337952852249e-02
5.999846458435058594e-01 3.698747754096984863e-01 1.466905232518911362e-02
6.059139370918273926e-01 4.129470586776733398e-01 2.810019813477993011e-02
5.392302274703979492e-01 6.406428217887878418e-01 4.980090074241161346e-03
5.982456207275390625e-01 3.932855427265167236e-01 2.510750293731689453e-02
6.357938051223754883e-01 4.126786887645721436e-01 7.961878925561904907e-02
6.177023649215698242e-01 4.020452797412872314e-01 4.033997654914855957e-02
5.654234886169433594e-01 4.743834137916564941e-01 -5.635305773466825485e-03
5.201399922370910645e-01 5.295575857162475586e-01 -3.252653777599334717e-02
5.173966288566589355e-01 5.405865907669067383e-01 -2.809585258364677429e-02
5.342446565628051758e-01 5.371900796890258789e-01 -2.470479160547256470e-02
5.428051352500915527e-01 5.459800958633422852e-01 -1.447624433785676956e-02
5.288028120994567871e-01 5.442056655883789062e-01 -2.220323495566844940e-02
5.369755029678344727e-01 5.498144030570983887e-01 -1.287676393985748291e-02
5.536005496978759766e-01 5.843088626861572266e-01 5.931231658905744553e-03
5.208623409271240234e-01 4.808088243007659912e-01 -6.065862998366355896e-02
5.237988829612731934e-01 4.645079374313354492e-01 -6.351147592067718506e-02
6.152228713035583496e-01 3.519929945468902588e-01 1.947683468461036682e-02
5.456339120864868164e-01 4.299404323101043701e-01 -6.741340272128582001e-03
5.454304814338684082e-01 4.805071055889129639e-01 -3.144660219550132751e-02
5.468809008598327637e-01 4.719124734401702881e-01 -2.773657441139221191e-02
5.971845984458923340e-01 4.768218100070953369e-01 1.006199233233928680e-02
5.243034958839416504e-01 4.441040754318237305e-01 -5.601299181580543518e-02
5.925132632255554199e-01 3.282259702682495117e-01 -2.561184228397905827e-04
6.064963340759277344e-01 3.367713689804077148e-01 8.899639360606670380e-03
6.243535280227661133e-01 3.129167556762695312e-01 5.729512125253677368e-02
5.440338850021362305e-01 3.389377593994140625e-01 -1.272006891667842865e-02
5.580046176910400391e-01 3.646363914012908936e-01 8.274734020233154297e-03
5.626236200332641602e-01 5.654375553131103516e-01 8.263994008302688599e-03
6.124827861785888672e-01 5.687665939331054688e-01 1.019984260201454163e-01
5.359922051429748535e-01 4.889551103115081787e-01 -2.802122011780738831e-02
5.271773934364318848e-01 4.927218854427337646e-01 -3.019895404577255249e-02
5.508186817169189453e-01 5.665949583053588867e-01 6.653747521340847015e-03
5.475642681121826172e-01 5.658397674560546875e-01 3.305333666503429413e-03
6.121937632560729980e-01 3.269408345222473145e-01 1.501569803804159164e-02
5.450369119644165039e-01 4.882265031337738037e-01 -2.558653429150581360e-02
5.726890563964843750e-01 3.275015354156494141e-01 -7.766768336296081543e-03
5.750970244407653809e-01 3.145041465759277344e-01 -9.410376660525798798e-03
5.861524343490600586e-01 2.694860696792602539e-01 1.411713659763336182e-02
6.172944903373718262e-01 3.255423903465270996e-01 3.355499356985092163e-02
5.788819789886474609e-01 2.962341606616973877e-01 1.976853702217340469e-03
6.210497021675109863e-01 3.468130230903625488e-01 2.972012199461460114e-02
6.262304782867431641e-01 3.504773974418640137e-01 5.299771949648857117e-02
5.189930796623229980e-01 5.357069373130798340e-01 -3.146135061979293823e-02
5.314513444900512695e-01 5.412494540214538574e-01 -2.388035506010055542e-02
5.400121808052062988e-01 5.482062697410583496e-01 -1.462487224489450455e-02
5.331442356109619141e-01 4.917543828487396240e-01 -2.602764777839183807e-02
5.491556525230407715e-01 5.662905573844909668e-01 4.793798085302114487e-03
5.439998507499694824e-01 5.769702792167663574e-01 -1.088440534658730030e-03
5.459913611412048340e-01 5.653864145278930664e-01 2.960776910185813904e-03
5.317882299423217773e-01 4.824422895908355713e-01 -4.336356744170188904e-02
5.345196127891540527e-01 5.503185391426086426e-01 -1.150803640484809875e-02
5.264291763305664062e-01 5.456253886222839355e-01 -1.829667016863822937e-02
5.160171985626220703e-01 5.430864691734313965e-01 -2.368220500648021698e-02
5.152925848960876465e-01 6.221542358398437500e-01 -8.407065644860267639e-03
5.148551464080810547e-01 6.074895262718200684e-01 -1.867557875812053680e-02
5.147746205329895020e-01 5.993793010711669922e-01 -2.038890495896339417e-02
5.141714811325073242e-01 5.915809869766235352e-01 -1.810243166983127594e-02
5.130317807197570801e-01 5.856057405471801758e-01 -1.637774147093296051e-02
5.320483446121215820e-01 5.791789293289184570e-01 -6.013130303472280502e-03
5.345842242240905762e-01 5.818102359771728516e-01 -7.635856512933969498e-03
5.374338030815124512e-01 5.859084129333496094e-01 -8.942915126681327820e-03
5.395484566688537598e-01 5.905489325523376465e-01 -6.838643457740545273e-03
5.533025860786437988e-01 5.336104035377502441e-01 -1.046116277575492859e-02
6.299762725830078125e-01 4.865395128726959229e-01 1.214953437447547913e-01
5.383725166320800781e-01 5.741333961486816406e-01 -1.355748390778899193e-04
5.413158535957336426e-01 5.752726197242736816e-01 -1.286424347199499607e-03
5.237884521484375000e-01 4.987036585807800293e-01 -3.068914823234081268e-02
5.404591560363769531e-01 4.976512789726257324e-01 -1.804451271891593933e-02
5.254123210906982422e-01 4.958266615867614746e-01 -3.079299069941043854e-02
5.563310980796813965e-01 4.408941268920898438e-01 -2.742469310760498047e-03
5.735115408897399902e-01 4.540459513664245605e-01 8.212486281991004944e-04
5.480328202247619629e-01 4.798980355262756348e-01 -2.153964526951313019e-02
6.100217700004577637e-01 2.878490686416625977e-01 3.442531824111938477e-02
6.025670170783996582e-01 3.069790005683898926e-01 1.697571948170661926e-02
5.967659354209899902e-01 3.161772191524505615e-01 2.503798808902502060e-03
5.441411733627319336e-01 5.991953611373901367e-01 7.646330050192773342e-04
5.486655235290527344e-01 3.172631859779357910e-01 -1.592782326042652130e-02
5.533863902091979980e-01 2.919280230998992920e-01 -7.239661645144224167e-03
5.591820478439331055e-01 2.589733302593231201e-01 1.323321950621902943e-03
5.926063656806945801e-01 4.063459038734436035e-01 1.792479120194911957e-02
6.161441802978515625e-01 4.254761338233947754e-01 3.430194407701492310e-02
5.486549735069274902e-01 3.917295336723327637e-01 1.016236748546361923e-02
6.096437573432922363e-01 3.780540227890014648e-01 2.467719465494155884e-02
5.389399528503417969e-01 4.180369675159454346e-01 -1.085999608039855957e-02
5.396957397460937500e-01 4.729623794555664062e-01 -4.260353371500968933e-02
6.263500452041625977e-01 4.410880208015441895e-01 4.657453671097755432e-02
6.089534163475036621e-01 4.352843165397644043e-01 2.351747266948223114e-02
5.953779816627502441e-01 4.388963282108306885e-01 1.243179198354482651e-02
5.748671293258666992e-01 4.334159493446350098e-01 6.542176008224487305e-03
5.598726272583007812e-01 4.244884550571441650e-01 3.594910493120551109e-03
5.487288832664489746e-01 4.152011871337890625e-01 2.117387339239940047e-04
5.268523097038269043e-01 3.939529955387115479e-01 -2.244459278881549835e-02
6.226090788841247559e-01 4.751775264739990234e-01 4.210683703422546387e-02
6.172598004341125488e-01 3.763220310211181641e-01 3.055057674646377563e-02
5.162467956542968750e-01 4.891036152839660645e-01 -5.561242997646331787e-02
5.443391203880310059e-01 4.459952414035797119e-01 -1.243092864751815796e-02
6.372387409210205078e-01 4.131623804569244385e-01 1.166502907872200012e-01
5.407460331916809082e-01 4.049757719039916992e-01 -1.491799019277095795e-03
5.486702919006347656e-01 4.811827838420867920e-01 -1.007144525647163391e-02
6.033339500427246094e-01 3.925222158432006836e-01 2.735664509236812592e-02
5.408496856689453125e-01 4.624703228473663330e-01 -3.798133507370948792e-02
6.234319806098937988e-01 5.262885093688964844e-01 1.145559549331665039e-01
5.490046739578247070e-01 3.864270150661468506e-01 1.346933003515005112e-02
5.329971909523010254e-01 4.513794779777526855e-01 -4.903587326407432556e-02
5.876300334930419922e-01 6.048951745033264160e-01 4.486180841922760010e-02
5.859813094139099121e-01 6.253843307495117188e-01 6.285673379898071289e-02
6.319461464881896973e-01 4.821912646293640137e-01 8.196531236171722412e-02
6.022471189498901367e-01 5.839524865150451660e-01 5.789545178413391113e-02
6.313633322715759277e-01 3.793360292911529541e-01 6.969400495290756226e-02
5.400583744049072266e-01 6.573934555053710938e-01 1.035894174128770828e-02
5.143507719039916992e-01 4.929538667201995850e-01 -4.120646044611930847e-02
5.531737208366394043e-01 4.596066176891326904e-01 -8.299409411847591400e-03
6.259624361991882324e-01 4.069875180721282959e-01 5.191478505730628967e-02
5.831087231636047363e-01 3.976368606090545654e-01 1.412310265004634857e-02
5.741040110588073730e-01 3.968926668167114258e-01 1.097087189555168152e-02
5.463880896568298340e-01 5.790439844131469727e-01 6.432384252548217773e-04
6.177403330802917480e-01 5.087146162986755371e-01 4.437908157706260681e-02
5.175988078117370605e-01 6.803992986679077148e-01 1.199619285762310028e-02
5.537843108177185059e-01 6.588391661643981934e-01 3.482234105467796326e-02
5.690550208091735840e-01 6.450312733650207520e-01 4.732507467269897461e-02
5.654152631759643555e-01 3.944195210933685303e-01 1.006157044321298599e-02
5.572850108146667480e-01 3.906690478324890137e-01 1.124384347349405289e-02
5.518898963928222656e-01 3.881947398185729980e-01 1.335323601961135864e-02
6.240938901901245117e-01 3.748741745948791504e-01 4.240599647164344788e-02
5.583829879760742188e-01 3.834581375122070312e-01 1.027542538940906525e-02
5.675016641616821289e-01 3.840524256229400635e-01 8.847294375300407410e-03
5.762813091278076172e-01 3.853190541267395020e-01 9.785516187548637390e-03
5.853379964828491211e-01 3.875215649604797363e-01 1.276818476617336273e-02
5.914538502693176270e-01 3.899732232093811035e-01 1.652455702424049377e-02
6.370446085929870605e-01 3.745972812175750732e-01 1.002471223473548889e-01
5.893555879592895508e-01 3.970752358436584473e-01 1.787934638559818268e-02
5.440316796302795410e-01 5.225973129272460938e-01 -1.798155158758163452e-02
5.362893939018249512e-01 4.860776960849761963e-01 -3.202097117900848389e-02
5.240545272827148438e-01 5.141119360923767090e-01 -2.964015491306781769e-02
5.720977783203125000e-01 6.251994967460632324e-01 3.450629487633705139e-02
5.568615794181823730e-01 6.410434842109680176e-01 2.312502264976501465e-02
5.189152956008911133e-01 6.690238118171691895e-01 -1.147445873357355595e-03
5.994249582290649414e-01 6.021972298622131348e-01 8.258115500211715698e-02
5.520318150520324707e-01 3.847046494483947754e-01 1.218290068209171295e-02
5.322747826576232910e-01 4.211038649082183838e-01 -2.684078179299831390e-02
5.373077392578125000e-01 6.713525056838989258e-01 2.151660621166229248e-02
6.255943775177001953e-01 5.191293358802795410e-01 7.868769019842147827e-02
5.235486030578613281e-01 5.831630229949951172e-01 -1.156867295503616333e-02
5.258261561393737793e-01 5.876307487487792969e-01 -1.317417807877063751e-02
5.276916623115539551e-01 5.940476059913635254e-01 -1.464605610817670822e-02
5.288022160530090332e-01 6.014851331710815430e-01 -1.287745404988527298e-02
5.318303108215332031e-01 6.128288507461547852e-01 -4.843347705900669098e-03
5.431316494941711426e-01 5.569339394569396973e-01 -4.354363773018121719e-03
5.458477735519409180e-01 5.565066933631896973e-01 -3.878890536725521088e-03
5.484296679496765137e-01 5.553801655769348145e-01 -3.689886303618550301e-03
5.597041845321655273e-01 5.481067299842834473e-01 -7.849757676012814045e-04
6.022667884826660156e-01 5.148389935493469238e-01 2.144830860197544098e-02
5.327528119087219238e-01 4.048270583152770996e-01 -1.586097292602062225e-02
5.415409207344055176e-01 3.717130124568939209e-01 5.141213070601224899e-03
5.477856397628784180e-01 3.756706714630126953e-01 1.010791398584842682e-02
5.408729314804077148e-01 5.566638708114624023e-01 -3.489929949864745140e-03
5.996465682983398438e-01 5.572614073753356934e-01 3.787333518266677856e-02
5.316702723503112793e-01 3.689560890197753906e-01 -9.737244807183742523e-03
5.358239412307739258e-01 6.250634789466857910e-01 9.436149848625063896e-04
5.257341265678405762e-01 4.112204015254974365e-01 -3.444826975464820862e-02
5.381755828857421875e-01 4.481396675109863281e-01 -2.758512645959854126e-02
5.169770121574401855e-01 6.354780197143554688e-01 -5.912579596042633057e-03
5.626570582389831543e-01 5.908493399620056152e-01 1.270396448671817780e-02
5.564008355140686035e-01 4.957907199859619141e-01 -6.645825691521167755e-03
5.507015585899353027e-01 6.100463867187500000e-01 7.366929203271865845e-03
5.803292989730834961e-01 4.965810477733612061e-01 -4.499524075072258711e-04
5.646037459373474121e-01 5.139037370681762695e-01 -3.575476584956049919e-03
5.861980915069580078e-01 5.249819755554199219e-01 9.141474962234497070e-03
5.187873244285583496e-01 6.528986692428588867e-01 -5.607770755887031555e-03
5.438343882560729980e-01 4.586519896984100342e-01 -1.957646757364273071e-02
5.703516602516174316e-01 6.050830483436584473e-01 2.267045527696609497e-02
5.553582906723022461e-01 6.235238313674926758e-01 1.522487774491310120e-02
5.722602605819702148e-01 5.686280727386474609e-01 1.348705403506755829e-02
6.119398474693298340e-01 5.376530885696411133e-01 4.755095392465591431e-02
5.850660800933837891e-01 5.740665793418884277e-01 2.405378967523574829e-02
6.163160204887390137e-01 5.534602403640747070e-01 7.282175123691558838e-02
5.705001354217529297e-01 5.363807082176208496e-01 2.802871866151690483e-03
5.379937887191772461e-01 4.333992302417755127e-01 -1.908267475664615631e-02
5.355072021484375000e-01 4.799590110778808594e-01 -4.534055292606353760e-02
5.413479208946228027e-01 4.854696393013000488e-01 -3.323809802532196045e-02
5.324001312255859375e-01 4.679915904998779297e-01 -5.356199666857719421e-02
5.517360568046569824e-01 3.557397425174713135e-01 2.917976118624210358e-03
5.703735947608947754e-01 3.461330235004425049e-01 2.112187910825014114e-03
5.861073732376098633e-01 3.457612395286560059e-01 3.673334838822484016e-03
5.985654592514038086e-01 3.514540493488311768e-01 8.646945469081401825e-03
6.067495346069335938e-01 3.617108166217803955e-01 1.573451980948448181e-02
6.094652414321899414e-01 3.967505693435668945e-01 3.196088969707489014e-02
6.354692578315734863e-01 4.470655620098114014e-01 8.144826442003250122e-02
6.002036333084106445e-01 4.187664687633514404e-01 2.196237817406654358e-02
5.889551639556884766e-01 4.213940203189849854e-01 1.464565284550189972e-02
5.746302604675292969e-01 4.189292788505554199e-01 9.384874254465103149e-03
5.612091422080993652e-01 4.130565822124481201e-01 6.857332307845354080e-03
5.509299039840698242e-01 4.057881236076354980e-01 5.955850705504417419e-03
5.439324378967285156e-01 3.991085290908813477e-01 5.095459986478090286e-03
6.339161396026611328e-01 4.495578110218048096e-01 1.230304017663002014e-01
5.405980348587036133e-01 4.900520145893096924e-01 -2.782183326780796051e-02
5.318006873130798340e-01 4.357362687587738037e-01 -3.642597422003746033e-02
5.283934473991394043e-01 4.796150028705596924e-01 -5.467691272497177124e-02
5.216665267944335938e-01 4.873878061771392822e-01 -5.086146667599678040e-02
5.277273654937744141e-01 4.826894998550415039e-01 -4.927788302302360535e-02
5.372665524482727051e-01 4.947101771831512451e-01 -2.439480088651180267e-02
5.196856856346130371e-01 4.885349869728088379e-01 -5.398315191268920898e-02
5.178716182708740234e-01 4.923393130302429199e-01 -4.104687273502349854e-02
5.449976325035095215e-01 3.855786323547363281e-01 1.130954548716545105e-02
5.387185215950012207e-01 3.888925611972808838e-01 3.901715157553553581e-03
5.349798798561096191e-01 3.910556435585021973e-01 -4.568021278828382492e-03
5.953119397163391113e-01 3.917966187000274658e-01 2.023390308022499084e-02
6.043018102645874023e-01 3.795604705810546875e-01 2.106523141264915466e-02
4.533016681671142578e-01 3.760473728179931641e-01 6.623534020036458969e-03
4.646165370941162109e-01 3.771495223045349121e-01 6.623534020036458969e-03
4.542438387870788574e-01 3.628436923027038574e-01 6.623534020036458969e-03
4.418777227401733398e-01 3.748915791511535645e-01 6.623534020036458969e-03
4.524086415767669678e-01 3.888254761695861816e-01 6.623534020036458969e-03
5.755999088287353516e-01 3.895661830902099609e-01 1.425273809581995010e-02
5.870416164398193359e-01 3.911391496658325195e-01 1.425273809581995010e-02
5.769358873367309570e-01 3.761331439018249512e-01 1.425273809581995010e-02
5.640777349472045898e-01 3.879116177558898926e-01 1.425273809581995010e-02
5.742944478988647461e-01 4.027946591377258301e-01 1.425273809581995010e-02
